Epoch	AverageEpRet	StdEpRet	MaxEpRet	MinEpRet	AverageTestEpRet	StdTestEpRet	MaxTestEpRet	MinTestEpRet	EpLen	TestEpLen	TotalEnvInteracts	AverageQVals	StdQVals	MaxQVals	MinQVals	LossPi	LossQ	Time
1	0.518644	31.905142	45.0816	-52.22504	15.600629	21.846867	56.4493	-25.405338	179.6	93.55	1099	0.03705872	0.7343282	1.3038425	-1.9445955	-0.06226983	0.048870888	1.070664405822754
2	33.171772	62.008663	123.182465	-35.306686	36.11048	41.05166	138.16096	-15.488119	313.25	98.7	2199	0.41219607	1.5820373	4.286649	-4.397947	-0.43767256	0.02773943	5.938754558563232
3	74.8651	19.432207	105.52191	53.072823	13.692682	25.62859	92.79554	-21.949188	246.75	67.75	3299	1.7175732	3.1070886	8.124585	-6.1248465	-1.7866194	0.062200427	10.887421607971191
4	35.67016	39.44694	89.000725	-12.19679	17.47944	33.9987	115.21414	-21.909657	237.2	77.0	4399	2.7225494	4.7060933	11.910058	-7.5108137	-2.7963102	0.112568416	16.25848937034607
5	-2.205101	97.5676	165.71303	-72.465805	20.962349	23.572884	80.462494	-21.537024	248.25	92.25	5499	3.0604577	6.30721	15.643128	-9.82623	-3.1290603	0.1512774	21.27745819091797
6	32.77682	87.07176	163.46687	-51.896187	22.937313	25.445606	72.58184	-27.655014	278.0	109.9	6599	4.2309213	7.8222938	19.067293	-10.813569	-4.3145285	0.17602047	26.590824842453003
7	44.127174	22.860798	61.060833	-0.88451	37.303272	61.10614	259.64337	-35.459507	254.0	111.85	7699	4.8905835	8.948112	22.189112	-12.115404	-4.9686418	0.21482357	31.779605865478516
8	35.38399	61.612804	116.69046	-32.401314	50.42626	77.873	292.90692	-19.172247	317.33334	128.9	8799	5.4170337	10.050336	25.131151	-12.497883	-5.4944453	0.2436254	37.887173891067505
9	40.537693	48.079285	107.0348	-36.640785	26.427002	36.147144	119.48044	-26.805655	203.83333	92.2	9899	6.2025256	11.31933	28.035723	-12.880274	-6.284776	0.3347892	43.05729293823242
10	95.307526	61.17369	180.78102	8.040468	20.713684	30.907251	77.1857	-30.213865	281.5	79.5	10999	7.0664024	12.519035	30.7207	-14.037658	-7.143886	0.37969622	47.43791961669922
11	41.612278	38.16379	96.85722	-9.704296	30.036976	41.574642	150.2472	-31.727562	199.0	105.55	12099	7.984227	13.584487	33.113983	-15.017662	-8.064066	0.41413063	51.93614935874939
12	44.66682	39.718067	84.24525	-29.721834	31.980312	54.141212	169.4575	-26.851856	229.6	106.35	13199	8.498794	14.51299	35.31368	-16.11803	-8.587642	0.47882384	56.80903434753418
13	88.59674	52.849613	177.45058	43.090206	0.75547904	20.539663	38.756233	-32.386963	246.0	86.25	14299	9.210438	15.227145	38.351814	-17.285856	-9.304206	0.54408413	61.59552478790283
14	43.843533	31.844118	70.051	-15.194463	15.310867	46.047585	136.9001	-34.67601	189.16667	106.0	15399	10.0431385	15.944473	40.36668	-18.120005	-10.138827	0.5528023	67.57953667640686
15	90.588905	94.61766	255.90237	-18.650974	23.098972	40.00729	119.41974	-28.023354	224.0	118.55	16499	11.030137	16.675047	42.12067	-18.456146	-11.138615	0.6289622	72.65449213981628
16	45.800667	50.714516	166.16039	-11.662294	53.27572	86.94015	317.79108	-5.957657	121.2	136.3	17599	12.108157	17.351068	44.11419	-18.828518	-12.250041	0.7693003	77.85227608680725
17	82.870415	117.60108	268.89087	-9.954996	161.56729	132.82553	319.924	-30.748323	166.16667	261.6	18699	13.757716	18.187311	46.18119	-19.329807	-13.920563	0.8514308	84.07904696464539
18	70.8913	54.831253	195.93486	15.608245	109.525185	111.55713	315.52878	-29.720522	148.875	210.4	19799	15.229369	18.824299	47.94368	-19.631035	-15.425378	0.8748877	89.667884349823
19	84.25025	91.290886	232.03468	13.533784	179.9962	90.52288	276.46854	24.006657	181.5	307.5	20899	16.821177	19.28906	49.827904	-19.884218	-17.057596	0.9487083	95.74269795417786
20	111.80171	103.39536	245.77844	5.3517118	163.11102	107.51705	282.79233	-7.5916324	258.5	290.15	21999	18.627403	19.707966	52.1477	-19.774324	-18.890368	0.9601014	102.08558225631714
21	171.1012	47.83837	231.08049	114.00753	134.04509	81.572754	238.0209	-6.379772	370.33334	264.6	23099	20.148825	20.163837	54.243786	-19.733635	-20.423021	0.99102986	107.64645290374756
22	184.62634	35.653633	220.27997	148.9727	219.4366	41.31825	264.67084	72.51859	400.0	387.35	24199	21.970627	20.67429	55.88311	-19.685987	-22.255672	0.99058014	114.44672536849976
23	249.00902	13.473574	268.03818	238.64359	196.9215	42.20705	243.24037	92.085365	400.0	378.65	25299	24.058868	21.247974	57.36138	-19.685545	-24.352053	0.9889564	121.29295301437378
24	186.20819	63.901623	233.16412	76.09898	197.23685	77.24469	291.45044	78.75376	342.5	342.85	26399	25.865984	21.633734	59.590347	-19.492895	-26.16884	1.0581336	127.57370471954346
25	224.84615	18.20285	243.049	206.6433	235.01985	41.305504	292.75446	114.506134	400.0	393.45	27499	27.76725	22.108578	60.973114	-19.818464	-28.07642	1.0321676	135.88441801071167
26	219.48901	23.220036	245.45956	189.09962	217.70576	38.96927	287.02637	120.25662	400.0	393.55	28599	29.652275	22.500418	62.26774	-19.187183	-29.972265	1.0438114	142.32103872299194
27	256.3148	7.065352	265.73364	248.71698	239.26736	27.545208	285.55728	182.55247	400.0	400.0	29699	31.515284	22.834883	64.566246	-19.872337	-31.831797	1.0536864	149.4395260810852
28	228.62598	6.751131	237.57332	221.26692	237.9512	23.789358	264.93716	152.35535	400.0	400.0	30799	33.17127	23.070263	66.325005	-20.31971	-33.47808	1.0615834	156.7820782661438
29	243.89224	1.8421707	245.7344	242.05006	242.78813	14.721741	269.67474	200.92061	400.0	400.0	31899	34.72499	23.245148	67.71678	-20.444136	-35.0313	1.0609366	163.76736068725586
30	223.8409	13.209517	242.26762	211.96693	254.72815	20.986916	287.44485	216.10332	400.0	400.0	32999	36.23812	23.47499	69.16786	-20.820293	-36.53983	1.0434222	170.8243691921234
31	238.2989	9.890779	249.59499	225.50662	240.72066	32.151115	290.99365	171.1229	400.0	400.0	34099	37.65319	23.659744	70.61668	-21.090126	-37.95359	1.0322181	177.5068597793579
32	230.09595	21.330116	249.18909	200.3244	248.83719	26.296753	296.38577	197.37712	400.0	400.0	35199	38.99013	23.914906	71.71406	-21.577263	-39.30266	1.0417598	184.47565817832947
33	229.24448	19.530708	248.77518	209.71376	234.41843	24.90683	270.3917	161.00586	400.0	400.0	36299	40.53585	24.201159	72.80464	-21.9767	-40.851143	1.0131073	191.82573556900024
34	237.14644	8.950141	243.88162	224.49794	223.05069	21.560421	266.25833	180.81903	400.0	400.0	37399	41.944294	24.468618	74.00615	-22.253021	-42.263622	1.0394045	198.89676785469055
35	224.34456	20.165203	244.52448	196.80379	235.17075	19.652409	256.21796	172.04042	400.0	400.0	38499	43.332455	24.75744	75.556694	-22.496716	-43.65197	1.0386308	205.87994837760925
36	228.58308	20.0087	251.38055	202.66786	220.76982	12.953756	239.80443	185.90114	400.0	400.0	39599	44.74155	24.988157	76.45339	-22.26181	-45.071392	1.0477029	212.47574424743652
37	203.13336	18.179543	221.31291	184.95383	218.67094	14.741841	237.31616	180.73425	400.0	400.0	40699	45.981266	25.073229	78.64154	-21.878164	-46.311504	1.063156	219.0683150291443
38	218.17749	8.266989	227.5804	207.45909	230.2155	21.273788	271.43835	175.20238	400.0	400.0	41799	47.26324	25.252865	79.5952	-22.119478	-47.6009	1.0805383	225.752445936203
39	209.43108	19.979784	232.68607	183.90424	199.29176	33.16706	239.77269	107.69187	400.0	394.3	42899	48.420025	25.36557	80.17461	-22.183695	-48.76496	1.0965847	232.39215564727783
40	223.21501	12.381347	240.05754	210.64725	227.6685	11.370879	251.00572	201.40016	400.0	400.0	43999	49.63814	25.36873	81.47793	-22.205667	-49.98459	1.0913842	239.14720034599304
41	227.62228	2.1648788	229.78716	225.4574	215.49094	19.979717	242.70572	157.84073	400.0	400.0	45099	50.846397	25.438274	83.440796	-22.123892	-51.18931	1.1301303	246.32711338996887
42	213.04482	10.545352	221.11232	198.1486	220.5586	38.069134	252.2863	65.540855	400.0	400.0	46199	51.979202	25.541832	84.750145	-21.555399	-52.326763	1.1129745	253.2244119644165
43	221.223	13.33875	233.2717	202.62865	222.04549	13.524471	250.77518	192.83493	400.0	400.0	47299	53.155968	25.445576	86.376495	-21.821133	-53.498158	1.0797052	259.91703963279724
44	194.47176	18.492935	217.73438	172.49052	206.24788	29.982073	241.05759	135.72644	400.0	400.0	48399	54.038296	25.5218	87.56796	-20.973167	-54.367184	1.0757158	268.1909227371216
45	213.83327	14.496017	228.32928	199.33725	215.18362	15.212867	251.35027	188.95059	400.0	400.0	49499	55.002075	25.438086	88.87626	-22.178349	-55.331917	1.1028109	275.2437582015991
46	224.40033	17.866158	249.02849	207.19856	204.9368	18.157902	236.16986	163.78308	400.0	400.0	50599	55.7064	25.496387	89.61381	-22.534443	-56.03654	1.062949	281.92608761787415
47	207.16661	8.528832	218.4973	197.92033	198.28442	33.765667	231.84605	94.789986	400.0	400.0	51699	56.52524	25.497263	90.29222	-22.654894	-56.851925	1.0626543	288.95911979675293
48	221.31502	9.4028425	229.8008	208.20569	202.79799	21.82849	222.84166	133.1436	400.0	400.0	52799	57.361767	25.436941	90.588776	-24.510801	-57.679943	1.0751837	295.5343201160431
49	196.09912	27.801064	223.90018	168.29805	205.45634	10.164096	219.43814	183.22307	400.0	400.0	53899	58.046127	25.357458	90.433624	-23.835758	-58.363834	1.0691711	302.51652693748474
50	206.53831	11.629236	217.82985	190.53712	198.04372	28.118979	220.6093	83.80327	400.0	400.0	54999	58.73979	25.232744	90.19507	-24.882063	-59.05355	1.0200605	309.14339804649353
51	200.64508	9.8394375	213.63155	189.82338	193.25478	29.550575	233.6668	86.941376	400.0	400.0	56099	59.299965	25.11256	89.72705	-23.757105	-59.615818	1.0643284	316.0980157852173
52	162.9384	59.660114	219.62732	80.47584	174.67783	52.90086	222.18831	45.72154	400.0	400.0	57199	59.904404	24.974874	89.813675	-24.01072	-60.216312	1.1210579	323.3906018733978
53	169.2052	39.965523	209.17073	129.23969	190.55916	27.994333	223.574	113.45696	400.0	400.0	58299	60.266117	24.796036	90.16584	-25.549849	-60.573467	1.0540652	331.53066658973694
54	209.64929	2.2515383	212.70262	207.3403	197.03513	22.361391	217.84358	139.99728	400.0	400.0	59399	60.73438	24.583952	90.86155	-26.208584	-61.039112	1.0821553	338.5643746852875
55	206.44563	7.332019	212.88364	196.18732	196.16101	18.050432	222.2969	155.78394	400.0	400.0	60499	61.170624	24.4044	91.1412	-26.932987	-61.47598	1.0730288	345.4903755187988
56	204.77803	14.413744	224.96637	192.24313	198.12984	18.959797	221.1336	148.87862	400.0	400.0	61599	61.620895	24.20749	91.304756	-26.749796	-61.91581	1.0510805	352.1467261314392
57	207.9523	6.5564423	214.50874	201.39586	186.79462	31.860096	218.57039	117.73016	400.0	400.0	62699	62.049667	23.990448	91.15015	-27.1405	-62.348125	1.0322335	359.1638534069061
58	192.52464	16.849802	212.00401	170.89844	198.15611	22.559954	229.44214	144.09447	400.0	400.0	63799	62.401745	23.752747	91.25219	-27.416355	-62.691456	1.0278037	366.3605637550354
59	202.7843	15.977118	219.49815	181.25969	190.09512	41.71324	217.46494	22.969866	400.0	400.0	64899	62.74732	23.507822	91.148834	-26.980534	-63.03522	1.0098561	374.4790780544281
60	198.04834	18.630966	212.01178	171.71626	200.09006	26.427849	233.40367	133.39127	400.0	400.0	65999	63.04216	23.339718	90.99969	-26.12204	-63.3296	1.0123813	382.4049623012543
61	212.44138	1.9780273	214.4194	210.46335	199.91394	24.838236	225.64581	145.9833	400.0	400.0	67099	63.33675	23.18817	90.85555	-24.74361	-63.616	1.0389628	389.3638987541199
62	179.66441	57.871563	228.77403	98.40987	199.30032	21.847063	232.29225	151.73769	400.0	400.0	68199	63.583187	22.92862	90.560104	-26.566927	-63.860825	0.98158646	396.33009219169617
63	193.64229	16.451103	214.39442	174.15744	203.52031	18.602777	242.89621	174.17268	400.0	400.0	69299	63.67518	22.815636	90.8208	-26.527666	-63.9651	1.0230772	404.68940687179565
64	220.99568	21.340166	248.93697	197.14742	199.13246	23.727264	228.72713	123.652054	400.0	400.0	70399	64.00457	22.683498	92.12046	-25.866192	-64.29076	1.0115039	412.05480337142944
65	210.71396	16.529701	227.24365	194.18425	190.3484	37.194405	220.84595	60.43941	400.0	387.9	71499	64.27732	22.57883	89.4512	-25.848919	-64.577255	0.97595924	418.3613660335541
66	201.18901	10.219831	208.94241	186.74911	202.19075	14.8358135	233.11577	171.68681	400.0	400.0	72599	64.650665	22.454962	89.321594	-23.452902	-64.95822	0.9722459	425.2707350254059
67	205.06432	9.495957	218.04485	195.59258	176.27838	57.72195	237.59807	-15.928663	400.0	371.1	73699	64.96803	22.369678	90.38913	-24.367088	-65.280754	0.93610275	431.70805501937866
68	158.2927	59.80765	211.59042	74.767235	188.42488	34.983086	240.1464	84.65313	338.33334	386.65	74799	65.387695	22.147562	90.624626	-24.505146	-65.7124	0.9406989	438.612829208374
69	212.37328	8.415674	220.29308	200.71968	188.61765	45.6223	218.52367	-0.5838195	400.0	383.2	75899	65.86503	21.958542	91.664116	-26.16819	-66.19116	1.0243956	445.5704209804535
70	202.80933	8.076836	210.88615	194.73248	204.4329	17.758022	241.45746	165.01598	400.0	400.0	76999	66.21021	21.885336	90.48809	-27.944622	-66.54572	1.0161613	452.6202118396759
71	198.68593	20.914303	215.43468	169.19943	203.88432	9.580372	220.62193	187.04916	400.0	400.0	78099	66.68902	21.721357	90.752754	-28.103058	-67.02892	1.0646107	459.24274253845215
72	201.18169	18.25907	227.00151	187.96698	204.18744	13.923132	226.74962	172.12009	400.0	400.0	79199	67.15223	21.54129	91.339005	-28.19581	-67.4961	1.0749929	466.8982229232788
73	202.18701	2.6944306	204.93782	198.52803	188.85187	24.474806	224.37735	128.45026	400.0	400.0	80299	67.48075	21.481876	91.35756	-27.178295	-67.81859	1.1229519	473.4627239704132
74	206.79802	1.5262299	208.32425	205.27179	196.65472	23.683722	222.62085	130.3814	400.0	400.0	81399	67.84239	21.283121	94.02623	-26.496145	-68.16385	1.1448202	480.2974638938904
75	167.11775	13.238275	185.5162	154.91841	196.86008	16.603355	224.47194	159.142	400.0	400.0	82499	68.08813	21.0376	91.701004	-25.81121	-68.40281	1.0480977	487.31289505958557
76	192.95384	9.597902	206.45566	184.99664	200.79478	19.298252	234.44728	138.51715	400.0	400.0	83599	68.31033	20.849733	92.4664	-24.933022	-68.61781	1.0432713	493.9762432575226
77	188.32385	6.5369277	197.53595	183.04683	190.87198	33.586914	232.05977	118.186356	400.0	400.0	84699	68.47615	20.590317	94.00063	-25.115728	-68.778175	1.0250008	502.5108242034912
78	176.29103	8.032288	184.32332	168.25874	185.32622	45.966267	217.63014	3.482073	400.0	383.8	85799	68.5898	20.333303	93.66273	-24.92418	-68.88659	1.0322608	509.1939730644226
79	207.59642	11.37335	223.33986	196.87204	174.8609	47.48902	216.66069	13.744547	400.0	379.75	86899	68.68048	20.175776	93.881325	-23.499437	-68.97462	1.0229567	516.1417915821075
80	206.08012	16.920753	226.62965	185.18672	189.76266	20.532806	222.09332	151.716	400.0	400.0	87999	68.78625	19.982391	96.87628	-22.74027	-69.07776	1.0922332	523.0407810211182
81	188.1006	36.825962	225.03668	137.836	194.10025	24.810745	223.90741	114.98805	400.0	400.0	89099	68.82982	19.809946	93.56957	-23.200527	-69.12266	0.9670057	530.0583119392395
82	188.74228	23.128235	211.87051	165.61404	184.13219	37.328014	230.7003	102.95529	400.0	400.0	90199	68.827614	19.808292	93.1131	-24.987774	-69.11324	1.044652	536.9828906059265
83	188.34941	16.20641	209.97014	170.95273	202.84299	20.604898	236.23238	160.0665	400.0	399.7	91299	68.980156	19.513624	92.81799	-24.084621	-69.264915	1.0163255	543.9530785083771
84	179.20912	22.227285	210.37285	160.06418	198.95256	25.249027	238.71132	113.711334	395.33334	400.0	92399	68.944725	19.550068	92.268936	-24.401407	-69.23181	1.0286728	551.0080907344818
85	206.0298	7.7396126	216.92384	199.66502	189.72893	22.115559	214.66109	119.25913	400.0	400.0	93499	69.00173	19.483038	92.39477	-25.82214	-69.2861	0.96772105	557.7594392299652
86	189.59135	11.08015	205.06383	179.70888	190.27794	25.473392	214.67627	122.63505	400.0	400.0	94599	69.113045	19.300636	94.01121	-26.119072	-69.395164	0.97798985	565.2615652084351
87	201.44765	13.600784	215.04843	187.84686	192.95421	20.61423	222.5224	142.83368	400.0	400.0	95699	69.10278	19.28258	91.32284	-25.085358	-69.381905	0.947885	572.2365159988403
88	189.47993	14.90946	209.73782	174.28625	185.9653	29.904585	214.40239	106.06872	400.0	400.0	96799	69.17727	19.071688	93.93469	-25.727566	-69.45177	1.003189	578.9065856933594
89	205.83815	7.028034	214.60999	197.40488	194.74544	14.681924	219.49243	152.4903	400.0	400.0	97899	69.15239	19.040945	91.17267	-25.75841	-69.4245	0.9870936	585.9729373455048
90	197.07361	16.10255	212.11345	174.74522	196.50742	13.180468	210.83063	153.94821	400.0	400.0	98999	69.16928	18.929499	91.14376	-26.328632	-69.43872	0.967963	593.0256924629211
91	201.14236	1.9434433	203.08582	199.19893	192.17667	27.937548	215.3118	105.08967	400.0	400.0	100099	69.22249	18.747585	90.673164	-26.281544	-69.48833	0.9916127	600.1195135116577
92	204.15248	17.2575	224.51268	182.31783	192.2225	33.76383	218.06384	55.44042	400.0	400.0	101199	69.18379	18.685448	90.2262	-25.096645	-69.44428	0.96556175	606.7458958625793
93	201.18282	15.913228	213.29283	178.7005	207.5064	25.731365	225.44316	102.194115	400.0	400.0	102299	69.13434	18.59489	89.74447	-24.70501	-69.39452	0.9933961	613.3953869342804
94	189.82753	8.555674	200.40654	179.45248	197.83224	34.925175	226.31961	70.69538	400.0	400.0	103399	69.120926	18.496025	92.39905	-24.75491	-69.38437	0.98698443	620.8577711582184
95	213.20578	5.0018997	218.20767	208.20387	196.1545	35.136696	225.23308	95.62967	400.0	400.0	104499	69.120224	18.344694	92.595245	-23.817833	-69.38122	0.9676872	628.0883176326752
96	211.40968	3.9490347	215.71375	206.17567	191.28932	21.886248	218.51463	151.54579	400.0	400.0	105599	69.1954	18.047579	90.9727	-24.373001	-69.46044	0.94869095	635.1446430683136
97	205.29109	8.476948	215.44934	194.69876	205.71875	9.141282	218.73578	187.94655	400.0	400.0	106699	69.20252	17.867365	91.1048	-25.981197	-69.46678	0.9591349	642.2330915927887
98	184.11548	33.495632	212.80884	137.1275	202.45865	11.0504	214.51355	181.59299	400.0	400.0	107799	69.12127	17.858852	90.85886	-26.019732	-69.38702	0.9915157	650.6868374347687
99	210.07225	0.18449402	210.25674	209.88776	200.73898	16.245972	221.17535	154.42017	400.0	400.0	108899	69.2119	17.605566	90.70634	-27.402672	-69.479904	0.981127	657.2598996162415
100	191.88301	22.387968	207.89267	160.22232	193.93939	14.2948885	211.53828	164.27837	400.0	400.0	109999	69.25672	17.479254	91.05134	-28.321028	-69.53103	1.0011475	665.1803922653198
101	208.09784	4.199768	212.39027	202.39658	197.28049	24.546827	219.33737	113.595184	400.0	400.0	111099	69.29644	17.417973	90.24245	-29.428665	-69.56156	0.91508764	671.7492344379425
102	206.23907	21.948202	222.37897	175.20801	196.76016	21.455545	225.26187	144.86772	400.0	400.0	112199	69.308655	17.39431	90.527176	-29.247509	-69.57605	0.90453535	678.8313415050507
103	207.51024	17.6512	225.16144	189.85904	189.97545	18.362902	216.1614	149.53201	400.0	400.0	113299	69.37852	17.32692	90.40491	-28.070044	-69.64499	0.95532894	685.4839189052582
104	204.75977	7.4733033	213.62784	195.34644	180.89503	33.837074	225.11162	63.32258	400.0	400.0	114399	69.48008	17.197393	90.834625	-27.426811	-69.74705	0.90243834	692.0687012672424
105	192.05852	25.997225	212.51308	155.37389	177.8821	49.644806	220.57971	5.036782	400.0	372.25	115499	69.4855	17.230375	90.82952	-25.486526	-69.75158	0.91925913	698.9025275707245
106	200.14531	10.368052	208.7075	185.5559	189.5772	24.38673	213.75444	109.71913	400.0	400.0	116599	69.55879	17.041912	91.083725	-24.53458	-69.82232	0.90797085	705.9186735153198
107	196.2961	0.5707855	196.86688	195.72531	175.4562	31.383938	228.44072	110.431305	400.0	396.0	117699	69.5824	16.925087	90.78677	-25.516026	-69.84386	0.8994926	712.1202533245087
108	207.99294	5.038168	213.14868	201.15614	150.62643	61.479115	217.33641	-30.590263	400.0	399.85	118799	69.57612	16.824577	90.60277	-24.895649	-69.837166	0.8771874	719.148184299469
109	157.35112	48.64193	198.70724	89.06729	164.59796	57.403503	235.23956	6.8401966	366.66666	375.8	119899	69.56852	16.767744	90.25414	-25.199097	-69.821915	0.87296	725.6524572372437
110	169.5955	16.280783	187.96046	148.3863	159.28021	62.221825	216.25764	-21.720766	400.0	400.0	120999	69.52136	16.6553	89.84002	-25.054596	-69.78119	0.9027398	732.4981968402863
111	175.6018	30.970259	200.89899	131.98912	197.05945	15.975693	224.76385	167.14397	400.0	400.0	122099	69.54703	16.481497	90.59589	-24.686993	-69.80693	0.8561584	739.3861491680145
112	207.4932	6.005348	213.49854	201.48784	188.95894	22.64546	228.29227	126.62597	400.0	400.0	123199	69.54844	16.307753	88.71485	-24.671234	-69.80045	0.8274445	746.3790979385376
113	197.32841	22.18095	226.6096	172.94356	178.14885	28.521574	201.05731	93.43886	400.0	400.0	124299	69.51934	16.229986	88.19533	-23.610714	-69.765564	0.8144082	753.3682901859283
114	188.53365	8.904773	196.7699	176.16533	183.18063	20.675316	220.28815	132.58546	400.0	400.0	125399	69.516815	15.996113	88.15781	-23.100567	-69.75997	0.83139724	761.899409532547
115	193.34651	8.867117	203.57303	181.94817	185.59962	13.632811	205.92053	160.94833	400.0	400.0	126499	69.42253	15.907579	92.26061	-21.760065	-69.663506	0.8951588	769.7288885116577
116	157.53555	27.397026	184.93259	130.13853	168.7281	31.502401	201.53691	95.135086	400.0	397.65	127599	69.406784	15.676245	92.186966	-20.472961	-69.64801	0.8633799	776.3459584712982
117	195.19426	6.1086645	200.21469	186.59552	182.02365	44.407326	221.80496	7.689941	400.0	385.25	128699	69.321556	15.615811	91.25467	-21.241365	-69.56257	0.7847848	783.1812388896942
118	142.58464	69.77559	192.33917	43.90823	179.53374	25.258318	203.32239	99.95836	352.0	400.0	129799	69.24699	15.553227	87.302925	-23.051334	-69.482315	0.7905916	790.1459307670593
119	190.7383	11.253676	201.65578	175.25089	174.51712	39.93256	201.16618	52.12626	400.0	393.25	130899	69.11852	15.548688	87.68941	-23.08527	-69.360725	0.78548497	797.2153306007385
120	197.60274	6.7247925	205.76729	189.2968	172.13449	44.10961	216.53587	49.7657	400.0	389.35	131999	69.11993	15.33198	86.5197	-22.433311	-69.36145	0.8012819	803.8007519245148
121	195.67822	4.1305466	199.80876	191.54767	189.5525	19.195747	211.99786	133.62859	400.0	398.65	133099	69.10079	15.249524	86.55224	-22.891811	-69.34548	0.81017464	810.705436706543
122	180.15344	4.148864	185.49007	175.37328	166.76454	55.294403	213.35287	10.933784	400.0	369.6	134199	69.15833	15.03398	89.83033	-22.222248	-69.40522	0.7776651	817.1476991176605
123	151.2699	44.315006	189.14262	89.09035	166.17618	66.12191	207.55257	3.202263	369.0	353.45	135299	69.11576	15.015644	89.624954	-21.568481	-69.36345	0.7697222	823.5671038627625
124	146.68233	74.896225	209.46095	23.091965	160.36635	53.513172	197.21597	2.4770708	322.0	365.5	136399	69.11451	14.980756	91.34425	-19.954048	-69.36373	0.7717941	830.355792760849
125	141.21791	93.09687	208.73055	9.573514	194.03688	13.578794	213.44258	164.86009	297.0	400.0	137499	69.11241	14.965358	92.46277	-21.175646	-69.361336	0.7815597	837.3758137226105
126	199.72572	12.678073	209.0692	181.80164	182.699	18.74986	210.3681	141.4471	400.0	394.15	138599	69.13161	14.952225	92.20618	-22.625868	-69.384796	0.78205967	844.0236759185791
127	178.24043	29.9512	207.65138	137.13687	184.27568	38.233494	227.07068	45.036392	400.0	400.0	139699	69.17859	14.859137	91.27479	-25.338379	-69.425766	0.7306253	850.6180701255798
128	205.103	0.8738327	205.97684	204.22917	185.00694	28.976328	215.69583	118.62638	400.0	400.0	140799	69.15521	14.838599	88.813774	-26.672829	-69.40541	0.73165315	857.6378176212311
129	186.95464	15.753091	199.97528	164.78905	188.19801	22.537157	217.98392	114.71216	400.0	400.0	141899	69.15666	14.805244	88.45767	-25.622478	-69.40204	0.7585991	864.7721147537231
130	193.93927	8.302546	205.61337	187.01373	169.02493	83.34171	223.68396	-186.36182	400.0	400.0	142999	69.21733	14.634103	86.37413	-25.722088	-69.459656	0.70258623	871.4670691490173
131	197.99304	2.6495876	200.1486	194.2609	195.4182	9.974486	210.70815	169.47575	400.0	400.0	144099	69.17103	14.642323	86.31107	-25.064302	-69.41121	0.6937932	878.7120661735535
132	190.05234	13.186363	203.2387	176.86597	194.57962	20.940079	220.03712	117.466545	400.0	400.0	145199	69.15974	14.526367	86.00688	-23.203098	-69.39082	0.66469526	885.7677912712097
133	193.60838	7.830776	203.36832	184.19638	179.24248	51.23785	213.03749	-30.93452	400.0	400.0	146299	69.047386	14.527075	86.26271	-23.61531	-69.27513	0.67898625	892.4423313140869
134	206.75897	4.8083363	213.48761	202.54364	193.66849	20.172764	217.01375	120.748024	400.0	400.0	147399	69.000374	14.437661	86.35283	-23.5155	-69.22456	0.6567315	899.3793106079102
135	204.46684	11.568645	218.33917	190.01941	192.48206	29.515358	234.53008	90.12249	400.0	400.0	148499	68.90596	14.404897	86.4311	-25.646786	-69.1293	0.6770454	906.0916290283203
136	195.48949	10.185318	205.6748	185.30417	190.37149	21.567492	222.60416	136.9011	400.0	400.0	149599	68.808784	14.348508	86.47097	-27.043991	-69.03002	0.6587462	913.1482481956482
137	142.25012	66.98482	204.94725	49.40155	191.24643	17.072586	213.23865	150.4931	400.0	400.0	150699	68.66182	14.2905445	86.415825	-26.978645	-68.88066	0.68014	920.1302423477173
138	198.7337	12.16921	213.56696	183.7596	191.68124	27.486967	219.81407	114.0695	400.0	394.6	151799	68.56022	14.180743	86.20236	-26.810532	-68.77599	0.6676811	927.1731929779053
139	198.97813	10.9831505	211.68405	184.88799	194.74045	16.99563	208.95528	154.89754	400.0	400.0	152899	68.35997	14.24252	86.02109	-25.592377	-68.57355	0.67577755	934.1287050247192
140	188.76399	32.844147	217.51332	142.7948	188.09781	29.515059	218.97763	82.152054	383.0	392.8	153999	68.327156	13.999793	85.6458	-25.067322	-68.5377	0.65548897	940.6942210197449
141	207.45442	12.162186	219.61661	195.29224	186.51155	30.775867	213.35504	112.553566	400.0	388.8	155099	68.12893	14.031247	87.59489	-24.979506	-68.34021	0.65894943	947.5067844390869
142	200.69238	3.8701098	206.14432	197.54941	177.3887	44.257286	216.28221	60.00761	400.0	390.35	156199	67.99232	13.963697	88.87826	-24.800093	-68.20274	0.65739715	954.4492995738983
143	137.58478	88.02055	210.69333	-6.7266273	192.04848	33.765255	220.82065	116.20133	322.25	395.25	157299	67.896675	13.819938	90.4453	-25.185476	-68.107994	0.6405937	961.4059498310089
144	156.17722	71.9577	220.67844	55.76093	190.72311	37.880352	217.34282	66.34866	316.33334	391.7	158399	67.789055	13.726124	92.32042	-27.319458	-68.00101	0.6752077	968.3668758869171
145	169.02339	65.176155	220.47551	77.06738	193.52313	23.392406	220.20589	136.5367	333.66666	400.0	159499	67.65967	13.686515	93.38015	-26.757872	-67.8753	0.7061469	975.3816738128662
146	203.5804	19.808498	221.92682	176.07358	204.12633	16.265818	221.62276	157.16736	400.0	400.0	160599	67.59526	13.537426	95.067726	-26.13937	-67.80819	0.6845239	982.4162199497223
147	77.533676	88.769714	203.01694	11.542969	207.74092	13.173612	226.57246	161.67621	300.66666	400.0	161699	67.48362	13.407836	107.16763	-26.213722	-67.69372	0.66899127	989.3481678962708
148	215.479	4.146054	221.28773	211.88281	196.69048	15.115792	218.45325	161.54536	400.0	400.0	162799	67.372955	13.37756	107.865944	-28.379242	-67.586266	0.7129865	996.1590676307678
149	208.87431	5.332754	213.605	201.42242	203.6551	14.346155	231.15695	161.02133	400.0	400.0	163899	67.25729	13.378424	107.96771	-26.933048	-67.4692	0.6530673	1002.9454543590546
150	160.16853	29.840584	198.9858	126.42094	180.04791	55.101696	226.75807	17.532286	400.0	366.9	164999	67.187485	13.290287	106.93513	-27.213402	-67.39635	0.6375735	1009.7575032711029
151	111.10498	99.94706	213.1849	5.577232	179.39452	44.703884	214.79376	10.023904	240.5	383.85	166099	67.10267	13.254884	105.952614	-27.464775	-67.31671	0.67215276	1016.8751647472382
152	212.41463	2.9145937	215.39783	208.45976	177.59464	57.4158	211.6418	15.913586	400.0	368.0	167199	67.04184	13.153718	102.80934	-27.104683	-67.25369	0.6604511	1023.6324486732483
153	145.51186	93.600716	213.70296	13.160925	169.50462	58.52847	216.59279	21.358286	292.66666	373.95	168299	66.9101	13.219904	100.12121	-26.793213	-67.11553	0.67605424	1029.6259851455688
154	111.83303	88.30408	214.4926	14.030973	195.52406	11.132627	211.27922	172.61357	271.0	400.0	169399	66.80389	13.195043	98.13887	-26.831821	-67.010635	0.6775881	1036.546134710312
155	197.98193	17.169907	215.15184	180.81203	193.96971	12.190486	214.4851	176.70102	400.0	400.0	170499	66.68273	13.173455	95.783844	-26.840298	-66.887344	0.6848944	1043.5751934051514
156	208.9824	7.655942	215.54028	198.24251	196.30421	14.069233	219.41081	169.32997	400.0	400.0	171599	66.61666	13.07011	92.520134	-27.34771	-66.82079	0.7128096	1050.6046648025513
157	211.23132	5.897985	217.20494	203.20306	199.11557	18.723177	225.45183	151.29851	400.0	400.0	172699	66.53679	12.968396	89.54278	-26.473322	-66.74202	0.67405635	1059.2018158435822
158	194.58302	12.340652	211.99835	184.89185	203.97119	17.283669	229.69556	164.27313	400.0	400.0	173799	66.428825	12.976594	85.66923	-27.425795	-66.63102	0.6590484	1067.315453529358
159	208.24179	1.2823257	209.52411	206.95946	194.47298	21.436424	228.72229	143.98196	400.0	400.0	174899	66.346954	12.949383	85.5676	-29.373224	-66.54692	0.70890415	1074.2720646858215
160	190.67847	8.641435	199.17447	178.8229	200.20714	14.142889	227.71361	164.84454	400.0	400.0	175999	66.1939	12.981255	83.89494	-28.052124	-66.39011	0.64333665	1081.4925305843353
161	184.68156	7.528597	194.69365	176.53893	194.9938	21.614952	219.41617	129.52026	400.0	400.0	177099	66.09927	12.939159	85.57378	-27.929438	-66.29563	0.66376305	1088.3804183006287
162	197.3763	3.6483498	201.77228	192.83904	195.41692	15.887221	223.24982	170.2155	400.0	400.0	178199	65.99152	12.899058	84.511986	-27.551813	-66.18261	0.6558458	1094.9153656959534
163	187.2773	10.614334	197.89163	176.66296	198.77414	16.708094	219.9539	140.8745	400.0	400.0	179299	65.917175	12.826598	83.298744	-28.512234	-66.10786	0.6278445	1101.4358005523682
164	194.32263	4.4964437	200.16916	189.2336	191.08853	13.858483	212.70216	167.73438	400.0	400.0	180399	65.82495	12.712588	82.98949	-27.986977	-66.01368	0.65904677	1108.2992796897888
165	188.89099	8.814275	197.2584	176.7056	194.18971	17.384249	220.41466	150.8352	400.0	400.0	181499	65.684875	12.711889	83.960594	-25.16203	-65.87482	0.6293135	1116.0041825771332
166	217.06975	6.29971	222.29616	208.2081	191.72635	26.280298	233.12608	121.88583	400.0	400.0	182599	65.60438	12.615743	83.26174	-24.044819	-65.79005	0.6381554	1122.7210586071014
167	207.37585	14.721474	222.09734	192.65439	193.02025	14.596108	215.92996	161.8525	400.0	400.0	183699	65.509895	12.548655	83.94174	-25.341358	-65.69246	0.6446916	1129.513079881668
168	198.67957	9.154447	209.999	187.57846	194.15877	19.865068	232.8332	152.17578	400.0	400.0	184799	65.40273	12.507678	84.15816	-29.762836	-65.58188	0.6417964	1136.4840908050537
169	202.01057	20.054884	227.86014	178.97899	207.83945	15.18367	234.11769	176.00578	400.0	400.0	185899	65.30164	12.488669	84.07521	-31.110886	-65.480675	0.6674749	1143.4738473892212
170	187.03242	6.6294622	194.3453	178.29504	193.00133	20.452494	222.98183	140.1674	400.0	400.0	186999	65.184235	12.471465	83.65764	-31.005953	-65.35929	0.6651456	1150.628114938736
171	213.77185	8.767952	222.5398	205.00389	200.3207	12.230819	221.39915	155.94048	400.0	400.0	188099	65.0439	12.438972	83.20305	-29.611214	-65.218025	0.6375848	1157.7438323497772
172	192.14244	8.792064	204.56969	185.5779	205.68835	17.47349	233.6332	168.809	400.0	400.0	189199	64.94422	12.390645	84.03276	-29.76617	-65.11812	0.6213908	1165.0088801383972
173	207.18433	17.911247	228.45273	184.6354	192.65715	18.4002	216.81815	140.3668	400.0	400.0	190299	64.83257	12.342918	82.77522	-28.651613	-64.99847	0.5835949	1171.6830563545227
174	188.85144	23.639051	208.16818	155.56355	197.6283	22.439522	219.11327	114.77365	400.0	400.0	191399	64.65003	12.315599	82.04701	-27.227982	-64.81425	0.6378542	1179.8213052749634
175	197.51251	5.6842804	203.1968	191.82823	198.00388	13.044397	222.87538	166.99905	400.0	400.0	192499	64.50197	12.274088	81.575554	-27.386442	-64.66318	0.60877043	1186.2476787567139
176	193.4521	17.748146	210.79207	169.06624	184.35233	22.941574	205.13068	141.6438	400.0	400.0	193599	64.37344	12.12897	80.62138	-28.103006	-64.5348	0.64526504	1192.7571840286255
177	197.9445	7.771939	207.24445	188.22128	196.21884	23.534771	214.27461	107.93489	400.0	400.0	194699	64.21212	12.10614	79.45616	-28.847424	-64.36865	0.6152131	1199.7094838619232
178	207.72054	8.9548645	219.50574	197.81345	188.66708	23.83886	219.24565	132.5122	400.0	400.0	195799	64.07212	12.020334	79.97821	-26.964088	-64.23078	0.60711205	1206.6706626415253
179	204.05367	0.17259216	204.22626	203.88107	191.50117	30.596949	210.93196	70.601906	400.0	388.3	196899	63.940205	11.99546	84.42147	-24.309343	-64.09632	0.58356816	1213.4491622447968
180	206.49751	3.97921	209.83017	200.90419	190.80556	20.331861	211.3225	135.014	400.0	400.0	197999	63.788013	11.988412	79.99445	-27.501122	-63.947144	0.61928225	1220.1551189422607
181	187.0373	16.886335	209.54674	168.87488	185.31604	33.612766	214.74785	62.19783	400.0	400.0	199099	63.71904	11.793267	79.8037	-26.408897	-63.87898	0.58604556	1226.7685089111328
182	192.56804	19.376528	209.42351	165.42949	182.68758	43.993843	215.17625	0.3173149	400.0	400.0	200199	63.62002	11.734435	80.50372	-24.888323	-63.77691	0.5457018	1233.3874118328094
183	190.04349	8.743851	198.78734	181.29964	185.22932	26.74859	212.20444	107.819466	400.0	400.0	201299	63.481136	11.812131	79.54107	-25.667576	-63.640526	0.57160085	1240.2264332771301
184	202.61198	9.5170965	212.88496	189.94475	195.20078	11.733422	211.36903	167.2887	400.0	400.0	202399	63.424656	11.727449	80.90534	-28.009457	-63.586277	0.60779864	1247.0583727359772
185	204.89775	6.7741947	212.41423	195.99544	198.25894	18.642061	227.32962	142.1506	400.0	400.0	203499	63.37152	11.65347	78.03827	-26.744759	-63.5285	0.565269	1255.0372095108032
186	185.0767	12.534287	196.72102	167.68001	190.19096	21.683311	209.40414	126.14839	400.0	400.0	204599	63.275185	11.658823	77.97129	-26.70559	-63.43347	0.553169	1261.5769259929657
187	162.35686	48.67813	211.03499	113.67873	198.76627	12.723077	224.15302	161.3252	400.0	400.0	205699	63.187447	11.685351	77.23794	-26.79268	-63.343067	0.53715944	1268.6112411022186
188	193.35254	11.709801	202.93289	176.86441	194.99997	14.877259	216.05302	150.52121	400.0	400.0	206799	63.076893	11.720781	77.34756	-27.605774	-63.235638	0.5428258	1275.6282703876495
189	210.54216	4.1295247	214.48285	204.83916	190.8146	23.563896	222.13676	140.4162	400.0	400.0	207899	63.037964	11.73425	78.49253	-27.730122	-63.201263	0.57592297	1282.758216381073
190	207.18422	3.5417073	210.47914	202.26979	199.28188	18.622318	224.23468	148.60916	400.0	400.0	208999	63.008488	11.701529	79.43072	-26.778587	-63.173054	0.5614391	1291.1167538166046
191	213.9685	0.16148376	214.12999	213.80702	198.93845	19.272501	224.3112	148.21193	400.0	400.0	210099	62.994568	11.678246	77.889015	-26.654318	-63.15686	0.5312441	1298.175886631012
192	209.36693	9.565163	217.87387	196.00508	203.85219	19.817352	227.38342	146.66544	400.0	400.0	211199	62.965565	11.655107	77.80546	-26.080334	-63.123962	0.5658183	1305.6515820026398
193	212.05255	9.759374	219.30055	198.25664	199.1298	14.642362	216.01974	165.09274	400.0	400.0	212299	62.93792	11.632099	78.7771	-27.022295	-63.099007	0.5940881	1312.2766299247742
194	205.61751	3.8752058	209.67625	200.39897	196.33798	10.982832	219.42357	180.66269	400.0	400.0	213399	62.8969	11.655037	78.470146	-27.787518	-63.05987	0.5824937	1318.8517553806305
195	170.552	25.67566	196.22766	144.87634	196.62425	16.005718	218.1878	145.10635	400.0	400.0	214499	62.88817	11.600486	78.73258	-27.972622	-63.05071	0.5929801	1327.096468925476
196	205.1569	7.214741	215.14684	198.36484	197.6561	17.190619	216.14816	147.77773	400.0	400.0	215599	62.92514	11.486934	82.063095	-26.4043	-63.08799	0.6104732	1334.0857899188995
197	203.48454	2.2882006	206.17647	200.58328	199.33273	13.420274	222.47005	167.9749	400.0	400.0	216699	62.88016	11.555294	79.06789	-26.37202	-63.04203	0.57288563	1341.065840959549
198	220.5767	17.545673	245.29771	206.36423	210.10307	24.524963	264.36246	168.88693	400.0	400.0	217799	62.86918	11.568394	82.560684	-27.861782	-63.027927	0.5434326	1348.111965417862
199	210.69273	2.453354	213.14609	208.23938	204.75082	23.405193	260.9868	160.42653	400.0	400.0	218899	62.8268	11.582026	79.89764	-27.763271	-62.983494	0.5765907	1354.815174818039
200	202.52751	11.351927	210.81485	186.4763	202.9918	13.53415	223.51314	161.50609	400.0	400.0	219999	62.833942	11.477983	78.98489	-26.68811	-62.993507	0.61392957	1363.3282589912415
201	202.53711	12.1666	219.5448	191.77652	199.70895	24.907116	220.88452	119.99938	400.0	400.0	221099	62.79078	11.499382	78.78398	-27.232283	-62.95066	0.53935814	1370.358202457428
202	212.30914	7.068024	220.50793	203.25795	192.72801	20.51625	220.7606	143.59885	400.0	400.0	222199	62.783833	11.415161	79.22096	-26.3395	-62.94294	0.57038134	1377.0164077281952
203	212.55832	0.07157135	212.62988	212.48674	195.08481	17.228308	214.68893	155.56013	400.0	400.0	223299	62.755165	11.380425	79.15681	-26.697271	-62.910625	0.5313459	1383.613180398941
204	207.7061	9.582962	219.72844	196.27762	207.52634	10.768505	220.57727	184.2975	400.0	400.0	224399	62.725586	11.409115	79.31271	-25.359383	-62.883793	0.51780295	1390.1980175971985
205	202.00049	5.349956	207.9046	194.95097	196.56923	21.46105	224.36578	141.89307	400.0	400.0	225499	62.731388	11.282	79.471214	-27.4414	-62.88774	0.5240597	1398.164986371994
206	200.72038	9.342306	213.38423	191.12683	203.46701	17.510378	230.38123	160.9246	400.0	400.0	226599	62.74568	11.18889	79.55975	-25.532692	-62.90404	0.49820247	1404.2348160743713
207	185.91006	28.816322	214.72638	157.09373	201.39395	16.432878	220.14163	151.51631	400.0	400.0	227699	62.71738	11.162761	79.55044	-25.442343	-62.872585	0.54796326	1410.754521369934
208	209.04376	9.365568	222.24901	201.554	198.87184	18.411098	219.6433	164.63011	400.0	400.0	228799	62.647934	11.169819	79.149956	-24.45222	-62.80096	0.506239	1417.6652755737305
209	173.78502	51.46324	224.98598	103.390076	190.1741	29.142448	221.60895	121.73911	400.0	400.0	229899	62.65172	11.03639	79.9115	-24.800137	-62.805115	0.49775097	1424.520404100418
210	195.40028	19.069277	215.3277	169.70033	187.68387	23.41546	214.67712	124.266945	400.0	400.0	230999	62.600204	11.043005	80.44456	-24.448986	-62.75455	0.49667257	1431.095571756363
211	186.49991	16.734016	203.23392	169.76588	194.25838	22.318981	214.43358	132.26903	400.0	400.0	232099	62.57653	11.002443	81.83911	-23.74987	-62.7269	0.50615644	1438.4032566547394
212	167.90155	62.597725	214.54831	79.41857	191.84488	25.81541	227.2672	128.42442	400.0	400.0	233199	62.505737	11.0292	79.630844	-24.181797	-62.66125	0.5203205	1446.460621356964
213	188.44249	41.421448	218.36223	129.86826	203.40839	16.380924	220.90848	158.50858	400.0	400.0	234299	62.51979	10.924607	78.51465	-23.10796	-62.67068	0.506667	1453.2449886798859
214	167.7028	39.544487	219.8982	124.21601	197.11105	21.820187	230.60321	153.92482	400.0	400.0	235399	62.460384	10.943802	78.63622	-21.664885	-62.612053	0.50489247	1460.0602419376373
215	186.06963	6.8780212	192.94765	179.1916	189.0839	21.533094	219.01323	148.3222	400.0	400.0	236499	62.40858	10.906901	79.84689	-21.579056	-62.56017	0.51940376	1466.2708656787872
216	169.01544	62.80482	216.71109	80.27916	195.87994	13.627981	218.49341	164.64868	400.0	400.0	237599	62.41512	10.787043	81.616554	-21.75576	-62.56587	0.5130584	1472.7798142433167
217	205.76709	4.3396163	211.85739	202.06644	202.27094	14.885413	225.22859	166.59111	400.0	400.0	238699	62.393993	10.783434	79.71817	-24.845453	-62.54794	0.5212923	1479.7306134700775
218	202.109	15.298984	216.05042	180.80943	199.2587	19.176828	223.7174	148.81726	400.0	400.0	239799	62.36904	10.817815	80.28883	-21.25802	-62.521774	0.5245857	1489.3477725982666
219	198.36166	13.569084	211.93074	184.79257	202.50313	16.503498	225.4882	168.33037	400.0	400.0	240899	62.34299	10.790264	80.63759	-26.86328	-62.496372	0.6023724	1499.44256067276
220	204.08403	7.3600974	211.12044	193.9233	189.68204	34.176125	219.59576	57.518997	400.0	400.0	241999	62.355606	10.761316	80.90067	-25.283937	-62.506897	0.5574737	1513.0901353359222
221	203.57338	5.4153767	207.92998	195.9403	187.41084	37.348587	215.49303	70.957466	400.0	400.0	243099	62.3636	10.745134	80.30273	-24.277367	-62.51861	0.5983378	1526.540153503418
222	156.61897	37.22483	199.09335	108.4471	195.06071	16.769796	215.53725	160.33789	400.0	400.0	244199	62.368305	10.690853	80.05618	-21.167902	-62.52314	0.55215967	1537.536896944046
223	208.51984	7.4425354	215.96237	201.0773	191.79796	20.142923	216.99391	149.56172	400.0	400.0	245299	62.425877	10.609773	79.478775	-19.80715	-62.58105	0.54539895	1548.0805957317352
224	189.5873	3.3147943	193.78938	185.68663	196.27576	14.234016	215.296	162.8591	400.0	400.0	246399	62.40517	10.654032	78.63956	-20.032694	-62.55885	0.529458	1558.4448297023773
225	201.62746	13.7900305	212.32076	182.15681	196.28302	13.717444	218.33655	166.19742	400.0	400.0	247499	62.4315	10.626219	78.750824	-18.49559	-62.582726	0.5439747	1569.087664604187
226	188.80598	27.152702	214.81526	151.33623	186.104	23.874626	211.2633	109.403915	400.0	400.0	248599	62.424816	10.594134	79.29126	-19.542488	-62.576385	0.5393608	1579.8333690166473
227	171.839	12.183014	184.02202	159.65599	186.41504	18.793924	216.55322	141.44467	400.0	400.0	249699	62.395824	10.59647	77.347404	-22.117174	-62.546555	0.5215632	1591.3179941177368
228	162.89273	93.94377	222.90399	0.29521522	193.95915	18.497742	224.5809	157.26	321.75	400.0	250799	62.39848	10.603627	82.64526	-21.634094	-62.549217	0.5195834	1603.2181284427643
229	192.72888	22.461292	224.33224	174.1549	197.20605	21.236439	226.48338	145.70412	400.0	400.0	251899	62.412792	10.505343	80.9258	-23.20765	-62.565086	0.54717785	1616.8514320850372
230	217.24524	0.39057922	217.63582	216.85466	185.70059	46.24941	231.41676	3.0164628	400.0	384.45	252999	62.41936	10.441441	78.44489	-22.95444	-62.57157	0.48250222	1629.3079783916473
231	187.08089	43.47453	222.34166	125.83216	195.43092	26.278774	222.52414	128.4542	400.0	400.0	254099	62.417294	10.442692	79.70212	-23.695316	-62.570995	0.49153402	1641.1461944580078
232	218.5114	2.4107227	221.34859	215.45569	186.7039	25.079464	212.97238	141.67868	400.0	400.0	255199	62.43896	10.414413	79.8099	-22.970844	-62.592472	0.52256423	1653.0058686733246
233	188.87044	21.65381	215.35208	162.31146	190.1851	14.923509	205.45938	143.01271	400.0	400.0	256299	62.467163	10.389709	79.62009	-22.679026	-62.62449	0.50135124	1665.507588148117
234	191.496	18.231888	209.72789	173.26411	195.3714	12.1418495	210.79916	171.16159	400.0	400.0	257399	62.496326	10.3398	79.59606	-23.174112	-62.654617	0.49462497	1677.7632939815521
235	178.26343	10.794546	189.84636	163.86034	184.30768	18.375078	201.93733	148.99123	400.0	400.0	258499	62.516052	10.337694	79.49076	-22.63787	-62.672962	0.5182773	1690.7387087345123
236	202.22066	1.4994724	203.635	200.14514	186.25696	19.903887	212.28893	151.80542	400.0	400.0	259599	62.569252	10.304055	80.0442	-24.73572	-62.7299	0.52503085	1703.3407573699951
237	186.42226	8.588907	197.84465	177.13326	186.4746	13.105302	204.44643	146.40323	400.0	400.0	260699	62.647926	10.243166	79.54653	-24.638132	-62.808025	0.506515	1718.9087884426117
238	195.8543	13.55275	209.40704	182.30154	169.74683	39.163338	200.96281	63.220177	400.0	400.0	261799	62.69295	10.249858	79.48871	-24.786243	-62.85282	0.5009202	1732.9048998355865
239	203.65508	6.03937	208.69049	195.16287	191.36592	20.132263	218.96033	124.42956	400.0	400.0	262899	62.681572	10.387849	80.316895	-24.804413	-62.839054	0.5148726	1745.7921025753021
240	195.19933	19.685268	211.43906	167.49712	176.30118	37.740726	209.72292	86.93904	400.0	400.0	263999	62.756355	10.295002	80.69876	-26.124226	-62.911682	0.4960634	1760.468729019165
241	202.33904	4.9912796	209.36398	198.2292	184.54532	26.51758	204.85605	105.49869	400.0	400.0	265099	62.770073	10.217593	80.26718	-26.824879	-62.9248	0.5148789	1774.1741440296173
242	212.01941	1.6481323	213.66754	210.37128	186.20865	28.585386	215.27994	110.67079	400.0	400.0	266199	62.785892	10.225013	80.218704	-25.49451	-62.939816	0.52705127	1787.913660287857
243	168.18277	32.12427	210.78487	133.2161	172.64468	40.605495	205.31038	88.249916	400.0	400.0	267299	62.75735	10.201712	79.11635	-25.956923	-62.9087	0.5598869	1801.3730096817017
244	204.98022	4.6542487	211.54956	201.34077	181.93117	44.680874	225.85384	38.531277	400.0	400.0	268399	62.73401	10.146763	77.6531	-26.99025	-62.878616	0.5153864	1819.066899061203
245	177.1689	31.184134	203.67314	133.39107	156.39972	62.10657	215.98746	27.868904	400.0	400.0	269499	62.674015	10.098482	77.16893	-28.11065	-62.81798	0.5145439	1836.469853401184
246	148.80968	60.422348	209.23203	88.38733	198.5535	32.381985	236.70671	96.68144	400.0	400.0	270599	62.638763	9.969775	75.88147	-25.0721	-62.781734	0.52956605	1852.8774225711823
247	194.0053	9.178018	206.02237	183.74866	176.04187	57.284657	232.62671	23.341496	400.0	400.0	271699	62.563606	9.989954	75.49534	-24.291906	-62.699196	0.4883972	1867.6997635364532
248	207.3326	5.065685	213.99742	201.72491	193.56946	51.225025	238.02303	34.070946	400.0	400.0	272799	62.478394	9.871618	75.523895	-24.853258	-62.61455	0.506641	1889.1062359809875
249	207.8111	7.6939483	218.69044	202.21327	199.75507	16.181755	223.51476	158.27744	400.0	400.0	273899	62.400364	9.808768	75.17509	-25.171328	-62.5325	0.50125545	1902.3896460533142
250	191.17398	16.387428	207.5614	174.78654	173.73509	57.835857	229.86584	34.105473	400.0	400.0	274999	62.320457	9.709518	75.85438	-23.483768	-62.45319	0.46495518	1918.0692672729492
