Epoch	AverageEpRet	StdEpRet	MaxEpRet	MinEpRet	AverageTestEpRet	StdTestEpRet	MaxTestEpRet	MinTestEpRet	EpLen	TestEpLen	TotalEnvInteracts	AverageQVals	StdQVals	MaxQVals	MinQVals	LossPi	LossQ	Time
1	-22.298975	11.185924	-8.857637	-36.243572	-9.220247	20.990917	64.13014	-25.434654	274.66666	86.1	1099	0.18000531	0.5388466	15.105916	-10.907496	-0.18948665	0.052497946	0.9397568702697754
2	-17.579224	18.293827	3.1071055	-44.596893	28.85202	19.936829	58.80632	0.7510144	303.0	191.8	2199	0.11073546	0.5012575	2.8681037	-2.6892905	-0.22226216	0.0072094263	5.684837579727173
3	12.653895	12.633117	29.113993	-4.0569735	35.67486	30.445549	132.31844	-8.422557	310.25	199.0	3299	0.6220091	0.7576752	4.396348	-4.8811164	-0.8199459	0.0052461997	10.296283721923828
4	12.5500765	26.851791	38.982693	-20.815462	25.479473	20.142576	100.222015	1.7294525	276.5	178.7	4399	1.4586053	1.1852778	7.8323617	-6.44491	-1.6694562	0.007439009	15.828233003616333
5	-32.321285	3.1629725	-30.054869	-36.79427	26.985682	16.732018	72.97516	4.7192874	339.0	189.5	5499	2.3354726	1.6791266	8.955782	-4.662725	-2.5542383	0.009166885	21.36028742790222
6	-7.7381225	24.0157	33.637432	-25.456688	26.776571	14.616057	82.31831	6.20002	282.0	184.85	6599	3.1059508	2.1915317	22.685019	-8.425353	-3.3299446	0.01632222	25.989036798477173
7	-3.7893448	27.408659	32.464706	-33.79428	31.538956	16.313816	66.836624	9.390163	264.33334	204.7	7699	3.9081368	2.645166	13.817042	-5.739379	-4.135286	0.017321542	30.55576992034912
8	0.6780418	37.884415	49.642136	-52.02566	33.62266	17.96081	89.41251	13.456226	284.2	196.6	8799	4.5265536	3.1351275	16.308353	-6.3793926	-4.7561398	0.019366646	35.29682111740112
9	0.025897026	20.640648	24.498045	-20.713848	37.261806	21.404968	71.89002	7.299018	268.25	220.1	9899	5.359305	3.6558986	21.411238	-7.2606955	-5.5860553	0.028319553	39.99714112281799
10	2.5213373	27.86861	24.450075	-44.38339	53.90874	41.440956	154.84004	12.554041	262.5	217.35	10999	6.025773	4.141473	20.75762	-8.793764	-6.2524867	0.038040742	44.64384365081787
11	9.506286	42.513412	63.503376	-40.39032	41.860268	23.489668	92.95014	7.5249	376.0	218.4	12099	6.6799507	4.6092567	23.15705	-4.7594094	-6.9125996	0.03532879	49.37280559539795
12	-8.333987	30.832106	13.756708	-51.935886	30.37901	16.308765	62.986946	7.6116734	374.0	203.4	13199	7.481802	5.0710206	28.892345	-19.470806	-7.718031	0.06288011	54.759511947631836
13	28.255474	30.062153	63.544147	-9.858766	31.880518	21.541927	68.27302	6.316403	289.5	178.95	14299	8.258052	5.646388	26.876968	-5.7682567	-8.499818	0.047852553	59.53474044799805
14	-8.812553	25.0754	24.474176	-34.19348	23.54877	13.635493	60.43795	8.663658	262.0	166.3	15399	8.760961	6.061933	28.695505	-7.4039993	-9.001206	0.05491221	64.28164911270142
15	18.993666	9.583601	35.384327	9.078231	27.375072	14.5843115	63.945297	6.1967807	176.5	157.95	16499	9.059235	6.4781656	36.588913	-10.478497	-9.286543	0.08114083	69.07069134712219
16	32.52879	24.32909	90.41071	14.35203	38.555782	21.000267	90.177155	13.303008	152.71428	226.2	17599	9.446296	6.8220477	32.137413	-6.718257	-9.652659	0.08569797	74.46782422065735
17	61.852875	18.247742	88.07468	35.888206	61.849133	27.22988	132.48111	18.008022	240.2	287.2	18699	9.976657	7.2817926	33.908043	-23.557917	-10.173536	0.110548005	80.66835021972656
18	61.161057	3.2290156	64.046585	56.65315	61.125996	41.174816	171.57077	20.56463	314.0	288.45	19799	10.410607	7.616819	36.757874	-9.393698	-10.602738	0.109989874	86.7337818145752
19	56.932926	18.776228	71.36479	24.65058	46.436172	26.903864	122.946915	11.706387	307.25	254.3	20899	10.801668	7.862192	36.548824	-6.2529306	-10.989342	0.111200586	91.7929015159607
20	24.082504	8.421619	34.89653	15.703735	65.15645	39.6479	143.76039	11.085953	255.0	265.7	21999	10.954737	8.179556	37.80758	-27.65858	-11.135337	0.13213825	97.03316736221313
21	73.19873	43.22665	126.00899	15.247964	67.50892	28.168423	118.635376	20.15252	303.0	293.95	23099	11.396481	8.579835	38.70882	-10.316218	-11.572768	0.13814549	102.43122386932373
22	35.824436	10.0439625	47.82996	25.631172	63.210133	37.220364	183.668	26.539928	258.5	292.6	24199	11.740008	8.777055	39.64216	-14.174359	-11.912848	0.16033839	107.87102389335632
23	73.174416	13.609469	83.70682	53.957302	77.53242	38.101498	183.46248	21.00282	349.0	337.7	25299	12.035046	8.962754	40.425903	-8.528264	-12.203129	0.13744596	113.54740953445435
24	90.35801	42.04381	149.2012	53.545067	72.84741	49.226982	237.1692	17.162024	362.33334	331.1	26399	12.523961	9.161694	40.93321	-12.859516	-12.691309	0.16390066	119.16516852378845
25	43.418736	24.87499	81.82551	12.79294	62.033882	28.547709	130.7527	8.251659	260.0	310.6	27499	12.916057	9.358816	52.32561	-16.077831	-13.080971	0.17802429	125.52075338363647
26	43.75276	23.81515	76.47283	20.479717	75.54903	25.795584	129.08467	35.607624	314.33334	319.1	28599	13.147279	9.522388	42.45619	-6.9677534	-13.308282	0.15371546	131.19427275657654
27	67.42697	8.051785	78.44631	59.431854	73.56887	37.300526	183.51701	18.310028	400.0	318.4	29699	13.372247	9.63145	43.400406	-22.958372	-13.529664	0.16681814	137.8024914264679
28	72.80728	28.669575	102.568695	26.010916	75.107124	28.555153	133.24278	34.462234	328.0	359.6	30799	13.738251	9.770701	50.05628	-19.561724	-13.893374	0.18881966	143.23186707496643
29	61.738964	30.614052	105.03237	39.79105	98.03938	40.945454	186.96217	24.401165	331.0	359.2	31899	13.929815	9.915708	44.80737	-17.9716	-14.083968	0.16335852	148.73117446899414
30	83.04761	42.683506	138.83855	35.193405	93.03193	45.659966	227.64139	28.859129	371.33334	352.45	32999	14.247	10.060866	45.744183	-6.46096	-14.399578	0.17055815	154.50349044799805
31	48.473392	5.486695	56.116848	43.49455	95.2505	49.11114	220.59914	20.303715	343.0	359.25	34099	14.344544	10.097579	53.778652	-13.85671	-14.491701	0.19718537	160.320086479187
32	74.30208	49.79742	155.10455	31.053417	69.29665	32.235153	139.16423	25.882273	321.5	336.2	35199	14.600581	10.23561	46.906216	-7.6323266	-14.746832	0.18836328	165.9564824104309
33	81.63242	38.850513	120.46643	28.555597	108.49937	51.972492	243.6784	32.031536	319.0	358.85	36299	14.882117	10.35776	47.396782	-14.243263	-15.025114	0.20357537	171.56182098388672
34	83.437584	27.504639	106.41776	44.768616	86.540085	38.85549	199.71033	28.202374	365.33334	338.35	37399	15.154482	10.4913645	48.02654	-6.8962727	-15.295598	0.1865845	176.98583483695984
35	77.94993	37.25913	127.490326	37.633812	77.72247	22.944162	149.32977	53.535217	374.0	380.45	38499	15.358094	10.567879	51.383266	-16.173853	-15.497503	0.21593954	183.03506994247437
36	71.863144	37.550846	112.40541	21.887756	70.639244	30.940016	150.38329	16.687159	333.33334	336.15	39599	15.576024	10.674594	48.84581	-7.622509	-15.713972	0.17463292	188.54102230072021
37	132.43774	22.88088	161.14738	105.15545	106.296104	38.06471	192.90683	48.672997	371.0	379.3	40699	15.961924	10.9450445	49.51441	-7.3009887	-16.098568	0.19383615	194.45797181129456
38	56.99812	15.187241	69.733315	35.652554	104.81163	57.022343	265.27707	46.03489	357.66666	367.85	41799	16.169622	11.082847	49.849846	-14.481295	-16.301693	0.23887326	200.50366234779358
39	51.789093	16.794506	74.50142	34.416634	88.05048	31.532263	143.70409	30.966919	362.33334	362.8	42899	16.162159	11.083558	50.184933	-6.943284	-16.29308	0.19991048	206.29608178138733
40	87.64506	47.244656	152.02594	39.98167	91.28836	35.030624	142.58067	21.601933	340.33334	355.65	43999	16.306728	11.223354	50.71579	-9.918749	-16.434376	0.24062747	213.12179231643677
41	112.30112	51.58759	175.31879	45.651657	73.627815	28.116201	107.41503	19.48032	359.0	328.2	45099	16.66078	11.448895	51.04406	-15.188473	-16.787603	0.218624	219.36264419555664
42	43.714558	6.516228	52.824173	37.95432	74.90301	32.554886	127.49354	22.094765	316.33334	335.3	46199	16.707415	11.477909	61.955307	-17.347757	-16.834944	0.25220847	225.0607922077179
43	65.02626	41.15956	118.42876	13.385762	87.10547	32.44665	156.01106	34.05034	325.25	344.8	47299	16.68449	11.496247	53.001614	-17.731958	-16.809414	0.22689833	230.78571438789368
44	99.34924	30.825436	139.94466	65.29216	75.58116	35.966408	134.47488	18.384184	357.0	326.5	48399	16.969887	11.664572	52.569263	-13.20394	-17.094656	0.23121887	237.64043593406677
45	131.93773	19.310719	151.24844	112.62701	88.115585	53.778233	206.4048	19.276377	400.0	344.2	49499	17.301136	11.840284	52.794495	-13.753569	-17.42506	0.2251464	244.3901436328888
46	82.75319	44.536953	133.99435	18.931032	69.90965	34.05469	130.97446	8.65485	352.5	306.65	50599	17.540855	11.9417925	53.29106	-11.926686	-17.664127	0.25745308	250.0507333278656
47	108.95313	95.57916	241.055	18.105267	81.4904	28.258371	131.62888	36.963566	289.66666	357.15	51699	17.755285	12.133943	53.667835	-9.776072	-17.876043	0.2371822	256.793762922287
48	73.96858	23.007153	104.47267	48.91251	77.91511	32.729782	154.85825	17.81757	387.0	343.1	52799	17.914967	12.270034	69.69948	-19.80128	-18.035246	0.30215177	266.38801884651184
49	98.28177	59.979206	190.56897	22.546333	83.40101	45.610447	197.44717	11.48694	323.75	337.2	53899	18.062046	12.310415	54.35531	-7.7241216	-18.180483	0.24829279	271.77862906455994
50	65.10313	26.313002	101.87065	41.75214	82.92529	34.88009	156.64413	8.562776	327.66666	324.05	54999	18.253101	12.419826	54.73221	-7.2479315	-18.368649	0.26032814	277.5765745639801
51	41.490955	36.12794	103.98769	18.608536	81.775215	32.780025	162.65857	22.78164	259.5	325.95	56099	18.248646	12.5074	55.06542	-13.119414	-18.363325	0.25892738	283.2152841091156
52	85.5093	15.004586	104.98254	68.47192	70.74424	33.21	141.26521	22.424927	373.0	322.6	57199	18.390402	12.567602	70.57054	-35.213867	-18.50302	0.28890097	288.7882866859436
53	83.28356	14.249601	103.02067	69.89199	72.16772	33.753296	126.5333	21.67152	369.33334	335.8	58299	18.555588	12.630736	55.62947	-21.567488	-18.66716	0.26111466	294.2004988193512
54	111.406624	35.64684	139.82582	61.137245	78.590744	36.246265	152.44728	21.516201	360.66666	333.75	59399	18.690996	12.695332	56.03838	-8.081331	-18.801626	0.24519542	301.0917000770569
55	40.30439	18.038836	57.593147	15.4142885	83.23558	28.689281	136.67218	26.71601	322.66666	358.2	60499	18.722357	12.710482	56.10531	-14.183281	-18.832817	0.27708533	306.9763195514679
56	86.934715	27.585112	125.94274	66.99785	61.618244	28.898058	124.025826	18.305866	397.0	304.0	61599	18.773218	12.709183	56.179466	-22.625015	-18.881844	0.27121112	312.4455645084381
57	77.685036	54.539085	142.48956	8.793014	79.57505	40.68376	178.60547	15.623699	308.75	329.8	62699	18.840282	12.767822	56.53829	-46.39162	-18.947542	0.3023981	317.8476314544678
58	71.061516	32.267296	103.899254	27.201254	64.03224	32.4744	127.43392	20.789135	333.0	308.7	63799	18.95484	12.772014	66.821236	-22.513275	-19.061178	0.32569158	323.0707252025604
59	39.98399	9.523241	53.05045	30.624296	73.94086	44.73521	165.58643	7.707662	314.33334	299.15	64899	18.962736	12.748828	56.781647	-16.805927	-19.068398	0.25867262	328.54493474960327
60	89.429016	57.146946	156.7848	14.970719	76.571144	53.214783	209.94443	15.436764	306.25	305.55	65999	19.084196	12.796416	57.09277	-23.658392	-19.188896	0.27743524	335.19318556785583
61	78.05963	26.823326	107.146965	47.916	81.87952	52.93735	223.07333	15.831895	326.5	327.85	67099	19.157454	12.854414	57.248234	-13.625081	-19.26165	0.2787404	340.72144889831543
62	70.35639	25.548443	104.13295	42.357643	75.53425	49.527138	217.60052	13.409441	304.0	316.85	68199	19.2222	12.87496	57.62384	-13.806516	-19.326134	0.2714267	346.3272008895874
63	63.370735	41.612392	127.94108	16.565872	83.85954	31.749687	146.69487	42.00863	307.75	325.3	69299	19.270725	12.939604	57.822014	-18.548609	-19.372923	0.2729831	351.9881520271301
64	52.70879	32.563614	90.61866	11.11065	92.00647	48.993942	205.92015	23.55189	280.33334	338.7	70399	19.295496	12.959651	58.155525	-17.661762	-19.397833	0.313743	357.6631193161011
65	57.88765	9.42317	67.66783	42.95537	72.87596	48.783566	200.07324	13.847142	308.0	284.9	71499	19.272549	12.912874	58.284664	-23.243212	-19.374695	0.3067303	362.7282531261444
66	74.93837	56.325516	167.65054	16.718021	67.9585	37.643932	158.48895	13.758714	314.75	288.8	72599	19.333466	12.98511	58.48891	-9.5548115	-19.434875	0.25296354	368.11612153053284
67	49.80624	37.142178	100.48708	12.5117	82.81894	44.90868	161.9688	9.712445	257.0	315.15	73699	19.42594	13.041198	58.760372	-21.30437	-19.526297	0.2803341	373.64684081077576
68	55.110676	53.39413	144.73714	9.164063	81.21108	42.649525	178.27948	10.178997	251.4	316.9	74799	19.417969	13.112617	59.164753	-19.368532	-19.517824	0.32208553	380.39518547058105
69	54.469894	23.83201	88.43395	21.040915	72.75939	31.336515	173.37787	30.84532	275.0	319.6	75899	19.371784	13.081085	59.301464	-21.112965	-19.471321	0.27790844	385.7370047569275
70	50.2612	15.147824	67.72673	31.831255	73.895676	39.175385	177.30898	14.502679	288.25	317.45	76999	19.393585	13.113763	68.46423	-30.132769	-19.491783	0.29792485	392.2945554256439
71	91.87906	14.835396	112.84671	80.76142	87.211205	43.838802	193.10594	28.536303	363.33334	320.95	78099	19.417734	13.123003	59.93672	-13.585098	-19.513966	0.30339321	397.84976267814636
72	59.574997	39.713497	121.07157	11.810924	88.87737	30.224098	126.3707	26.705359	307.75	332.45	79199	19.404928	13.155111	64.45381	-15.842944	-19.502113	0.280128	403.28295278549194
73	85.9734	34.468056	124.06439	40.58635	65.47862	31.176826	126.4253	10.086171	349.66666	309.1	80299	19.39766	13.168275	66.693726	-8.330878	-19.493807	0.27850124	408.7571792602539
74	115.618004	17.465664	140.22041	101.41548	94.2351	42.799007	186.80627	18.62005	323.33334	343.05	81399	19.48541	13.258922	72.69612	-28.698444	-19.580563	0.29526064	414.49556374549866
75	77.26191	50.481754	158.53534	33.19488	89.87484	48.220844	184.13329	21.597607	322.25	317.15	82499	19.562227	13.338298	62.350014	-11.11542	-19.656338	0.28376183	420.30063009262085
76	85.28999	42.782177	128.07217	42.50782	66.9552	32.039577	155.3767	21.927475	400.0	297.8	83599	19.64485	13.433733	62.533825	-26.476942	-19.737713	0.32662216	425.9145863056183
77	66.18821	27.710728	106.09288	28.470186	62.707466	33.499252	131.28793	15.714119	309.5	293.3	84699	19.663036	13.47258	62.76997	-25.919914	-19.754883	0.32341424	432.4114785194397
78	82.61033	33.622387	119.367325	38.10924	77.00809	36.958454	149.51727	19.41127	329.66666	321.85	85799	19.65838	13.486402	64.04043	-42.01825	-19.749695	0.29861778	438.0702757835388
79	83.01222	26.51818	112.950775	48.48321	77.706436	35.59084	145.56187	20.458158	369.33334	334.65	86899	19.637068	13.506287	62.985924	-23.060831	-19.727219	0.29703605	443.8203089237213
80	55.689087	26.22305	78.633026	11.1056595	80.43668	28.663752	128.92078	34.75412	324.25	343.15	87999	19.611694	13.476845	63.01673	-34.97737	-19.701174	0.31119952	449.7370810508728
81	39.288525	17.848457	59.967285	16.413485	81.678856	40.306786	187.86131	16.8049	338.66666	332.6	89099	19.60388	13.456813	63.09656	-23.65	-19.692795	0.2913175	455.65568351745605
82	60.087326	28.003265	92.72326	24.341381	75.752014	39.254013	172.34369	18.294811	328.66666	336.2	90199	19.559229	13.422889	64.750626	-28.036928	-19.647934	0.34082508	461.3574278354645
83	91.780624	30.623587	141.45581	61.873493	81.0432	40.30737	214.03911	30.222393	341.75	314.15	91299	19.546293	13.402333	63.215767	-19.506207	-19.633223	0.25266767	467.9628438949585
84	107.04354	24.242598	137.45416	78.128716	70.10495	35.504795	154.17172	20.27603	324.33334	316.05	92399	19.658546	13.464203	63.344402	-34.520405	-19.744436	0.31921226	474.2638728618622
85	42.204716	15.563143	65.25565	21.347645	77.227745	37.55445	170.81738	18.885296	302.5	296.5	93499	19.629883	13.45777	68.68754	-18.991339	-19.715384	0.3569844	480.7774600982666
86	113.0697	33.662357	150.23126	68.72081	104.53383	48.811584	204.55373	29.37789	357.33334	343.55	94599	19.700008	13.493294	63.43237	-15.094417	-19.784275	0.2766921	487.48224902153015
87	49.70153	12.44305	71.21004	41.285927	80.55121	35.418354	173.89944	30.134455	275.5	339.5	95699	19.64057	13.491087	63.276535	-13.182556	-19.72549	0.27935198	493.0487015247345
88	55.90481	17.346544	68.42127	31.37481	72.66466	38.501915	200.35193	25.4828	297.66666	320.25	96799	19.642305	13.457197	63.34489	-9.744696	-19.726023	0.27160102	498.47139978408813
89	83.36043	51.120907	171.10188	42.98267	76.659546	54.43597	228.00426	14.635372	297.5	319.2	97899	19.617939	13.449642	63.433395	-25.533468	-19.701624	0.28573236	503.98513436317444
90	97.51985	61.861496	192.58516	22.847765	66.67775	30.94851	129.00471	12.596355	312.5	307.6	98999	19.691864	13.517486	63.469982	-27.736544	-19.77457	0.31941485	509.4561948776245
91	55.858814	2.1730082	58.788136	53.589634	88.12467	44.954666	205.77513	33.048153	320.66666	348.3	100099	19.756174	13.599138	63.337654	-18.831673	-19.838083	0.28412172	515.4848353862762
92	132.68245	57.226585	209.2223	71.64058	79.29558	38.090694	147.57173	19.41621	371.33334	331.05	101199	19.864073	13.692698	66.28102	-29.349558	-19.945208	0.2714977	521.0789475440979
93	32.52935	7.2981386	39.5941	20.886131	101.54693	60.12154	226.71045	25.283245	303.75	342.9	102299	19.83833	13.706911	63.102432	-35.233997	-19.919653	0.32315186	527.8460793495178
94	114.33915	68.02249	203.41252	38.33757	74.88665	39.220894	199.07774	24.531973	363.0	332.05	103399	19.84851	13.754686	62.709347	-33.20785	-19.929161	0.27366787	534.2451074123383
95	82.42745	47.22857	146.46277	33.965485	78.4152	33.08412	153.22453	22.584885	330.33334	326.75	104499	19.89469	13.778381	68.715706	-49.431084	-19.975855	0.30283892	539.6298608779907
96	105.78045	43.823532	140.04979	43.924843	76.96306	31.995846	150.5133	20.153517	341.0	341.55	105599	19.960913	13.834005	63.93587	-29.324362	-20.040762	0.29910317	545.3421099185944
97	53.234306	12.200158	65.73797	38.347767	69.44448	34.563095	142.99509	19.370598	329.5	294.7	106699	19.905012	13.84385	62.025295	-26.997992	-19.98447	0.3176012	550.6026785373688
98	60.408676	22.675617	80.084335	28.640804	82.61178	36.763733	160.16498	19.054886	266.66666	329.5	107799	19.880527	13.80171	61.87945	-19.22595	-19.959549	0.25282365	556.1849737167358
99	76.24535	33.286915	106.517845	29.888762	92.93835	29.76264	149.13228	33.51401	380.66666	348.9	108899	19.879986	13.807554	61.617424	-14.827759	-19.958452	0.2902922	562.8329017162323
100	45.85659	17.056349	76.473145	28.730263	65.97605	36.522484	139.48035	12.501678	265.2	315.5	109999	19.818148	13.761102	61.339478	-30.657473	-19.896637	0.26758718	569.4759426116943
101	69.00576	34.72915	106.89866	22.998878	97.2154	43.13653	175.43526	32.96771	328.0	339.9	111099	19.7738	13.739628	79.44818	-27.45112	-19.850859	0.34778047	575.0726661682129
102	57.76402	48.133595	141.07501	27.732094	80.58759	22.20636	119.76055	44.49223	288.75	327.15	112199	19.772095	13.720511	60.77197	-15.107957	-19.849537	0.25362378	580.6725535392761
103	38.206043	4.864318	43.6382	31.834675	83.45189	42.222885	201.96379	25.464125	339.33334	338.95	113299	19.719868	13.721481	60.652157	-16.478836	-19.797808	0.28344005	586.1514155864716
104	91.214005	40.17826	120.43031	22.175215	86.15368	38.90193	181.96071	24.379332	311.75	359.4	114399	19.717419	13.758115	71.4123	-21.579556	-19.793854	0.30483416	591.6653835773468
105	85.274925	28.581827	118.88098	49.02052	68.027664	23.696552	102.36792	26.91095	376.66666	316.45	115499	19.736446	13.713746	62.50677	-46.078342	-19.812473	0.29654914	597.1374790668488
106	60.726673	18.412273	77.18329	35.022594	85.654366	34.029465	136.4751	27.437635	326.66666	357.45	116599	19.734436	13.703569	60.342564	-27.344131	-19.810299	0.31561002	602.8497490882874
107	92.110435	34.866657	140.55351	59.92168	78.892235	34.58782	143.52408	36.84291	400.0	343.15	117699	19.78721	13.715671	59.755535	-15.805637	-19.863192	0.3226193	608.6224536895752
108	78.465065	30.344511	121.14598	53.25958	88.285446	38.85908	228.65407	46.264862	334.0	325.75	118799	19.785206	13.704721	85.4767	-40.984215	-19.860308	0.35341808	614.0896859169006
109	84.69813	15.588919	96.31283	62.662857	86.54006	52.824436	245.16937	29.782747	330.66666	335.55	119899	19.813253	13.680364	64.80231	-16.32846	-19.886974	0.27145246	620.9612710475922
110	81.808914	55.643547	169.02966	21.970667	81.29704	50.064766	219.15991	16.910208	306.25	309.35	120999	19.83481	13.685842	59.361645	-11.942049	-19.90871	0.25486255	626.4272162914276
111	41.879913	7.378706	51.096645	33.033997	91.28781	39.95499	182.99237	40.883274	285.0	344.85	122099	19.799816	13.683573	73.23988	-41.46023	-19.872955	0.37427095	632.1666264533997
112	33.116474	8.918729	42.30465	21.780706	90.80889	50.00307	222.02455	38.269173	324.0	350.6	123199	19.718561	13.632872	59.562737	-13.236169	-19.791819	0.283242	639.1547522544861
113	78.732155	19.242891	104.31961	57.913784	74.39711	29.129454	147.53323	32.152077	323.0	342.5	124299	19.741915	13.587265	59.408108	-38.61719	-19.81589	0.29403502	645.9687235355377
114	77.26734	17.95522	100.63846	56.983643	93.2892	42.8801	222.14854	37.79354	366.0	339.15	125399	19.740612	13.577935	93.56523	-32.740047	-19.814589	0.37261462	651.6148748397827
115	59.41022	0.9023037	60.838432	58.49976	76.1837	32.75138	131.32239	24.160986	301.0	336.25	126499	19.716406	13.549469	59.272778	-12.189144	-19.78987	0.25257444	657.5754647254944
116	59.054462	20.344528	86.8755	38.792408	71.08622	32.92385	131.2019	28.167261	348.66666	343.4	127599	19.671125	13.498348	63.598362	-36.225456	-19.744404	0.32135263	663.3997251987457
117	85.32138	45.121334	151.84502	35.98243	66.90313	25.287144	133.63756	40.492287	325.75	316.45	128699	19.740433	13.504789	59.38915	-25.715488	-19.813465	0.29597905	668.9615557193756
118	57.94635	14.098127	68.533905	38.02166	72.89845	29.027838	128.95203	26.931618	271.66666	338.4	129799	19.696404	13.476941	59.73086	-23.711086	-19.769564	0.3031523	675.6949000358582
119	73.045135	21.510754	95.86308	38.510536	76.28159	37.678417	187.63042	21.638689	353.5	317.7	130899	19.669674	13.447917	59.622894	-25.179745	-19.742485	0.30398726	681.3132872581482
120	28.833147	19.413286	48.530785	2.421845	70.61679	43.61803	217.67462	21.17333	304.66666	285.05	131999	19.63391	13.4253435	59.370262	-28.109035	-19.706062	0.2616975	686.7595286369324
121	55.540157	25.438738	93.231964	31.799301	77.320694	32.956516	125.151855	17.141626	297.75	331.3	133099	19.579943	13.372199	93.05858	-46.299206	-19.652624	0.35516125	692.3147931098938
122	53.115704	7.854569	60.21755	42.167873	66.70126	26.600157	124.85191	26.455137	368.0	306.85	134199	19.53755	13.344059	65.52692	-25.132746	-19.608967	0.2922345	697.8821132183075
123	65.077225	16.300467	88.111465	52.76915	66.6031	31.135574	133.08208	20.776405	345.0	309.45	135299	19.536692	13.335418	59.44446	-29.506454	-19.607851	0.35639256	704.5395271778107
124	70.369835	5.5714192	75.427376	62.608753	60.57564	29.721567	130.13953	20.45976	393.0	310.3	136399	19.5197	13.249388	71.660194	-25.84346	-19.590303	0.28130683	711.1807341575623
125	61.850487	23.379679	86.37008	31.080055	69.69575	32.30132	150.02075	28.614727	294.25	312.9	137499	19.511692	13.224575	81.47039	-133.70546	-19.58193	0.49613526	716.5201678276062
126	57.821857	39.188477	113.17517	27.776016	70.11218	27.292084	115.40806	27.874794	314.0	297.85	138599	19.458725	13.21035	58.960754	-25.085054	-19.529331	0.26056358	723.0646297931671
127	37.925453	18.57764	60.244186	14.761972	79.542595	26.759998	136.14095	32.812866	333.33334	345.85	139699	19.394169	13.17694	62.534252	-29.814314	-19.465628	0.2734915	729.8345708847046
128	40.867466	5.8713093	45.953808	31.43286	88.61522	33.764816	172.33482	34.28115	319.5	345.25	140799	19.346235	13.170221	59.03821	-24.57994	-19.417124	0.29528597	735.2764616012573
129	77.2446	27.558876	108.34089	41.34939	59.912727	19.718767	99.47022	30.961304	355.66666	302.35	141899	19.311384	13.144641	62.844826	-24.24985	-19.382095	0.2891535	741.1097776889801
130	58.07715	26.412817	93.09756	29.313791	81.25788	30.209593	130.26155	33.961254	282.66666	329.8	142999	19.312237	13.122036	61.96604	-34.69864	-19.381657	0.3365611	747.2060074806213
131	73.88659	38.50041	129.44325	20.635775	71.89899	31.903643	128.18207	26.548563	342.5	321.5	144099	19.284	13.09688	58.970943	-23.915447	-19.35402	0.27295935	752.7376945018768
132	81.94729	20.617683	98.115234	52.849476	69.607956	39.81835	171.00404	20.543074	366.0	324.45	145199	19.278217	13.088452	58.98477	-26.230782	-19.349031	0.33729407	757.7648763656616
133	121.902916	60.036877	202.50598	58.492958	90.8707	46.46609	222.37654	34.20693	342.33334	340.95	146299	19.371784	13.113413	63.47023	-40.602215	-19.441336	0.29755282	763.2205545902252
134	60.76258	23.235523	91.40857	31.223349	98.11794	47.115746	210.75023	27.965324	299.25	355.05	147399	19.380013	13.146837	58.846222	-24.470112	-19.449518	0.27289772	768.6471648216248
135	50.577118	20.629105	79.746666	35.552925	74.28976	24.750887	130.55956	43.15344	290.33334	339.65	148499	19.379532	13.157564	71.92387	-44.16235	-19.448069	0.35125872	774.1759209632874
136	113.86957	13.982346	128.16818	94.89143	80.68994	51.057274	218.7211	-20.717424	382.66666	326.0	149599	19.378412	13.137787	75.13442	-24.112495	-19.446445	0.30255142	779.9878327846527
137	57.70634	15.745563	74.29202	36.54608	72.5565	42.852116	183.4976	24.40171	361.33334	319.3	150699	19.369568	13.128733	58.923946	-40.086063	-19.4374	0.27147293	785.3995485305786
138	74.12428	30.136858	114.3727	42.61528	83.27145	38.873722	154.03204	27.768782	336.25	336.35	151799	19.350868	13.118391	58.95745	-32.552982	-19.417883	0.35065117	792.08744764328
139	111.02593	63.23129	173.2051	24.280188	79.11907	36.34047	191.67734	33.069862	352.33334	326.9	152899	19.399042	13.121149	58.908142	-22.957932	-19.466724	0.27820864	798.5052440166473
140	50.98246	31.632221	98.74941	20.623686	92.56633	40.44779	155.44307	23.656208	282.0	340.65	153999	19.391277	13.136828	58.97015	-29.319548	-19.457739	0.31845516	805.2832672595978
141	31.785345	15.168741	52.04146	15.541451	93.59233	39.779457	173.66142	47.244926	285.33334	366.4	155099	19.325354	13.104029	58.753212	-23.245638	-19.391727	0.26877296	812.3961179256439
142	72.36619	14.237248	90.47593	55.690502	72.546295	32.950348	138.92674	20.872982	370.66666	349.75	156199	19.285582	13.068671	58.546608	-24.162163	-19.35219	0.31724837	818.1089284420013
143	43.475002	15.268163	63.989574	26.22309	86.68911	29.334394	140.04726	49.274395	309.5	356.8	157299	19.227415	13.046044	63.883884	-25.131977	-19.293541	0.35445222	824.7560319900513
144	73.50642	13.594369	89.68603	56.423534	79.033005	37.946857	184.23784	27.562881	360.33334	321.5	158399	19.1967	13.023959	58.44923	-23.450502	-19.26192	0.29437843	830.3562517166138
145	66.988106	17.045944	83.69701	43.585205	98.86463	62.112293	284.10825	30.415066	356.66666	348.75	159499	19.14402	12.981729	60.84182	-31.936487	-19.209959	0.3918305	835.8820669651031
146	67.72755	49.37396	149.01811	17.133896	94.91491	34.877308	161.60274	25.370876	312.5	352.8	160599	19.144238	12.992033	58.571754	-23.744425	-19.210585	0.27254796	841.3979539871216
147	83.39106	47.35844	139.32678	23.522898	76.786285	27.33348	162.59056	42.25251	321.0	345.35	161699	19.167824	12.982721	58.39505	-33.611633	-19.232704	0.3484942	847.0513863563538
148	84.46079	26.456995	104.10352	39.401684	89.09367	37.66885	187.79335	22.751265	320.25	341.05	162799	19.170738	12.997453	58.231514	-26.065609	-19.236153	0.26900318	852.8273055553436
149	60.13286	22.884747	92.48342	43.152554	90.730576	39.86176	175.82898	26.40191	287.33334	342.35	163899	19.188662	12.98719	75.347046	-23.366135	-19.254025	0.28795165	858.605503320694
150	79.73014	31.458614	122.915596	48.878418	71.69423	33.87136	155.92624	30.425776	367.66666	329.85	164999	19.160393	12.959822	58.496544	-31.288277	-19.224388	0.32298163	864.3444380760193
151	87.02821	47.282486	155.96794	42.592075	82.18598	32.70193	152.51936	31.750568	319.75	350.45	166099	19.169735	12.983745	64.65466	-22.746399	-19.234003	0.30857554	870.2430195808411
152	62.437214	12.756924	78.52067	47.317314	70.28378	27.292547	118.972755	21.85482	329.66666	297.25	167199	19.166445	12.972862	65.876816	-34.407024	-19.230608	0.33795804	875.5632922649384
153	64.992966	28.509884	105.31068	44.54785	76.49772	33.34602	173.88094	30.02855	344.66666	337.85	168299	19.114017	12.941616	58.22533	-21.080748	-19.17798	0.26543564	881.2986311912537
154	56.068714	20.645475	85.265564	41.36395	77.72335	31.841743	163.41095	29.612492	363.66666	332.2	169399	19.12331	12.925432	58.40367	-27.987799	-19.186558	0.3312808	888.2470858097076
155	70.72846	21.41335	101.784004	42.109383	67.852325	26.373772	112.11516	26.21686	328.75	307.6	170499	19.034334	12.886252	64.35873	-22.59475	-19.097141	0.34594283	893.7146520614624
156	56.657715	39.60044	111.34819	18.871864	78.51828	32.414467	157.07524	31.066532	273.0	324.7	171599	18.992983	12.892607	58.66008	-20.84626	-19.056377	0.285268	899.580724477768
157	51.00856	20.157187	73.38546	18.292305	57.096546	25.498894	110.70313	22.73012	321.75	286.5	172699	19.004389	12.897761	83.33887	-24.555864	-19.067995	0.30365732	905.0261244773865
158	78.62965	39.86457	134.72986	45.74733	76.995895	31.950266	155.1662	22.443146	320.0	333.2	173799	18.949244	12.8629265	66.39406	-29.772272	-19.011765	0.33640477	910.1145896911621
159	88.32792	21.431402	113.3557	61.009804	59.744007	19.41714	100.20729	30.47775	349.66666	300.85	174899	18.936352	12.858382	58.339	-43.345074	-18.998808	0.3029925	915.9946668148041
160	92.818985	17.831224	122.5871	76.34481	70.92075	40.54095	182.96349	28.444523	318.5	319.85	175999	18.92887	12.887058	58.635162	-40.26036	-18.99044	0.3103124	921.9642040729523
161	115.38389	13.274539	129.16013	97.45125	62.738605	29.147795	132.60318	33.111103	383.33334	306.45	177099	18.966494	12.85924	73.66966	-103.66349	-19.027927	0.36823696	927.4903831481934
162	76.61204	11.030117	85.16531	61.03822	71.293465	37.294132	170.94804	22.202805	328.0	307.15	178199	18.965677	12.846447	58.020058	-27.524046	-19.029049	0.27342203	934.1543233394623
163	56.375256	11.227754	68.64768	41.513542	85.831726	35.861034	171.94362	45.152428	355.0	332.6	179299	18.95398	12.848689	65.73371	-20.935547	-19.016048	0.2564689	940.9361433982849
164	62.731606	24.595058	80.09298	20.481697	74.7774	34.160885	169.1348	25.67918	293.5	348.1	180399	18.950153	12.828442	57.994537	-20.383175	-19.01167	0.331183	947.7781913280487
165	66.641716	19.222075	85.934715	40.410065	79.70028	26.4571	141.589	45.01084	346.0	348.3	181499	18.957771	12.775309	62.75407	-22.238892	-19.019964	0.2859901	954.3212265968323
166	88.49561	35.66677	117.467514	27.506	80.722206	35.494434	147.32324	29.42524	326.25	322.15	182599	18.93431	12.787194	75.24689	-19.662117	-18.996286	0.3114069	959.8631277084351
167	55.218998	25.12303	80.76547	21.06158	91.83169	35.715405	153.83873	30.243742	305.0	359.45	183699	18.920609	12.773763	57.750942	-19.666512	-18.981766	0.26824886	965.5922284126282
168	53.313423	25.247929	90.06228	20.35117	71.99207	32.752533	133.41078	29.422512	297.25	313.65	184799	18.883827	12.73723	57.800823	-19.80545	-18.946072	0.2954475	971.221718788147
169	73.187546	21.734104	96.547424	39.165344	91.00412	33.249073	167.65515	41.74675	304.25	338.2	185899	18.86205	12.736886	63.22638	-20.045279	-18.924458	0.28509137	976.8968133926392
170	62.206387	9.443101	74.744736	51.955933	78.17115	35.25474	146.15042	29.718115	345.0	338.6	186999	18.862257	12.71479	57.68002	-20.950909	-18.924862	0.30060378	982.5690929889679
171	93.705475	9.849218	105.634895	81.51362	75.00785	32.91075	148.38599	23.883984	380.0	328.8	188099	18.843645	12.712588	63.02981	-19.785473	-18.905594	0.31507558	988.015486240387
172	67.28435	17.765768	85.90516	43.366314	76.361626	34.947937	144.61644	34.197227	366.66666	325.85	189199	18.848467	12.698858	57.404903	-25.124916	-18.910301	0.2944521	994.2352154254913
173	70.83558	36.76991	122.255066	38.412655	79.18157	33.735054	147.19379	31.023699	333.66666	357.0	190299	18.801144	12.665318	69.135086	-31.784058	-18.861494	0.31819785	999.9787843227386
174	56.705124	23.5144	86.84694	29.46895	77.4367	40.526573	156.29727	26.393635	310.0	333.1	191399	18.789497	12.629104	57.250954	-18.26879	-18.849134	0.27273443	1006.8779194355011
175	88.3017	29.287014	122.47353	50.94738	82.8759	39.599182	151.97458	29.472097	371.66666	336.75	192499	18.792534	12.617563	57.496754	-40.55416	-18.85278	0.33707118	1013.6907293796539
176	72.17236	26.208542	102.7141	38.715424	101.37188	34.22581	154.20815	38.3983	360.66666	378.25	193599	18.791088	12.622011	57.080284	-18.668907	-18.852451	0.26548597	1019.5033984184265
177	105.70446	46.82847	170.40686	61.12386	97.86242	36.09861	184.42366	43.5224	368.33334	368.05	194699	18.800085	12.639017	73.825386	-68.5232	-18.861803	0.34812292	1025.3926312923431
178	49.151695	22.726156	79.258766	20.290388	84.19841	39.725822	176.577	28.14578	324.5	340.75	195799	18.817337	12.609439	57.01544	-18.268057	-18.878874	0.23952387	1031.1470668315887
179	71.388885	41.339645	117.10395	16.971106	89.6733	44.26686	171.45827	21.213177	322.0	341.65	196899	18.786596	12.605481	56.91919	-28.813658	-18.847319	0.2963521	1038.1247019767761
180	53.85793	27.608805	94.71347	17.212467	82.42991	36.45285	147.68494	26.298815	304.75	351.85	197999	18.791773	12.604485	57.07142	-18.620352	-18.852112	0.27545318	1044.5689067840576
181	57.432495	30.79178	98.06187	23.547945	91.55192	36.773956	160.83302	28.83079	326.0	358.65	199099	18.745365	12.615899	61.59121	-18.274979	-18.805775	0.30929786	1050.5037105083466
182	47.48935	14.092145	61.88114	25.743998	83.63053	38.016422	152.64708	29.671467	332.0	331.65	200199	18.734142	12.60393	78.049225	-48.3286	-18.793356	0.4030091	1056.115519285202
183	79.05136	54.933018	133.98438	24.11834	79.88634	43.12496	179.0454	23.30559	398.5	321.35	201299	18.680803	12.576605	74.27185	-28.641052	-18.74101	0.2783865	1062.657963514328
184	80.62742	34.13697	107.24701	22.865692	88.09962	35.332993	158.60988	28.445587	319.5	332.85	202399	18.711927	12.571553	56.916428	-20.28888	-18.771893	0.28479907	1068.5907261371613
185	70.33745	38.486706	124.17655	36.50033	70.598976	23.83982	131.72911	39.9278	302.0	290.6	203499	18.686731	12.594595	61.55816	-24.781553	-18.74607	0.36323053	1073.8311276435852
186	82.14263	25.481735	104.96237	46.578613	83.94175	34.67568	144.74776	30.626894	364.0	357.45	204599	18.689117	12.556661	86.76898	-59.217663	-18.748682	0.31412488	1079.767704963684
187	73.435295	32.707157	118.90812	43.36376	91.59938	37.472378	160.72986	31.177755	360.66666	355.5	205699	18.660513	12.556696	73.369446	-37.725292	-18.720142	0.3342394	1085.3721945285797
188	65.02001	29.353819	105.94403	38.5257	85.090935	33.290012	138.04071	33.1149	352.33334	351.75	206799	18.681301	12.574494	60.994965	-34.732803	-18.740898	0.30195618	1090.8978357315063
189	100.715164	28.046692	123.08811	52.851746	73.01709	34.381172	145.76434	21.470312	349.5	335.75	207899	18.673239	12.555683	56.812088	-21.766602	-18.733019	0.2959938	1096.5580704212189
190	102.73413	23.558586	131.35114	73.65028	87.28383	39.427013	157.28125	29.365576	389.66666	346.95	208999	18.695278	12.549702	56.82432	-27.929499	-18.75403	0.28452846	1102.323606967926
191	82.06945	31.391212	123.94333	48.363567	94.583725	38.743675	169.88037	31.52304	362.0	358.55	210099	18.711128	12.526674	58.06937	-42.40798	-18.770079	0.32656115	1107.8914473056793
192	55.371586	43.262688	116.3138	20.20735	91.24721	31.792864	148.26614	33.95993	292.33334	347.9	211199	18.719965	12.551545	68.26404	-21.419325	-18.779755	0.2945509	1114.1240694522858
193	78.62104	43.3539	136.23093	22.903854	98.08128	34.855583	147.53557	39.554325	324.0	355.75	212299	18.726437	12.556476	56.77875	-19.27959	-18.785763	0.27401796	1120.09823513031
194	56.21721	21.96656	83.64412	29.869745	91.88395	44.154118	177.63223	18.390327	341.66666	337.8	213399	18.701324	12.523916	57.24038	-26.851784	-18.761198	0.30700272	1125.8091418743134
195	77.93888	12.700909	91.24999	60.839172	77.584045	33.539993	137.38408	30.40341	323.66666	355.5	214499	18.747963	12.534591	57.773094	-18.683304	-18.807287	0.27935728	1131.6785850524902
196	61.596127	34.663654	111.72587	25.71844	96.34459	44.756084	200.38583	20.818909	329.25	352.25	215599	18.710014	12.510531	56.811607	-33.135773	-18.769468	0.31896994	1138.7027316093445
197	69.427986	33.448723	116.38925	41.027447	78.00597	25.548708	122.2748	31.11244	378.66666	334.6	216699	18.67368	12.484184	77.10806	-60.134968	-18.731516	0.35862833	1144.0380816459656
198	101.16722	35.927586	137.0948	65.23963	84.57382	44.837543	200.2501	21.77552	400.0	339.75	217799	18.70041	12.490352	65.87538	-53.99105	-18.758541	0.27412355	1149.581969499588
199	97.44992	32.418163	135.40422	56.201504	89.59425	40.7395	202.69543	28.589018	400.0	357.2	218899	18.709738	12.483206	78.31755	-70.76413	-18.768143	0.42309192	1156.3819420337677
200	56.346107	31.446342	98.85186	18.17566	71.775955	35.59553	135.69948	23.859606	258.5	310.15	219999	18.70858	12.470768	61.238976	-29.654	-18.76693	0.27366272	1163.0280220508575
201	58.427357	26.728725	87.73814	21.300848	80.35511	38.505913	167.06865	26.63927	328.0	332.0	221099	18.664412	12.446357	56.978012	-20.960737	-18.723146	0.3077965	1168.641377210617
202	47.264698	20.84073	75.72345	26.396147	97.86115	32.829445	167.6715	35.33939	309.0	366.25	222199	18.677652	12.42713	56.812836	-20.729134	-18.736189	0.28541514	1175.3697357177734
203	48.46073	38.39035	112.066284	11.252173	92.93617	36.473732	168.3369	36.06603	288.0	344.7	223299	18.6622	12.424853	69.76538	-44.073368	-18.719635	0.40756887	1182.232055425644
204	109.55115	22.347775	141.11057	92.309525	90.00934	31.110449	135.41602	26.130564	374.33334	349.65	224399	18.664177	12.434329	56.468796	-19.638744	-18.721872	0.24961972	1187.879592180252
205	54.558865	17.019375	71.85473	31.415121	81.265976	37.03968	154.629	32.13513	354.66666	314.0	225499	18.641775	12.404512	66.23604	-36.510662	-18.698172	0.356944	1193.1970009803772
206	85.397484	11.205627	95.17189	69.70774	83.10926	47.931667	159.64719	-6.5961843	378.0	336.75	226599	18.662516	12.38189	60.879265	-38.562202	-18.720173	0.25590453	1199.8063051700592
207	76.213715	6.639197	82.461754	67.0201	78.48168	35.045166	139.47206	23.495493	354.0	310.75	227699	18.65194	12.392535	56.491447	-28.034594	-18.709839	0.29870316	1206.2733130455017
208	42.71903	22.480444	73.6438	20.747023	88.00227	42.59154	171.92004	20.935083	287.5	324.35	228799	18.627975	12.374973	60.281418	-45.149067	-18.683996	0.30166334	1212.142683506012
209	76.44865	23.338785	98.54531	44.167053	68.01813	44.89678	182.78035	22.400797	398.33334	300.55	229899	18.583622	12.344942	56.475986	-23.291555	-18.640356	0.2619701	1217.2302169799805
210	71.268715	30.377836	111.443016	38.000572	77.85933	30.817549	140.5469	23.690544	367.33334	330.4	230999	18.575201	12.347259	60.93511	-26.860138	-18.63149	0.3353778	1224.003097295761
211	29.827623	3.2213387	34.353558	27.114676	64.26987	27.76337	113.81734	23.817596	275.33334	293.95	232099	18.563625	12.336432	68.92442	-35.370087	-18.61959	0.30112427	1229.4121701717377
212	65.20893	32.093845	120.66891	43.16535	79.60559	29.602139	132.43129	27.025812	319.5	342.05	233199	18.519289	12.337665	80.131805	-40.277515	-18.575645	0.32915217	1235.0641708374023
213	89.57064	24.285479	123.89293	71.33151	65.10917	40.49666	169.24295	18.445232	364.33334	306.0	234299	18.481968	12.326237	56.553318	-27.449162	-18.53625	0.2872011	1240.516000509262
214	74.59066	11.485083	83.90816	58.410248	75.02409	39.4201	171.50453	23.484917	349.66666	304.6	235399	18.50561	12.335737	61.63959	-25.044897	-18.559505	0.3175114	1246.0058572292328
215	90.2676	39.630993	125.61157	34.92565	83.03557	47.989723	191.12485	28.48565	364.66666	312.5	236499	18.444891	12.298083	56.430172	-18.654537	-18.49957	0.34012023	1251.499870300293
216	113.779274	46.44971	178.47365	71.565865	87.50008	38.10818	171.76869	40.6959	353.33334	336.45	237599	18.502003	12.318908	56.524467	-31.321894	-18.55532	0.25743887	1257.9837529659271
217	56.0661	36.565403	115.44843	24.268742	73.15056	26.130432	118.0139	28.49989	311.75	330.05	238699	18.470945	12.3244	56.478424	-31.014889	-18.525555	0.29064587	1263.92920088768
218	33.111317	9.115016	43.95824	18.89481	102.55385	32.538197	158.02423	37.425007	229.25	351.25	239799	18.423424	12.313964	66.62769	-32.82463	-18.478376	0.34458905	1270.8851125240326
219	95.98759	38.810196	147.5147	55.527336	89.60158	35.20694	176.11455	34.452328	331.5	351.7	240899	18.436848	12.308143	68.29705	-21.425604	-18.491056	0.3198265	1276.7012462615967
220	75.08784	19.021803	97.162186	50.73579	84.8528	35.23506	145.23338	26.597057	345.33334	348.45	241999	18.445473	12.295612	56.2636	-30.101334	-18.501421	0.26522303	1282.1146926879883
221	78.55437	56.26895	138.5529	-8.000727	65.07414	42.0063	128.35214	-18.516068	294.5	292.3	243099	18.44028	12.305835	56.33972	-24.947323	-18.496147	0.32851928	1287.3478541374207
222	58.577747	17.64746	79.00331	35.945362	81.93794	34.594334	157.93707	24.18983	379.33334	342.45	244199	18.441542	12.324706	59.220165	-38.321217	-18.496878	0.3455443	1293.0268428325653
223	89.28495	37.420624	127.56508	38.499535	100.95307	38.294632	158.62386	39.575546	344.0	359.65	245299	18.456438	12.283704	56.287117	-23.946712	-18.512129	0.27721512	1298.5093486309052
224	70.933464	28.447266	114.652405	38.492153	94.20147	43.215233	177.7905	21.334387	289.0	323.4	246399	18.43419	12.262303	56.56564	-19.714882	-18.489347	0.28193098	1304.0311889648438
225	103.86319	39.43392	151.20334	54.664036	77.239136	39.898155	164.94308	30.556063	372.66666	325.85	247499	18.456385	12.281085	57.845108	-25.87133	-18.513	0.2865874	1309.7262961864471
226	47.833218	20.64068	76.83602	30.47096	93.15522	34.24211	161.22475	34.922287	329.66666	336.1	248599	18.442818	12.274161	56.62673	-20.497252	-18.49906	0.3012722	1315.384780883789
227	50.054546	8.194087	57.295967	38.598915	96.64709	42.676506	175.19023	24.89374	282.33334	347.55	249699	18.426504	12.259533	56.520264	-31.322361	-18.482443	0.2819375	1321.1162068843842
228	84.59933	49.120525	151.60147	23.549662	77.15819	53.750015	155.07483	-24.596716	358.75	290.25	250799	18.46335	12.25911	59.875584	-18.353178	-18.519009	0.32265225	1326.3964970111847
229	42.89853	14.525358	56.32331	22.72098	101.15584	49.21077	190.04585	27.21573	313.33334	333.2	251899	18.428358	12.237204	64.955734	-36.80371	-18.484058	0.3524078	1331.4904940128326
230	89.26212	28.02057	114.13297	50.10949	79.85218	33.954773	146.15285	-4.3922896	371.66666	332.25	252999	18.471523	12.218281	57.81304	-16.615988	-18.527397	0.26874444	1336.5998995304108
231	38.786446	37.406452	73.520584	-13.666485	93.77084	56.2209	231.46242	1.0111489	222.8	339.2	254099	18.473894	12.2400255	56.747643	-29.253887	-18.530092	0.27586436	1342.2715983390808
232	104.56269	54.903057	156.04366	12.196252	42.95048	33.38321	110.656586	-1.7141545	305.25	224.55	255199	18.465088	12.258162	75.43936	-36.49316	-18.520182	0.3344006	1347.3738405704498
233	37.744865	26.511745	72.19019	-2.3517082	61.03878	33.386353	141.78854	-5.637464	239.25	287.15	256299	18.454008	12.237293	63.277138	-16.039206	-18.510666	0.27697107	1352.8995587825775
234	85.03041	50.037205	140.51505	27.157919	94.51791	38.94037	152.9373	30.6889	319.75	341.0	257399	18.475176	12.227411	60.267754	-41.755722	-18.533611	0.30675498	1358.7138242721558
235	68.24955	38.54716	121.88502	32.99067	82.32633	31.883116	142.4162	24.74585	367.33334	338.45	258499	18.522516	12.238141	57.099987	-16.028978	-18.58234	0.27433062	1364.4765601158142
236	79.40443	38.22319	125.52675	31.92879	86.49694	40.529606	162.6598	22.237679	362.66666	316.25	259599	18.518955	12.245219	68.73378	-45.526646	-18.575533	0.3585401	1370.130330324173
237	35.33873	3.5301242	39.661953	31.01495	75.20119	35.559193	149.38963	34.70689	258.66666	307.2	260699	18.53183	12.22694	67.55769	-24.40678	-18.589779	0.2794392	1375.7793431282043
238	77.050835	24.662672	102.33259	47.71158	98.15866	35.243015	168.98465	36.418842	350.0	347.45	261799	18.55309	12.243141	85.13458	-48.35124	-18.610771	0.35360897	1381.5728735923767
239	65.95998	20.955986	86.91596	45.00399	75.972824	36.109592	157.31409	24.44718	400.0	316.0	262899	18.57131	12.242651	57.111588	-30.13731	-18.627958	0.2790443	1388.211165189743
240	69.29654	20.244902	99.128914	50.522762	77.76491	35.205467	143.32622	21.900253	336.25	331.45	263999	18.544605	12.20588	65.26604	-24.073961	-18.60055	0.330207	1394.1053266525269
241	50.149704	22.170097	86.14443	30.90897	82.675064	40.77957	176.4169	30.715471	256.75	331.9	265099	18.555908	12.221367	57.305775	-16.4943	-18.61057	0.25579247	1399.5749077796936
242	56.41992	18.066854	83.359085	35.635612	69.49835	37.335846	155.3522	13.5112	319.5	318.15	266199	18.532991	12.190858	57.253796	-34.72177	-18.58888	0.31942767	1405.2166223526
243	61.000378	16.764389	80.47915	39.556282	72.75858	34.258987	147.17638	28.461145	302.33334	321.25	267299	18.507242	12.209271	64.80311	-18.742949	-18.562706	0.25956184	1412.2393379211426
244	66.268456	23.596647	99.21807	45.217125	95.51819	41.32125	184.62093	34.185658	372.33334	349.3	268399	18.517353	12.193496	63.87324	-31.343102	-18.573843	0.29472658	1418.2150921821594
245	31.023952	8.726002	45.36105	20.416618	79.77998	35.84561	180.33324	28.312037	251.0	326.95	269499	18.455406	12.167297	64.8862	-48.72613	-18.511652	0.30754706	1423.895686864853
246	56.359215	32.31823	109.58558	22.383823	94.868614	45.324142	202.65858	23.812532	269.25	335.35	270599	18.465761	12.146373	57.384445	-24.503185	-18.521847	0.25831637	1429.3582439422607
247	48.1388	26.414207	91.467674	20.065987	76.077156	44.99719	170.56387	18.675114	263.5	313.45	271699	18.449205	12.160928	80.11969	-49.58475	-18.503372	0.4256188	1435.0509037971497
248	54.220127	25.83821	88.012146	25.282764	104.23045	42.83906	156.278	28.275164	289.33334	352.3	272799	18.401112	12.140436	57.3649	-17.304153	-18.455624	0.27396777	1440.5519711971283
249	123.360535	25.431917	158.01689	97.703125	87.74556	42.508385	196.49792	27.121284	400.0	341.65	273899	18.4024	12.127013	57.308537	-16.259352	-18.45784	0.28731787	1446.4010004997253
250	73.58794	37.94665	125.466866	35.759193	85.31519	46.9673	194.19518	30.71386	367.33334	330.5	274999	18.467508	12.146552	61.915466	-25.93713	-18.52284	0.2944148	1451.825841665268
