Epoch	AverageEpRet	StdEpRet	MaxEpRet	MinEpRet	AverageTestEpRet	StdTestEpRet	MaxTestEpRet	MinTestEpRet	EpLen	TestEpLen	TotalEnvInteracts	AverageQVals	StdQVals	MaxQVals	MinQVals	LossPi	LossQ	Time
1	-27.441463	7.9335604	-19.507902	-35.375023	-167.55527	5.7921033	-157.76881	-176.32355	400.0	400.0	1099	0.027082954	0.09988396	0.28016448	-0.18326926	-0.026838098	0.017534569	5.37711238861084
2	-37.397488	10.9508295	-26.634245	-52.422523	-171.36403	5.58244	-159.94809	-180.45216	400.0	400.0	2199	-0.13781302	0.3751085	0.75967705	-1.0897205	0.13048598	0.013894254	21.36653709411621
3	-46.140293	17.731659	-21.784267	-63.486046	-169.7665	5.3641295	-160.2494	-178.01566	400.0	400.0	3299	-0.5680807	0.7685663	1.3559712	-1.9623382	0.56832844	0.013335723	35.116745710372925
4	-40.52123	8.108023	-29.427132	-48.57841	-78.326004	14.56628	-62.173393	-110.63885	400.0	400.0	4399	-0.89912903	1.190126	1.9330847	-2.8178618	0.8913776	0.013329598	50.406421422958374
5	-45.700905	0.124061584	-45.576843	-45.824966	-95.364784	7.1997905	-81.50375	-104.01848	400.0	400.0	5499	-1.2484626	1.4964634	2.6415205	-3.62345	1.2133454	0.0122581255	64.47418642044067
6	-34.315125	20.72157	-18.483397	-63.587307	52.38748	46.981506	190.14563	-70.967415	400.0	400.0	6599	-1.5456555	1.9405247	4.01608	-4.4225507	1.4679002	0.010962929	79.41347742080688
7	5.3858676	8.572387	16.806192	-3.8471992	46.099827	40.182217	138.53477	-45.158485	400.0	400.0	7699	-1.158748	2.5720587	5.557804	-5.0924225	1.0271782	0.012802343	94.4262466430664
8	-2.8636334	32.600174	38.058468	-41.71471	90.49196	41.276318	178.56778	19.317804	400.0	400.0	8799	-0.4542701	3.2126667	7.164588	-5.6096897	0.3008153	0.01419415	109.60672307014465
9	37.85867	19.502995	57.361664	18.355673	72.87993	39.50554	196.45683	18.828394	400.0	400.0	9899	0.22387308	3.8183093	8.857123	-5.89018	-0.38648677	0.019554622	125.35658550262451
10	-30.65381	15.149848	-14.892585	-51.102825	63.09955	42.22574	152.29248	-11.126893	400.0	400.0	10999	0.7068381	4.3457184	10.544918	-5.9378133	-0.87527674	0.025055822	141.65345740318298
11	-30.724146	20.54704	-10.807993	-59.006565	75.77704	72.521545	226.51329	-29.916658	400.0	400.0	12099	1.2283038	4.8324294	12.135397	-5.9818597	-1.4034114	0.029931141	158.27053260803223
12	-32.1668	1.4741949	-30.65032	-34.16403	121.88063	66.36293	237.13318	13.830033	400.0	400.0	13199	1.6402617	5.1747265	13.598522	-5.9444976	-1.8222842	0.03314767	174.69334816932678
13	-33.947296	30.44088	-3.506416	-64.388176	117.635605	53.266304	226.21495	34.213886	400.0	400.0	14299	1.8956047	5.6006923	15.057257	-5.94196	-2.0792446	0.046307843	189.10504603385925
14	-12.87362	9.924972	1.0722014	-21.222452	162.5604	65.48499	235.97974	31.91491	400.0	400.0	15399	2.402336	6.065883	16.40745	-6.053588	-2.5922022	0.04263617	204.34556126594543
15	135.54747	68.41389	189.03908	38.982788	123.41396	75.66157	222.49518	-34.78767	400.0	400.0	16499	3.3293767	6.853099	18.0342	-6.165708	-3.5191572	0.046197634	219.9853675365448
16	145.36024	83.98116	258.56912	57.658108	129.32909	91.45844	257.07855	-62.25625	400.0	400.0	17599	4.300118	7.6462255	20.037489	-6.2658534	-4.4890785	0.0493022	235.5341739654541
17	169.92683	83.30588	253.23271	86.62096	137.1555	79.40788	276.10724	3.1114419	400.0	400.0	18699	5.415599	8.47884	22.141695	-6.5115895	-5.597492	0.06233748	251.54487824440002
18	157.20978	100.60704	265.49515	23.139791	113.733536	84.93783	239.99394	-56.639397	400.0	400.0	19799	6.6885185	9.348742	24.328142	-6.7368054	-6.8705	0.068271734	266.6335344314575
19	170.65129	74.27336	249.1156	70.94342	151.4309	63.865547	239.0093	53.673683	400.0	400.0	20899	7.6345496	10.102232	26.38067	-7.033378	-7.814589	0.07274481	282.36104011535645
20	200.0268	56.602196	279.78027	154.21298	198.12167	41.996853	270.4846	110.809395	400.0	400.0	21999	9.185348	10.998999	28.51032	-7.305921	-9.368273	0.066291794	298.64844942092896
21	176.56595	37.61521	214.18117	138.95074	165.42885	40.43883	233.71237	89.347786	400.0	400.0	23099	10.700198	11.85663	30.547384	-7.5557933	-10.880473	0.0824991	314.90277647972107
22	180.48116	17.754793	204.43924	161.99391	180.27802	59.104275	271.7797	38.913536	400.0	400.0	24199	12.165511	12.59211	32.49037	-7.8158746	-12.343561	0.09536574	330.20629358291626
23	117.64069	29.190842	152.092	80.71761	159.37953	78.137054	267.8258	19.290546	400.0	400.0	25299	13.509753	13.140825	34.319443	-8.123586	-13.686616	0.085701965	346.4829614162445
24	110.45876	78.655754	205.05347	12.476371	155.63503	97.53327	261.53226	-70.15585	400.0	400.0	26399	14.486672	13.622214	35.967747	-8.37034	-14.6652775	0.11079603	362.0058786869049
25	112.992645	153.85959	266.85223	-40.86695	180.62617	95.922295	266.49472	-38.671856	400.0	400.0	27499	15.663174	14.27581	37.657753	-8.641842	-15.847102	0.11626538	377.607572555542
26	45.872375	112.24432	204.09393	-44.312523	236.70084	36.638134	295.07138	145.62563	400.0	400.0	28599	16.446695	14.9125805	39.263527	-8.838116	-16.636654	0.11366912	393.5722155570984
27	247.27681	11.588192	259.3211	231.63019	165.23189	132.8295	282.14084	-97.922035	400.0	400.0	29699	17.68529	15.684407	40.744526	-9.106015	-17.878796	0.15383911	409.3177721500397
28	238.04561	12.032171	254.8115	227.14494	234.22037	36.627438	283.6427	126.55496	400.0	400.0	30799	19.245337	16.340145	42.05441	-9.239331	-19.441698	0.15090138	424.68457412719727
29	200.09845	18.667648	218.7661	181.4308	235.10098	29.133848	285.84714	173.66739	400.0	400.0	31899	20.870594	16.868795	43.42051	-9.30729	-21.063848	0.16798764	439.7783091068268
30	178.07841	36.967876	214.89377	127.52407	201.84833	55.28813	286.40125	5.3247957	400.0	400.0	32999	22.00943	17.341663	44.656685	-9.505276	-22.210096	0.16932528	455.1435432434082
31	235.53923	5.496732	242.78238	229.47354	217.63313	73.05066	294.7129	-73.15144	400.0	400.0	34099	23.521618	17.785837	45.868492	-9.5097475	-23.72565	0.16380732	470.7297728061676
32	235.55017	30.630491	257.70074	192.23587	234.12532	53.082893	302.56305	88.8314	400.0	400.0	35199	25.055557	18.150629	47.016533	-9.623404	-25.25798	0.15742178	486.339772939682
33	228.78998	18.254707	247.0447	210.53528	230.74435	24.866438	281.7101	177.96046	400.0	400.0	36299	26.529497	18.517815	48.169865	-10.050289	-26.737421	0.17666194	502.95275044441223
34	225.89589	33.526764	271.1124	190.93181	217.14395	78.55219	285.18576	-95.40251	400.0	400.0	37399	27.911016	18.863918	49.23732	-10.400446	-28.123299	0.18063669	518.8310973644257
35	216.60535	21.656626	244.43922	191.62177	243.4961	41.079376	300.2062	104.87824	400.0	400.0	38499	29.285643	19.064108	50.246887	-10.656929	-29.502481	0.17770238	535.5221767425537
36	255.06807	10.569897	267.1225	241.38565	207.8886	115.44138	283.9208	-130.79495	400.0	400.0	39599	30.515446	19.270346	51.29536	-10.718055	-30.73929	0.17851788	551.6018993854523
37	235.30927	20.510681	255.81995	214.79858	230.07364	81.14897	299.0734	-103.11511	400.0	400.0	40699	32.010376	19.373856	52.22262	-10.048482	-32.235218	0.14768286	568.3380951881409
38	225.44328	46.506344	288.58124	177.92256	192.01634	110.61119	275.42514	-127.67684	400.0	400.0	41799	33.22284	19.509293	53.081966	-10.064722	-33.45268	0.14325511	584.5751619338989
39	218.22578	3.5944903	222.8027	214.02176	219.60762	61.863605	269.0526	-37.611397	400.0	400.0	42899	34.559113	19.580517	53.990788	-10.158279	-34.787567	0.15309642	601.0067026615143
40	236.39378	7.516122	243.58052	226.01799	222.77634	52.175697	278.02078	43.676895	400.0	400.0	43999	35.814835	19.639238	54.856815	-10.221971	-36.039154	0.17854473	617.4894449710846
41	188.6289	29.830742	218.45964	158.79816	185.12845	129.70282	281.4353	-121.57877	400.0	400.0	45099	36.905186	19.610462	55.671604	-10.252124	-37.131985	0.17883787	633.9910380840302
42	1.489451	141.68364	201.84409	-100.90001	203.44275	114.35542	286.80383	-112.232765	400.0	400.0	46199	37.400623	19.88189	56.504433	-10.099324	-37.623035	0.1517684	650.2895309925079
43	224.73051	36.815056	262.76886	174.9244	230.14507	35.921146	267.55002	97.96813	400.0	400.0	47299	38.273712	19.964024	57.25757	-9.890983	-38.48907	0.16978921	666.1259095668793
44	133.65578	103.08717	224.19691	-10.570212	228.6092	12.900823	248.89647	202.87636	400.0	400.0	48399	39.08899	19.966412	58.02784	-9.704434	-39.299026	0.17893139	682.5336871147156
45	267.1902	4.6601257	271.8503	262.53006	251.1114	26.637815	299.9788	197.40735	400.0	400.0	49499	39.87852	20.033096	58.70621	-10.3396435	-40.08098	0.1738438	698.2447535991669
46	234.62604	44.971638	269.84918	171.15413	243.382	23.358034	289.4053	195.99506	400.0	400.0	50599	40.884106	19.977049	59.337402	-10.839809	-41.085056	0.22204998	713.7472107410431
47	199.6689	33.921757	234.62009	153.73563	208.45024	99.69089	297.66742	-82.60125	400.0	400.0	51699	41.70012	20.011179	59.978195	-11.528425	-41.895092	0.20472118	730.6715309619904
48	254.51868	31.080256	286.39362	212.37119	192.74559	86.07161	276.25342	-61.772125	400.0	400.0	52799	42.42734	20.042524	60.570854	-12.198339	-42.620277	0.20793815	746.8633649349213
49	258.08722	15.443153	273.53036	242.64406	213.92781	83.73968	294.30585	-41.976116	400.0	400.0	53899	43.155304	20.103302	61.138893	-12.838867	-43.344166	0.17721242	762.7108490467072
50	233.0223	30.614363	275.23746	203.59192	223.44327	56.234432	291.6328	50.313427	400.0	400.0	54999	44.014458	20.03641	61.72606	-13.407033	-44.20946	0.17972471	778.4785287380219
51	241.52074	10.049203	254.89009	230.66174	233.33041	40.881622	292.00635	147.74664	400.0	400.0	56099	44.662544	20.004057	62.288475	-13.921022	-44.85135	0.17700884	793.7070291042328
52	188.29692	69.81787	248.97409	90.50084	239.69328	63.781452	302.1412	14.22457	400.0	400.0	57199	45.283005	20.018549	62.760994	-14.391038	-45.473995	0.18700819	807.4750535488129
53	270.3951	10.205078	280.6002	260.19003	232.77483	63.459988	309.1816	66.4926	400.0	400.0	58299	46.071808	19.949978	63.293148	-14.935879	-46.26039	0.17765477	822.6795780658722
54	278.3795	5.618918	286.14188	273.02615	240.41374	93.49755	321.18588	-92.86083	400.0	400.0	59399	46.679237	20.095482	63.799828	-15.408795	-46.872475	0.18920241	838.0037133693695
55	267.4152	13.899794	285.29758	251.40494	248.12253	53.76514	304.52826	55.10676	400.0	400.0	60499	47.305862	20.173231	64.217865	-15.859425	-47.496254	0.18625072	852.9569964408875
56	277.54614	7.7869115	284.3926	266.65308	244.0772	49.0495	291.77783	91.542625	400.0	400.0	61599	48.069973	20.161903	64.603935	-16.212713	-48.261845	0.18211114	869.1170699596405
57	237.39679	25.30899	262.70578	212.0878	251.87341	45.077198	301.28122	86.559456	400.0	400.0	62699	48.610554	20.241985	65.15356	-16.65411	-48.794632	0.18910977	884.6117663383484
58	210.95184	48.142746	275.38315	159.68257	246.33752	31.823624	300.5641	179.66885	400.0	400.0	63799	49.26157	20.198956	65.56118	-16.902292	-49.436634	0.18811427	900.8327956199646
59	223.73358	15.619206	245.56296	209.89519	249.95523	49.35556	309.44147	114.931076	400.0	400.0	64899	49.833836	20.153605	65.96521	-17.09856	-50.00675	0.12638187	916.8833026885986
60	256.61868	10.484995	264.1188	241.79102	257.8718	33.56685	315.8996	189.13152	400.0	400.0	65999	50.357773	20.187246	66.432236	-17.250463	-50.528316	0.21948898	933.0449242591858
61	220.04968	16.881767	236.93146	203.16792	247.27742	29.299109	306.83395	163.62253	400.0	400.0	67099	50.75088	20.282455	66.76472	-17.171688	-50.91925	0.17851576	948.2949006557465
62	238.882	17.447603	262.9977	222.30173	245.66756	48.098312	298.74518	123.59687	400.0	400.0	68199	51.237125	20.241135	67.193756	-17.349394	-51.39936	0.16441405	964.0258545875549
63	232.50372	26.522327	266.17572	201.35695	257.6051	36.36646	312.2907	178.10207	400.0	400.0	69299	51.579823	20.263636	67.48669	-17.12821	-51.74332	0.16440031	985.0390141010284
64	271.18192	22.795593	294.85437	240.3939	224.9895	66.879326	301.67615	51.803055	400.0	400.0	70399	51.941635	20.217852	67.926384	-16.754166	-52.10889	0.1555705	1005.6666150093079
65	230.44644	20.269997	250.71643	210.17644	240.351	73.22406	320.00632	1.0062397	400.0	400.0	71499	52.600533	20.0368	68.218506	-16.521881	-52.758713	0.14272572	1029.4743666648865
66	256.0882	19.046442	282.96942	241.1642	232.1965	80.23849	316.09637	-8.737977	400.0	400.0	72599	53.015575	19.97106	68.54123	-16.448002	-53.17345	0.14793822	1049.483153104782
67	238.33736	9.070385	250.45091	228.62625	210.44778	101.373795	304.3916	-100.87957	400.0	400.0	73699	53.299015	20.036156	68.87017	-16.24075	-53.453983	0.15763293	1072.203232049942
68	261.43054	9.628937	274.32025	251.18222	212.73714	85.48359	283.47583	-19.560797	400.0	400.0	74799	53.62197	20.084036	69.15599	-16.84235	-53.780586	0.1712508	1094.518631219864
69	252.19197	13.842575	266.03455	238.3494	218.39719	76.607124	299.52634	3.995786	400.0	400.0	75899	54.162846	20.015184	69.49922	-16.789503	-54.318104	0.14439116	1117.664622783661
70	247.4485	14.476474	267.90985	236.62404	252.73984	50.016087	301.23114	105.93132	400.0	400.0	76999	54.481606	20.039932	69.86368	-16.960829	-54.63264	0.14589871	1142.4420819282532
71	205.41742	58.485485	273.99173	131.08029	231.57877	63.01831	297.00128	19.931448	400.0	400.0	78099	54.8137	20.000862	70.03319	-16.844864	-54.96255	0.16687903	1176.2568764686584
72	232.56018	1.5252819	234.50111	230.77466	195.30826	92.948006	294.25467	-16.973536	400.0	400.0	79199	55.102654	20.044846	70.27755	-17.063478	-55.250343	0.14467528	1204.7113621234894
73	260.04684	7.1452713	267.1921	252.90157	263.8956	21.557877	299.89648	196.42336	400.0	400.0	80299	55.464867	19.981728	70.48379	-17.075794	-55.61365	0.15580073	1230.0627143383026
74	263.44748	16.87537	286.98303	248.25543	260.4887	36.621395	317.61273	155.90233	400.0	400.0	81399	55.767693	19.989	70.74379	-16.715446	-55.91613	0.16567253	1254.9877967834473
75	245.41356	9.313744	257.99225	235.74026	234.27458	70.64872	303.843	-24.03238	400.0	400.0	82499	56.090744	20.003597	70.945526	-16.708809	-56.238514	0.17087346	1278.8651072978973
76	230.0402	33.747887	264.80408	184.33893	261.22144	52.07224	316.45645	70.58469	400.0	400.0	83599	56.447536	20.052338	71.14207	-16.93476	-56.596676	0.15053725	1306.007550239563
77	94.682335	172.98517	267.6675	-78.30284	244.53952	66.875694	302.99686	-15.815494	400.0	400.0	84699	56.409885	20.3352	71.35379	-16.049038	-56.55627	0.15560704	1332.2859501838684
78	243.75922	34.0223	288.68646	206.38142	241.61252	35.72768	292.80756	141.14209	400.0	400.0	85799	56.6689	20.342085	71.5425	-15.578355	-56.817238	0.14297634	1357.2671246528625
79	213.9583	16.88794	237.7735	200.49158	259.2702	25.812645	300.34088	195.961	400.0	400.0	86899	57.021706	20.29566	71.77451	-15.915106	-57.16602	0.19174795	1384.683720588684
80	229.59892	6.779813	236.43663	220.35915	249.97876	47.057274	303.87177	86.333824	400.0	400.0	87999	57.28899	20.240604	71.8863	-16.419857	-57.434456	0.13360682	1409.0901312828064
81	256.3365	14.386635	270.7231	241.94984	241.5781	75.8554	311.05417	19.367876	400.0	400.0	89099	57.531445	20.196749	72.13083	-15.721639	-57.676376	0.1312496	1433.688541173935
82	182.05415	83.979805	249.46288	63.66828	245.8908	44.934776	290.15527	76.27175	400.0	400.0	90199	57.688435	20.278048	72.3388	-15.057624	-57.83586	0.197028	1460.2422397136688
83	218.12431	61.5911	269.0271	131.46118	226.30545	97.5072	296.61786	-59.04411	400.0	400.0	91299	58.073112	20.072147	72.582664	-11.958959	-58.22088	0.17579728	1485.6685063838959
84	264.0427	14.86473	284.94357	251.64148	264.47458	29.559902	309.4478	207.10158	400.0	400.0	92399	58.231613	20.100882	72.71514	-11.148711	-58.380157	0.19353846	1510.663093328476
85	223.2043	0.25195312	223.45625	222.95235	237.3375	30.817759	297.50745	180.8	400.0	400.0	93499	58.58692	20.030104	72.89941	-11.4721365	-58.730576	0.1562962	1536.8399875164032
86	245.9211	23.116865	278.5947	228.62964	255.60648	25.59928	298.85168	215.54332	400.0	400.0	94599	58.77496	19.971516	73.074814	-11.5604	-58.918472	0.13277161	1564.0340933799744
87	249.6681	9.598692	263.23962	242.63144	250.49483	23.638367	281.43787	197.30766	400.0	400.0	95699	59.036976	19.90339	73.20793	-12.043748	-59.17935	0.14435078	1592.2957224845886
88	258.19766	15.96642	273.36838	236.12862	246.8229	26.27763	298.41278	190.18304	400.0	400.0	96799	59.242123	19.925003	73.319885	-12.121741	-59.387173	0.13789514	1620.3351209163666
89	236.357	22.220001	258.577	214.137	228.12912	23.884132	276.92902	196.00967	400.0	400.0	97899	59.46291	19.905449	73.48873	-12.065574	-59.610752	0.14394991	1651.1278192996979
90	212.86084	27.622097	251.33943	187.78899	240.83247	21.935106	279.34396	205.44981	400.0	400.0	98999	59.797073	19.845615	73.61789	-11.450558	-59.94686	0.15233985	1680.2603702545166
91	231.90234	15.713203	249.49965	211.35175	236.5839	29.45592	272.59235	171.1358	400.0	400.0	100099	60.090874	19.742472	73.78398	-11.626114	-60.240326	0.13545099	1711.050714969635
92	228.75	45.966377	293.30087	189.8225	251.66403	21.017548	294.47403	204.6669	400.0	400.0	101199	60.224773	19.783537	73.89324	-11.758159	-60.37289	0.17112413	1740.586795091629
93	234.73346	10.542519	245.27599	224.19095	247.85483	31.106398	301.88486	161.30513	400.0	400.0	102299	60.475094	19.669157	74.02064	-12.163031	-60.626377	0.16287464	1770.5742967128754
94	212.21745	19.663952	238.92203	192.14539	239.72612	29.744936	294.74384	180.76659	400.0	400.0	103399	60.68028	19.51429	74.100494	-12.456156	-60.831398	0.16164613	1801.8022921085358
95	229.82597	12.418003	246.20291	216.14597	216.73584	31.790104	257.59833	141.6909	400.0	400.0	104499	60.90495	19.398668	74.194824	-12.900338	-61.05248	0.15597285	1847.895500421524
96	247.0835	17.453934	263.01917	222.79082	239.39827	27.883678	279.4615	180.84718	400.0	400.0	105599	61.058994	19.403294	74.28094	-13.161184	-61.20475	0.15667313	1882.54421377182
97	246.12967	21.200005	267.32968	224.92967	239.78525	69.86466	302.23877	-37.109936	400.0	400.0	106699	61.397236	19.13264	74.4061	-12.726733	-61.535725	0.16740656	1917.378960609436
98	262.97266	11.057154	274.78558	248.19308	260.94452	32.253716	308.49545	189.08463	400.0	400.0	107799	61.47376	19.17223	74.41967	-12.475212	-61.610844	0.14606833	1952.2182331085205
99	224.38123	8.227877	231.34969	212.82684	268.62146	19.843693	309.08826	227.6387	400.0	400.0	108899	61.666344	19.02686	74.57908	-12.021722	-61.798077	0.14986242	1985.0749669075012
100	257.63562	28.40261	289.99896	220.84999	258.01376	34.240307	308.64783	153.63968	400.0	400.0	109999	61.892483	18.862766	74.74249	-11.7198105	-62.02412	0.12971108	2018.5342063903809
101	260.90854	13.784325	274.69287	247.12422	253.89673	29.524605	302.30234	186.3501	400.0	400.0	111099	61.950607	18.832808	74.80521	-10.359357	-62.08353	0.13767256	2053.568817138672
102	247.32806	11.7648	261.17746	232.41829	253.17387	25.262672	291.23886	203.3485	400.0	400.0	112199	62.062172	18.867832	74.91719	-10.500623	-62.194004	0.1219512	2087.7654626369476
103	272.0033	1.2975655	273.68893	270.5324	252.5236	30.229137	308.20468	210.0059	400.0	400.0	113299	62.241253	18.74803	74.92361	-9.787075	-62.370937	0.14830305	2122.5271916389465
104	179.763	134.26082	286.03754	-9.639615	259.3545	24.366875	296.46722	203.79976	400.0	400.0	114399	62.313004	18.81562	75.03686	-9.680911	-62.440468	0.11208811	2155.430433511734
105	261.1499	34.323624	295.4735	226.82626	254.76877	27.713923	299.36664	201.28429	400.0	400.0	115499	62.30056	18.927809	75.16701	-9.683256	-62.42753	0.12084082	2191.743350505829
106	255.1028	29.168774	291.92603	220.58952	228.58635	85.97969	294.7232	-25.752544	400.0	400.0	116599	62.381943	18.907341	75.17845	-9.79292	-62.50943	0.11786244	2225.4811882972717
107	246.24202	9.761149	259.26492	235.76534	263.56693	22.19431	305.79074	230.14948	400.0	400.0	117699	62.55972	18.868185	75.35099	-10.191226	-62.681732	0.12346791	2259.672322511673
108	235.51617	7.4166203	242.95842	225.39433	234.8615	21.585133	281.1384	193.77353	400.0	400.0	118799	62.64638	18.895424	75.60468	-10.194335	-62.76439	0.108488604	2290.990109682083
109	242.83257	3.8902283	246.7228	238.94234	243.76599	27.120659	287.43506	176.07852	400.0	400.0	119899	62.65991	18.900833	75.62808	-10.176108	-62.780846	0.13608342	2320.776631593704
110	230.35468	16.93323	253.92274	214.8949	257.83032	21.24565	303.51834	219.54991	400.0	400.0	120999	62.764538	18.89698	75.733	-10.356298	-62.88517	0.12660307	2352.374092102051
111	250.27087	23.571667	279.2697	221.53293	257.83368	23.965176	306.0491	201.56346	400.0	400.0	122099	62.821014	18.96186	75.82664	-10.225735	-62.940937	0.14604804	2391.6306483745575
112	244.6357	2.8902097	248.16998	241.09047	245.74678	26.005453	295.69516	201.29913	400.0	400.0	123199	63.053192	18.783077	75.86827	-11.3500395	-63.172527	0.1513804	2428.9167346954346
113	244.41968	13.88578	258.30545	230.53389	261.22165	28.251846	305.20157	206.82362	400.0	400.0	124299	63.086483	18.752577	75.89392	-11.182652	-63.208145	0.10959636	2463.515156507492
114	238.74092	12.303817	251.81235	222.2589	255.20352	26.858315	309.75897	188.42355	400.0	400.0	125399	63.262245	18.663908	76.020645	-12.446852	-63.383713	0.14418632	2497.1134588718414
115	232.85173	16.5486	246.15016	209.52475	260.25314	30.781633	307.70023	194.11319	400.0	400.0	126499	63.30679	18.62006	76.0822	-13.698743	-63.426563	0.12501138	2533.9262824058533
116	278.89322	7.24437	287.3379	269.64725	270.56332	29.65894	312.10037	210.28174	400.0	400.0	127599	63.341125	18.676445	76.091446	-13.835514	-63.459587	0.13425949	2566.43292760849
117	240.62651	6.53331	247.15982	234.0932	263.58643	24.596146	305.1227	215.0302	400.0	400.0	128699	63.493587	18.661242	76.091606	-14.552861	-63.612118	0.10377787	2597.2709214687347
118	247.62727	45.48714	298.59915	188.15575	261.35754	34.18345	314.54675	161.80637	400.0	400.0	129799	63.613056	18.605337	76.1654	-15.299845	-63.733067	0.12566438	2627.7580213546753
119	251.9853	12.480759	269.51755	241.4529	264.20758	35.418747	322.45386	195.46577	400.0	400.0	130899	63.69407	18.610407	76.28385	-15.680132	-63.81119	0.11680262	2661.241549015045
120	250.6545	23.691544	274.63632	218.4006	264.29938	30.72718	318.4006	203.98131	400.0	400.0	131999	63.782055	18.690275	76.336105	-16.818562	-63.89836	0.131588	2689.375777244568
121	276.59842	26.502327	303.10074	250.09608	253.48584	29.084902	311.9954	198.09175	400.0	400.0	133099	63.93646	18.650625	76.31313	-17.591305	-64.05274	0.1418139	2715.270505666733
122	275.8123	14.574464	296.19135	262.95016	251.92114	22.520826	292.1567	190.11815	400.0	400.0	134199	64.00189	18.705233	76.426346	-18.220871	-64.11683	0.11902972	2752.234714984894
123	223.10443	4.68538	227.16342	216.53923	260.72858	22.174114	294.52408	206.80356	400.0	400.0	135299	64.047935	18.741241	76.39675	-18.81055	-64.16472	0.14102341	2787.9066247940063
124	246.40784	23.038069	265.5925	214.01003	257.21213	29.807556	304.26025	200.95856	400.0	400.0	136399	64.10212	18.727781	76.41126	-19.046234	-64.222855	0.16160922	2818.701048374176
125	248.79901	15.965141	264.76416	232.83388	259.3288	32.346935	328.3947	194.17235	400.0	400.0	137499	64.36129	18.52256	76.38902	-19.537477	-64.48108	0.12303439	2850.493999481201
126	237.912	37.938118	289.1671	198.54997	255.24161	24.149517	294.5731	219.36386	400.0	400.0	138599	64.344574	18.676228	76.377556	-20.022978	-64.46521	0.117070034	2883.8701174259186
127	257.37296	23.815805	289.46332	232.47086	267.21042	30.426538	317.05054	223.74326	400.0	400.0	139699	64.552025	18.505037	76.4041	-21.128141	-64.67358	0.11801711	2917.3352196216583
128	221.95506	9.201307	234.72466	213.40251	248.69637	29.844309	297.262	190.44331	400.0	400.0	140799	64.66649	18.438835	76.42534	-20.904636	-64.78501	0.12353089	2951.2967450618744
129	246.15958	15.344177	261.50375	230.8154	264.01276	30.206354	309.04355	209.42169	400.0	400.0	141899	64.75554	18.43041	76.40709	-21.488436	-64.870255	0.14230518	2985.3026835918427
130	256.59445	13.037055	270.9627	239.40472	258.26923	25.016706	307.00574	205.14633	400.0	400.0	142999	64.73419	18.485003	76.368454	-21.863276	-64.85075	0.12321989	3020.0301558971405
131	225.28552	25.247156	256.45667	194.62022	244.80363	34.062855	304.40958	179.9144	400.0	400.0	144099	64.79669	18.486464	76.373634	-22.153685	-64.91228	0.107834846	3054.3734345436096
132	239.95683	21.996561	258.73404	209.08951	262.83295	27.523304	303.5917	208.90143	400.0	400.0	145199	64.978645	18.369343	76.37411	-22.737888	-65.09047	0.13518465	3090.696836709976
133	246.83447	10.900185	257.73465	235.93428	251.62337	25.939718	294.6299	207.26544	400.0	400.0	146299	65.05027	18.322279	76.37861	-22.727015	-65.16426	0.1308944	3121.6961572170258
134	239.51192	26.626436	276.5444	215.08824	244.82707	33.246517	300.7188	171.7823	400.0	400.0	147399	64.957664	18.44134	76.41928	-23.165321	-65.07003	0.1313062	3151.510154724121
135	240.13208	20.271772	255.28	211.47916	246.98137	26.078568	292.82675	195.41891	400.0	400.0	148499	65.0308	18.308802	76.46165	-23.201717	-65.14045	0.13147755	3179.1766312122345
136	248.83244	13.06377	260.5503	230.6037	255.51917	24.34364	291.90692	217.75812	400.0	400.0	149599	65.06973	18.275576	76.436966	-23.334795	-65.18437	0.115433075	3207.1858978271484
137	226.21198	19.01162	245.22359	207.20035	264.88913	26.18311	310.61578	219.11288	400.0	400.0	150699	65.21661	18.201267	76.49211	-23.62246	-65.32497	0.121584974	3237.692405462265
138	275.42554	16.394619	295.77704	255.63014	257.87503	29.128216	305.16562	200.69939	400.0	400.0	151799	65.34233	17.984127	76.59031	-23.892159	-65.45166	0.115095206	3271.0359671115875
139	269.11572	27.43539	301.46207	234.38625	262.43536	22.359379	317.19714	217.14728	400.0	400.0	152899	65.33577	18.050844	76.54565	-23.963903	-65.43997	0.103758946	3308.125900030136
140	259.67407	25.995005	296.2259	237.99472	251.3144	39.170197	308.74228	162.00958	400.0	400.0	153999	65.49076	17.951433	76.61861	-24.209167	-65.59627	0.16079594	3340.017248392105
141	228.39449	21.463089	249.85757	206.9314	261.2485	20.121622	288.8185	221.60118	400.0	400.0	155099	65.51394	17.929943	76.62788	-24.374554	-65.62067	0.10699918	3370.559274673462
142	219.85344	25.660002	252.76523	190.15881	262.97156	29.835733	315.74884	204.54861	400.0	400.0	156199	65.39944	18.059978	76.659386	-24.45012	-65.50672	0.11114566	3402.8309037685394
143	247.92967	10.708821	263.07416	240.31763	274.90707	33.000546	318.95364	204.30977	400.0	400.0	157299	65.49287	18.001543	76.77825	-24.498823	-65.5971	0.13263133	3436.8160762786865
144	261.86533	29.304878	303.28143	239.85605	270.34662	27.63327	319.5004	227.9123	400.0	400.0	158399	65.61984	17.93923	76.638374	-24.38709	-65.723015	0.12193762	3470.24395942688
145	277.69257	22.373993	300.06656	255.31857	266.92743	23.613283	312.7181	231.32857	400.0	400.0	159499	65.637344	17.969755	76.72435	-24.535984	-65.74262	0.13427712	3505.1860768795013
146	262.78314	17.78839	279.32318	238.09787	263.16605	26.031076	302.91745	203.60736	400.0	400.0	160599	65.76911	17.85014	76.817635	-24.648983	-65.87258	0.12762392	3534.5196833610535
147	259.5173	30.568668	302.41113	233.40607	267.04858	26.077871	306.88254	214.66464	400.0	400.0	161699	65.78489	17.836117	76.83945	-24.920412	-65.887665	0.12616988	3565.0118267536163
148	267.80536	2.7912776	271.65778	265.1335	244.75986	23.465986	279.1503	210.48502	400.0	400.0	162799	65.83157	17.861422	76.826775	-24.957964	-65.93446	0.121574596	3594.6594026088715
149	241.6949	42.83699	284.5319	198.85791	260.1307	30.510328	322.55185	203.43234	400.0	400.0	163899	65.79548	17.97169	76.9114	-25.253292	-65.90026	0.14804374	3620.8767335414886
150	229.78523	17.998436	252.47922	208.45561	253.92477	36.00147	325.62524	195.03688	400.0	400.0	164999	65.823425	17.885527	76.946434	-25.33379	-65.930664	0.11921054	3645.370911359787
151	243.95027	27.704393	281.4465	215.36221	269.07037	24.733835	310.49176	221.95247	400.0	400.0	166099	65.94328	17.828888	77.007576	-25.437763	-66.04949	0.15213794	3673.621434688568
152	240.03026	13.69823	259.29355	228.62193	268.9009	30.357676	325.93863	211.56447	400.0	400.0	167199	66.039635	17.75606	76.96076	-25.526936	-66.144646	0.13133842	3702.3844423294067
153	290.51736	15.392426	305.9098	275.12494	269.53867	27.864927	312.2318	212.30684	400.0	400.0	168299	66.06363	17.712282	76.9793	-25.654087	-66.16698	0.12606584	3729.967700242996
154	274.22812	24.768377	308.69086	251.57002	241.12654	98.17384	323.46506	-155.88142	400.0	400.0	169399	66.15741	17.66788	77.019104	-25.822464	-66.26069	0.119979605	3758.64413189888
155	267.68045	8.041707	274.99213	256.48087	262.44324	27.600641	315.83487	220.77098	400.0	400.0	170499	66.3276	17.424623	77.06027	-25.967327	-66.42841	0.1242568	3790.209376335144
156	256.2267	7.8913107	267.33545	249.74704	236.2626	96.8605	310.70187	-42.391903	400.0	400.0	171599	66.213844	17.60245	77.071556	-26.09145	-66.32085	0.15233484	3821.3437106609344
157	240.28656	33.343666	273.63022	206.94289	257.73483	27.895536	308.5716	206.70532	400.0	400.0	172699	66.277	17.622362	77.15149	-26.230974	-66.37783	0.13026889	3852.354385614395
158	286.277	11.350537	298.56494	271.1884	261.39502	37.702698	320.5986	161.57419	400.0	400.0	173799	66.38756	17.540478	77.13057	-26.525284	-66.4909	0.0985857	3890.467465162277
159	249.97481	27.13737	276.4914	212.68927	262.32913	25.52037	305.4038	211.08884	400.0	400.0	174899	66.51579	17.342312	77.1196	-26.635914	-66.614876	0.13872325	3920.8299901485443
160	163.92415	171.24023	313.40308	-75.82095	257.02872	28.514158	302.6369	190.28406	400.0	400.0	175999	66.41704	17.57397	77.13564	-26.770077	-66.52387	0.12237323	3949.5470716953278
161	256.06094	16.789635	272.8506	239.27132	244.83716	31.346117	294.575	185.52919	400.0	400.0	177099	66.4556	17.566498	77.08703	-26.86507	-66.55848	0.11453461	3983.787841796875
162	237.6197	8.154163	243.71321	226.09431	239.81062	69.50448	299.31747	-41.092445	400.0	400.0	178199	66.57324	17.461731	77.138756	-27.22769	-66.67341	0.11219791	4016.612955093384
163	248.54126	37.320553	301.0703	217.83163	255.5928	28.08629	297.522	190.8601	400.0	400.0	179299	66.57706	17.552044	77.16397	-27.295858	-66.67569	0.10853171	4049.102822780609
164	251.20592	39.629227	282.3042	195.27873	263.24823	36.303627	313.27988	182.5821	400.0	400.0	180399	66.66214	17.404757	77.168686	-27.431627	-66.76426	0.14096561	4080.074194431305
165	225.07565	18.834076	243.90973	206.24158	251.56506	30.909124	303.58392	199.14204	400.0	400.0	181499	66.73416	17.388683	77.14542	-27.479004	-66.834595	0.12117819	4109.016973018646
166	247.61633	20.187332	270.6958	221.52338	265.7667	25.834799	307.5661	221.73016	400.0	400.0	182599	66.747215	17.295767	77.23649	-27.649374	-66.84633	0.117305785	4142.518163919449
167	228.51796	5.866842	234.84393	220.70564	268.607	19.729527	301.97708	222.61737	400.0	400.0	183699	66.796936	17.256453	77.28429	-27.681913	-66.89414	0.09398944	4174.139723062515
168	252.93152	7.5906997	262.3752	243.7892	264.65283	34.85287	319.45663	185.56288	400.0	400.0	184799	66.8883	17.067493	77.36747	-27.79991	-66.98169	0.11300231	4206.939754247665
169	251.37001	4.263199	255.63321	247.10681	263.83087	31.173864	311.39993	201.67105	400.0	400.0	185899	66.798615	17.184732	77.26673	-27.941282	-66.89046	0.12998016	4236.080332517624
170	282.03116	5.970159	290.35764	276.65695	259.1369	29.58165	308.9864	189.16316	400.0	400.0	186999	66.8898	17.103634	77.25988	-28.112446	-66.97826	0.101966426	4266.189692974091
171	253.88448	26.980442	281.3915	217.23033	265.27115	27.124395	315.31888	202.15938	400.0	400.0	188099	66.77515	17.34738	77.38113	-28.279058	-66.8671	0.10953956	4296.413103818893
172	287.10562	6.736039	296.52777	281.1785	274.8065	28.228777	326.56036	220.70123	400.0	400.0	189199	66.97428	17.08912	77.32716	-28.250595	-67.067375	0.08833378	4331.354040384293
173	289.5125	5.3319855	294.8445	284.18054	265.902	22.614084	309.11557	224.0518	400.0	400.0	190299	66.81378	17.261677	77.36765	-28.492346	-66.9051	0.1382286	4366.308012723923
174	239.03267	24.427235	268.84985	209.01659	262.5865	31.931496	315.1423	181.8489	400.0	400.0	191399	66.95396	17.143293	77.36672	-28.698738	-67.04816	0.111670144	4399.8791534900665
175	251.66667	6.5635667	256.34094	242.38446	258.76462	26.635136	306.8764	202.62271	400.0	400.0	192499	66.93567	17.20269	77.340836	-28.762457	-67.03018	0.11225319	4433.959232568741
176	269.84	28.728905	305.76788	235.44696	261.18906	25.089012	310.31152	221.94864	400.0	400.0	193599	67.04981	17.044798	77.35228	-28.782415	-67.14473	0.12978737	4468.11608672142
177	260.81976	20.55127	281.37103	240.2685	259.45258	21.158964	297.97824	217.1689	400.0	400.0	194699	67.0841	16.98187	77.38621	-28.669262	-67.17751	0.105075	4494.083094596863
178	245.55383	13.608126	264.1895	232.07605	269.81772	24.198467	296.52634	194.83565	400.0	400.0	195799	67.18694	17.033764	77.45902	-28.892492	-67.27749	0.13471878	4515.2889223098755
179	261.05432	18.533323	285.1889	240.13449	253.51045	30.567808	304.6755	197.21078	400.0	400.0	196899	67.193726	17.002195	77.32077	-29.001175	-67.28459	0.098867185	4534.331778049469
180	234.30061	15.772863	248.99954	212.4208	246.38358	20.343803	279.91605	214.70358	400.0	400.0	197999	67.24422	16.964539	77.42856	-29.192162	-67.33537	0.10632318	4554.614548206329
181	233.4938	21.119385	254.61319	212.37442	259.36734	20.869259	293.65952	213.64145	400.0	400.0	199099	67.30113	16.894053	77.378685	-29.180737	-67.39181	0.10685752	4574.795879840851
182	239.2121	4.400018	242.50066	232.99297	243.12822	24.171806	292.5873	198.84496	400.0	400.0	200199	67.24629	16.953009	77.40487	-29.281363	-67.34121	0.112706915	4593.882092475891
183	210.99284	13.819685	227.17023	193.40706	249.0717	22.14321	286.89972	192.29877	400.0	400.0	201299	67.24199	17.023407	77.40039	-29.30647	-67.33892	0.11694328	4612.477888345718
184	233.56999	13.021851	251.69423	221.68176	257.65933	40.640106	291.84073	100.31757	400.0	400.0	202399	67.318886	16.93763	77.44091	-29.382084	-67.41569	0.116328664	4631.0852925777435
185	234.42068	3.0689697	237.48965	231.35172	254.54121	23.269056	293.13254	208.775	400.0	400.0	203499	67.37016	16.809534	77.398056	-29.4716	-67.46263	0.12177898	4649.45513510704
186	255.55872	12.189029	269.827	240.04778	248.74222	26.254988	287.16605	188.72849	400.0	400.0	204599	67.48568	16.663431	77.45836	-29.521414	-67.578964	0.115219064	4668.042369842529
187	255.86865	15.325299	274.674	237.13506	246.58931	20.775822	300.31784	220.84444	400.0	400.0	205699	67.49306	16.678263	77.468925	-29.546492	-67.58511	0.10561021	4686.7102863788605
188	223.40923	26.725195	248.35956	186.34819	253.50821	17.033894	296.30704	226.70958	400.0	400.0	206799	67.59759	16.591318	77.42506	-29.586689	-67.68679	0.104105555	4705.464054584503
189	224.33981	12.942436	237.28226	211.39738	250.10031	26.470034	297.79044	201.80959	400.0	400.0	207899	67.56336	16.574434	77.46008	-29.64762	-67.65095	0.11953272	4723.453551292419
190	236.44666	30.704847	265.70813	194.03091	259.65817	25.07263	297.59692	212.88234	400.0	400.0	208999	67.580826	16.621809	77.5654	-29.755789	-67.66793	0.12253988	4741.109724283218
191	216.11128	9.355519	225.24043	203.25319	256.70975	22.308142	285.14334	186.2828	400.0	400.0	210099	67.550575	16.603125	77.556984	-29.677216	-67.63779	0.13067743	4758.768411397934
192	248.31587	9.6379	261.9448	241.34993	247.78897	32.14452	305.85474	183.86995	400.0	400.0	211199	67.584076	16.53199	77.528145	-29.631445	-67.67301	0.12094974	4777.6320061683655
193	227.55466	19.534286	247.08894	208.02037	249.05115	24.12341	286.4162	190.25708	400.0	400.0	212299	67.65333	16.321962	77.592	-29.430157	-67.74334	0.10493684	4796.82072520256
194	252.4297	12.511824	264.25592	235.11818	245.08762	12.578692	263.61432	211.90305	400.0	400.0	213399	67.62331	16.401108	77.62347	-29.569857	-67.71304	0.14694542	4816.8407616615295
195	245.43895	11.899689	255.73901	228.76349	249.7596	23.480055	281.28098	190.9307	400.0	400.0	214499	67.75008	16.28323	77.63335	-29.773878	-67.83956	0.1153587	4836.429630994797
196	231.07338	40.178883	281.51114	183.19312	258.56186	32.43272	315.87262	205.49539	400.0	400.0	215599	67.700645	16.328636	77.72975	-29.69832	-67.7898	0.10945543	4855.243848800659
197	256.96408	17.94577	274.90985	239.01831	257.39395	22.291697	304.6176	220.13043	400.0	400.0	216699	67.86911	16.133432	77.67164	-29.819735	-67.96036	0.12163563	4873.442856788635
198	242.92537	20.079782	269.00287	220.15166	252.24126	25.459343	298.11435	220.5461	400.0	400.0	217799	67.83688	16.08368	77.72205	-29.855776	-67.92597	0.12017312	4891.04249382019
199	204.96812	14.556468	219.00446	184.90878	235.85794	23.301735	278.30145	192.7188	400.0	400.0	218899	67.86236	16.073746	77.68529	-30.019732	-67.95158	0.114908226	4908.072493314743
200	252.81158	9.293991	262.61322	240.32701	236.12715	70.34031	300.892	-51.346996	400.0	400.0	219999	67.915	16.049564	77.73062	-30.189468	-67.9981	0.0850015	4925.9757080078125
201	267.90836	17.857796	285.76614	250.05055	247.81705	25.07436	290.2488	193.7014	400.0	400.0	221099	67.91994	15.977175	77.759964	-30.286352	-68.00501	0.112135194	4942.905871391296
202	241.38127	27.92242	279.40567	213.14403	262.99963	23.33838	314.8053	227.23892	400.0	400.0	222199	67.95392	16.021366	77.73232	-30.404709	-68.04014	0.0881556	4959.889822244644
203	230.61623	18.406301	247.67146	205.05843	262.81372	30.530888	324.6253	208.87358	400.0	400.0	223299	67.91898	16.013956	77.7954	-30.540634	-68.007965	0.11450607	4977.413412809372
204	240.9033	27.732662	263.3115	201.82349	262.686	32.486008	311.4347	197.55487	400.0	400.0	224399	67.95349	16.088985	77.6974	-30.744537	-68.0415	0.11175049	4994.827068805695
205	242.36676	1.7147827	244.08154	240.65198	264.0902	20.435585	308.92188	222.75354	400.0	400.0	225499	68.02412	16.011461	77.77518	-30.829283	-68.108894	0.11763705	5011.079558849335
206	239.00606	15.348531	255.96358	218.79282	244.45918	67.75198	297.3356	-38.404026	400.0	400.0	226599	67.97522	16.098694	77.732704	-30.725178	-68.0595	0.0967894	5027.570950746536
207	261.04733	27.631998	290.87213	224.26823	253.3348	23.659447	309.17197	205.44594	400.0	400.0	227699	67.98301	16.084286	77.783615	-30.815714	-68.07101	0.12896118	5043.2161729335785
208	248.25775	39.234173	303.2557	214.40279	244.61328	26.289951	290.86798	200.63637	400.0	400.0	228799	68.087135	16.026417	77.76954	-30.94864	-68.17216	0.09769437	5058.721954345703
209	252.56978	6.5928497	259.16263	245.97693	250.85233	23.477985	291.63535	213.63283	400.0	400.0	229899	68.00242	16.081678	77.859375	-31.137775	-68.09017	0.10016467	5075.311414480209
210	264.30054	10.939587	279.73264	255.63602	251.48137	34.539818	310.48187	195.79243	400.0	400.0	230999	68.02609	16.116837	77.87947	-31.16412	-68.11491	0.11079125	5091.366530656815
211	259.01978	24.86547	285.55316	225.76753	255.61331	28.888733	302.58685	182.77191	400.0	400.0	232099	68.144356	15.981427	77.97741	-31.199081	-68.22985	0.13434866	5107.850770950317
212	230.57338	11.2015	246.40594	222.20125	255.20003	31.58292	306.1127	200.15935	400.0	400.0	233199	68.180435	15.903956	77.935005	-30.356537	-68.26733	0.12270072	5124.36527466774
213	261.57837	15.897171	277.47556	245.68121	250.2531	29.382908	298.04034	181.83514	400.0	400.0	234299	68.118965	16.03314	78.04743	-30.466843	-68.206276	0.10463057	5141.244900941849
214	266.00003	2.9585583	269.95215	262.83435	238.32114	21.33405	295.14023	205.37361	400.0	400.0	235399	68.32138	15.7933035	78.066986	-30.60414	-68.40808	0.09709313	5157.9048137664795
215	221.65718	36.05004	253.66089	171.2863	249.95744	34.185528	300.72382	146.54333	400.0	400.0	236499	68.32841	15.812017	78.11372	-30.599966	-68.415886	0.10973645	5174.964524507523
216	227.71135	12.735257	243.35115	212.15662	255.03926	26.664001	300.07956	212.71045	400.0	400.0	237599	68.31435	15.884058	78.22115	-30.574232	-68.39898	0.10577903	5190.930116415024
217	276.28986	10.207657	286.4975	266.08218	263.7418	26.255083	300.53357	211.25887	400.0	400.0	238699	68.39338	15.803847	78.24272	-30.589775	-68.48124	0.11766488	5207.524095058441
218	249.88414	26.578314	287.42545	229.50179	265.8565	25.588152	305.95157	222.22226	400.0	400.0	239799	68.511185	15.671677	78.32544	-30.401741	-68.59914	0.13082941	5224.116343021393
219	261.68784	10.858327	277.03	253.45285	265.94266	20.693443	314.94568	228.33076	400.0	400.0	240899	68.53555	15.691049	78.36309	-30.467333	-68.622696	0.10622017	5240.886157989502
220	248.40263	29.726307	271.09222	206.40874	253.35852	25.993076	297.16812	204.49959	400.0	400.0	241999	68.42987	15.832126	78.31597	-30.17345	-68.51838	0.09874239	5257.313004016876
221	247.58232	26.087906	273.67023	221.49442	249.60986	22.36394	287.05466	211.99394	400.0	400.0	243099	68.58418	15.671346	78.35281	-29.69196	-68.669815	0.09207461	5273.465373754501
222	238.74933	14.998735	258.43442	222.06456	262.92087	20.735695	301.91147	221.80305	400.0	400.0	244199	68.61129	15.604281	78.465576	-29.413809	-68.69874	0.11705375	5289.919482707977
223	256.65143	5.8587265	264.93604	252.40434	262.10352	29.923008	298.5292	203.33852	400.0	400.0	245299	68.58736	15.668038	78.42119	-28.735825	-68.673904	0.088656284	5308.01495718956
224	235.83044	4.7889266	242.10973	230.49338	263.99673	29.344553	328.685	214.7054	400.0	400.0	246399	68.71355	15.554097	78.46536	-28.484756	-68.80045	0.10707369	5324.977427244186
225	231.53465	45.388504	276.92316	186.14615	268.50626	18.73422	309.9134	234.20134	400.0	400.0	247499	68.61195	15.665318	78.43244	-27.9594	-68.69525	0.103318825	5341.890399217606
226	267.5993	16.360647	279.45483	244.46425	266.7214	27.383053	304.6298	190.90154	400.0	400.0	248599	68.58157	15.828861	78.464745	-28.22076	-68.664505	0.118808374	5358.776068687439
227	243.16933	22.773365	270.3369	214.60619	247.64005	25.365192	305.2979	202.12434	400.0	400.0	249699	68.82851	15.399543	78.48191	-28.15012	-68.912315	0.096546896	5374.804664373398
228	246.86688	16.367167	264.02966	224.83539	275.6723	17.962362	307.60373	239.87994	400.0	400.0	250799	68.75829	15.540148	78.44393	-28.11816	-68.84212	0.09675981	5390.529622793198
229	284.00967	10.510376	294.52005	273.4993	265.85352	26.731098	312.91754	225.85239	400.0	400.0	251899	68.80691	15.576096	78.42045	-28.150482	-68.88901	0.100834444	5405.934812068939
230	247.36327	32.02407	281.25232	204.40027	243.09415	18.426003	272.56534	195.1157	400.0	400.0	252999	68.77224	15.580711	78.40921	-28.377775	-68.85263	0.11536125	5423.72700881958
231	254.13042	9.412313	266.69174	244.03568	253.34319	17.666574	291.77884	224.35036	400.0	400.0	254099	68.746475	15.594157	78.4396	-27.964483	-68.83083	0.10460305	5440.42480301857
232	186.5439	66.598305	256.2896	96.85633	265.84198	25.312391	322.67676	226.07889	400.0	400.0	255199	68.74011	15.680629	78.40817	-28.29063	-68.819336	0.11215204	5456.541304588318
233	243.08359	29.049438	272.13303	214.03415	245.99149	63.107124	311.56412	-6.998641	400.0	400.0	256299	68.68601	15.661969	78.34297	-28.495375	-68.76764	0.10715178	5472.886386871338
234	254.88176	20.385622	283.4823	237.44035	252.95078	24.344847	304.2754	210.34712	400.0	400.0	257399	68.86335	15.416714	78.43195	-28.69547	-68.94189	0.09140377	5489.155660152435
235	237.49121	25.077642	265.69797	204.7702	253.83452	27.050331	294.4321	190.35435	400.0	400.0	258499	68.695656	15.647392	78.365456	-28.493988	-68.77477	0.106864594	5505.009690761566
236	228.0645	10.70919	242.31303	216.4945	247.96033	23.92319	291.955	201.7243	400.0	400.0	259599	68.81102	15.507955	78.34923	-28.389122	-68.888214	0.09877811	5520.010560035706
237	242.46176	10.478691	252.94046	231.98308	247.2176	72.31868	309.73544	-52.86203	400.0	400.0	260699	68.83453	15.514563	78.32374	-27.934357	-68.91205	0.09841499	5537.531503677368
238	256.62732	20.280859	285.25662	240.81535	254.33467	21.68469	303.17477	220.02861	400.0	400.0	261799	68.76025	15.596642	78.32581	-26.701475	-68.83858	0.11946235	5553.201982021332
239	234.97833	8.027748	245.73242	226.45021	256.9353	24.087328	290.32245	211.05794	400.0	400.0	262899	68.865715	15.508755	78.30605	-25.885334	-68.94386	0.09609529	5569.952414274216
240	240.25421	5.258906	247.27771	234.6242	254.33907	20.389383	292.97757	212.42354	400.0	400.0	263999	68.82367	15.608931	78.28191	-25.897243	-68.90123	0.108786434	5586.360033273697
241	260.41348	15.056679	275.47015	245.3568	267.76855	18.50822	300.56244	230.57593	400.0	400.0	265099	68.847984	15.672084	78.29852	-26.164145	-68.92667	0.10726829	5602.585547447205
242	254.34045	32.933666	286.38034	209.04555	276.3665	23.352467	311.62222	237.59233	400.0	400.0	266199	68.95217	15.556624	78.23014	-25.340542	-69.02986	0.11840474	5619.322187423706
243	261.74683	9.2264595	273.94952	251.64398	273.53674	19.542414	307.01352	226.59721	400.0	400.0	267299	68.88251	15.58258	78.26838	-24.670876	-68.96359	0.10455327	5635.208064079285
244	276.62717	16.16211	299.4672	264.45203	269.90768	26.409424	322.40558	227.54607	400.0	400.0	268399	68.908936	15.60601	78.26251	-24.7074	-68.99163	0.09522746	5651.065581083298
245	262.61926	16.316284	278.93555	246.30298	266.4259	27.807892	315.616	235.67596	400.0	400.0	269499	69.02363	15.465226	78.25293	-24.69544	-69.10465	0.11031314	5668.256232023239
246	263.78918	33.357338	307.5825	226.70445	261.00162	24.335882	315.40033	217.30847	400.0	400.0	270599	69.05814	15.493502	78.29359	-24.111923	-69.139084	0.110205054	5684.623841524124
247	263.502	26.1023	282.33926	226.59041	261.1836	21.357166	297.0499	226.03575	400.0	400.0	271699	69.042366	15.478284	78.27927	-23.241905	-69.12192	0.11729674	5701.143628120422
248	268.13113	7.016211	274.15933	258.29163	266.4631	19.531967	303.0217	230.26985	400.0	400.0	272799	69.05645	15.45344	78.28021	-23.574522	-69.136765	0.0939066	5718.269851207733
249	280.14624	3.9334564	284.0797	276.2128	265.3096	20.823652	314.93225	227.88716	400.0	400.0	273899	69.180534	15.230436	78.29243	-23.558037	-69.25861	0.098379284	5734.786561012268
250	264.50296	39.746613	297.11414	208.54799	276.54077	22.078121	329.283	236.88998	400.0	400.0	274999	69.09628	15.454052	78.28481	-23.61337	-69.1814	0.10112145	5751.705717802048
251	256.96793	23.944128	275.5092	223.1586	260.44928	26.000261	317.19263	218.45564	400.0	400.0	276099	69.16366	15.327917	78.3155	-23.014612	-69.24701	0.10149131	5768.121540784836
252	223.5761	27.386232	256.7545	189.6836	258.06677	26.334602	312.61075	212.61478	400.0	400.0	277199	69.257774	15.163256	78.31744	-22.973103	-69.340355	0.09138984	5785.482415437698
253	248.21597	21.140923	269.3569	227.07506	257.27444	33.144638	310.27844	180.4231	400.0	400.0	278299	69.15287	15.332967	78.36182	-22.991491	-69.236626	0.098819084	5802.38524889946
254	233.19624	12.638712	242.21602	215.32268	279.43347	24.517809	320.58325	225.07343	400.0	400.0	279399	69.27928	15.148684	78.36833	-23.122055	-69.362816	0.10182148	5817.762819766998
255	247.44014	27.600048	286.4512	226.81808	263.0087	26.517115	305.41885	197.96165	400.0	400.0	280499	69.25434	15.177911	78.338394	-23.378204	-69.33676	0.08218101	5834.144518136978
256	246.8973	20.425327	270.92935	221.00192	251.48466	26.389868	293.2794	199.07204	400.0	400.0	281599	69.320076	15.14327	78.475624	-23.407536	-69.40678	0.10665748	5850.057861566544
257	274.6266	28.766739	303.39334	245.85986	260.5067	22.703573	306.52148	227.55078	400.0	400.0	282699	69.39717	15.057918	78.43821	-23.465048	-69.48263	0.11125002	5865.914795875549
258	268.90598	5.4369893	273.23035	261.23776	272.3133	20.025528	308.0983	225.72736	400.0	400.0	283799	69.41312	15.106861	78.4817	-23.790825	-69.49901	0.100287974	5883.227974176407
259	271.60336	29.173119	299.8841	231.44846	262.9372	25.359234	317.55435	226.65685	400.0	400.0	284899	69.44245	15.059315	78.43832	-24.017214	-69.527985	0.09373915	5898.597499847412
260	244.32439	40.63919	294.84372	195.33365	270.5304	24.144236	315.7855	227.0218	400.0	400.0	285999	69.60097	14.935975	78.50692	-24.246246	-69.68234	0.105557665	5914.126592636108
261	260.24994	21.283295	281.53323	238.96664	272.32892	22.998854	308.68604	211.27734	400.0	400.0	287099	69.59624	15.026778	78.529884	-24.411245	-69.68274	0.09918283	5929.733519792557
262	259.6271	7.947979	269.3972	249.9291	260.4431	18.580414	295.25998	233.1404	400.0	400.0	288199	69.61482	15.142879	78.5085	-24.422228	-69.6996	0.09824602	5950.684493780136
