Epoch	AverageEpRet	StdEpRet	MaxEpRet	MinEpRet	AverageTestEpRet	StdTestEpRet	MaxTestEpRet	MinTestEpRet	EpLen	TestEpLen	TotalEnvInteracts	AverageQVals	StdQVals	MaxQVals	MinQVals	LossPi	LossQ	Time
1	1.1851845	45.833294	47.01848	-44.64811	-63.02533	194.2233	268.54453	-309.5576	400.0	400.0	1099	-0.30152553	0.044852983	-0.11872724	-0.5438745	0.26849103	0.07560411	3.535768508911133
2	-26.447538	108.44767	126.09447	-116.48619	-105.50051	159.88747	136.58427	-361.44168	400.0	400.0	2199	-0.020067563	0.7751129	2.3745747	-4.2038794	-0.08304692	0.029470721	13.662196159362793
3	-28.405586	40.336365	27.71734	-65.30993	-89.76636	157.45558	107.58177	-338.90005	400.0	400.0	3299	0.5209825	2.0596423	4.647668	-9.396038	-0.6558091	0.015141688	25.680256605148315
4	-36.662663	61.55891	47.626022	-97.67	-168.26733	133.0305	128.32964	-338.11642	400.0	400.0	4399	0.72864217	3.2130728	6.564281	-13.4972725	-0.892184	0.0219814	35.960859060287476
5	-17.718863	36.337456	18.618591	-54.056316	-110.511635	166.55077	248.96706	-291.8158	400.0	400.0	5499	1.451635	3.9547236	8.317997	-15.965586	-1.6156191	0.032388683	45.85999870300293
6	-13.802116	26.189415	22.89799	-36.47131	-176.90886	131.87766	92.0323	-341.1306	400.0	400.0	6599	1.9748923	4.4909606	9.838592	-18.56917	-2.1582096	0.037895404	56.309388875961304
7	-64.97576	66.55549	25.282536	-133.2248	-138.9693	150.8517	258.0342	-324.33972	400.0	400.0	7699	2.3332784	5.250145	11.486422	-20.35024	-2.5410368	0.060942024	66.4921646118164
8	-72.55448	52.439373	-3.519732	-130.53426	-170.14915	119.37093	83.591896	-349.36166	400.0	400.0	8799	2.8878813	5.959835	13.2289915	-22.582571	-3.1400235	0.084227726	78.28192567825317
9	-55.188976	30.091017	-25.09796	-85.27999	-144.17758	150.19337	170.38312	-361.3917	400.0	400.0	9899	3.5863965	6.451673	14.489738	-25.105043	-3.8688152	0.0822508	88.21044421195984
10	-100.19108	7.937744	-91.50596	-110.69304	-134.09427	175.39598	183.66745	-365.78607	400.0	400.0	10999	4.0775743	6.7883654	15.056783	-27.245897	-4.3346925	0.09253802	98.4457311630249
11	-85.067055	7.1798587	-75.94794	-93.49402	-158.22699	144.18394	101.04612	-351.61288	400.0	400.0	12099	4.444698	6.8260574	15.19649	-28.13835	-4.6964407	0.10398723	110.02708029747009
12	-59.336422	24.294163	-41.258	-93.67756	-184.23276	115.71089	116.32951	-328.1052	400.0	400.0	13199	4.936914	6.6136355	14.992997	-30.59087	-5.182178	0.11253824	120.66903185844421
13	-92.02383	25.091522	-66.932304	-117.11535	-160.40317	144.37482	182.8217	-352.02502	400.0	400.0	14299	5.436991	6.414257	14.617225	-32.0034	-5.702815	0.124248296	131.3506224155426
14	-45.968792	22.570038	-14.231751	-64.78355	-85.61152	152.78029	119.98238	-338.04843	400.0	400.0	15399	5.9402003	6.103207	14.524721	-31.947437	-6.193962	0.10811027	143.61887216567993
15	-108.545006	131.64969	69.818504	-243.95769	-129.19273	124.24759	118.14395	-313.7284	400.0	400.0	16499	6.181014	5.975526	14.350346	-31.30332	-6.360296	0.08883263	154.52177906036377
16	-204.42552	49.859432	-168.59546	-274.93427	-142.95233	154.54292	97.86068	-352.98053	400.0	400.0	17599	5.3731575	6.817484	14.468735	-31.743435	-5.4932823	0.09875915	165.6609489917755
17	-76.25125	165.60028	89.34904	-241.85153	-106.87364	156.73003	186.0773	-314.52866	400.0	400.0	18699	4.222575	8.004101	14.680625	-35.345543	-4.344023	0.09113753	175.62591218948364
18	-216.20378	81.15487	-117.03089	-315.81744	89.83703	39.3188	167.4268	21.604548	400.0	400.0	19799	3.4067054	9.078808	14.85591	-33.63485	-3.52273	0.082698464	186.0536720752716
19	43.507305	9.128488	56.400677	36.499737	62.463512	56.925667	232.54308	5.434921	400.0	400.0	20899	4.7638764	8.28912	14.919617	-41.142723	-5.5471764	0.115761034	196.8695707321167
20	40.07722	17.599255	54.117867	15.259543	66.01716	62.93297	244.35083	-13.604414	400.0	400.0	21999	7.4453073	5.2662587	13.401184	-33.377396	-7.834002	0.058647037	208.30725073814392
21	46.209595	23.867445	70.07704	22.34215	90.04426	60.29706	221.02953	11.448609	400.0	400.0	23099	7.9875393	4.8542943	14.2718525	-33.060463	-8.230497	0.044811063	220.6861674785614
22	92.16598	49.6487	129.88536	22.018606	42.1096	31.074286	132.86795	-1.9827605	400.0	400.0	24199	8.198307	5.1619635	15.205092	-32.53313	-8.39978	0.04013576	231.4330234527588
23	46.447845	9.581527	57.747505	34.321384	77.45316	52.716972	203.95863	7.3288617	400.0	400.0	25299	8.347473	5.579499	16.389803	-34.02337	-8.522545	0.03573087	242.33156204223633
24	81.481255	18.374973	104.33751	59.345505	53.98767	46.11438	223.99008	4.3297024	400.0	400.0	26399	8.456344	6.034676	17.679907	-32.776783	-8.609063	0.03900708	253.11511087417603
25	69.67097	31.967134	101.6381	37.70383	61.297127	42.740223	161.4305	-4.787874	400.0	400.0	27499	8.661706	6.5503683	18.957144	-30.80023	-8.838821	0.040493425	265.3572516441345
26	98.96595	95.38552	232.70253	16.81719	39.77314	39.584568	177.19221	-5.2909265	400.0	400.0	28599	9.039043	6.898721	19.826727	-27.82972	-9.215197	0.04196864	276.66429591178894
27	51.339474	24.009272	85.12835	31.546494	73.41362	40.909996	173.1233	16.24624	400.0	400.0	29699	9.334767	7.197793	20.19674	-29.506203	-9.511477	0.04269518	287.2792594432831
28	23.791048	11.689855	39.599854	11.69853	69.061806	63.77991	257.43152	10.95197	400.0	400.0	30799	9.741284	7.4316254	20.223158	-34.676517	-9.936662	0.047867045	298.01184368133545
29	100.76546	16.325832	117.091286	84.43962	59.795013	46.7082	184.50555	7.238737	400.0	400.0	31899	10.265658	7.538197	20.667856	-36.545406	-10.470779	0.058578935	310.2769949436188
30	16.787292	4.686897	21.635231	10.448783	69.062454	73.586464	281.21497	5.649736	400.0	400.0	32999	10.787294	7.455473	21.039377	-37.720936	-10.985909	0.07635226	320.6928770542145
31	20.804682	8.656382	32.04499	10.984408	73.78349	48.27209	209.42146	17.18619	400.0	400.0	34099	11.153136	7.3606095	21.793093	-35.991215	-11.312415	0.08086822	331.6892261505127
32	25.77075	29.368986	67.16731	2.1485536	75.64888	64.86314	247.51254	0.5651379	400.0	400.0	35199	11.364109	7.448393	22.387032	-33.83747	-11.500181	0.087061495	341.94142031669617
33	68.29847	20.34224	88.64071	47.95623	92.10048	77.078354	247.80873	0.124760374	400.0	400.0	36299	11.50331	7.617645	22.81703	-34.21719	-11.62883	0.089107774	352.52329683303833
34	81.52913	62.218346	163.12794	12.21816	58.22238	40.7935	158.25705	4.363802	400.0	400.0	37399	11.721435	7.841883	23.299135	-33.349873	-11.842962	0.08615251	362.5780119895935
35	102.450386	56.190895	173.24803	35.796238	59.078045	38.523983	171.52504	8.5633135	400.0	400.0	38499	11.882963	8.153941	24.065983	-37.75674	-12.004945	0.08360586	374.8087499141693
36	35.183697	33.59009	82.226875	5.948439	73.37168	58.558426	218.65227	-9.206998	400.0	400.0	39599	12.088337	8.44197	24.79791	-35.618904	-12.204705	0.08507063	385.9162163734436
37	70.44098	62.38924	132.83022	8.051736	78.9501	61.912666	236.50493	-7.635465	400.0	400.0	40699	12.294704	8.741211	25.712229	-37.64281	-12.4144535	0.08638716	396.5428650379181
38	30.083908	21.52156	56.39442	3.6778393	64.48032	54.664047	207.57199	3.624588	400.0	400.0	41799	12.5256405	8.980963	26.515675	-37.40996	-12.650909	0.09725347	407.65149903297424
39	43.277252	41.45639	101.85566	11.896038	40.895115	33.132034	95.668465	-3.1926534	400.0	400.0	42899	12.794355	9.212757	27.35136	-40.89496	-12.918032	0.09654773	418.55626249313354
40	21.757063	24.364511	53.424892	-5.837186	35.36364	22.210518	109.20007	10.986529	400.0	400.0	43999	12.9749975	9.369781	28.146072	-37.999207	-13.092477	0.09677977	429.20633697509766
41	58.35039	12.503811	70.8542	45.84658	68.639015	34.722248	137.66167	18.0452	400.0	400.0	45099	13.229621	9.514439	28.78628	-36.09102	-13.344099	0.110485144	438.92961287498474
42	102.92124	93.51718	234.64447	26.815756	77.500206	46.965443	170.48462	7.8041477	400.0	400.0	46199	13.536415	9.7651415	29.647657	-39.976807	-13.644424	0.11869081	449.73387718200684
43	55.539974	38.674873	89.21784	1.3785309	66.87026	47.42067	200.88927	11.631442	400.0	400.0	47299	13.750483	9.939851	30.584948	-39.50213	-13.856452	0.11480176	460.12773060798645
44	143.18683	78.15152	253.42328	81.18139	46.91005	44.23534	230.00906	6.6670356	400.0	400.0	48399	14.068157	10.038114	31.351038	-35.51798	-14.181718	0.10742189	470.95948791503906
45	23.709846	18.591867	42.301716	5.1179786	59.594128	47.13767	163.1164	4.3058004	400.0	400.0	49499	14.362166	10.217498	32.973057	-37.9349	-14.481481	0.104072876	481.1602609157562
46	74.07282	62.951004	162.1401	18.753838	61.560913	43.75848	182.55716	9.44477	400.0	400.0	50599	14.677346	10.272885	34.79415	-39.618935	-14.786924	0.10979119	490.9870135784149
47	79.515625	35.236656	125.09796	39.28539	61.832653	51.664265	262.54318	19.504171	400.0	400.0	51699	14.868054	10.445335	36.55472	-36.204796	-14.965969	0.11785209	502.8682191371918
48	39.524895	6.5883765	47.64478	31.507597	53.54466	44.420998	180.16534	-2.4107895	400.0	400.0	52799	15.089375	10.609534	38.697247	-36.846508	-15.180938	0.13100822	515.1654295921326
49	105.66279	83.90998	189.57277	21.75281	63.791992	53.65124	230.60852	7.357908	400.0	400.0	53899	15.221767	10.802299	40.784866	-36.33611	-15.305671	0.13921492	527.5159759521484
50	82.849754	40.692886	114.77919	25.421194	67.51616	45.247925	191.05968	14.471219	400.0	400.0	54999	15.41988	11.057686	40.99337	-39.02864	-15.496065	0.15388586	538.8861153125763
51	70.08885	51.718124	109.602104	-2.970435	79.959045	60.148476	261.21255	18.604837	400.0	400.0	56099	15.49006	11.32769	41.695286	-34.282387	-15.563386	0.16958931	551.2556743621826
52	123.01892	36.14423	168.55988	80.1456	58.440907	34.07489	149.946	1.4761075	400.0	400.0	57199	15.774311	11.590697	42.367863	-35.387306	-15.861425	0.18468228	563.0565931797028
53	134.71677	91.637215	226.35397	43.07955	58.041737	37.17566	121.90349	2.6208904	400.0	400.0	58299	16.105099	11.844963	42.92592	-36.880207	-16.196712	0.18257587	574.2609298229218
54	42.392334	13.907667	56.3149	23.399576	50.76813	43.908184	178.06068	-3.6050918	400.0	400.0	59399	16.378153	11.931853	42.39105	-37.440342	-16.474815	0.17596626	586.6795809268951
55	64.00097	32.49618	107.28478	28.98422	49.57277	31.468298	139.86331	4.9473677	400.0	400.0	60499	16.667255	12.009348	42.64265	-37.02531	-16.764896	0.17649946	597.2842807769775
56	81.03747	61.094456	159.20563	10.077021	63.751343	46.30909	235.03497	-3.6298974	400.0	400.0	61599	16.947884	12.114315	43.87064	-37.624355	-17.037735	0.16715977	609.6068289279938
57	99.62269	9.729172	109.35186	89.89352	49.96737	31.113007	116.45754	-4.179622	400.0	400.0	62699	17.243761	12.252397	43.62456	-37.59257	-17.33197	0.18271032	620.9491562843323
58	103.04192	105.68083	252.49583	27.768042	69.00214	55.38437	230.26932	5.2335114	400.0	400.0	63799	17.422718	12.394619	44.266785	-37.68998	-17.492096	0.20137571	632.4176335334778
59	113.28245	7.115514	123.23506	107.01971	73.452515	57.437637	201.45941	0.8524594	400.0	400.0	64899	17.695444	12.629012	43.34341	-42.179363	-17.756079	0.20980419	643.218991279602
60	23.309708	0.6208745	24.16213	22.701126	68.03963	61.076332	225.43715	-3.1325564	400.0	400.0	65999	17.814817	12.717265	44.076843	-38.08909	-17.895565	0.22714195	654.0065417289734
61	52.454475	35.037277	87.49175	17.417198	66.969376	64.30693	276.88037	5.355075	400.0	400.0	67099	18.024582	12.596269	44.928535	-40.913677	-18.129726	0.22743271	664.6268131732941
62	32.31168	14.867238	44.337204	11.362647	83.47488	65.43213	205.927	0.4463786	400.0	400.0	68199	18.321453	12.331551	45.627663	-39.97902	-18.436272	0.23362182	675.4118068218231
63	48.392914	8.897681	58.966	37.19786	77.59801	53.13382	196.36015	10.431186	400.0	400.0	69299	18.70393	12.032898	46.232296	-38.142406	-18.819374	0.22990026	686.3410310745239
64	44.042706	12.378485	57.922585	27.86415	63.12088	35.77342	181.62184	14.527729	400.0	400.0	70399	19.056204	11.743581	46.886494	-39.01899	-19.1642	0.23138864	698.1064929962158
65	77.066925	10.926418	87.99335	66.14051	84.37767	68.85354	246.71133	-6.6823053	400.0	400.0	71499	19.308214	11.552152	46.976604	-36.500244	-19.40873	0.22920549	709.102573633194
66	44.77177	12.156436	61.932827	35.30133	62.437218	53.80144	190.84174	8.428945	400.0	400.0	72599	19.561289	11.379772	47.14438	-35.01236	-19.65663	0.2237028	719.6973860263824
67	-0.27336025	10.44162	9.691117	-14.69345	79.53264	60.635498	272.27573	12.497613	400.0	400.0	73699	19.609747	11.279487	47.55765	-35.93204	-19.699594	0.2122843	732.1708626747131
68	20.87908	17.548445	44.530983	2.5444794	64.86331	55.478764	199.85661	-9.560341	400.0	400.0	74799	19.722628	11.232733	48.17581	-35.058327	-19.80313	0.19877583	743.553789138794
69	55.014793	8.840218	63.85501	46.174576	65.24448	32.10063	133.7938	18.083435	400.0	400.0	75899	19.730755	11.230724	47.14089	-35.8381	-19.804462	0.19433227	755.9951386451721
70	34.452183	15.086106	55.70009	22.160673	56.298676	41.81733	169.65887	-9.533668	400.0	400.0	76999	19.727459	11.213557	47.702045	-36.104515	-19.797714	0.20141262	766.4801986217499
71	77.22391	37.945114	127.88675	36.57242	47.191555	41.79195	168.58821	2.4201138	400.0	400.0	78099	19.686396	11.159041	49.392555	-35.941765	-19.752262	0.20556669	777.3299105167389
72	209.93074	30.469969	249.81355	175.85959	70.242935	64.80826	248.69846	0.7170906	400.0	400.0	79199	19.895737	11.294702	50.62584	-31.530666	-19.963572	0.21496312	789.8523123264313
73	143.77711	59.975098	203.75221	83.80202	62.837822	57.360584	209.79642	-0.69360465	400.0	400.0	80299	20.17725	11.514907	52.030087	-33.49113	-20.239605	0.21258657	800.4749076366425
74	41.191574	34.82915	90.14489	11.994303	66.32097	53.761013	200.79868	-13.058859	400.0	400.0	81399	20.101257	11.741308	51.62256	-31.025034	-20.148785	0.2135746	811.0670447349548
75	36.50886	21.802795	60.424183	7.696352	87.1165	67.82658	214.70927	24.383236	400.0	400.0	82499	20.026058	12.093738	51.542187	-31.908276	-20.05967	0.20858479	823.523814201355
76	49.84544	16.559837	71.86668	31.932564	66.26907	26.282278	127.7419	23.496962	400.0	400.0	83599	19.881006	12.447319	50.546864	-31.80263	-19.917454	0.22596358	833.2201919555664
77	21.272112	32.978294	54.25041	-11.706185	68.10222	47.076572	164.46008	1.9986452	400.0	400.0	84699	19.899328	12.66364	50.85978	-34.08731	-19.959074	0.24438407	843.9579598903656
78	81.65588	63.937843	170.6725	23.396122	93.692795	83.96119	288.96454	-0.28756174	400.0	400.0	85799	20.03642	12.534663	52.900906	-30.59214	-20.135317	0.23654169	855.5888328552246
79	57.334564	46.788452	97.197876	-8.334678	44.808968	28.05829	129.06276	3.0737896	400.0	400.0	86899	20.46861	12.135993	53.463074	-32.04908	-20.580675	0.20967434	866.2595834732056
80	64.71299	30.960148	107.73914	36.174347	65.80063	49.29751	218.80484	4.204615	400.0	400.0	87999	20.662655	11.876248	52.716053	-32.61771	-20.748148	0.20230056	877.1250894069672
81	97.59984	4.616825	102.21667	92.98302	71.30248	84.10053	265.6523	-8.027484	400.0	400.0	89099	20.825901	11.80586	51.922062	-34.74386	-20.89326	0.18142708	888.566965341568
82	56.027637	37.84244	96.363625	5.399311	86.60389	85.62755	276.6672	3.4666529	400.0	400.0	90199	20.898333	11.887508	52.594078	-32.71211	-20.955498	0.17874895	899.4311511516571
83	45.117443	43.74899	105.16665	2.188171	57.262337	28.91751	119.78687	20.433575	400.0	400.0	91299	20.845957	12.088711	52.727367	-34.28558	-20.894089	0.18976188	909.1488192081451
84	96.77982	60.616592	180.86699	40.29436	51.598316	34.118275	117.18744	-2.835503	400.0	400.0	92399	20.779915	12.35277	52.480843	-35.68039	-20.82935	0.1650645	920.281893491745
85	120.52153	42.373047	162.89458	78.14848	78.139694	86.35552	251.44627	-7.54136	400.0	400.0	93499	20.896313	12.683534	52.24098	-36.685017	-20.959587	0.17110468	931.5550422668457
86	35.934757	15.6984625	53.1208	15.170356	64.51419	55.361103	200.16406	1.2474988	400.0	400.0	94599	21.021103	12.722864	51.87206	-37.218052	-21.097065	0.17894848	945.0086724758148
87	24.596863	14.752482	42.719357	6.5837975	75.633316	66.746254	242.79445	13.7825575	400.0	400.0	95699	21.080378	12.67482	51.370388	-37.29312	-21.162247	0.18080306	955.7490682601929
88	20.056887	7.92936	28.662548	9.527575	81.038765	53.375717	211.19446	16.533222	400.0	400.0	96799	21.168098	12.5405035	51.713097	-37.0291	-21.251776	0.18010628	966.5215508937836
89	110.467255	40.91968	151.38693	69.54757	52.486755	37.036247	120.78827	-11.708312	400.0	400.0	97899	21.321129	12.499925	51.97517	-35.8759	-21.40281	0.16833189	978.0441706180573
90	102.513306	76.18836	206.13828	25.139153	68.78215	56.264706	176.4557	1.2653524	400.0	400.0	98999	21.473492	12.423251	53.42372	-35.940933	-21.550858	0.16802895	990.57817029953
91	71.512886	28.622437	109.6073	40.613358	46.940872	29.386787	106.02304	2.559331	400.0	400.0	100099	21.683468	12.382589	52.175194	-37.09012	-21.757345	0.15453586	1002.941591501236
92	8.6558485	5.842189	13.68698	0.46467376	52.363747	36.405956	144.24055	0.7832842	400.0	400.0	101199	21.673748	12.379289	52.530895	-36.266758	-21.740234	0.15797672	1014.1713335514069
93	36.42163	10.614042	47.035675	25.80759	55.694843	51.616436	237.28485	-11.585773	400.0	400.0	102299	21.61866	12.388849	52.719395	-35.01337	-21.684425	0.1561196	1025.530950307846
94	97.733955	72.161125	157.91783	-3.732126	82.534225	54.941093	224.58545	-6.8088036	400.0	400.0	103399	21.667814	12.512779	53.06011	-35.822266	-21.733467	0.15509027	1036.8588573932648
95	50.37058	20.529438	74.41192	24.25391	68.189896	71.18323	231.2407	-4.245205	400.0	400.0	104499	21.740944	12.599942	53.33561	-37.715275	-21.802584	0.15102792	1047.468309879303
96	51.09248	36.98338	103.204506	21.175348	52.459515	42.846535	211.5679	7.074678	400.0	400.0	105599	21.721344	12.659477	53.490944	-38.149376	-21.781334	0.15417413	1059.6526143550873
97	26.693829	5.649044	32.342873	21.044785	65.640564	50.452587	196.95038	3.7678683	400.0	400.0	106699	21.641684	12.744929	53.59997	-38.61179	-21.701864	0.14588986	1072.0178055763245
98	99.69076	65.056145	191.23352	45.95723	51.08549	33.100887	164.27124	12.700403	400.0	400.0	107799	21.729986	12.887968	53.70313	-40.07789	-21.789986	0.14334403	1082.7391288280487
99	70.97808	52.41704	117.78672	-2.2060785	81.1848	44.94258	152.85129	-8.226288	400.0	400.0	108899	21.8045	12.935459	53.676422	-38.89994	-21.867464	0.14896435	1093.6211545467377
100	35.871532	17.647953	50.964466	11.110888	67.455124	41.538696	175.15538	3.4403229	400.0	400.0	109999	21.800213	12.89732	53.7693	-37.646896	-21.867842	0.14302254	1104.4003021717072
101	33.629585	3.9699268	37.59951	29.659657	54.048073	40.62866	158.59056	6.6499557	400.0	400.0	111099	21.802189	12.877837	53.737984	-34.668858	-21.869339	0.1399297	1115.5091063976288
102	17.887505	7.9522934	26.922495	7.570426	49.597897	46.48967	183.61711	8.057427	400.0	400.0	112199	21.802605	12.876492	54.18114	-34.950703	-21.870722	0.14348727	1126.8304126262665
103	38.563805	36.08346	89.59265	12.790292	83.14967	65.33471	239.35219	3.61109	400.0	400.0	113299	21.854172	12.90168	54.031677	-31.27401	-21.92008	0.14003691	1139.7426776885986
104	20.123096	9.520677	33.36289	11.3828535	42.04388	29.11745	97.842	3.8530715	400.0	400.0	114399	21.837996	12.938346	54.11835	-31.61815	-21.90506	0.14492567	1151.9907422065735
105	123.5746	19.712784	143.28738	103.86182	63.403362	57.744247	205.11497	4.0330253	400.0	400.0	115499	21.92379	13.000103	54.333885	-32.389442	-21.99021	0.14341083	1164.542943239212
106	28.790451	20.492378	49.32769	0.81384754	48.962788	36.356117	148.6379	3.6757252	400.0	400.0	116599	21.98004	13.063198	54.41379	-34.899593	-22.045898	0.13580814	1175.77840924263
107	33.68505	15.8756	56.05825	20.876095	52.25111	48.09623	160.26366	-1.7015294	400.0	400.0	117699	21.99204	13.045635	54.66102	-35.15095	-22.056719	0.1427392	1188.4247741699219
108	114.56681	41.34291	150.58372	56.67176	50.678932	22.480999	86.05771	-7.7451363	400.0	400.0	118799	22.084957	13.178962	54.89304	-31.601494	-22.149578	0.13815163	1199.837013244629
109	95.57486	62.22499	157.79985	33.34987	79.88969	64.16976	270.59164	13.460983	400.0	400.0	119899	22.184305	13.237093	55.169773	-32.403313	-22.245825	0.14300889	1211.0107109546661
110	55.928204	21.34008	85.89574	37.852707	78.0161	59.822666	208.96565	7.338309	400.0	400.0	120999	22.232363	13.236679	55.25729	-33.216465	-22.291023	0.1439464	1221.7686622142792
111	2.7250278	14.175662	22.586327	-9.565842	83.555466	61.643105	208.3217	2.0218203	400.0	400.0	122099	22.171051	13.255	55.52454	-33.384502	-22.228504	0.13829151	1232.4677395820618
112	128.38223	84.25491	246.26677	54.414516	48.334354	33.515358	128.0103	-3.9311247	400.0	400.0	123199	22.250463	13.376739	55.822075	-36.19481	-22.306307	0.13708302	1242.9703271389008
113	67.81088	3.9584389	71.769325	63.852448	39.753654	27.416994	120.300095	-3.1218948	400.0	400.0	124299	22.26807	13.413294	55.927246	-36.000916	-22.321712	0.13826452	1256.03826546669
114	21.44458	36.314354	72.74054	-6.357946	66.60283	54.123917	215.02052	-10.577316	400.0	400.0	125399	22.198824	13.39076	56.070477	-37.977455	-22.25248	0.13909133	1269.0408909320831
115	16.27292	12.341477	26.895388	-1.0316633	67.30091	48.57863	244.53214	5.046461	400.0	400.0	126499	22.148878	13.4265785	56.289043	-39.711067	-22.201921	0.1264236	1282.0521533489227
116	120.60334	73.17681	220.9705	48.577282	64.402084	54.550182	189.21614	4.365418	400.0	400.0	127599	22.211477	13.539889	56.500095	-41.012394	-22.264635	0.13651575	1294.0187220573425
117	95.53215	22.288982	117.82113	73.243164	69.02907	50.26995	186.3935	8.803337	400.0	400.0	128699	22.223936	13.568067	56.727894	-36.667244	-22.277262	0.13041028	1305.440773487091
118	77.14852	63.05813	166.08376	26.990175	63.36744	57.429718	245.92647	4.074311	400.0	400.0	129799	22.278425	13.587463	57.03409	-39.629417	-22.331419	0.12521285	1316.6836631298065
119	75.69094	17.616966	94.62316	52.199333	62.17741	55.17038	214.9724	-6.807745	400.0	400.0	130899	22.345055	13.612524	57.239277	-34.566227	-22.3999	0.12717672	1328.0451710224152
120	77.763306	35.646408	105.703476	27.454401	58.277985	44.87893	214.20763	15.270245	400.0	400.0	131999	22.401463	13.630871	57.484398	-37.018196	-22.456833	0.12917708	1340.2315926551819
121	24.099714	22.489893	46.589607	1.6098211	65.36563	52.435436	219.66982	7.856663	400.0	400.0	133099	22.32895	13.621067	57.63776	-39.1851	-22.38456	0.12588762	1350.7503798007965
122	85.20393	106.11143	235.26425	9.23677	60.849083	44.46677	172.19817	11.247005	400.0	400.0	134199	22.387703	13.733771	57.82022	-37.83418	-22.441076	0.12495105	1362.9054305553436
123	53.650043	30.766403	92.91802	17.787169	80.15648	53.28398	185.20142	3.5263124	400.0	400.0	135299	22.38871	13.748754	57.92484	-39.100822	-22.441893	0.12840506	1374.3316342830658
124	60.7412	24.349031	95.17581	43.445656	64.72142	37.9074	140.247	2.0259619	400.0	400.0	136399	22.395365	13.688791	58.07966	-35.58738	-22.444925	0.124665305	1385.7301669120789
125	61.682198	24.98054	86.662735	36.701656	64.136894	51.224926	231.55989	6.2120967	400.0	400.0	137499	22.392952	13.678773	58.191208	-33.48699	-22.442617	0.12881991	1397.3900485038757
126	40.525017	22.51492	70.33892	15.936594	69.30797	52.125694	197.00803	4.3427377	400.0	400.0	138599	22.369986	13.730192	58.432205	-36.784496	-22.418083	0.116928555	1407.8984451293945
127	44.098003	45.325718	108.15392	10.005999	46.08241	31.350077	115.01615	3.2474527	400.0	400.0	139699	22.392296	13.703293	58.59909	-37.811325	-22.440899	0.12012416	1419.9803395271301
128	60.660217	32.97607	104.02485	24.119797	74.54809	62.085583	232.1843	10.778649	400.0	400.0	140799	22.359947	13.71162	58.746735	-42.81097	-22.408953	0.12412144	1432.3132605552673
129	37.48964	8.848486	46.338127	28.641155	61.668022	49.49805	178.18077	8.342771	400.0	400.0	141899	22.395964	13.725392	58.98549	-34.27949	-22.445942	0.1211027	1443.6240396499634
130	93.659	72.5869	190.73996	16.226446	48.87222	42.95407	203.51976	1.4085598	400.0	400.0	142999	22.395538	13.763875	59.270817	-42.807114	-22.44529	0.1278151	1455.602454662323
131	-4.401158	7.56099	1.8091974	-15.044668	74.63587	52.21221	184.02692	11.51706	400.0	400.0	144099	22.446854	13.808948	59.48061	-38.36419	-22.496122	0.12003246	1470.8022875785828
132	53.002323	24.083515	84.9844	26.868124	56.212532	33.484856	132.83498	11.056352	400.0	400.0	145199	22.389837	13.841764	59.61159	-36.79925	-22.437845	0.12228857	1483.1666343212128
133	90.143486	75.41073	165.55421	14.732751	56.3709	42.620888	171.49666	-3.6766386	400.0	400.0	146299	22.456495	13.929641	59.812008	-39.32855	-22.503145	0.12558435	1496.4891209602356
134	55.90457	14.791622	69.6757	35.38247	86.5033	55.352932	197.83379	8.54225	400.0	400.0	147399	22.418139	13.920005	59.923393	-38.09968	-22.462118	0.11928385	1508.644285440445
135	50.15396	12.829986	59.36123	32.010292	88.837524	76.04371	244.35167	2.6490166	400.0	400.0	148499	22.399668	13.917271	60.165413	-41.72103	-22.441898	0.13034016	1519.050099849701
136	46.357655	26.90811	70.15871	8.743283	53.79837	36.89969	121.82008	11.410733	400.0	400.0	149599	22.349722	13.933743	60.292995	-36.45565	-22.390905	0.12438277	1530.6654663085938
137	15.658937	8.064629	23.723566	7.5943093	65.44118	37.95735	161.02357	11.272295	400.0	400.0	150699	22.310299	13.959562	60.453056	-37.16767	-22.352203	0.13038507	1542.460144996643
138	63.939663	15.02586	85.11742	51.836906	71.9049	58.66971	245.83784	0.47315747	400.0	400.0	151799	22.301004	13.984976	60.661266	-37.271145	-22.343342	0.1386477	1554.08500790596
139	40.68341	32.41705	84.63209	7.4093733	72.301506	48.58362	210.4884	1.9888037	400.0	400.0	152899	22.231634	13.944895	60.829315	-36.92986	-22.27577	0.11905023	1566.234270811081
140	26.302774	8.6627655	37.43003	16.300297	71.83366	52.399063	197.75902	3.9800477	400.0	400.0	153999	22.261642	13.9467535	61.00558	-34.54758	-22.30565	0.121309675	1579.4034464359283
141	90.201416	3.184082	93.3855	87.017334	71.0534	49.778564	191.62741	12.8968115	400.0	400.0	155099	22.223753	13.882477	61.193283	-38.268593	-22.269123	0.12675302	1590.9692797660828
142	62.000942	26.089945	83.49998	25.28276	55.121716	44.371365	205.06494	6.5058584	400.0	400.0	156199	22.264065	13.83551	61.3542	-34.599026	-22.309929	0.11857882	1603.1927390098572
143	43.573772	18.6564	68.75802	24.169363	60.356712	44.809	200.61691	25.409609	400.0	400.0	157299	22.243776	13.848778	61.446754	-37.110447	-22.290184	0.11663158	1616.4940452575684
144	68.12917	50.224396	129.17996	6.165975	50.50739	46.078876	202.45139	-17.21865	400.0	400.0	158399	22.235046	13.801196	61.638554	-36.621494	-22.28038	0.11219403	1629.541172027588
145	18.138317	3.5785375	21.716854	14.559779	60.182842	66.025856	271.51837	-4.979966	400.0	400.0	159499	22.201298	13.768382	61.7406	-34.080334	-22.247547	0.11247534	1642.1402654647827
146	42.47706	15.313926	64.07602	30.303482	57.261147	48.760532	200.43167	-11.919127	400.0	400.0	160599	22.22109	13.833916	61.895084	-35.61666	-22.266275	0.11328654	1655.4459083080292
147	87.58212	65.795815	176.05937	18.394217	59.589985	39.475513	155.83357	1.1545117	400.0	400.0	161699	22.222555	13.785781	62.024258	-34.563595	-22.267149	0.11789407	1668.5057458877563
148	44.089428	29.232763	83.99279	14.777033	65.58814	39.626495	155.25764	5.398884	400.0	400.0	162799	22.306097	13.837259	62.277985	-34.20063	-22.351595	0.10643886	1679.7578151226044
149	41.719902	16.926662	58.646564	24.793238	62.248077	42.47779	142.94601	0.11758062	400.0	400.0	163899	22.275192	13.847245	62.332836	-35.98632	-22.319483	0.11476374	1691.3030710220337
150	99.56576	57.303947	144.58733	18.699102	89.201675	60.25144	214.60657	15.191846	400.0	400.0	164999	22.315392	13.895761	62.47268	-35.11552	-22.359562	0.12182292	1704.3661453723907
151	58.184887	24.141092	82.601776	25.311249	60.98736	48.873775	194.46571	-6.5243044	400.0	400.0	166099	22.388014	13.924808	62.628857	-36.18363	-22.43065	0.124741256	1717.5724556446075
152	57.97978	75.69675	165.03043	4.1153502	61.17019	64.11566	270.52393	-2.8125257	400.0	400.0	167199	22.428982	14.016587	62.759975	-34.500664	-22.472721	0.12411094	1729.0304675102234
153	87.122505	55.79528	142.91779	31.32722	51.283802	35.152584	153.4745	8.539823	400.0	400.0	168299	22.404442	14.039672	62.887093	-33.405506	-22.446054	0.1268141	1740.3609080314636
154	71.161705	30.193743	101.37362	29.922943	49.91825	49.384674	228.55336	6.513103	400.0	400.0	169399	22.445223	14.00106	62.942398	-33.11261	-22.485903	0.12219618	1750.9981667995453
155	50.345108	13.06729	66.78661	34.817593	71.19508	52.28158	191.06474	-4.894355	400.0	400.0	170499	22.409046	13.989697	63.06972	-34.065277	-22.449276	0.1167275	1762.6805431842804
156	101.21905	107.77046	251.80734	5.5759172	61.878815	38.75566	152.92792	-0.8244193	400.0	400.0	171599	22.42891	14.06107	63.32605	-33.365765	-22.469332	0.11929511	1774.6934595108032
157	67.567795	9.707178	77.27497	57.860615	42.144115	34.864033	121.75859	-17.670868	400.0	400.0	172699	22.44818	14.06736	63.30821	-34.00549	-22.490198	0.12764817	1785.7534635066986
158	33.99584	10.627265	48.856663	24.622477	62.431385	38.42617	163.73903	13.92198	400.0	400.0	173799	22.48467	14.058656	63.494476	-33.562923	-22.527449	0.12009305	1797.7374646663666
159	8.366058	14.318265	28.59747	-2.4821663	63.806355	53.857998	176.17332	-2.631126	400.0	400.0	174899	22.465424	14.057518	63.583076	-32.2247	-22.509226	0.13168566	1809.4346575737
160	26.775314	16.80915	49.302345	8.937534	53.953297	34.560753	123.08805	0.75199443	400.0	400.0	175999	22.436861	14.0257845	63.600212	-32.448456	-22.478111	0.12149528	1821.2222695350647
161	20.632227	27.298384	47.93061	-6.666157	76.662056	72.73004	279.147	1.5246738	400.0	400.0	177099	22.411947	14.023038	63.78431	-32.765366	-22.454477	0.13163336	1833.2219603061676
162	119.42042	117.193954	285.14093	34.51927	74.297714	66.11655	257.60025	12.539389	400.0	400.0	178199	22.506048	14.1031275	63.818653	-32.51861	-22.546244	0.113929234	1845.0464327335358
163	77.46093	27.497229	113.4765	46.75254	50.20112	43.217434	202.19162	-8.679336	400.0	400.0	179299	22.501015	14.086514	64.02539	-33.165524	-22.5409	0.13279915	1858.1492748260498
164	58.28835	17.004343	72.24465	34.350315	57.458393	49.65618	207.92368	-9.141429	400.0	400.0	180399	22.482838	14.056682	63.903835	-32.097748	-22.522001	0.11578186	1870.2839975357056
165	129.02542	79.13271	208.15814	49.892708	41.802162	27.429743	94.31858	-2.5749967	400.0	400.0	181499	22.584509	14.047605	64.01155	-32.543888	-22.622091	0.12315968	1883.4518938064575
166	84.958275	56.72671	164.91045	39.27103	44.710304	28.515093	107.899506	-5.9831004	400.0	400.0	182599	22.587448	14.115311	64.06102	-32.907997	-22.624418	0.13250653	1895.7479672431946
167	74.57539	78.107635	183.47787	4.111934	68.15628	39.540375	156.30745	3.3104424	400.0	400.0	183699	22.631824	14.121444	64.02511	-34.961582	-22.667088	0.12056466	1909.1843674182892
168	34.17135	12.372954	45.94016	17.07283	74.3621	54.218586	194.14192	9.187106	400.0	400.0	184799	22.57687	14.13061	64.06587	-33.089546	-22.613358	0.12689863	1920.5209369659424
169	73.65529	65.67627	139.33156	7.979016	64.65188	50.147926	187.46658	2.3622777	400.0	400.0	185899	22.578821	14.14511	64.20199	-34.8612	-22.614037	0.12960558	1932.4057002067566
170	46.4108	23.721762	64.60632	12.904533	63.116364	49.986446	193.17708	6.6434016	400.0	400.0	186999	22.503382	14.1242485	64.23626	-32.724274	-22.53859	0.1190625	1945.7445418834686
171	33.982708	35.14171	83.084564	2.7861063	43.238064	28.188911	117.02846	4.9711876	400.0	400.0	188099	22.487642	14.135389	64.31282	-36.478054	-22.52318	0.11721042	1957.671283006668
172	115.78605	74.99394	206.68915	23.020582	102.080734	74.405106	253.24712	-7.5390625	400.0	400.0	189199	22.565937	14.165827	64.43634	-35.857567	-22.601995	0.12929912	1970.224091053009
173	23.4563	24.644041	48.10034	-1.1877412	80.27512	52.932533	198.09796	5.765916	400.0	400.0	190299	22.521133	14.173869	64.59253	-36.46677	-22.557102	0.119341984	1981.672601222992
174	29.249964	19.956446	50.19294	2.39454	64.54087	50.189545	167.26538	-4.967996	400.0	400.0	191399	22.499693	14.1768465	64.60146	-40.851353	-22.53678	0.11602123	1993.1705088615417
175	81.16183	54.684868	153.72354	21.7131	71.026245	53.204624	195.24696	14.052316	400.0	400.0	192499	22.52307	14.152841	64.74664	-33.35771	-22.561085	0.11805069	2005.399730205536
176	46.87495	6.3917556	54.97872	39.354855	87.93309	65.41105	239.72144	10.543672	400.0	400.0	193599	22.544138	14.14698	64.85408	-38.448673	-22.582031	0.11531056	2018.0557761192322
177	28.258894	16.641497	44.90039	11.617397	74.33141	61.622345	213.33974	-1.9692401	400.0	400.0	194699	22.498957	14.114726	64.954094	-34.40805	-22.538303	0.121049084	2030.3234584331512
178	92.624245	24.627436	113.300095	58.013954	44.685577	36.454456	128.86008	3.043261	400.0	400.0	195799	22.512806	14.0759945	65.0194	-33.710148	-22.552958	0.11600449	2041.851057767868
179	3.221709	2.7754369	6.9850073	0.3742622	55.917206	45.981308	162.83694	-2.5183082	400.0	400.0	196899	22.532534	14.11451	65.15686	-33.75711	-22.571404	0.113720745	2053.518541574478
180	90.28021	21.377365	117.8046	65.687805	55.039978	47.23907	182.00375	-3.7502537	400.0	400.0	197999	22.52381	14.113126	65.26046	-33.720203	-22.561474	0.118475534	2064.920535326004
181	62.627037	5.9804554	68.60749	56.64658	50.427826	28.789543	117.480576	15.370076	400.0	400.0	199099	22.528946	14.058458	65.48559	-33.54261	-22.568272	0.11453306	2076.601231575012
182	45.197998	27.14622	82.738	19.468323	44.332375	37.811115	158.13992	0.15151854	400.0	400.0	200199	22.51292	14.084958	65.54839	-33.79189	-22.552547	0.114057995	2088.2859497070312
183	13.285949	6.3335857	21.925682	6.9196897	55.877716	55.041805	251.64127	-0.48062253	400.0	400.0	201299	22.507185	14.022844	65.67858	-34.481274	-22.546246	0.11813912	2099.950902223587
184	39.304123	34.317417	87.03425	7.8295918	55.7837	45.38794	182.25275	-8.4137125	400.0	400.0	202399	22.491776	14.038508	65.908615	-34.26144	-22.529478	0.123211265	2111.55477643013
185	63.42627	36.79014	100.21641	26.636131	69.368576	55.346157	241.22011	-3.4830334	400.0	400.0	203499	22.474623	14.017042	65.98367	-34.105843	-22.512798	0.119695626	2122.835603237152
186	42.621765	7.9790835	52.40374	32.859085	83.19014	62.048904	217.09229	7.7657466	400.0	400.0	204599	22.512865	14.040329	66.1085	-35.710938	-22.55085	0.118403085	2136.3443150520325
187	118.42313	64.46699	191.02274	34.36391	58.63512	49.399784	219.70451	0.29467195	400.0	400.0	205699	22.5398	14.045335	66.25396	-34.959312	-22.577276	0.112477474	2148.7101354599
188	47.887127	39.510197	103.54943	15.829345	52.17823	33.023422	123.61141	-7.480955	400.0	400.0	206799	22.589336	14.099868	66.33876	-34.769085	-22.6261	0.119744875	2160.6277322769165
189	28.500896	5.9822206	34.483116	22.518675	67.76358	57.9763	250.7773	-1.4493076	400.0	400.0	207899	22.594519	14.125347	66.414536	-37.808453	-22.631193	0.11555349	2171.848941087723
190	101.7027	29.401442	136.25426	64.39421	73.62121	68.8337	245.93922	6.6527376	400.0	400.0	208999	22.61853	14.089283	66.53119	-34.84219	-22.655125	0.114146605	2185.1646690368652
191	128.3612	90.44761	254.74472	48.094265	44.10134	44.348896	203.22012	-8.095495	400.0	400.0	210099	22.685556	14.124983	66.61938	-35.233963	-22.720934	0.11540508	2197.303251504898
192	33.83072	25.633453	69.39814	9.978245	73.20337	61.25222	255.67638	14.521084	400.0	400.0	211199	22.72754	14.152528	66.67981	-35.53518	-22.761974	0.11048551	2209.5811727046967
193	40.60866	10.188817	50.797478	30.419844	73.04305	52.73044	213.412	5.039185	400.0	400.0	212299	22.720945	14.181619	66.76956	-35.52363	-22.753954	0.112286195	2221.0052042007446
194	71.02515	66.25317	163.55962	12.020102	87.32558	60.137012	255.13826	-8.239393	400.0	400.0	213399	22.71219	14.174386	66.80801	-35.563137	-22.745085	0.11649617	2231.845338821411
195	41.85172	46.08306	106.59848	3.0467727	80.197754	51.63314	183.0589	17.96137	400.0	400.0	214499	22.730719	14.217516	66.93758	-35.64457	-22.761541	0.111466564	2243.507389307022
196	87.3191	95.461075	221.19493	5.3089414	50.98169	46.3356	175.67845	-1.3655066	400.0	400.0	215599	22.701807	14.248038	66.878746	-35.45847	-22.733295	0.12058377	2255.351485013962
197	52.711006	19.241953	71.95296	33.46905	70.48008	64.706436	223.86188	-5.630933	400.0	400.0	216699	22.724644	14.241714	67.00418	-34.949005	-22.756592	0.11247077	2267.610450029373
198	59.05183	78.73128	169.04434	-10.916314	62.52317	58.67869	176.75357	-0.6822368	400.0	400.0	217799	22.702808	14.258162	66.99446	-35.228943	-22.735498	0.10967685	2279.88920211792
199	43.240154	36.08678	91.38109	4.4992666	62.4112	44.87476	212.10432	11.991886	400.0	400.0	218899	22.682035	14.280473	67.048065	-36.632908	-22.713936	0.118295066	2291.335537672043
200	41.60281	19.636993	67.29911	19.633675	66.9835	39.571815	138.16954	-7.259452	400.0	400.0	219999	22.691498	14.276841	67.09554	-34.91864	-22.724146	0.11392317	2302.810655117035
201	90.58224	80.10448	170.68672	10.477759	77.489	51.71756	217.31364	14.811364	400.0	400.0	221099	22.715649	14.36555	67.143326	-34.837242	-22.748232	0.11598808	2314.6088013648987
202	31.245447	7.9302716	40.381985	21.044544	72.95206	81.170654	259.43506	0.5238488	400.0	400.0	222199	22.744469	14.358387	67.22925	-35.291775	-22.776388	0.11495415	2327.241280078888
203	80.08418	32.90083	124.63871	46.19368	59.465527	53.304382	197.33711	5.217938	400.0	400.0	223299	22.739279	14.349015	67.24277	-37.62411	-22.771324	0.116187274	2338.8237314224243
204	67.3809	56.531548	144.5814	10.786616	65.68224	58.772865	237.23178	-8.293075	400.0	400.0	224399	22.731506	14.365806	67.31114	-34.941723	-22.764416	0.121213295	2351.1988339424133
205	38.582817	18.131964	56.714783	20.450853	58.064087	45.45622	183.68698	-13.643658	400.0	400.0	225499	22.689247	14.367776	67.34416	-34.524136	-22.72152	0.11905334	2362.65282869339
206	94.6948	76.59108	186.77104	-0.7474152	80.18399	62.0856	279.7369	11.096772	400.0	400.0	226599	22.728317	14.358815	67.390526	-35.164104	-22.760754	0.1115655	2374.1239652633667
207	58.34146	69.193886	148.69833	-19.370306	62.310078	68.53548	249.9107	-6.7504544	400.0	400.0	227699	22.787336	14.3751955	67.4956	-35.030838	-22.819126	0.110009916	2385.8411321640015
208	57.545506	55.90712	136.04709	10.13783	72.36441	52.31387	175.64937	-7.3710217	400.0	400.0	228799	22.803225	14.437778	67.568436	-35.336758	-22.836966	0.13031578	2398.149358034134
209	47.8758	1.3351307	49.21093	46.54067	46.616287	22.73348	100.24278	11.296738	400.0	400.0	229899	22.727615	14.377182	67.64192	-37.13209	-22.759142	0.11632788	2409.83762717247
210	89.80807	33.09209	126.30672	46.191124	65.32015	57.728474	208.82788	4.173562	400.0	400.0	230999	22.756676	14.384374	67.56249	-35.555984	-22.787447	0.11367299	2420.6554288864136
211	49.58933	36.990456	87.91372	-0.40907097	53.18391	36.740288	134.4133	12.189043	400.0	400.0	232099	22.728912	14.401661	67.65021	-34.734596	-22.758083	0.11851546	2432.3794236183167
212	79.28486	62.299442	163.20903	14.098186	66.70366	57.738792	203.12517	5.2114143	400.0	400.0	233199	22.688385	14.360743	67.69042	-35.303436	-22.71812	0.1168577	2444.3418345451355
213	99.8729	58.8545	158.7274	41.018406	72.67708	46.43884	177.94081	0.5459303	400.0	400.0	234299	22.792606	14.482869	67.774704	-35.18107	-22.822248	0.112848885	2456.372193336487
214	115.91546	80.64479	174.45877	1.8801041	82.09292	66.72405	230.05888	-1.4039147	400.0	400.0	235399	22.894258	14.5888405	67.8245	-35.710663	-22.924847	0.11605042	2468.726491689682
215	49.34535	17.607662	74.17202	35.267136	55.398582	44.84257	199.15968	0.45957708	400.0	400.0	236499	22.854353	14.586854	67.82584	-35.685596	-22.883415	0.11178119	2482.140955209732
216	72.40926	17.066385	96.0955	56.5519	83.71443	74.31199	290.1149	0.27337185	400.0	400.0	237599	22.850061	14.564002	67.89945	-36.06983	-22.87939	0.119012296	2493.5196902751923
217	68.550735	27.28606	95.8368	41.26468	64.44951	52.54495	215.69221	-1.8814186	400.0	400.0	238699	22.844816	14.584176	68.02169	-35.913254	-22.87549	0.1213831	2504.7171478271484
218	62.75697	48.03009	127.01962	11.571299	62.048035	36.283417	161.84908	14.261438	400.0	400.0	239799	22.858063	14.6014595	68.02766	-36.40569	-22.889915	0.11324914	2517.3541378974915
219	41.43372	34.157196	89.73298	16.607847	60.38614	38.60799	146.77765	5.6514816	400.0	400.0	240899	22.882587	14.649339	68.04206	-36.189335	-22.914286	0.1084655	2529.402066230774
220	54.44534	31.137388	91.59297	15.393597	56.839294	56.649876	213.30762	2.958332	400.0	400.0	241999	22.842398	14.642215	68.13556	-36.699757	-22.874123	0.12450372	2542.6719789505005
221	28.863127	19.069086	47.932213	9.79404	73.92956	56.15982	223.03365	-1.7233309	400.0	400.0	243099	22.850988	14.604503	68.1554	-36.80649	-22.881815	0.11491494	2553.972681045532
222	64.04652	36.634445	111.410286	22.181423	58.819843	48.675957	199.34048	-15.6689415	400.0	400.0	244199	22.869696	14.587024	68.17826	-36.783276	-22.900366	0.11275366	2565.492799282074
223	45.35599	48.042522	112.91764	5.35473	55.291496	40.77962	175.77701	3.00017	400.0	400.0	245299	22.84793	14.616248	68.20549	-36.682446	-22.878437	0.10965587	2576.886990070343
224	47.17963	17.4599	71.50721	31.355398	98.146484	71.90602	275.21744	21.684582	400.0	400.0	246399	22.862167	14.551852	68.22733	-36.70317	-22.892895	0.11112265	2590.2064576148987
225	135.43567	91.18684	226.6225	44.248833	70.17497	57.275875	242.56049	5.494454	400.0	400.0	247499	22.890024	14.626917	68.31846	-36.810497	-22.920094	0.121663	2602.3075947761536
226	45.90262	17.463276	68.96284	26.71622	59.02871	58.069027	200.18636	7.119796	400.0	400.0	248599	22.931276	14.614758	68.27838	-36.70254	-22.961798	0.11144415	2614.6987478733063
227	73.74927	6.348554	79.92417	65.017426	85.8849	51.278076	200.78935	22.313452	400.0	400.0	249699	22.897642	14.577416	68.355545	-36.956905	-22.928001	0.1187016	2626.2467861175537
228	74.948654	37.28356	127.66264	47.58045	57.330463	50.411804	174.50078	-5.111035	400.0	400.0	250799	22.89747	14.557866	68.48756	-37.46528	-22.928646	0.12628308	2639.2603323459625
229	37.173996	1.0485249	38.22252	36.12547	62.159645	50.01956	199.38965	5.287682	400.0	400.0	251899	22.9215	14.549393	68.46976	-37.806377	-22.953016	0.11284319	2649.9437239170074
230	40.55112	12.569125	55.474716	24.726364	70.363235	36.474365	170.04987	9.198447	400.0	400.0	252999	22.921425	14.525575	68.494576	-37.645725	-22.9517	0.11669386	2661.9423666000366
231	100.31015	33.302696	140.53378	58.981625	61.455303	66.2243	267.6398	5.739946	400.0	400.0	254099	22.926306	14.546256	68.536224	-37.23179	-22.956425	0.11673968	2675.103021144867
232	55.84157	25.999071	92.19077	32.87328	65.40816	47.41659	201.71237	18.834846	400.0	400.0	255199	22.899982	14.507189	68.55468	-37.45851	-22.928753	0.1293601	2686.90873503685
233	19.837646	20.17556	40.013206	-0.33791283	83.674774	59.80194	228.3203	-10.923451	400.0	400.0	256299	22.885302	14.491332	68.54558	-37.069786	-22.91618	0.12151284	2699.9560177326202
234	38.89358	33.50562	86.20427	12.954855	68.46468	71.76552	244.81203	-15.458342	400.0	400.0	257399	22.90694	14.494803	68.48895	-37.25803	-22.936205	0.11412722	2711.522475719452
235	56.342815	24.555891	91.05623	38.13662	49.255165	39.63282	183.24345	4.264244	400.0	400.0	258499	22.90025	14.468617	68.55254	-38.058525	-22.929403	0.11905404	2723.6025173664093
236	36.86083	18.502058	63.016804	23.160078	60.09017	58.87371	204.64915	-4.2719383	400.0	400.0	259599	22.910915	14.482415	68.47001	-37.310078	-22.941376	0.12111112	2735.6782038211823
237	52.366302	19.04953	71.41583	33.316772	61.226685	61.37021	272.36847	-0.5729431	400.0	400.0	260699	22.868992	14.4477625	68.61221	-37.85703	-22.898672	0.12395698	2745.846854686737
238	46.025158	42.894367	98.21634	-6.8463726	84.725494	61.34221	216.99232	11.298015	400.0	400.0	261799	22.870445	14.447229	68.53012	-37.63513	-22.899752	0.12319534	2757.5434486865997
239	16.86725	19.705715	44.71268	1.9714772	54.998466	55.01775	182.44225	-8.993136	400.0	400.0	262899	22.871462	14.396334	68.55225	-36.573307	-22.901344	0.12606236	2769.001665353775
240	50.791824	18.499506	69.44171	25.577143	65.987404	49.159966	166.3847	-8.81905	400.0	400.0	263999	22.826466	14.420747	68.6017	-37.192802	-22.855122	0.12283623	2781.449112176895
241	31.38745	0.7583904	32.14584	30.629059	49.367714	61.174156	262.75336	0.08145607	400.0	400.0	265099	22.817621	14.401276	68.52709	-38.150215	-22.846256	0.1164596	2793.153664588928
242	62.0958	34.954468	102.9508	17.566965	76.94127	61.371098	202.90503	10.205196	400.0	400.0	266199	22.821024	14.367899	68.59151	-37.621025	-22.85109	0.12608504	2804.4901156425476
243	37.907597	33.790188	85.58737	11.302864	53.09425	38.39781	155.00159	-3.0078418	400.0	400.0	267299	22.812256	14.346077	68.596565	-37.389385	-22.84179	0.11841678	2816.559292793274
244	62.528126	56.908695	139.97818	4.855381	96.76985	75.40473	273.1192	12.739812	400.0	400.0	268399	22.827436	14.347827	68.55899	-37.08652	-22.856201	0.12421474	2828.4547164440155
245	86.89607	34.314587	121.210655	52.581482	57.752716	40.289253	197.25723	0.21640143	400.0	400.0	269499	22.880758	14.412908	68.638565	-37.53723	-22.911358	0.12793332	2839.3022458553314
246	33.1645	37.586975	72.19132	-17.603535	47.254967	28.597603	127.67077	14.235895	400.0	400.0	270599	22.87148	14.3829365	68.51246	-37.858498	-22.902018	0.111428514	2851.2297372817993
247	51.266937	24.263199	72.37427	17.284344	73.76283	60.499847	203.31598	-7.113127	400.0	400.0	271699	22.854523	14.363527	68.544945	-38.465275	-22.88362	0.12227093	2864.6705610752106
248	73.873535	55.843616	151.12859	21.05069	87.78639	70.535355	205.24942	-4.2733502	400.0	400.0	272799	22.890722	14.346188	68.550385	-36.506935	-22.920341	0.12338854	2875.457796573639
249	46.43005	1.6233673	48.053417	44.806683	53.664173	47.45242	241.04083	16.055712	400.0	400.0	273899	22.888557	14.386241	68.524185	-37.877724	-22.917469	0.11515468	2887.6661987304688
250	63.74719	31.71444	96.57576	20.867414	90.237404	73.18434	266.0319	0.8942881	400.0	400.0	274999	22.873692	14.301056	68.51123	-39.1586	-22.90221	0.11541186	2900.379946947098
