Epoch	AverageEpRet	StdEpRet	MaxEpRet	MinEpRet	AverageTestEpRet	StdTestEpRet	MaxTestEpRet	MinTestEpRet	EpLen	TestEpLen	TotalEnvInteracts	AverageQVals	StdQVals	MaxQVals	MinQVals	LossPi	LossQ	Time
1	94.26831	121.322784	215.5911	-27.05447	-160.8578	31.498442	-73.568504	-203.76407	400.0	400.0	1099	0.43028802	0.45110503	3.629654	-0.8384979	-0.44420907	0.021171322	3.1422736644744873
2	-10.608238	54.950146	60.273624	-73.63718	-51.666157	65.360535	89.28511	-171.09099	400.0	400.0	2199	0.9017455	1.6397873	17.183193	-7.399992	-1.0071808	0.012976861	13.617476463317871
3	26.688765	74.5441	105.9928	-73.11627	-50.253685	65.717186	98.60052	-166.10492	400.0	400.0	3299	1.6767961	3.3657856	18.101912	-9.557785	-1.8080099	0.016257958	23.371424198150635
4	11.269023	113.68207	113.618835	-147.27815	34.666885	79.87265	217.59764	-91.29635	400.0	400.0	4399	2.640487	5.3076186	18.98628	-10.462904	-2.796208	0.02919717	33.4663782119751
5	-28.012522	9.303034	-18.709488	-37.315556	36.816475	63.974354	234.77267	-61.849243	400.0	400.0	5499	3.1152961	7.3573103	25.705162	-14.633123	-3.2832887	0.054075617	43.46497178077698
6	47.73628	84.8847	153.6498	-54.15781	38.93994	74.82171	246.58873	-46.92287	400.0	400.0	6599	3.776936	8.956735	30.39791	-15.604701	-3.9526412	0.07471349	52.43363904953003
7	-3.1171396	30.693357	37.507732	-36.671104	45.57331	81.450134	265.4839	-129.64178	400.0	400.0	7699	4.660501	10.456691	30.420494	-16.327866	-4.843757	0.08606594	61.39542269706726
8	-47.4734	39.51892	-1.911036	-98.28441	15.94982	80.042786	177.15968	-102.96885	400.0	400.0	8799	5.0041747	11.970672	50.97186	-17.17432	-5.1870503	0.17045207	70.52408123016357
9	-77.92157	46.663116	-31.258451	-124.58469	57.174988	101.06859	248.79018	-128.70457	400.0	400.0	9899	5.136666	13.234874	58.74204	-18.230137	-5.336817	0.22234647	80.56570291519165
10	74.30392	87.08234	149.21294	-47.80566	7.3603616	64.72713	141.58148	-111.86492	400.0	400.0	10999	6.3230844	14.880996	52.671894	-29.129559	-6.542048	0.2663732	90.79903984069824
11	41.823444	106.57908	191.87866	-45.50145	15.396133	78.8522	188.76483	-127.784	400.0	400.0	12099	7.0639024	16.479837	54.07056	-29.977795	-7.2873025	0.28284773	99.90780091285706
12	154.59938	94.11471	223.67438	21.533457	6.030614	90.01103	167.04681	-164.87625	400.0	400.0	13199	8.508005	17.998543	56.084934	-31.556433	-8.733448	0.29351512	110.0654935836792
13	23.803833	57.070908	80.87474	-33.267075	-41.141323	62.882683	132.37935	-119.56056	400.0	400.0	14299	9.508194	19.409176	61.84338	-33.301735	-9.73563	0.31500563	119.31522822380066
14	35.634335	95.83931	137.77101	-92.5951	-62.231262	57.703922	82.937035	-156.4727	400.0	400.0	15399	10.390728	20.469995	58.892155	-34.70204	-10.610986	0.31068292	128.24391913414001
15	-68.758934	117.44903	96.69621	-164.12996	-102.31495	41.395714	-5.5615826	-170.8122	400.0	400.0	16499	7.712792	29.784166	528.3883	-324.23022	-7.9046183	2.3333127	137.2888367176056
16	-63.693604	57.071102	9.807829	-129.32027	-60.173393	61.47688	92.00965	-141.68816	400.0	400.0	17599	5.10704	37.184788	219.26251	-315.41098	-5.3010573	1.3612038	147.76350927352905
17	-77.87254	36.571556	-41.300987	-114.4441	-27.750027	63.1693	115.40844	-129.80656	400.0	400.0	18699	3.8982067	39.410755	155.43163	-310.46735	-4.0889993	1.0384195	156.9009952545166
18	-58.94367	69.37912	16.427744	-151.03117	2.0178657	110.809074	185.01154	-174.65184	400.0	400.0	19799	2.9665265	40.185093	128.14012	-306.90274	-3.165301	0.80330366	165.99625897407532
19	-76.955666	21.405987	-48.826805	-100.71029	-1.8051697	112.22817	243.76585	-157.32233	400.0	400.0	20899	2.6340218	40.47311	132.42102	-306.16754	-2.8439157	0.7887264	175.4759840965271
20	-92.00635	51.02125	-20.80787	-137.74632	73.09779	155.2051	292.4154	-187.19106	400.0	400.0	21999	1.1577853	42.11773	89.49384	-303.76553	-1.3796475	0.66426283	185.74068927764893
21	129.0585	132.31833	261.37683	-3.2598145	0.015504027	151.16075	283.43253	-163.16713	400.0	400.0	23099	0.81456625	43.686066	120.168175	-305.86133	-1.0479102	0.8182553	196.05811882019043
22	79.20905	188.48245	276.22256	-174.78954	150.4755	144.93304	290.06888	-186.59453	400.0	400.0	24199	0.9787435	45.336826	149.584	-307.03558	-1.2332839	1.0206918	204.33132457733154
23	190.17033	87.176544	260.87518	67.35224	192.96495	97.6385	275.97586	-79.665245	400.0	400.0	25299	2.4401183	46.722267	103.651115	-305.7463	-2.7114015	0.73762083	213.50804042816162
24	8.025345	187.95935	271.92593	-151.50105	144.83801	156.50261	298.3963	-162.32896	400.0	400.0	26399	3.4461498	46.87012	99.82828	-304.78067	-3.7242525	0.84084225	222.65810561180115
25	36.41951	180.67563	217.09514	-144.25612	222.13066	120.877495	311.6086	-111.07731	400.0	400.0	27499	4.3289475	46.95775	103.28043	-304.53964	-4.61153	0.80761164	231.69263100624084
26	134.91093	196.34157	280.2198	-142.65572	226.41023	112.886566	305.2852	-170.34944	400.0	400.0	28599	5.160802	47.36402	118.687065	-302.979	-5.4476542	0.93251467	240.90217447280884
27	261.96277	44.945507	310.6587	202.23575	222.17911	83.838425	287.83344	-44.011425	400.0	400.0	29699	6.9328904	48.053116	126.344734	-302.29654	-7.2259593	1.1163217	250.01688432693481
28	219.99202	35.89751	268.24707	182.20671	249.78056	22.08604	311.42657	222.36115	400.0	400.0	30799	9.046333	48.520256	103.94093	-298.33148	-9.348458	0.97811544	259.053062915802
29	200.70819	35.322823	236.03102	165.38538	201.72061	110.992744	277.44183	-132.14981	400.0	400.0	31899	11.096382	49.12709	187.99156	-302.17902	-11.404886	1.1721505	268.3299434185028
30	130.23396	204.89478	283.23636	-159.37636	245.73994	89.12144	316.25204	-122.807785	400.0	400.0	32999	12.371711	49.44579	110.77575	-300.09366	-12.682869	1.2528722	277.1927728652954
31	125.31191	145.39304	244.4914	-79.38431	192.38138	148.23878	322.42905	-128.67322	400.0	400.0	34099	14.0986	50.066597	233.07466	-299.76892	-14.422558	1.4307724	287.72855830192566
32	235.57928	35.816742	285.6406	203.866	226.45769	106.55545	286.76743	-151.19626	400.0	400.0	35199	15.766613	50.978745	106.20175	-302.999	-16.103247	1.3321713	298.0098192691803
33	266.0901	7.8893127	273.9794	258.20078	226.97635	131.83484	313.78732	-215.52814	400.0	400.0	36299	17.888628	51.49315	131.48242	-301.826	-18.240618	1.2750176	307.39915657043457
34	251.13835	9.328656	264.16382	242.81213	237.14568	37.970306	281.49576	151.84613	400.0	400.0	37399	20.376938	51.881134	121.82104	-298.68787	-20.723663	1.284946	316.3926863670349
35	273.48843	7.226894	281.89276	264.24966	242.83011	83.69978	316.152	-95.59691	400.0	400.0	38499	22.314844	52.417282	166.3284	-298.12592	-22.665031	1.4183465	325.3116009235382
36	199.21501	50.754856	270.2763	154.92065	164.36702	145.45099	264.46527	-201.87152	400.0	400.0	39599	24.259724	52.50847	152.67879	-295.87213	-24.633005	1.7909919	334.6503539085388
37	220.02824	33.76413	253.79237	186.26411	160.01425	159.23505	271.05997	-205.72083	400.0	400.0	40699	26.222164	52.712883	138.52274	-295.53583	-26.597092	1.4786066	343.608366727829
38	250.709	13.563172	269.1356	236.88213	190.02945	120.49867	280.2382	-165.51942	400.0	400.0	41799	28.213844	52.998863	230.6856	-294.22128	-28.594248	1.7258252	352.2925007343292
39	233.97057	33.76219	270.94275	189.3192	200.92444	128.30028	272.50262	-215.194	400.0	400.0	42899	30.209055	53.024055	122.49694	-293.46805	-30.592567	1.3541155	361.2355878353119
40	244.35527	11.5972395	253.90363	228.03268	177.48766	150.36426	278.01276	-200.41533	400.0	400.0	43999	32.098255	53.16912	160.8176	-288.31207	-32.488533	1.6043923	371.84554839134216
41	256.87085	5.017433	261.88828	251.85341	227.4139	33.804237	268.51657	151.2395	400.0	400.0	45099	33.90012	53.34369	130.40587	-286.55496	-34.298466	1.5139953	381.00246143341064
42	227.09723	13.634336	244.6438	211.40071	209.10953	95.503075	251.11621	-202.86996	400.0	400.0	46199	35.884228	53.233868	128.94	-282.9281	-36.286175	1.3661706	389.8419270515442
43	223.1974	25.972984	254.02757	190.49014	207.63608	35.06457	245.59927	103.01266	400.0	400.0	47299	37.61342	53.043915	149.74849	-280.89944	-38.01504	1.4770443	399.3066086769104
44	228.85864	12.669655	239.35074	211.03415	181.08101	99.38685	254.2375	-204.08435	400.0	400.0	48399	39.23689	53.064312	216.75514	-282.119	-39.65101	1.6205916	409.9069573879242
45	211.42174	33.601364	245.0231	177.82037	208.88602	36.833958	259.51855	76.95943	400.0	400.0	49499	40.754837	52.758377	145.85196	-277.04047	-41.147434	1.5659279	418.9147529602051
46	230.55653	6.001214	238.82379	224.7612	180.08527	85.44695	242.28656	-30.81154	400.0	400.0	50599	42.238525	52.503815	223.40645	-286.59747	-42.634785	1.7514232	427.3188784122467
47	214.86731	17.056986	237.9697	197.30603	185.16776	49.891678	244.34174	59.5106	400.0	400.0	51699	43.730743	52.375668	153.64551	-270.0847	-44.14557	1.4717516	437.99831438064575
48	167.44484	55.051956	220.65395	91.61965	188.5789	57.343708	250.88705	55.880352	400.0	400.0	52799	45.11629	52.206013	119.40275	-270.81458	-45.538723	1.3235809	447.2232332229614
49	176.78174	29.700668	206.4824	147.08107	206.71542	39.196682	247.47185	140.324	400.0	400.0	53899	46.180786	52.428932	144.47076	-266.37317	-46.575447	1.5392381	455.9290409088135
50	233.95447	5.8480268	240.89467	226.58894	213.9097	31.514223	247.61313	142.46239	400.0	400.0	54999	47.442505	52.03552	203.04558	-273.54318	-47.840775	1.8684424	466.293021440506
51	220.70618	18.482803	242.29376	197.14903	192.5004	86.50925	232.43085	-168.74197	400.0	400.0	56099	48.593994	51.73524	135.15636	-263.47604	-49.00829	1.3268713	475.32020831108093
52	221.09062	4.641321	224.77562	214.54404	165.97452	118.37435	244.1	-175.41856	400.0	400.0	57199	49.95992	51.29556	149.30975	-243.64227	-50.375084	1.3316588	484.3366026878357
53	217.51285	9.0045395	226.5174	208.50832	178.8888	126.53385	308.86606	-151.83673	400.0	400.0	58299	51.093132	50.859158	228.40443	-242.95232	-51.505947	1.5279448	493.39721155166626
54	28.88511	155.93764	161.4301	-190.02647	191.2663	119.45455	259.83087	-157.76604	400.0	400.0	59399	51.354996	50.800156	238.59608	-245.80447	-51.751945	1.5171058	504.1396610736847
55	114.34727	167.02881	250.39624	-120.907425	209.45816	92.596306	260.8791	-181.8429	400.0	400.0	60499	51.977966	50.53731	135.5153	-244.38362	-52.36952	1.2879407	514.5078461170197
56	204.53365	18.19508	220.82745	179.13927	226.84888	28.79188	261.09134	168.62909	400.0	400.0	61599	52.468082	50.306576	135.33278	-245.75975	-52.866802	1.3973657	523.6660416126251
57	232.37357	5.9922333	238.3658	226.38133	205.47058	45.37278	269.26523	47.643196	400.0	400.0	62699	53.33903	49.99934	159.03183	-245.48138	-53.72175	1.458178	532.7486770153046
58	248.91847	16.626402	261.41864	225.42122	225.58533	32.880074	269.59317	122.79332	400.0	400.0	63799	54.27317	49.67094	147.1154	-246.18808	-54.66378	1.2823839	541.7798578739166
59	243.27342	15.618653	256.16348	221.2946	204.10915	91.63067	275.02274	-182.54631	400.0	400.0	64899	55.182945	49.105495	153.7522	-243.48842	-55.570194	1.2971252	550.7549216747284
60	213.80713	13.92418	225.6694	194.2639	179.60567	117.24086	262.4055	-175.39288	400.0	400.0	65999	55.828327	48.824345	200.86395	-241.8206	-56.20051	1.8087295	560.0526745319366
61	244.15558	2.518097	246.67368	241.63748	208.3942	84.94841	248.34023	-150.15309	400.0	400.0	67099	56.61777	48.352528	136.21124	-241.41875	-56.9992	1.1939116	570.2128262519836
62	197.55676	33.246136	240.225	159.11931	214.72575	91.835915	262.306	-181.52014	400.0	400.0	68199	57.28132	47.90571	136.74226	-239.96252	-57.66115	1.3399833	579.3536856174469
63	217.69652	12.182274	229.66063	200.97868	211.66621	18.97323	237.35588	166.19441	400.0	400.0	69299	57.888783	47.6227	139.40378	-242.22397	-58.266933	1.2353188	588.7636258602142
64	91.17785	161.76964	207.45363	-137.58853	172.13315	76.78247	229.60654	-141.01413	400.0	400.0	70399	58.39183	47.453857	143.61024	-239.86238	-58.77317	1.2798855	599.342636346817
65	171.70227	57.136364	228.83864	114.56591	198.98366	26.995506	233.77931	137.6046	400.0	400.0	71499	58.589592	47.320156	174.02429	-235.38947	-58.97676	1.4242402	610.1274528503418
66	134.15805	126.897255	227.14575	-45.26186	183.89877	27.5301	223.28618	118.53016	400.0	400.0	72599	59.09049	47.199707	134.50864	-233.79454	-59.46622	1.2839936	619.3305530548096
67	12.545924	164.14233	231.93102	-162.84818	172.76164	88.592896	267.35934	-160.88293	400.0	400.0	73699	59.30643	46.79871	381.71466	-237.15477	-59.672714	1.9860485	628.4630770683289
68	220.23781	11.34247	233.18047	205.5602	186.78143	62.754494	270.95374	47.633495	400.0	400.0	74799	59.49723	46.463387	139.98346	-233.51845	-59.8662	1.1396307	637.542028427124
69	148.14984	57.885506	206.03534	90.26433	190.34682	61.57495	275.53476	76.83399	400.0	400.0	75899	59.99458	45.886837	148.79343	-229.68471	-60.369125	1.2819815	646.5720844268799
70	217.15858	16.503725	240.43819	204.06805	174.41216	105.21855	256.19247	-124.05245	400.0	400.0	76999	60.522026	45.512203	124.01519	-230.24167	-60.90316	1.1909975	656.2597646713257
71	254.38454	3.7651002	258.02066	249.1978	216.04097	56.592766	275.47382	83.1471	400.0	400.0	78099	61.01336	45.13509	154.82065	-229.54695	-61.399235	1.3341895	665.5824384689331
72	111.609344	181.37073	255.32338	-144.23874	181.58226	91.74628	274.7969	-167.76381	400.0	400.0	79199	61.55056	44.57938	136.25128	-234.14201	-61.954025	1.2207427	675.2934625148773
73	236.92679	28.400269	265.32706	208.52652	197.75317	44.977932	266.15497	90.415565	400.0	400.0	80299	61.75953	44.264244	144.00359	-235.46005	-62.156975	1.2469418	685.1116306781769
74	190.0623	17.01616	213.79575	174.75078	161.69345	33.651936	226.31316	93.78082	400.0	400.0	81399	62.224445	43.832283	150.97968	-231.76137	-62.616917	1.178519	694.7601957321167
75	155.7533	59.3465	213.13196	74.01891	179.60722	29.88023	238.7038	123.3722	400.0	400.0	82499	62.455353	43.56947	165.8861	-236.92929	-62.853706	1.3077892	703.1531319618225
76	156.4763	49.884144	202.2149	87.0922	170.54324	36.23866	217.88667	81.45943	400.0	400.0	83599	63.097805	42.964664	182.26912	-234.06354	-63.496365	1.0596261	711.853120803833
77	154.83612	8.745819	163.58194	146.0903	174.56897	22.115627	202.11746	99.50654	400.0	400.0	84699	63.457497	42.82273	195.83644	-234.41348	-63.852097	1.2778264	721.4298646450043
78	185.33702	4.7695513	189.52362	178.66362	194.07774	17.66249	220.35646	154.52155	400.0	400.0	85799	63.74224	42.716892	206.21078	-238.6886	-64.14234	1.39608	730.9574201107025
79	212.38544	0.7736523	213.41637	211.55264	196.40634	25.536406	230.4198	103.46776	400.0	400.0	86899	64.34397	42.493584	218.09605	-240.45055	-64.75232	1.1378212	740.3223538398743
80	217.02283	7.3771496	227.4462	211.42596	179.50723	78.61177	217.421	-144.97696	400.0	400.0	87999	64.93762	42.217075	228.56877	-243.42076	-65.33704	1.275181	749.3282096385956
81	188.5801	32.15805	220.73814	156.42204	204.12971	22.515036	228.79768	158.59367	400.0	400.0	89099	65.33947	42.133152	237.83397	-240.81606	-65.73841	1.5173774	758.6940922737122
82	147.33803	49.949814	199.10072	79.82805	177.82776	45.19672	234.19414	84.2671	400.0	400.0	90199	65.66326	41.91845	236.82445	-236.35852	-66.040215	1.1702098	767.8119173049927
83	210.12553	5.804229	215.96275	202.20905	202.53925	78.07448	247.47975	-114.344025	400.0	400.0	91299	66.01192	41.729656	238.69849	-235.0652	-66.39007	1.1408472	777.7242863178253
84	162.44409	17.574144	178.57167	138.00343	204.53485	20.798542	248.15508	166.48305	400.0	400.0	92399	66.14756	41.553017	242.94345	-240.44055	-66.5294	1.3127633	786.771205663681
85	204.03085	8.021843	212.05269	196.009	191.27481	21.607073	230.37779	144.11484	400.0	400.0	93499	66.61493	41.259438	240.5804	-237.11958	-67.01332	1.135633	796.0823774337769
86	218.855	42.343624	253.28831	159.20918	193.28117	21.837395	246.47719	145.3053	400.0	400.0	94599	66.97557	41.100677	238.2642	-238.21208	-67.381836	1.3659688	805.3856039047241
87	196.2741	5.6658134	202.9016	189.06042	190.69478	46.892647	239.54126	91.840614	400.0	400.0	95699	67.4389	40.929153	235.90802	-237.00569	-67.8427	1.214501	814.8296768665314
88	197.9706	8.277948	208.55203	188.34265	147.49516	117.12184	219.52824	-133.37126	400.0	400.0	96799	67.75942	40.745304	233.63914	-232.09593	-68.1603	1.052745	825.9196419715881
89	211.14456	5.4514847	216.59605	205.69308	102.664024	131.69238	199.69556	-163.62958	400.0	400.0	97899	68.094475	40.49861	229.78212	-235.2555	-68.491615	1.1387391	835.521163225174
90	122.43704	106.38197	202.75372	-27.892128	191.85556	9.943754	206.85938	168.5354	400.0	400.0	98999	68.55253	40.420208	523.9658	-235.95387	-68.94939	1.0434711	846.5738935470581
91	81.2544	159.4131	194.3367	-144.18939	150.82228	105.27209	200.72984	-163.54417	400.0	400.0	100099	69.33458	43.394257	1556.0104	-231.81142	-69.72839	1.0522155	855.6629154682159
92	196.10826	10.500991	206.7903	181.83266	150.53749	97.649994	210.05057	-136.94235	400.0	400.0	101199	70.95426	56.325993	1605.4956	-223.40332	-71.34108	1.2671169	864.9230802059174
93	27.134003	160.56723	187.70123	-133.43323	165.77658	76.86962	209.32445	-160.23743	400.0	400.0	102299	72.05284	60.176598	1500.6581	-224.33963	-72.43992	1.2110289	874.2944314479828
94	195.50752	12.345305	212.12979	182.572	188.3673	23.579521	213.42343	103.13688	400.0	400.0	103399	72.64457	61.594578	1469.5349	-221.3189	-73.03151	1.1125965	883.6421236991882
95	196.05127	14.650169	208.10333	175.43065	186.36868	17.13733	214.7362	158.71283	400.0	400.0	104499	72.92875	59.8132	1442.5145	-214.21545	-73.31081	1.1498613	892.9594042301178
96	190.75423	13.041891	209.08972	179.85631	181.98254	13.165426	199.34615	159.60028	400.0	400.0	105599	73.19092	59.114	1400.7089	-202.18321	-73.57201	1.1964768	903.9113233089447
97	189.02646	17.84378	206.87024	171.18268	163.38115	82.03774	206.76869	-156.227	400.0	400.0	106699	73.24407	57.857906	1362.6763	-197.0772	-73.62964	1.0779829	913.4769532680511
98	203.08124	3.3093932	207.455	199.45187	166.98691	85.143196	207.94797	-165.3153	400.0	400.0	107799	73.522804	56.633884	1334.8345	-194.9674	-73.9	1.0927559	922.8183324337006
99	199.71399	8.793345	207.96808	187.53171	184.24606	14.48977	205.5712	156.23691	400.0	400.0	108899	73.75305	55.514385	1301.4076	-193.28326	-74.132454	1.1832961	932.3091320991516
100	76.27736	171.7891	204.22049	-166.55214	136.3699	108.25011	209.25471	-153.86801	400.0	400.0	109999	73.85465	54.11089	1272.483	-189.75311	-74.232895	1.0494971	941.6299188137054
101	189.74603	6.9185257	196.66457	182.82751	180.95273	25.26308	209.99268	124.040085	400.0	400.0	111099	75.05481	60.657303	1236.7557	-189.26678	-75.44183	1.2706175	951.5014221668243
102	74.25707	160.11409	206.27379	-151.0732	198.18393	24.841896	223.76306	121.818375	400.0	400.0	112199	75.295685	58.559525	1203.7029	-195.24867	-75.67029	1.0619087	960.7100355625153
103	186.06197	4.9486437	189.82089	179.07011	189.6841	34.27263	233.1609	105.57138	400.0	400.0	113299	75.40107	58.660507	1179.4323	-191.12004	-75.76017	1.5678216	970.2455306053162
104	163.66069	21.713926	188.90797	135.89859	182.91179	30.145664	221.9439	123.78614	400.0	400.0	114399	75.18806	56.47247	1146.3411	-190.84373	-75.539185	1.1061405	979.5611567497253
105	191.59003	10.707909	202.29794	180.88213	180.23056	27.307112	209.60382	114.70172	400.0	400.0	115499	74.98425	55.597477	1116.5405	-202.68205	-75.32601	1.0776744	989.1098446846008
106	168.32176	30.891169	190.63484	124.63844	156.581	77.219406	210.77368	-162.78758	400.0	400.0	116599	75.033195	54.801407	1095.7513	-198.90157	-75.36651	1.1550157	998.9953348636627
107	167.4341	9.886672	181.23221	158.5784	180.26106	35.575027	219.88892	86.46811	400.0	400.0	117699	74.67299	52.544605	1063.0369	-197.90334	-75.00833	1.1823901	1010.0421996116638
108	157.2688	15.582718	179.15271	144.07907	160.71487	81.00764	227.4664	-160.85727	400.0	400.0	118799	74.5592	51.402428	1031.5339	-223.58757	-74.88496	1.1348658	1020.8955733776093
109	196.65652	4.787216	201.44374	191.86931	166.90993	60.44319	233.5967	19.85677	400.0	400.0	119899	74.279854	50.49382	1006.62067	-198.13293	-74.60143	1.3132164	1031.8100039958954
110	164.30171	44.15336	199.86769	102.07128	176.50102	54.136898	237.92749	66.98242	400.0	400.0	120999	74.2043	50.011486	976.775	-204.97076	-74.51459	1.0322673	1041.0756928920746
111	186.93361	5.4456735	191.05196	179.23862	159.12038	32.816093	246.14531	91.64896	400.0	400.0	122099	73.78384	48.694473	956.78705	-210.0637	-74.08725	0.96182305	1050.141949892044
112	209.40344	24.838425	244.52711	191.43327	156.55482	44.8809	208.20752	26.623089	400.0	400.0	123199	73.492134	47.313007	938.4304	-211.04523	-73.794014	1.1196473	1059.7599108219147
113	191.43002	7.952301	199.38232	183.47772	170.93048	56.6819	231.97499	12.461288	400.0	400.0	124299	73.257126	46.983063	913.5843	-212.63086	-73.55401	0.9706302	1069.611427307129
114	176.2649	23.492786	199.42659	144.05594	166.37036	49.674	233.45065	48.955914	400.0	400.0	125399	73.00982	45.387157	886.9351	-210.6344	-73.30407	1.2788914	1079.419341802597
115	205.82558	11.8182125	221.75447	193.47844	172.28632	69.83234	227.53691	-17.340544	400.0	400.0	126499	72.648506	44.357788	863.45184	-213.96968	-72.93791	1.12971	1088.1882991790771
116	193.5447	14.589387	212.59355	177.15506	158.00525	43.65855	206.19821	59.54142	400.0	400.0	127599	72.29893	43.650684	847.7481	-210.36624	-72.58245	0.9294136	1099.0985157489777
117	171.76263	0.04336548	171.806	171.71927	118.682785	120.132225	220.38216	-219.4239	400.0	400.0	128699	72.021355	42.7607	823.4746	-200.78328	-72.292656	0.91875005	1108.7776176929474
118	168.71797	31.334387	203.96114	127.83257	167.18591	40.534573	209.60399	31.349585	400.0	400.0	129799	71.5383	41.716743	804.7144	-184.5314	-71.8032	0.9860407	1117.5053515434265
119	177.7959	35.077145	212.31328	129.68236	174.7638	63.242336	240.68356	-20.342716	400.0	400.0	130899	71.25933	40.246227	783.99963	-169.43745	-71.52095	0.8795552	1126.2458980083466
120	197.30672	11.578899	210.30904	182.18517	198.37535	35.27557	236.08476	74.329926	400.0	400.0	131999	70.85383	40.106564	758.8973	-161.54793	-71.104515	0.84284866	1135.610455751419
121	213.01534	2.3320007	215.34734	210.68333	193.80971	25.614388	222.15862	110.197624	400.0	400.0	133099	70.46062	39.074287	745.9201	-153.61656	-70.706696	0.9920854	1145.0520844459534
122	196.76424	10.154753	206.83951	182.86403	186.68149	22.684498	213.65889	120.63886	400.0	400.0	134199	70.128075	38.65646	724.9091	-147.78241	-70.37414	0.85687053	1154.6055648326874
123	199.51753	7.7214513	209.95079	191.50957	188.54916	31.79316	207.79808	61.717934	400.0	400.0	135299	69.72616	37.63786	707.4669	-140.30217	-69.970345	0.7788901	1165.7703149318695
124	187.35674	13.750349	202.74525	169.36668	162.36478	97.91387	212.30434	-226.56076	400.0	400.0	136399	69.43101	37.069233	681.37695	-139.94658	-69.67469	0.82121456	1175.5310971736908
125	210.1152	4.702507	214.8177	205.41269	202.3328	19.838642	223.06805	143.09338	400.0	400.0	137499	69.07073	36.37754	665.62524	-143.08023	-69.31064	0.94051826	1186.131076335907
126	214.16559	7.5240936	220.03165	203.54427	165.77217	86.80247	218.20149	-191.25664	400.0	400.0	138599	68.764824	35.496407	647.6744	-141.38028	-69.00597	0.81245625	1195.0427660942078
127	198.94072	10.000593	209.79013	185.65881	184.5383	42.774025	222.26224	38.509594	400.0	400.0	139699	68.44027	34.998394	633.8576	-143.2474	-68.681816	0.7956853	1203.7915813922882
128	192.61995	15.008616	205.02505	171.50188	182.1156	37.278683	219.21782	55.404896	400.0	400.0	140799	68.247185	34.18673	611.1531	-143.41193	-68.48709	0.77068466	1214.846358537674
129	214.11905	3.0770416	217.19609	211.042	197.5347	21.569666	231.48546	165.12613	400.0	400.0	141899	67.93529	33.691654	592.34485	-143.88245	-68.174706	0.74334615	1224.077935218811
130	195.17938	8.232752	206.60083	187.51155	177.0582	36.91196	230.05408	79.7909	400.0	400.0	142999	67.63434	33.10603	588.2719	-147.38867	-67.87631	0.853509	1233.2570490837097
131	162.83328	20.237452	181.7583	134.77737	152.28493	43.833256	211.58675	64.70282	400.0	400.0	144099	67.4567	32.676456	559.1935	-147.21637	-67.70113	0.66167766	1242.715879201889
132	41.256046	149.23645	184.41553	-164.62299	180.47151	27.227224	210.49254	113.18853	400.0	400.0	145199	67.389084	32.789948	549.87506	-150.65031	-67.63071	0.8142117	1251.844645023346
133	183.79147	28.22062	212.0121	155.57086	179.02011	15.30423	203.42477	136.52037	400.0	400.0	146299	67.18693	32.453552	523.6485	-149.78642	-67.42585	0.66141087	1261.4677062034607
134	168.13875	15.29465	184.51701	147.71426	177.61935	25.400372	197.78767	77.733055	400.0	400.0	147399	66.91234	31.91913	514.73566	-153.87943	-67.14857	0.7060778	1271.105463027954
135	177.44337	23.944572	195.14815	143.5926	172.76651	12.852897	192.2988	149.42282	400.0	400.0	148499	66.724785	31.626663	496.2187	-153.17477	-66.959076	0.77942175	1280.7533433437347
136	183.86021	4.9050536	190.3344	178.46603	176.31863	16.248556	205.03807	144.02203	400.0	400.0	149599	66.546074	31.133408	491.6812	-150.66707	-66.77383	0.64577746	1290.7542464733124
137	196.10397	2.0050278	198.109	194.09894	184.42667	23.580957	235.39844	143.38722	400.0	400.0	150699	66.313194	30.646416	472.54767	-150.03972	-66.53651	0.58036697	1299.9938349723816
138	187.57344	14.674092	200.34258	167.02182	206.20976	24.126581	262.40857	146.23854	400.0	400.0	151799	65.97044	30.599823	457.1714	-149.39459	-66.184074	0.66354996	1308.8157935142517
139	182.05501	17.236877	197.03973	157.91158	194.6889	19.151344	221.28526	149.02559	400.0	400.0	152899	65.70608	29.868662	436.9791	-149.82002	-65.91722	0.5914219	1318.4447329044342
140	173.13487	15.6730385	184.33707	150.97028	201.03134	15.212872	227.84312	175.33232	400.0	400.0	153999	65.422844	29.555037	428.68222	-151.59973	-65.63145	0.6114287	1327.9038579463959
141	200.54028	10.201683	210.74196	190.3386	214.94275	15.698942	236.56847	179.09506	400.0	400.0	155099	65.2147	29.428219	411.6452	-148.3753	-65.42185	0.6015875	1339.042069196701
142	187.05379	24.057293	218.98456	160.91737	187.08304	24.808615	229.22414	147.30006	400.0	400.0	156199	65.00582	29.012613	398.91046	-149.58206	-65.21262	0.627873	1348.6128528118134
143	211.93907	17.391584	225.70786	187.40486	217.01375	24.99391	259.6475	152.8641	400.0	400.0	157299	64.78148	28.73183	389.3505	-150.21587	-64.986374	0.6131239	1358.5377504825592
144	233.98424	5.5622916	240.033	226.60463	202.74664	29.440735	261.36313	153.7129	400.0	400.0	158399	64.47054	28.561455	375.9196	-146.35281	-64.67481	0.61916745	1368.3231151103973
145	207.06906	3.2501602	210.31921	203.8189	219.54585	26.272558	268.21432	184.09015	400.0	400.0	159499	64.30526	28.263674	364.07953	-149.41585	-64.510216	0.58902043	1377.7795279026031
146	223.64085	2.9188588	227.4209	220.3145	210.47832	25.891375	256.91986	162.66345	400.0	400.0	160599	64.09687	27.982962	354.28967	-148.0611	-64.30004	0.57037383	1387.8121359348297
147	248.7368	9.939634	262.24634	238.61844	216.38364	30.247799	266.95654	160.49495	400.0	400.0	161699	64.04633	27.785925	343.0452	-146.33931	-64.25064	0.5910779	1397.5949819087982
148	220.97966	17.790136	240.99663	197.77177	216.13968	19.04156	244.49292	189.63145	400.0	400.0	162799	63.69583	27.648499	441.69904	-142.79007	-63.89899	1.0528227	1407.179597377777
149	220.7355	2.6796494	223.41516	218.05586	182.29735	84.52274	234.43924	-174.90375	400.0	400.0	163899	63.526733	27.574518	319.39716	-144.17159	-63.730633	0.5805109	1417.0354030132294
150	212.40808	16.524519	233.62346	193.3139	198.73685	26.162138	231.43082	127.30717	400.0	400.0	164999	63.506836	27.334873	313.6311	-139.27371	-63.71421	0.5704813	1426.6207818984985
151	189.12856	13.591916	207.59262	175.26845	195.93614	21.77234	230.94547	151.2629	400.0	400.0	166099	63.32945	27.185234	302.4466	-135.73528	-63.53101	0.54189306	1437.4950594902039
152	220.46484	16.290604	233.64848	197.5109	192.9119	21.86795	227.43668	130.2572	400.0	400.0	167199	63.141994	27.0428	307.60583	-141.52702	-63.33966	0.59617454	1447.535945892334
153	197.77557	34.18461	231.96019	163.59097	200.72134	25.209005	233.79375	140.4518	400.0	400.0	168299	63.04507	26.78546	284.99982	-136.19093	-63.243183	0.61449754	1458.3191673755646
154	189.37477	8.115652	198.88646	179.05641	192.363	24.474302	232.59776	129.34497	400.0	400.0	169399	62.93237	26.629906	279.7106	-131.27753	-63.128784	0.6263465	1467.9112558364868
155	187.2768	21.929176	216.07492	162.91109	198.91849	20.235104	228.72969	139.97382	400.0	400.0	170499	62.85018	26.408052	269.3965	-131.336	-63.049637	0.5360409	1476.9485671520233
156	184.64929	16.30206	203.34688	163.61992	200.86284	17.747974	225.02553	158.95834	400.0	400.0	171599	62.766872	26.248426	260.21545	-125.91007	-62.966194	0.59513354	1486.7381420135498
157	186.85217	10.955528	197.80771	175.89665	174.30885	81.54117	217.74513	-175.75415	400.0	400.0	172699	62.54846	26.410767	254.5059	-128.81636	-62.74756	0.5734572	1497.5726525783539
158	212.6209	9.230748	222.17523	200.14009	201.94833	19.29276	241.27847	158.30736	400.0	400.0	173799	62.497696	26.15362	247.27873	-125.198814	-62.69372	0.5329418	1507.1680958271027
159	190.97874	7.792436	200.95862	181.94101	190.77481	16.533026	229.3436	163.38873	400.0	400.0	174899	62.37842	26.177149	241.93729	-120.908844	-62.579403	0.496254	1516.796095609665
160	195.26643	2.8327363	197.95142	191.34912	197.3761	15.835411	222.15433	167.31876	400.0	400.0	175999	62.393456	26.049112	236.61037	-121.639465	-62.59778	0.59210724	1526.4025709629059
161	204.91368	7.177948	212.09163	197.73573	185.19997	20.494684	224.2695	128.49557	400.0	400.0	177099	62.302895	26.064884	227.75246	-121.461105	-62.508068	0.66191703	1536.3515877723694
162	178.87517	12.667341	188.82321	160.99884	206.35239	28.460146	252.2558	174.45226	400.0	400.0	178199	62.1912	26.140863	222.94183	-120.45296	-62.39655	0.56169105	1547.2801382541656
163	210.21425	14.6207285	222.43933	189.66014	193.86043	17.110611	216.22552	164.35771	400.0	400.0	179299	62.27208	26.01234	215.96867	-120.74016	-62.48054	0.5262335	1556.5730810165405
164	191.09753	5.4235253	198.71745	186.52954	185.19493	16.56736	214.47357	158.70613	400.0	400.0	180399	62.253273	26.034788	206.4641	-123.14743	-62.46093	0.66918343	1567.3373641967773
165	192.92734	17.60028	210.52762	175.32706	202.2515	11.609129	216.79816	167.2329	400.0	400.0	181499	62.162785	26.120958	204.64417	-119.68918	-62.37397	0.55160624	1576.8671605587006
166	194.38799	10.680554	202.32062	179.28989	197.17348	24.449783	229.8395	153.43567	400.0	400.0	182599	62.21206	26.084332	195.8936	-122.5121	-62.419964	0.7579466	1586.5433325767517
167	180.15068	14.290136	192.916	160.19978	200.5244	18.40997	228.22987	162.90843	400.0	400.0	183699	62.19912	26.102364	193.58134	-124.37934	-62.407726	0.49948984	1595.986100435257
168	215.34753	3.1316867	219.70192	212.46983	196.63043	20.260862	220.76404	155.96327	400.0	400.0	184799	62.23141	26.066217	188.07103	-129.58272	-62.43862	0.5148849	1605.3781352043152
169	193.18172	27.808365	220.99008	165.37335	196.12646	24.554201	223.09354	139.6648	400.0	400.0	185899	62.175755	26.176708	185.7331	-127.89658	-62.382557	0.5433081	1616.0683825016022
170	173.08159	28.50385	193.9873	132.78049	188.8141	97.35247	225.51355	-227.38448	400.0	400.0	186999	62.189724	26.141388	180.40123	-131.48856	-62.394688	0.533577	1625.2251110076904
171	219.54558	13.434118	231.0181	200.69447	206.62529	25.477001	235.86713	151.00984	400.0	400.0	188099	62.171513	26.10734	172.39212	-134.34338	-62.372757	0.54450715	1634.5505018234253
172	185.74245	50.23394	224.93103	114.83183	207.0306	28.526384	232.12927	136.60861	400.0	400.0	189199	62.064457	26.23081	164.91792	-133.03905	-62.261974	0.5807545	1643.2308368682861
173	208.66486	12.491577	221.15643	196.17328	208.66382	23.845476	237.14166	134.7237	400.0	400.0	190299	62.005135	26.199902	160.84996	-135.53566	-62.2024	0.51789373	1652.0221192836761
174	213.75462	17.644262	229.66061	189.15141	198.71776	45.837395	247.80849	87.30882	400.0	400.0	191399	61.968998	26.13728	157.25632	-134.88097	-62.170937	0.5966063	1661.5904586315155
175	218.67107	20.874664	243.3917	192.33594	202.73997	35.66126	243.62804	96.30302	400.0	400.0	192499	61.99173	25.975214	148.74158	-136.8034	-62.191433	0.58787286	1671.1702704429626
176	226.54497	26.190077	245.45975	189.50943	219.83267	21.871683	242.17542	164.8349	400.0	400.0	193599	61.943455	25.940022	146.21616	-139.06798	-62.145447	0.5135335	1680.7279534339905
177	211.81683	17.767342	229.58417	194.04948	214.64542	24.64082	242.89497	166.35822	400.0	400.0	194699	61.913128	25.91936	141.0461	-140.41023	-62.12355	0.55491114	1689.8198623657227
178	233.1585	7.2062945	239.79922	223.14323	219.22733	26.010077	248.70905	169.78368	400.0	400.0	195799	61.93126	25.94106	138.34093	-143.33136	-62.141846	0.5751869	1700.6676168441772
179	243.79701	18.194277	262.2988	219.0603	221.03171	21.885921	250.40977	171.94478	400.0	400.0	196899	61.97896	25.955439	135.4645	-147.43784	-62.194523	0.57713073	1711.4434132575989
180	216.00694	16.66336	228.88614	192.47652	230.62085	21.52994	253.46689	177.33095	400.0	400.0	197999	62.133587	25.940338	130.56601	-136.98947	-62.348408	0.557854	1721.187715768814
181	246.13397	10.582726	256.7167	235.55125	222.66101	31.259933	257.49567	145.14719	400.0	400.0	199099	62.21702	26.019777	130.94518	-139.39864	-62.43652	0.61039144	1732.1032392978668
182	243.30016	2.3304982	246.3157	240.64056	202.81693	87.30321	242.57864	-169.9532	400.0	400.0	200199	62.228725	26.204992	126.45006	-139.9439	-62.447628	0.6260103	1742.6327855587006
183	240.93156	1.5893887	242.59712	238.79163	183.87527	91.0724	237.95448	-90.61962	400.0	400.0	201299	62.328117	26.2261	123.25104	-141.8985	-62.542416	0.6092405	1755.649050951004
184	225.61725	4.480311	231.88742	221.69255	124.708694	122.96377	235.23706	-104.75716	400.0	400.0	202399	62.406925	26.263489	161.4716	-143.04756	-62.62007	0.7713541	1765.432720899582
185	204.84013	10.094864	214.935	194.74527	196.8349	59.578648	235.735	-39.858944	400.0	400.0	203499	62.39884	26.299898	159.18231	-140.77441	-62.610065	0.6712299	1774.789086818695
186	209.51653	20.307917	238.17055	193.50812	204.39316	17.281946	227.69087	163.54242	400.0	400.0	204599	62.478416	26.320908	104.9875	-145.513	-62.68777	0.493754	1784.1019570827484
187	213.23976	14.253465	231.16734	196.29517	195.80243	59.694756	243.71814	-51.538116	400.0	400.0	205699	62.53478	26.26009	108.43194	-147.19865	-62.74128	0.53321254	1793.9124007225037
188	217.44733	26.656895	246.52501	182.12985	187.1308	85.143166	240.15291	-173.30305	400.0	400.0	206799	62.613483	26.190733	103.73374	-147.471	-62.81907	0.62205374	1803.2698512077332
189	12.335129	173.39368	185.7288	-161.05855	192.18517	28.516602	236.03008	150.39459	400.0	400.0	207899	62.442146	26.409794	107.339714	-150.6556	-62.64375	0.56934005	1813.2111101150513
190	209.36421	30.35075	247.5751	173.32661	196.29555	83.65127	242.09189	-157.29776	400.0	400.0	208999	62.390625	26.388369	105.108864	-146.58228	-62.58902	0.5415029	1823.0715749263763
191	208.75465	28.162275	240.42892	172.00757	208.19637	31.40362	244.41063	147.79834	400.0	400.0	210099	62.418118	26.295557	126.06957	-152.50838	-62.61583	0.5561912	1832.4359686374664
192	195.03577	21.58145	225.1735	175.79239	188.2952	91.73113	268.60187	-161.11385	400.0	400.0	211199	62.376923	26.257195	109.7459	-147.83864	-62.572456	0.55926234	1842.0050382614136
193	211.55754	19.746506	231.30405	191.81104	195.81296	28.483465	240.23735	142.18634	400.0	400.0	212299	62.39316	26.118286	118.72089	-149.81195	-62.59125	0.55621415	1852.7075719833374
194	200.11159	28.636593	230.01924	161.5097	182.87338	38.59884	234.21367	103.55497	400.0	400.0	213399	62.382065	25.950327	105.54807	-150.27432	-62.57507	0.5031816	1862.1011276245117
195	201.98747	26.517176	221.42769	164.49507	185.22725	36.65468	248.84639	110.44073	400.0	400.0	214499	62.36638	25.931072	123.13329	-150.0554	-62.56446	0.55051273	1871.5618255138397
196	176.34648	23.574787	209.63203	158.05766	181.90005	47.435314	235.0531	68.235886	400.0	400.0	215599	62.30717	25.833673	120.40386	-152.65611	-62.499348	0.543931	1880.308183670044
197	174.8864	5.4986115	180.38501	169.38779	191.93988	35.69462	239.95706	84.0594	400.0	400.0	216699	62.316452	25.664318	105.56024	-148.97832	-62.50762	0.47681823	1890.0540549755096
198	162.39294	20.625109	190.5496	141.71959	193.52928	22.312542	231.08714	131.93748	400.0	400.0	217799	62.264435	25.587934	106.96564	-150.66788	-62.453957	0.49777722	1899.9899446964264
199	195.69551	8.668531	202.6746	183.4776	204.43132	19.279041	230.72453	164.55945	400.0	400.0	218899	62.21669	25.533447	129.05966	-150.10315	-62.402527	0.59901226	1910.8157985210419
200	192.72798	10.734073	205.37424	179.13268	207.0418	25.662275	252.22304	168.76385	400.0	400.0	219999	62.00573	25.690739	108.17556	-150.65977	-62.18618	0.48103127	1920.313993215561
201	205.09113	30.110764	235.20189	174.98036	196.21936	30.35811	242.18013	134.37949	400.0	400.0	221099	62.047424	25.456232	110.385445	-153.32164	-62.225613	0.4763633	1929.521823644638
202	220.5176	22.019075	236.59724	189.38356	191.48502	44.50009	235.66057	48.822643	400.0	400.0	222199	61.9763	25.355576	112.28426	-153.85689	-62.148422	0.5282401	1939.0942924022675
203	237.00835	14.478407	247.89989	216.54701	200.84227	27.437572	242.23708	161.0953	400.0	400.0	223299	61.89013	25.283875	116.5942	-248.55144	-62.062004	0.7188059	1948.7401728630066
204	203.4253	27.527803	241.95952	179.36186	183.15363	80.34943	246.3934	-153.99669	400.0	400.0	224399	61.793163	25.165173	119.809364	-157.47838	-61.95777	0.4802922	1957.6204764842987
205	206.3541	20.96154	227.31564	185.39256	145.7546	126.14382	243.90205	-185.77179	400.0	400.0	225499	61.591526	25.229158	114.579025	-157.69926	-61.7575	0.55680376	1967.6205368041992
206	95.71819	181.11531	224.01804	-160.41739	159.91748	112.064224	243.30615	-171.92006	400.0	400.0	226599	61.385883	25.263775	114.28556	-160.73747	-61.54942	0.4541856	1977.6156070232391
207	204.29022	30.530931	241.49222	166.70988	144.96848	130.14001	239.11522	-159.8526	400.0	400.0	227699	61.20438	25.330816	124.636795	-155.91975	-61.371677	0.5299035	1986.9879853725433
208	177.55003	9.099177	188.72752	166.43948	173.2409	88.784904	237.51263	-181.81252	400.0	400.0	228799	61.16251	25.175642	122.74408	-155.78429	-61.32554	0.53306806	1996.0985169410706
209	170.30908	0.8709717	171.18005	169.43811	179.96448	89.004745	231.24692	-183.9299	400.0	400.0	229899	61.001385	25.174376	119.15375	-156.60036	-61.162075	0.5428526	2005.7811987400055
210	195.39738	7.3626986	201.59058	185.05183	193.55585	22.448742	229.92862	153.94476	400.0	400.0	230999	60.921124	25.081814	90.27289	-155.72534	-61.082672	0.48639658	2015.6539092063904
211	186.34138	19.66402	208.86017	160.95087	177.62465	88.950455	232.41396	-186.24826	400.0	400.0	232099	60.847034	25.020002	99.61482	-158.77362	-61.011604	0.506522	2025.2917687892914
212	206.45013	5.0506663	212.16501	199.88203	214.01999	22.618252	253.84406	157.8683	400.0	400.0	233199	60.73308	25.035868	91.22122	-156.61191	-60.893528	0.5289471	2034.9428510665894
213	167.70544	23.384193	191.08963	144.32124	192.89473	25.883404	234.66948	147.33412	400.0	400.0	234299	60.669388	24.973269	154.51498	-156.53136	-60.828865	0.59833276	2045.7001161575317
214	212.03229	21.55261	236.02888	183.75839	190.97508	37.22779	235.04012	124.72136	400.0	400.0	235399	60.497684	25.004711	181.21597	-156.65353	-60.65432	0.5651092	2055.5483865737915
215	98.92184	182.2154	230.65538	-158.7479	214.92046	23.156475	248.8812	163.79399	400.0	400.0	236499	60.318066	25.12122	98.879005	-157.86383	-60.476124	0.5026993	2066.4037532806396
216	195.52588	44.566147	233.99522	133.05588	225.4458	60.28619	293.36185	110.87892	400.0	400.0	237599	60.14333	25.293316	103.67978	-157.58772	-60.301888	0.47492832	2076.13001537323
217	217.1287	8.12281	225.25151	209.00589	222.51424	35.055656	276.1614	135.71495	400.0	400.0	238699	60.10757	25.144882	109.76331	-159.17267	-60.26596	0.495884	2085.182871580124
218	150.07373	12.00391	160.84273	133.32426	185.61757	44.36914	267.14618	106.8081	400.0	400.0	239799	59.96572	25.168789	95.028824	-158.1174	-60.125668	0.52919203	2094.3470845222473
219	190.94728	32.131207	220.92624	146.3847	159.01584	55.38496	244.54907	43.388954	400.0	400.0	240899	59.873787	25.168236	113.64979	-158.93591	-60.03108	0.49880925	2103.3787064552307
220	219.79271	0.58017284	220.46974	219.0528	207.51224	26.725113	258.705	163.45155	400.0	400.0	241999	59.818596	25.091007	94.979935	-159.03961	-59.978027	0.47473866	2112.9558680057526
221	237.33282	7.527443	244.86028	229.80539	200.76102	34.265625	276.20474	147.06134	400.0	400.0	243099	59.720936	25.171425	186.67772	-156.82492	-59.88133	0.5124425	2123.774783849716
222	176.29521	50.303715	220.44435	105.91084	209.9768	38.9847	276.41077	120.32521	400.0	400.0	244199	59.698402	25.097906	179.3318	-154.50381	-59.85429	0.5430949	2133.1169786453247
223	186.11717	45.543644	226.15596	122.4056	217.71016	34.174007	282.87094	139.51012	400.0	400.0	245299	59.60258	25.069632	96.372	-152.37184	-59.759956	0.47587585	2141.985167503357
224	213.20491	35.65518	261.0214	175.43571	228.26204	29.888645	272.17184	171.94151	400.0	400.0	246399	59.55121	25.08834	93.08612	-152.798	-59.709892	0.44510782	2150.8104751110077
225	220.18735	10.158623	230.34596	210.02872	214.17476	28.435562	257.54883	151.77515	400.0	400.0	247499	59.543945	25.072647	95.215775	-145.31227	-59.70836	0.5174969	2161.277242898941
226	230.76387	27.583105	269.2183	205.86353	230.71591	31.917215	318.10715	187.67279	400.0	400.0	248599	59.556713	25.1182	98.09693	-146.74393	-59.7213	0.47209695	2170.0647027492523
227	234.72095	24.103954	268.45255	213.5966	237.86006	34.3714	298.50778	171.33943	400.0	400.0	249699	59.58209	25.071812	101.73264	-145.97374	-59.753677	0.48098826	2178.7532906532288
228	210.1369	21.32687	239.02917	188.1954	228.33813	27.142096	268.83826	166.68777	400.0	400.0	250799	59.653847	25.014221	107.16512	-142.3818	-59.823368	0.48476446	2187.1576800346375
229	244.07932	6.6839447	250.76326	237.39537	225.17249	25.869835	264.31265	178.85907	400.0	400.0	251899	59.68669	25.068693	97.120705	-149.57199	-59.860226	0.4748716	2196.669136762619
230	202.50629	12.148187	217.07567	187.33696	236.3696	25.415588	274.30634	187.0325	400.0	400.0	252999	59.7031	25.096386	91.37705	-140.28946	-59.87326	0.4386964	2206.2900319099426
231	249.80318	10.97745	265.26175	240.8365	236.71716	19.7318	290.28824	210.60555	400.0	400.0	254099	59.77184	25.027027	104.50292	-137.27184	-59.94247	0.51455945	2216.0587751865387
232	216.52776	29.11442	249.00107	178.3688	222.69714	30.30416	259.66214	149.19093	400.0	400.0	255199	59.805004	25.100082	101.426636	-140.95271	-59.97157	0.48353183	2226.0279936790466
233	244.4927	3.7685776	248.26129	240.72414	227.53511	31.235867	279.9223	157.00961	400.0	400.0	256299	59.84768	24.990225	104.52483	-135.06256	-60.011356	0.49006826	2235.5790510177612
234	242.519	4.8750525	246.49092	235.65277	227.18692	34.099052	263.53836	140.76006	400.0	400.0	257399	59.788574	25.124355	93.73704	-136.90593	-59.952267	0.47252336	2245.1747641563416
235	238.79778	23.01424	270.69006	217.22632	232.68811	28.092138	271.51587	131.07178	400.0	400.0	258499	59.816277	25.07099	112.815994	-132.8589	-59.981285	0.5239955	2255.1496131420135
236	221.84644	13.7276325	238.33731	204.72913	247.5778	25.729294	304.70657	188.02052	400.0	400.0	259599	59.81862	25.067865	137.1265	-131.98463	-59.98042	0.49220496	2264.3806853294373
237	226.62503	48.39029	275.01532	178.23474	239.60222	65.12546	303.026	-22.995848	400.0	400.0	260699	59.874985	24.946972	98.454636	-133.04955	-60.034554	0.50754493	2275.4661831855774
238	261.55582	15.772935	275.379	239.48283	230.26346	76.84314	302.8406	-73.38577	400.0	400.0	261799	59.84871	24.989122	103.74092	-128.92712	-60.00985	0.4809735	2286.383098602295
239	39.593014	172.1432	273.1543	-136.65837	219.8166	89.8485	270.3782	-154.9858	400.0	400.0	262899	59.73909	25.170279	94.45813	-125.67901	-59.90125	0.45786557	2297.1556017398834
240	225.70317	27.944832	256.17194	188.67174	253.14265	28.743423	282.76443	162.9624	400.0	400.0	263999	59.763756	25.09023	98.117546	-123.05306	-59.92851	0.4492138	2306.89817738533
241	224.73497	11.06955	235.80452	213.66542	222.67569	22.236376	248.1413	164.35413	400.0	400.0	265099	59.709194	25.250717	96.74841	-179.73433	-59.875114	0.74622446	2316.8230986595154
242	225.86005	17.153301	249.74101	210.2279	230.46652	19.793499	274.5689	188.78967	400.0	400.0	266199	59.804043	25.09511	96.21228	-121.510994	-59.966713	0.4403782	2326.0875990390778
243	224.23303	16.99253	245.87154	204.36113	220.2211	18.885363	262.65543	181.34067	400.0	400.0	267299	59.782547	25.114649	95.14307	-123.55912	-59.942116	0.45998564	2335.703504562378
244	210.12514	33.24488	234.03618	163.1121	223.1855	25.972761	264.94205	150.54735	400.0	400.0	268399	59.74158	25.168509	100.24044	-128.84604	-59.900417	0.44101834	2344.760796070099
245	252.46005	1.7118378	254.17189	250.74821	236.13663	24.367846	280.64523	171.34991	400.0	400.0	269499	59.75289	25.1205	143.49956	-128.46024	-59.91018	0.5148568	2355.752212047577
246	226.58563	13.121081	244.48076	213.38748	231.80313	16.337938	253.52423	192.95547	400.0	400.0	270599	59.76793	25.031021	94.93306	-127.94844	-59.918602	0.43303528	2365.331001996994
247	246.01167	26.783644	265.3454	208.13664	233.4489	18.753485	266.58377	192.21849	400.0	400.0	271699	59.668865	25.125366	89.70758	-129.50255	-59.815006	0.4623427	2375.1098096370697
248	235.50037	24.079475	264.0705	205.16718	243.52194	20.08359	261.38315	184.16995	400.0	400.0	272799	59.691414	24.945734	104.690765	-130.51126	-59.8379	0.4269684	2384.5108439922333
249	241.44618	7.7446136	249.1908	233.70157	212.09927	105.11502	262.28644	-217.00194	400.0	400.0	273899	59.672665	24.890537	109.62249	-139.24394	-59.819843	0.4067364	2394.1820290088654
250	243.31166	21.004192	262.79977	214.15308	223.09583	68.72035	274.28333	1.3338214	400.0	400.0	274999	59.644707	24.890364	107.14024	-131.01447	-59.787598	0.43991217	2403.5549545288086
