Epoch	AverageEpRet	StdEpRet	MaxEpRet	MinEpRet	AverageTestEpRet	StdTestEpRet	MaxTestEpRet	MinTestEpRet	EpLen	TestEpLen	TotalEnvInteracts	AverageQVals	StdQVals	MaxQVals	MinQVals	LossPi	LossQ	Time
1	-62.485764	33.196983	-29.288778	-95.68275	8.573449	61.097218	223.68039	-66.27425	400.0	400.0	1099	-0.5064673	0.06476668	-0.24114332	-0.8739711	0.47354192	0.0984559	4.59733510017395
2	-27.00786	86.255745	83.681465	-126.7483	67.81552	64.84075	225.07178	-12.965845	400.0	400.0	2199	-0.50237113	0.68872017	1.2995125	-3.801424	0.39686528	0.02866841	18.9432852268219
3	-14.589612	75.8555	92.58919	-72.130394	55.666912	51.83606	215.71843	0.53254926	400.0	400.0	3299	-0.062581636	1.2933047	2.803139	-6.1091957	-0.06787423	0.014321449	33.0425181388855
4	-40.30974	75.94105	63.871914	-114.98821	50.700996	44.08764	145.30894	-30.595242	400.0	400.0	4399	0.47440958	1.6877533	4.1368427	-7.4095526	-0.6617407	0.01312514	46.80198001861572
5	-65.11878	56.356674	-8.762109	-121.47546	46.90928	50.82864	196.93114	-15.4637575	400.0	400.0	5499	1.2200736	2.0186863	5.546412	-7.77398	-1.4952421	0.010201305	61.79703330993652
6	-59.355724	59.98081	23.89842	-115.057846	75.671135	52.02256	213.09312	0.51743436	400.0	400.0	6599	2.165435	2.2845793	6.7053533	-8.291987	-2.465282	0.010218634	76.62472724914551
7	42.48167	79.64785	152.17978	-34.51268	38.27648	35.725636	110.42726	-4.9905095	400.0	400.0	7699	3.1786745	2.4421167	8.040513	-8.17902	-3.4758682	0.011062274	91.50491237640381
8	-76.014175	47.826893	-34.99888	-143.09892	47.307457	28.517975	111.57635	-2.8008	400.0	400.0	8799	4.277178	2.7362478	9.624435	-9.002798	-4.5979385	0.012367439	106.93778157234192
9	-23.751995	6.263583	-17.488413	-30.01558	61.877785	52.139065	203.69284	-12.366653	400.0	400.0	9899	5.3804293	3.049845	11.205625	-9.132604	-5.7209144	0.013767466	121.04903197288513
10	-11.222379	47.833073	55.14332	-55.749794	33.731827	46.06503	180.47527	-22.951303	400.0	400.0	10999	6.572539	3.3818824	12.634951	-9.778309	-6.923104	0.018291539	134.88563680648804
11	12.061127	85.951416	107.92679	-100.59264	39.04456	45.9934	162.20079	-20.264425	400.0	400.0	12099	7.791042	3.7553174	14.117633	-11.207967	-8.13454	0.024583902	149.6972634792328
12	-93.84137	12.596806	-76.08978	-104.01341	39.64542	46.310474	188.3458	-17.698828	400.0	400.0	13199	8.851787	4.3285604	15.827412	-11.951218	-9.226975	0.040523645	164.75071549415588
13	-9.135427	2.8403442	-6.2950835	-11.975772	106.83516	33.705162	167.51714	34.965538	400.0	400.0	14299	10.134376	4.7063837	17.61611	-12.553379	-10.551579	0.04393408	180.0898950099945
14	-31.65435	45.287933	17.799768	-91.62645	130.11932	49.00729	205.14111	22.331944	400.0	400.0	15399	11.456364	4.9847364	19.302824	-14.477532	-11.864293	0.048072614	195.46852087974548
15	148.08505	50.861397	207.59279	83.33912	71.64066	41.359898	150.45848	2.3008668	400.0	400.0	16499	12.859049	5.4701633	21.08163	-14.02412	-13.21074	0.068232946	210.25643348693848
16	86.100975	22.413618	116.31132	62.68576	117.053734	49.262707	185.73656	36.01403	400.0	400.0	17599	14.0092945	6.03321	22.845287	-16.303713	-14.310256	0.07793683	224.67523217201233
17	177.92456	30.361649	208.28621	147.56291	138.9379	47.281483	214.88873	12.095703	400.0	400.0	18699	15.1649	6.5199523	24.392557	-18.52035	-15.471925	0.08845312	238.89661145210266
18	119.12168	10.536534	132.531	106.789375	125.208786	42.53634	187.05254	36.56978	400.0	400.0	19799	16.376684	6.9479604	26.100637	-21.233452	-16.686474	0.09548458	253.31284284591675
19	91.389824	64.573044	160.0154	4.9002595	97.83538	69.08369	196.57909	-10.866851	400.0	400.0	20899	17.480234	7.2874184	27.743969	-21.419447	-17.762377	0.09372885	267.46078181266785
20	126.59086	44.490116	184.59686	76.480194	136.49821	48.78474	258.91745	44.876198	400.0	400.0	21999	18.543154	7.5799856	29.130808	-22.062874	-18.83551	0.10230541	281.5495409965515
21	100.52979	43.752354	144.28215	56.77744	153.8559	55.134975	251.74832	81.57984	400.0	400.0	23099	19.768179	7.8347735	30.296982	-22.171726	-20.075129	0.13654202	296.55135226249695
22	150.43103	27.464949	178.7116	113.233376	138.54051	66.0935	248.21622	24.714954	400.0	400.0	24199	21.031523	8.060677	31.64639	-22.290167	-21.345833	0.12687793	311.5815191268921
23	137.19524	34.375423	185.76471	111.10499	159.51144	41.508484	233.06862	89.267784	400.0	400.0	25299	22.403265	8.286126	33.266376	-21.662844	-22.731487	0.13111718	326.58892369270325
24	119.12051	45.365925	155.84708	55.199894	135.92683	55.13597	245.1851	51.965992	400.0	400.0	26399	23.72422	8.430687	34.710205	-21.83031	-24.044807	0.121206455	342.17224979400635
25	69.013725	25.372372	94.38609	43.641354	156.34988	49.050625	234.9559	64.39345	400.0	400.0	27499	24.9727	8.561293	36.12483	-21.929087	-25.284218	0.13036528	357.5984241962433
26	166.56673	37.22041	216.10526	126.38679	152.52116	86.01243	242.53752	-126.18153	400.0	400.0	28599	26.203835	8.581234	37.41076	-22.947813	-26.516441	0.11548275	372.82109475135803
27	212.42493	5.6589646	217.0507	204.45628	144.444	99.9955	243.46394	-148.18475	400.0	400.0	29699	27.595049	8.64278	39.004017	-21.915249	-27.911709	0.11154142	387.4194860458374
28	160.42169	36.911438	192.0266	108.63968	195.28156	31.066713	238.62889	121.64554	400.0	400.0	30799	28.965002	8.733594	40.2405	-20.524601	-29.28893	0.11038161	402.37950897216797
29	99.98463	143.96898	216.63797	-102.857086	96.3561	136.76598	253.76607	-355.31787	319.0	375.1	31899	30.426996	8.822414	42.56088	-19.797857	-30.875334	0.17856589	417.2792570590973
30	-13.470169	157.95355	100.46269	-236.83511	140.62756	88.93009	229.99965	-104.69143	400.0	388.85	32999	31.914099	9.428305	44.514442	-20.096857	-32.26973	0.14013936	432.6058261394501
31	34.425133	73.878426	108.30356	-39.453293	94.53197	104.22469	231.57825	-188.67407	400.0	400.0	34099	33.011482	9.949416	45.83033	-18.360643	-33.35853	0.13542578	447.0264492034912
32	142.93727	10.555721	157.62355	133.27684	159.65932	110.76736	247.4566	-305.87772	400.0	400.0	35199	34.37825	9.991104	47.018097	-14.164595	-34.75826	0.14137478	462.44771361351013
33	55.335236	199.59384	215.65468	-226.02043	145.3754	96.66846	241.00194	-69.054726	400.0	356.45	36299	35.48722	10.061121	48.053192	-14.591371	-35.86472	0.14061582	477.2627651691437
34	194.06773	23.140055	225.58807	170.68889	96.01432	156.50185	253.96907	-306.03708	400.0	353.55	37399	36.84055	9.986352	49.066433	-14.463975	-37.224907	0.13942458	491.37601923942566
35	164.49976	10.857704	175.35747	153.64206	172.84525	95.13848	267.3981	-109.84135	400.0	389.85	38499	38.09838	9.969364	50.127655	-13.799124	-38.468723	0.11903159	506.323529958725
36	152.72824	91.72688	246.12827	28.066322	189.54602	56.10295	253.73347	-14.785387	400.0	400.0	39599	39.240395	10.120191	51.13373	-12.996815	-39.6093	0.111001045	520.5895230770111
37	179.32713	28.357971	218.25409	151.51015	113.88242	159.35722	246.1754	-325.08386	400.0	391.5	40699	40.425224	10.1679125	52.122944	-13.008167	-40.79397	0.1097722	533.6843359470367
38	198.25658	55.39211	238.84901	119.937775	188.59216	50.946396	268.04623	68.702644	400.0	400.0	41799	41.486423	10.119299	52.972248	-14.4744625	-41.84908	0.10606573	546.5065162181854
39	71.43115	114.134254	186.73544	-84.04038	168.18349	71.50211	280.5794	8.926457	313.66666	400.0	42899	42.39304	10.247717	53.795124	-19.060299	-42.745274	0.118193164	562.0426459312439
40	15.266923	206.05838	213.03883	-288.93097	143.60928	94.18177	250.80594	-26.133013	314.0	368.4	43999	43.284397	10.29357	54.59476	-17.06691	-43.623795	0.11092	576.3894686698914
41	171.96022	7.4297943	179.39001	164.53043	126.6973	109.51504	263.0741	-238.10461	400.0	373.4	45099	43.812523	10.734668	55.341057	-10.67202	-44.140495	0.10063371	591.1785333156586
42	153.01569	109.49156	218.88239	-36.606094	164.14865	86.00088	278.80167	-77.81158	319.75	370.6	46199	44.5627	10.872194	55.99893	-10.872277	-44.89284	0.09846643	605.9378786087036
43	200.84013	44.513763	234.32426	137.93182	142.53615	116.899445	260.97394	-179.06163	400.0	368.1	47299	45.40383	10.948509	56.6435	-11.332163	-45.73453	0.094324134	620.6637961864471
44	94.95669	105.08525	185.52914	-52.367947	173.42435	62.27222	271.0469	-2.5731373	295.33334	400.0	48399	46.08332	11.036935	57.278297	-13.004394	-46.39968	0.100859605	635.8122084140778
45	129.62123	60.845158	200.99937	52.314007	104.28197	152.42282	255.25655	-226.29274	400.0	373.65	49499	46.617096	11.190022	57.93097	-10.329809	-46.924316	0.09853534	650.52694439888
46	173.76093	47.924843	211.42189	106.13061	205.03452	27.36058	256.30484	139.40141	400.0	400.0	50599	47.2128	11.295691	58.50659	-10.535634	-47.51025	0.10412057	664.8087642192841
47	-67.28256	182.88318	115.60061	-250.16574	135.3746	119.14148	255.74367	-86.1133	400.0	345.05	51699	47.516163	11.667337	59.124165	-11.004841	-47.8185	0.106794655	679.3874380588531
48	189.28835	47.479027	244.72081	128.7572	98.61999	119.61586	243.16254	-86.217575	400.0	328.0	52799	48.146183	11.698168	59.721394	-10.810936	-48.46499	0.09663074	694.1760728359222
49	57.27957	240.01778	228.26758	-282.15366	156.48294	83.249794	262.32635	-85.307945	397.0	386.45	53899	48.641037	11.919303	60.284885	-10.449719	-48.959908	0.10232958	709.3821420669556
50	161.26645	67.66671	215.18674	65.84006	112.51349	145.94638	267.2121	-293.08932	400.0	385.7	54999	49.205856	12.18503	60.7681	-11.511079	-49.521103	0.10041764	723.4843518733978
51	235.3341	3.4169083	238.751	231.91719	102.31682	115.43038	248.73679	-225.47563	400.0	381.9	56099	49.83616	12.245092	61.302044	-12.797669	-50.153095	0.10402052	738.3589260578156
52	182.77605	43.952244	243.54448	141.07382	160.91281	78.0841	258.41855	-31.684277	400.0	384.05	57199	50.46948	12.266277	61.749493	-12.816402	-50.790665	0.11018551	752.5499551296234
53	198.35518	42.348763	244.98558	142.49261	141.99408	102.91085	226.88454	-166.62762	400.0	393.6	58299	51.088287	12.166936	62.138435	-12.892725	-51.41848	0.12578613	766.8365287780762
54	136.43756	28.602468	175.07976	106.76092	145.36505	92.33739	246.0975	-60.697086	400.0	353.45	59399	51.65503	12.054748	62.50047	-13.777275	-51.97448	0.097598396	780.5654556751251
55	191.54889	42.144196	233.69308	149.4047	149.6621	118.40753	256.4011	-193.59438	400.0	367.05	60499	52.204945	11.900314	62.856903	-13.758438	-52.515858	0.10004747	794.8829333782196
56	230.7287	9.505217	244.0645	222.59756	124.61002	123.82353	254.02725	-105.26303	400.0	355.8	61599	52.745895	11.696646	63.181732	-13.771739	-53.04833	0.091064535	809.0861959457397
57	101.356285	191.16888	251.99855	-168.3832	121.259705	122.88141	247.85037	-129.51299	400.0	351.5	62699	53.191776	11.55246	63.53434	-13.353304	-53.487663	0.08317444	823.9909510612488
58	213.20732	33.280525	257.46948	177.21854	155.70735	102.20483	270.79327	-91.89672	400.0	373.7	63799	53.419353	11.591689	63.854954	-13.147873	-53.70682	0.091034375	839.1253387928009
59	160.70233	10.4338455	171.13618	150.2685	122.14274	104.40215	241.26428	-107.49276	400.0	371.85	64899	53.76052	11.570098	64.122505	-12.256699	-54.044445	0.095980845	853.8880360126495
60	186.26738	42.022366	240.2728	137.78491	111.94446	145.61314	260.3143	-200.8345	400.0	371.5	65999	54.05036	11.531161	64.4495	-11.284998	-54.32943	0.08928067	869.1616094112396
61	144.6454	129.74255	268.9454	-67.88754	136.37003	126.36832	270.91638	-105.00506	328.75	358.4	67099	54.31356	11.597702	64.7176	-11.379447	-54.59028	0.09523357	883.9120199680328
62	95.4208	128.34384	256.08212	-58.04788	106.23704	156.51051	281.84784	-367.16406	298.0	386.35	68199	54.55741	11.76167	65.03779	-11.346303	-54.836464	0.09934265	899.2264716625214
63	142.39882	87.6285	244.55365	30.564318	161.93906	131.48299	266.5821	-246.36429	400.0	370.55	69299	54.828262	11.920033	65.30261	-11.412047	-55.111607	0.09184489	914.4326651096344
64	-13.501442	127.27442	165.9496	-115.31666	153.73715	115.89816	259.31256	-145.87335	316.66666	384.5	70399	55.00551	12.171687	65.541435	-12.00235	-55.28901	0.09551088	929.5474398136139
65	172.86559	54.51019	247.72905	119.50787	203.81387	38.83299	260.4242	126.511406	400.0	400.0	71499	55.209934	12.455005	65.81837	-13.162254	-55.497787	0.11625855	944.8579709529877
66	221.01912	19.69224	245.93475	197.78703	173.39688	86.52827	253.81169	-53.701588	400.0	384.5	72599	55.583424	12.425629	66.07617	-12.972733	-55.878323	0.11089446	959.5652990341187
67	193.9641	36.5271	245.2522	162.98236	134.38675	113.53091	255.95279	-135.27333	400.0	400.0	73699	55.953583	12.367031	66.35021	-12.306724	-56.253017	0.108802535	974.1614420413971
68	66.173035	119.08809	197.53676	-66.61302	195.1301	52.516438	261.16428	19.895643	252.5	400.0	74799	56.297073	12.362698	66.56273	-18.321314	-56.58625	0.113403484	988.6333463191986
69	242.94734	19.368456	263.09442	216.80281	188.61374	82.5672	269.64325	-47.331135	400.0	384.3	75899	56.57254	12.389502	66.77084	-19.666794	-56.84529	0.10497822	1002.7961905002594
70	103.76801	109.773476	197.54709	-50.263664	157.82114	90.954285	267.12238	-53.09341	294.33334	384.4	76999	56.84548	12.38524	66.94533	-18.66822	-57.1117	0.10463341	1016.9874138832092
71	121.415344	64.18639	211.79001	68.86902	189.90546	109.97208	262.09906	-272.62036	400.0	397.4	78099	56.97308	12.472614	67.1288	-16.100958	-57.23174	0.11781465	1033.3674099445343
72	218.22772	29.053452	251.86673	180.9762	157.42146	81.38759	242.90623	-23.797539	400.0	400.0	79199	57.132195	12.530522	67.29965	-13.299808	-57.393303	0.10791687	1048.5413346290588
73	267.36295	6.363922	273.72687	260.99902	210.06613	46.256287	270.26602	52.347343	400.0	400.0	80299	57.35458	12.545235	67.460846	-10.665667	-57.617832	0.10213082	1063.6593961715698
74	185.756	15.586121	202.38905	164.91362	179.9896	87.794556	267.86627	-73.868324	400.0	370.35	81399	57.633823	12.512821	67.63072	-6.367465	-57.90129	0.098101735	1078.511616230011
75	204.2221	24.729053	225.57014	169.5588	197.27415	51.144154	268.76294	45.277035	400.0	400.0	82499	57.8972	12.467629	67.765205	-5.0447636	-58.16872	0.10181511	1093.3327083587646
76	196.27538	60.021835	241.49414	111.45363	168.83394	84.43429	260.29718	-48.36629	400.0	368.8	83599	58.130474	12.396152	67.89936	-4.663657	-58.40269	0.091955625	1107.8636555671692
77	127.62181	15.624783	143.2466	111.99703	171.79451	91.41442	257.61502	-103.66022	400.0	375.25	84699	58.330482	12.39257	68.04394	-4.936843	-58.594498	0.0929343	1122.7516341209412
78	213.70985	52.42422	253.66559	139.64777	222.71414	32.53414	281.30066	158.99425	400.0	400.0	85799	58.53353	12.383554	68.160126	-5.5344715	-58.793186	0.08427745	1137.8481316566467
79	240.43964	13.733613	259.1919	226.68367	211.3884	34.046646	272.3715	140.4473	400.0	400.0	86899	58.78585	12.335568	68.28356	-5.5438232	-59.04653	0.08357622	1153.2108550071716
80	182.08253	5.460015	189.71422	177.24898	168.28004	102.912704	272.56134	-43.364246	400.0	353.55	87999	58.96897	12.337475	68.40547	-4.576794	-59.229755	0.07783542	1167.820723772049
81	128.86029	129.37474	226.53291	-53.960274	199.88033	32.83092	257.65564	139.97688	299.33334	400.0	89099	59.135338	12.432486	68.58763	-3.9122236	-59.39219	0.085185006	1182.8010132312775
82	213.02428	39.68041	264.04764	167.2823	185.1912	65.5629	260.08496	-44.268925	400.0	384.55	90199	59.376003	12.413335	68.79047	-4.3985105	-59.63344	0.0889485	1197.6460494995117
83	223.09698	37.46108	257.731	171.06165	212.75851	26.843752	253.11845	163.5554	400.0	400.0	91299	59.552013	12.430517	68.95499	-5.4670978	-59.809765	0.089460425	1213.0751285552979
84	194.4216	34.865288	229.28688	159.5563	175.25876	76.267075	259.76578	-44.152134	400.0	400.0	92399	59.73342	12.481857	69.139694	-7.6634007	-59.987797	0.08439764	1228.1375184059143
85	209.22368	37.76766	250.17873	159.05428	206.06287	34.98129	261.07217	131.25206	400.0	400.0	93499	59.937492	12.500189	69.33041	-8.275996	-60.18778	0.09481686	1243.5435950756073
86	200.45593	10.7829075	215.06462	189.36392	201.866	36.030052	264.65247	132.38571	400.0	400.0	94599	60.10149	12.588467	69.51236	-10.316036	-60.34686	0.088472925	1258.5988702774048
87	125.115456	126.492485	216.64479	-53.755592	179.50383	62.735016	269.00595	-50.7325	303.33334	384.1	95699	60.22132	12.679038	69.614944	-11.055684	-60.462925	0.09674469	1272.9550561904907
88	245.01123	12.182771	255.12744	227.87518	225.67383	24.32189	267.9417	176.88083	400.0	400.0	96799	60.36329	12.763713	69.74309	-11.112809	-60.604618	0.09858093	1288.4146118164062
89	191.56934	32.48745	237.46304	166.7577	212.3864	24.67212	256.02222	155.72449	400.0	400.0	97899	60.51692	12.772181	69.74938	-11.559565	-60.759987	0.093543954	1303.3167939186096
90	199.02745	14.349695	216.486	181.33882	191.24565	54.313557	256.79025	44.25702	400.0	400.0	98999	60.64794	12.754044	69.86541	-12.018482	-60.888805	0.09369179	1318.4320483207703
91	130.04674	23.113155	153.1599	106.933586	195.86499	31.965706	257.0186	134.20769	400.0	400.0	100099	60.790787	12.722035	69.955986	-11.827371	-61.030113	0.10389798	1333.3984115123749
92	169.3233	54.11106	215.79724	93.43522	189.82729	34.413452	247.00894	138.05444	400.0	400.0	101199	60.895435	12.69401	70.04683	-12.290871	-61.130142	0.09716172	1348.0638463497162
93	220.31706	10.512095	231.43774	206.21248	195.52367	37.816917	270.28217	122.58546	400.0	400.0	102299	61.02179	12.636638	70.09205	-12.584718	-61.254498	0.0902325	1362.6979570388794
94	210.8437	28.657726	247.84761	178.02634	190.14041	49.743114	253.65712	32.36033	400.0	400.0	103399	61.125904	12.594544	70.18257	-13.247667	-61.353794	0.095874615	1377.9064033031464
95	216.3359	29.883827	246.21973	186.45207	191.85931	50.324352	260.6528	63.4188	400.0	400.0	104499	61.202225	12.563029	70.21332	-12.96731	-61.4293	0.08521271	1392.6843574047089
96	231.17542	8.934407	240.30663	219.04666	192.78325	41.10892	257.452	130.05151	400.0	400.0	105599	61.275005	12.594425	70.275276	-12.310896	-61.50323	0.09408057	1407.9201183319092
97	188.78557	42.275364	223.90984	129.32446	181.48178	57.136013	240.71829	-20.31403	400.0	383.7	106699	61.42427	12.431408	70.31585	-10.689631	-61.65335	0.08617048	1423.05801486969
98	211.32385	45.632126	266.74832	154.98415	212.207	43.78453	263.60516	119.16159	400.0	400.0	107799	61.511063	12.410851	70.37824	-9.888763	-61.738415	0.07960871	1438.0541055202484
99	185.64536	20.319336	205.96469	165.32602	205.64929	31.209972	249.27783	134.25783	400.0	400.0	108899	61.597775	12.384845	70.4593	-10.60381	-61.822662	0.085259534	1452.4816415309906
100	222.07298	30.23385	260.0331	186.05179	175.71646	38.681957	238.56082	77.81878	400.0	400.0	109999	61.6955	12.314235	70.52751	-11.025644	-61.920193	0.08980657	1466.1544234752655
101	201.6263	45.27277	247.54716	140.02792	187.97049	26.184156	235.74461	143.54576	400.0	400.0	111099	61.82786	12.218765	70.582016	-10.615387	-62.056236	0.089336246	1479.235111951828
102	190.57634	35.36147	218.35535	140.6744	182.71312	82.65462	270.38217	-35.589203	400.0	384.35	112199	61.92685	12.149414	70.649635	-10.358175	-62.15125	0.08707323	1491.932002067566
103	201.8805	10.505241	212.38573	191.37524	189.72488	65.68238	270.00845	-32.81774	400.0	384.4	113299	61.97046	12.1465435	70.66085	-10.384745	-62.19037	0.090127386	1504.5266964435577
104	131.02106	114.155945	242.89774	-58.180313	173.56534	100.46631	273.74008	-78.53438	330.75	400.0	114399	62.078632	12.089321	70.66744	-10.795408	-62.29545	0.09055063	1519.544138431549
105	164.16367	32.796097	193.54079	118.39273	196.85849	56.107445	257.69302	7.407863	400.0	400.0	115499	62.080944	12.197311	70.60177	-10.509012	-62.29574	0.0950026	1534.5566849708557
106	235.20401	0.3309021	235.53491	234.87311	177.52994	81.08638	276.7298	-58.461212	400.0	400.0	116599	62.11882	12.204064	70.49865	-9.78754	-62.334568	0.092253275	1548.6720762252808
107	202.35217	38.035793	252.28651	160.06439	204.03812	30.772968	264.55826	136.23596	400.0	400.0	117699	62.227448	12.147241	70.437836	-9.478388	-62.441746	0.0887697	1563.9069366455078
108	232.804	35.408962	263.38577	183.17278	176.39612	132.05121	260.66403	-372.76413	400.0	400.0	118799	62.285942	12.140103	70.46465	-9.491169	-62.497486	0.09886068	1578.0402791500092
109	145.91457	135.87398	243.89682	-46.22758	197.0046	74.087	279.6454	-42.340286	304.0	384.15	119899	62.339012	12.13169	70.44823	-10.711944	-62.549347	0.09090066	1592.2977123260498
110	230.53796	39.836143	271.17258	176.42719	173.76364	75.17156	254.6538	-23.228724	400.0	400.0	120999	62.392757	12.105056	70.4285	-13.371122	-62.598446	0.08810096	1607.641149520874
111	151.63042	26.245201	184.74362	120.55305	191.31416	56.95677	270.3213	38.40598	400.0	400.0	122099	62.407986	12.099739	70.48047	-14.394154	-62.613564	0.08974753	1622.7601277828217
112	130.40675	124.436195	247.4548	-41.92134	179.27443	59.356735	264.24258	-7.6228375	293.66666	400.0	123199	62.46166	12.121151	70.538605	-15.049712	-62.67147	0.09091166	1637.952659368515
113	146.5779	44.995953	191.84625	85.213425	142.54294	134.80074	248.9044	-383.09253	400.0	400.0	124299	62.503506	12.139375	70.64914	-13.981384	-62.71318	0.08941958	1653.3373367786407
114	213.88484	30.560724	257.1001	191.7598	185.42245	53.292553	246.94603	58.04444	400.0	400.0	125399	62.557056	12.148442	70.70324	-13.29753	-62.765404	0.093480915	1668.6788239479065
115	207.13863	43.92087	244.97423	145.56036	181.6383	47.992405	253.51962	66.3907	400.0	400.0	126499	62.65845	12.067704	70.71509	-17.406317	-62.860107	0.10135006	1683.6829838752747
116	245.37836	10.271881	255.65024	235.10648	179.58644	63.00086	262.1347	34.023605	400.0	400.0	127599	62.704758	12.018138	70.767586	-10.263705	-62.903294	0.08623973	1699.0318393707275
117	210.81433	28.45543	247.52234	178.17891	202.91676	60.267178	280.28882	-11.544455	400.0	400.0	128699	62.73394	11.998122	70.8165	-11.299305	-62.931618	0.095476545	1714.2512516975403
118	234.07703	18.324907	249.79242	208.3735	155.30519	116.67423	272.9302	-207.58788	400.0	400.0	129799	62.750713	11.943322	70.80392	-10.068179	-62.948467	0.08555728	1728.3610091209412
119	119.98856	77.710915	199.49776	14.528589	191.4463	39.51523	258.12128	118.962524	400.0	400.0	130899	62.754364	11.991124	70.81174	-9.222782	-62.948936	0.089444205	1743.1692872047424
120	192.65195	20.695274	213.34723	171.95668	201.12714	43.961605	255.78484	78.83285	400.0	400.0	131999	62.748405	12.041232	70.81962	-8.835402	-62.94061	0.086221345	1757.0240852832794
121	194.91508	35.182346	220.48071	145.16612	218.1468	46.15729	271.9405	105.74	400.0	400.0	133099	62.7668	12.090673	70.78474	-9.437507	-62.956406	0.07990191	1771.2226872444153
122	225.08093	25.691916	256.6149	193.68326	181.8339	128.23157	268.73645	-346.14722	400.0	400.0	134199	62.780304	12.144177	70.77214	-8.852127	-62.970524	0.08651578	1783.936418056488
123	210.43573	28.750103	247.55916	177.51292	164.96552	139.30891	277.14456	-379.46884	400.0	400.0	135299	62.812355	12.151298	70.76577	-9.363241	-63.004047	0.08198149	1798.158131122589
124	223.26575	22.113945	245.37968	201.1518	214.41415	31.297537	264.25793	151.28322	400.0	400.0	136399	62.846306	12.189561	70.76477	-8.869986	-63.038578	0.08434912	1812.3975479602814
125	202.9674	65.17179	273.28708	116.2091	211.48032	34.317078	265.0272	120.15064	400.0	400.0	137499	62.894276	12.206911	70.79381	-8.878624	-63.090496	0.08298793	1827.8189396858215
126	150.12714	65.1988	203.98407	58.384335	208.38174	39.920895	266.968	117.66901	400.0	400.0	138599	62.914276	12.249602	70.849464	-9.480719	-63.109245	0.076656796	1842.1358275413513
127	222.3813	22.04859	253.54315	205.84383	202.78976	31.222015	245.68297	146.13925	400.0	400.0	139699	63.021446	12.206403	70.92613	-9.695583	-63.21679	0.07440735	1856.816303730011
128	227.05171	28.687927	255.73964	198.36378	192.25311	53.105576	265.26202	53.24519	400.0	400.0	140799	63.07369	12.2128105	70.9708	-9.302975	-63.26649	0.07986117	1871.6421735286713
129	222.95477	27.524874	261.8615	202.43973	180.43182	32.545826	250.15625	127.32063	400.0	400.0	141899	63.11352	12.208925	71.04202	-10.225697	-63.30486	0.08000497	1885.6139211654663
130	116.30377	112.97478	201.3459	-43.35323	215.44534	35.63298	265.34772	152.06656	400.0	400.0	142999	63.14953	12.165128	71.06616	-9.680021	-63.338345	0.06996622	1900.4220185279846
131	155.11095	48.541927	208.13034	90.83637	188.94704	105.09889	267.37732	-234.9573	400.0	400.0	144099	63.156624	12.232814	71.12879	-9.050622	-63.3451	0.07122929	1914.904878616333
132	186.9219	21.404213	208.32613	165.5177	213.75192	73.01989	270.60974	-74.47621	400.0	400.0	145199	63.190758	12.222462	71.15746	-9.063051	-63.37794	0.075870015	1929.9465548992157
133	201.95634	14.006562	221.3698	188.84167	176.21138	127.993416	272.69376	-304.1262	400.0	400.0	146299	63.178814	12.270882	71.22021	-9.033537	-63.364483	0.08064591	1944.7815001010895
134	168.22418	63.715984	254.71648	103.0942	206.57278	46.79847	267.7684	109.97415	400.0	400.0	147399	63.22328	12.273724	71.26325	-9.14161	-63.405624	0.07883526	1960.1614212989807
135	188.86115	32.37654	234.54779	163.3894	173.96684	100.21469	258.74924	-181.0356	400.0	400.0	148499	63.230633	12.342492	71.295074	-8.381141	-63.41085	0.08073224	1975.498440027237
136	215.8959	42.973946	258.86984	172.92195	198.62163	31.532835	257.14066	135.195	400.0	400.0	149599	63.221935	12.3716135	71.31977	-9.711621	-63.40012	0.075449035	1989.730804681778
137	172.60371	123.14758	262.28726	-1.5270164	198.76137	34.227	271.4474	145.96246	400.0	400.0	150699	63.17294	12.499468	71.34605	-8.925194	-63.350994	0.077426046	2004.3476781845093
138	214.88116	29.46136	254.11577	183.12129	216.62122	30.586908	270.74908	171.64716	400.0	400.0	151799	63.213345	12.496942	71.351425	-8.318935	-63.39024	0.08287233	2020.2474384307861
139	180.55	34.37617	217.70285	134.81975	181.2718	79.942314	270.38422	-68.167305	400.0	384.4	152899	63.209724	12.530875	71.36715	-8.711094	-63.388294	0.07393474	2035.4919729232788
140	237.9346	1.6207657	239.55537	236.31384	205.12007	55.467957	262.71222	8.2456045	400.0	400.0	153999	63.2489	12.517453	71.32331	-8.196915	-63.426834	0.07252989	2051.055170059204
141	183.80522	30.304787	214.77963	142.66632	186.69211	59.352978	270.14645	41.748615	400.0	400.0	155099	63.27275	12.581737	71.3124	-8.261176	-63.45043	0.07862965	2066.085620880127
142	194.93323	36.841095	229.98154	144.02328	220.5625	31.474253	267.78452	168.52538	400.0	400.0	156199	63.300278	12.628029	71.31912	-8.844411	-63.479874	0.078411266	2081.539649248123
143	210.9692	33.1829	241.41011	164.81865	162.46497	146.6538	273.47934	-329.1296	400.0	400.0	157299	63.345104	12.635138	71.31494	-9.307939	-63.526447	0.07427834	2096.6346411705017
144	228.69518	18.423737	247.11891	210.27144	179.5656	63.405064	255.32942	12.336072	400.0	400.0	158399	63.457817	12.562228	71.359665	-10.095743	-63.64051	0.074040055	2112.359132528305
145	228.99995	23.075829	259.6848	204.03618	203.48259	51.04263	259.16144	41.536293	400.0	400.0	159499	63.500015	12.573298	71.39366	-9.94498	-63.682076	0.07556468	2127.625561237335
146	205.88318	12.667359	217.75198	188.32803	215.69511	26.32651	261.86453	157.0565	400.0	400.0	160599	63.58715	12.539011	71.42195	-9.450501	-63.770298	0.07372525	2141.915398836136
147	202.02863	25.766098	223.2636	165.76656	184.6751	47.441685	268.0932	85.794	400.0	400.0	161699	63.672073	12.43733	71.47833	-10.206757	-63.85294	0.07772361	2157.1735854148865
148	191.07059	46.44709	237.51768	144.6235	202.99234	38.247463	273.2389	129.7909	400.0	400.0	162799	63.70975	12.403928	71.484024	-10.584137	-63.888424	0.077890836	2174.260925769806
149	203.17633	28.142994	239.93324	171.57898	216.67346	41.129074	280.74173	103.453636	400.0	400.0	163899	63.76656	12.348545	71.46645	-10.332026	-63.94415	0.079173185	2189.5872101783752
150	141.22932	26.749275	167.33897	104.46796	216.63339	40.716965	269.3476	134.34152	400.0	400.0	164999	63.806698	12.322543	71.46594	-8.729615	-63.9827	0.07681001	2204.8275327682495
151	223.85222	19.260023	240.78188	196.90868	218.57022	42.716564	266.7114	119.09327	400.0	400.0	166099	63.80808	12.354517	71.47104	-8.421591	-63.98126	0.0714141	2220.008823633194
152	209.77997	36.640686	246.42065	173.13928	204.01112	34.30311	260.43152	97.107506	400.0	400.0	167199	63.864357	12.352475	71.42963	-7.4532366	-64.03627	0.075282186	2235.1379182338715
153	223.99915	24.065098	257.4338	201.77856	207.41281	50.35603	270.66797	28.777882	400.0	400.0	168299	63.87238	12.382447	71.44841	-7.251715	-64.04388	0.073931955	2248.7064435482025
154	212.7498	9.682017	225.25758	201.67111	228.44795	30.360786	269.84552	176.14555	400.0	400.0	169399	63.8896	12.40246	71.36304	-7.5525103	-64.06082	0.07303621	2261.5771913528442
155	217.34929	23.662746	242.76898	185.7909	216.72404	35.1623	271.2099	140.34282	400.0	400.0	170499	63.92209	12.383497	71.340416	-8.412689	-64.09029	0.07394307	2274.609181880951
156	209.07196	1.4679413	210.5399	207.60402	201.73029	45.282833	267.79684	111.67046	400.0	400.0	171599	64.00251	12.297483	71.32894	-9.11686	-64.168915	0.07006441	2287.356408596039
157	229.65948	17.431705	249.85751	207.32011	177.76656	78.47345	265.99338	-59.39415	400.0	387.75	172699	64.003456	12.308046	71.3133	-9.326129	-64.17225	0.07943419	2302.3087286949158
158	185.71574	23.56246	217.9803	162.37007	172.32185	84.80857	277.86227	-64.222595	400.0	387.9	173799	64.012054	12.302053	71.327736	-9.708177	-64.17827	0.06907231	2317.182272911072
159	174.39326	41.381847	217.06267	118.37171	195.94626	99.3538	275.0742	-210.62584	400.0	400.0	174899	64.050896	12.261959	71.4741	-10.331087	-64.2169	0.08136344	2332.690821170807
160	228.18909	25.381659	253.57076	202.80743	213.99329	35.73337	260.96542	131.10562	400.0	400.0	175999	64.08456	12.194477	71.48157	-10.907006	-64.25159	0.07201541	2348.2602117061615
161	165.3171	42.236332	220.68471	118.225	196.51706	44.15452	265.30215	109.85254	400.0	400.0	177099	64.04886	12.231673	71.50183	-11.243999	-64.216125	0.07422543	2363.456969499588
162	197.28868	26.805435	218.42296	159.4671	217.38472	35.977535	277.77304	110.17701	400.0	400.0	178199	64.06376	12.243072	71.51258	-11.379952	-64.229614	0.076009825	2378.976054906845
163	164.4492	63.230045	244.46996	89.876305	207.33081	45.710346	281.63382	72.82072	400.0	400.0	179299	64.11995	12.1673	71.424866	-11.992877	-64.28585	0.0727367	2393.998198747635
164	244.86089	1.9018707	246.76276	242.95901	176.63748	122.185974	243.83745	-339.4576	400.0	400.0	180399	64.084404	12.20084	71.36405	-12.028016	-64.24857	0.07226698	2409.5237667560577
165	218.58038	19.038712	241.12497	194.55995	215.12708	43.06146	256.81198	66.32018	400.0	400.0	181499	64.09701	12.166197	71.27097	-12.0393305	-64.25905	0.0729504	2424.845899581909
166	187.99501	29.817678	229.07549	159.2124	206.1772	35.263638	271.55255	132.32536	400.0	400.0	182599	64.120895	12.110537	71.25454	-11.983508	-64.28322	0.069066174	2439.153025865555
167	176.79778	63.625336	222.54881	86.82229	208.81795	43.14418	276.83505	88.59055	400.0	400.0	183699	64.10939	12.128736	71.226364	-11.981871	-64.274864	0.069984406	2453.593876838684
168	205.98923	29.817825	235.80705	176.1714	217.6105	30.460117	270.28928	171.85094	400.0	400.0	184799	64.1278	12.121152	71.189545	-12.062851	-64.29465	0.071587354	2469.182058572769
169	231.48444	19.176989	248.42458	204.67291	227.33597	26.38938	277.6001	163.4141	400.0	400.0	185899	64.18939	12.057087	71.195564	-11.77642	-64.357025	0.07771958	2483.147955417633
170	221.31462	17.506672	243.8765	201.20494	225.06836	32.223476	282.08698	151.03725	400.0	400.0	186999	64.23834	11.985626	71.16342	-11.360208	-64.40617	0.07270791	2497.1161942481995
171	210.2989	14.915022	229.90991	193.76709	225.12508	33.92092	280.3654	133.95386	400.0	400.0	188099	64.24668	11.985843	71.15472	-10.690802	-64.41381	0.07353426	2511.615234851837
172	240.82968	29.400719	270.2304	211.42897	217.29277	37.787106	268.2111	152.6835	400.0	400.0	189199	64.316025	11.90562	71.1475	-10.076507	-64.48169	0.07488597	2525.9540417194366
173	238.13733	11.550662	252.48228	224.19777	207.88986	41.287144	262.39243	132.07266	400.0	400.0	190299	64.37651	11.845319	71.20049	-9.323119	-64.54257	0.06946231	2540.2405552864075
174	227.42018	25.50223	258.10413	195.66428	218.47783	26.299662	250.44737	155.675	400.0	400.0	191399	64.39155	11.7875	71.182175	-9.558112	-64.554955	0.07326669	2554.6317687034607
175	197.13982	23.335974	229.37161	174.88509	201.57666	41.15916	251.37772	89.08204	400.0	400.0	192499	64.399895	11.753316	71.20005	-9.077234	-64.56269	0.06955584	2569.9603571891785
176	225.90381	9.625114	235.52893	216.2787	221.7872	26.341885	266.3447	164.58223	400.0	400.0	193599	64.42264	11.6949625	71.19712	-7.9430356	-64.58422	0.07006824	2584.931051015854
177	167.66539	9.206138	175.13991	154.69621	191.83871	73.38486	265.31494	-83.805016	400.0	386.4	194699	64.41131	11.676151	71.21017	-7.2010894	-64.57149	0.082816236	2599.447998046875
178	206.8138	43.904655	268.38843	169.10893	215.4698	38.81267	278.09848	146.89311	400.0	400.0	195799	64.43077	11.669538	71.17193	-7.374383	-64.59117	0.08187432	2614.719128370285
179	193.33687	35.253197	242.74327	162.8512	211.54077	32.320084	258.59528	163.38374	400.0	400.0	196899	64.45573	11.620491	71.16999	-8.930686	-64.6158	0.08165361	2629.1864018440247
180	222.63345	13.776344	236.4098	208.85712	219.52478	32.153957	263.64764	145.22067	400.0	400.0	197999	64.45034	11.6108465	71.16585	-9.225278	-64.61039	0.07257514	2643.668096780777
181	222.86707	20.534515	248.89342	198.69722	215.35727	32.87564	279.42142	140.38643	400.0	400.0	199099	64.46459	11.592095	71.15372	-8.8243265	-64.62416	0.07685812	2658.0660724639893
182	211.89793	20.024572	239.06087	191.3806	214.33911	36.750496	275.05386	134.53198	400.0	400.0	200199	64.48697	11.571642	71.15365	-8.897243	-64.647255	0.07093191	2673.0411269664764
183	178.83391	40.30032	224.0347	126.16958	208.14584	34.023235	266.97748	126.76512	400.0	400.0	201299	64.51379	11.540259	71.154625	-8.57869	-64.674355	0.074838296	2685.7185847759247
184	206.1644	0.8366394	207.00104	205.32776	211.70357	41.21695	269.50702	123.963326	400.0	400.0	202399	64.528656	11.544059	71.14138	-8.785739	-64.6901	0.07702044	2700.262844800949
185	215.28406	20.636026	234.5386	186.66428	224.6916	29.18096	265.04807	146.6408	400.0	400.0	203499	64.55228	11.562119	71.18168	-10.131226	-64.7122	0.074448556	2714.6878595352173
186	196.138	5.7799664	204.26987	191.35333	190.2754	57.875427	267.11096	45.068607	400.0	400.0	204599	64.62422	11.511272	71.192566	-9.010874	-64.784386	0.07148326	2729.455086708069
187	155.96559	55.44094	222.6309	86.89292	216.31047	41.17325	279.80017	146.8379	400.0	400.0	205699	64.63528	11.553372	71.2266	-11.359374	-64.79132	0.07248667	2744.6226279735565
188	204.17986	0.9919739	205.17183	203.18788	211.70688	30.684217	258.3652	141.88574	400.0	400.0	206799	64.58092	11.657634	71.25464	-12.498927	-64.73792	0.074832335	2758.7747735977173
189	214.24152	18.793901	238.01436	192.06165	207.8197	37.054977	269.4107	106.447784	400.0	400.0	207899	64.65648	11.616609	71.28942	-12.338107	-64.81221	0.0713405	2774.2648944854736
190	200.95775	49.857742	269.3696	151.96822	218.70801	34.833374	271.59473	146.24313	400.0	400.0	208999	64.65634	11.707849	71.373344	-12.600234	-64.809944	0.07618903	2788.848662853241
191	206.62996	37.82251	256.53754	165.01068	223.88834	33.28901	270.71576	152.12227	400.0	400.0	210099	64.67893	11.7342825	71.38578	-11.912855	-64.83155	0.08137754	2804.216055870056
192	196.17093	20.340263	216.5112	175.83067	204.49713	43.76216	285.8911	92.099945	400.0	400.0	211199	64.670135	11.743657	71.42373	-13.857822	-64.81977	0.07694667	2818.6992485523224
193	232.26704	19.051584	258.29752	213.23058	212.35591	39.214245	268.6748	134.04155	400.0	400.0	212299	64.682144	11.732406	71.454765	-13.600061	-64.83179	0.076963864	2834.0775575637817
194	234.63654	18.205484	257.26685	212.68835	227.82121	40.427715	279.50946	100.087875	400.0	400.0	213399	64.66833	11.800374	71.54666	-12.785885	-64.822	0.08149072	2848.7020149230957
195	228.5658	31.354881	251.37216	184.22942	189.45912	72.00561	276.31506	-66.81971	400.0	387.15	214499	64.731026	11.731989	71.65107	-12.624997	-64.88449	0.08198163	2864.056906223297
196	238.2484	19.774796	258.0232	218.4736	213.21028	28.345182	274.4073	171.24905	400.0	400.0	215599	64.7788	11.768554	71.80462	-12.842686	-64.93313	0.07530677	2879.329645872116
197	226.47151	2.9367552	230.61784	224.19167	200.52635	31.36037	251.79199	133.77344	400.0	400.0	216699	64.847694	11.705264	71.91238	-13.0211935	-65.001976	0.079671726	2894.3773901462555
198	207.99297	37.88096	237.35756	154.50679	198.04834	70.00188	259.9182	-90.94721	400.0	400.0	217799	64.90123	11.728542	71.98803	-13.352224	-65.05642	0.07645938	2909.3680543899536
199	235.15356	12.539104	246.03796	217.58737	209.21524	29.499819	253.46857	134.18301	400.0	400.0	218899	64.94924	11.750918	71.9958	-12.431882	-65.104935	0.07844349	2924.3161602020264
200	227.47214	23.136536	250.60867	204.3356	207.2496	39.50131	269.82022	110.663414	400.0	400.0	219999	64.99396	11.764133	71.99242	-10.466199	-65.15065	0.07442664	2939.1505200862885
201	200.17279	24.458342	224.77232	166.81447	207.52962	22.655556	235.82835	167.26648	400.0	400.0	221099	65.04593	11.67514	71.98809	-9.838696	-65.199066	0.0805835	2954.247538089752
202	218.87288	26.251165	250.46602	186.19168	198.07237	43.216232	266.47266	104.003586	400.0	400.0	222199	65.084435	11.601619	71.9615	-9.54198	-65.23625	0.071396925	2968.7785544395447
203	192.69167	48.482643	253.28375	134.60535	185.8494	48.274837	266.70215	90.2221	400.0	400.0	223299	65.07227	11.647214	71.99139	-10.534259	-65.22593	0.08060367	2983.8084602355957
204	164.44064	15.275017	179.71565	149.16562	214.48506	42.002842	279.35507	144.9351	400.0	400.0	224399	65.146706	11.57632	72.0649	-10.478448	-65.30142	0.08601067	2998.0831501483917
205	192.95857	35.441853	242.91425	164.4436	213.05673	36.79573	276.9	152.93665	400.0	400.0	225499	65.193504	11.549383	72.084015	-10.519106	-65.34805	0.078746565	3012.4245800971985
206	216.08319	14.306159	232.10469	197.37277	197.77222	47.588932	284.40332	84.50973	400.0	400.0	226599	65.19672	11.594504	72.10004	-10.152617	-65.354034	0.08201692	3027.2416994571686
207	187.26888	20.300001	211.64745	161.94951	202.15692	26.416065	259.70395	162.92046	400.0	400.0	227699	65.31039	11.522858	72.146484	-8.568267	-65.47098	0.08091663	3042.2420420646667
208	196.19043	12.060936	208.25137	184.1295	175.08751	57.812267	253.3112	3.6534996	400.0	400.0	228799	65.34858	11.562834	72.2586	-7.8061247	-65.50818	0.08364982	3056.7086153030396
209	176.98112	55.07996	245.22847	110.33933	201.82169	31.593575	253.74988	130.62517	400.0	400.0	229899	65.439	11.509575	72.283905	-7.4866343	-65.593094	0.08387539	3072.339363336563
210	248.3047	7.1814513	254.75296	238.28537	220.59334	29.040922	266.47125	164.89429	400.0	400.0	230999	65.44388	11.537816	72.31638	-7.543664	-65.594376	0.081648655	3086.9481112957
211	155.42609	16.74351	169.0669	131.8437	220.05347	40.28011	273.64365	125.674675	400.0	400.0	232099	65.43623	11.599527	72.34792	-9.040206	-65.586784	0.080201864	3101.593064069748
212	256.6482	12.861717	269.50992	243.78648	225.19316	37.46498	278.313	150.49423	400.0	400.0	233199	65.462494	11.59926	72.37698	-11.050923	-65.61142	0.08161359	3116.876735687256
213	205.2774	22.77539	236.56566	183.01048	207.84225	34.85912	274.85217	132.75636	400.0	400.0	234299	65.48202	11.61404	72.35228	-11.777435	-65.63052	0.07783572	3131.6075460910797
214	221.30281	18.760931	246.57271	201.6655	220.77449	31.876017	277.3396	167.35576	400.0	400.0	235399	65.50072	11.623776	72.310524	-11.759845	-65.64979	0.08110193	3147.063306093216
215	223.22884	20.057915	249.97159	201.66608	218.59232	39.417088	275.284	113.72721	400.0	400.0	236499	65.56102	11.555524	72.32866	-11.470454	-65.7126	0.0750804	3161.4185252189636
216	240.48499	9.006737	249.49173	231.47826	210.55193	37.088676	280.68973	145.11101	400.0	400.0	237599	65.60424	11.525924	72.360245	-11.2790575	-65.75588	0.074663736	3175.6803596019745
217	198.60315	13.208064	213.25003	181.24072	221.27274	45.405052	272.96017	112.83417	400.0	400.0	238699	65.586365	11.558006	72.4124	-9.707975	-65.73821	0.080079414	3189.2251930236816
218	212.93115	18.729458	233.49016	188.18845	213.59875	35.3049	286.4171	161.36386	400.0	400.0	239799	65.661	11.488842	72.465866	-10.077485	-65.8118	0.07537927	3202.557061433792
219	219.58772	2.26488	222.6501	217.24356	222.79025	36.866013	278.82928	126.66139	400.0	400.0	240899	65.67364	11.506086	72.520966	-9.93071	-65.82581	0.07862611	3216.866509914398
220	191.79962	34.720596	226.52022	157.07903	226.02226	43.274757	278.2531	73.252396	400.0	400.0	241999	65.73755	11.435978	72.580345	-9.368801	-65.88724	0.0792209	3229.946474790573
221	249.6176	28.717384	274.215	209.33215	228.8977	29.175653	266.98227	170.25644	400.0	400.0	243099	65.79182	11.424767	72.636795	-10.374831	-65.9406	0.07467843	3244.680347442627
222	188.45677	17.490292	212.81262	172.54256	224.16594	37.13341	281.02365	157.14581	400.0	400.0	244199	65.79826	11.450655	72.66567	-9.294334	-65.947464	0.075366296	3259.7290227413177
223	217.18169	28.52265	256.99457	191.66164	202.64899	39.941887	275.0519	107.01232	400.0	400.0	245299	65.828766	11.44517	72.7214	-9.363214	-65.97859	0.08151314	3274.3734850883484
224	214.77199	7.4005585	222.17255	207.37143	199.64964	37.35518	267.79633	132.19873	400.0	400.0	246399	65.851814	11.455373	72.72491	-6.9556284	-65.997185	0.07317667	3289.0326068401337
225	221.62483	19.899424	236.51366	193.49898	205.45578	32.372124	256.36023	147.40622	400.0	400.0	247499	65.839264	11.522865	72.71943	-6.691103	-65.98149	0.07300736	3304.1773266792297
226	248.2386	17.811152	264.38425	223.42229	199.7807	30.426594	276.0507	137.6266	400.0	400.0	248599	65.83451	11.541941	72.71761	-6.2665353	-65.97314	0.07493608	3318.8654022216797
227	214.31714	36.30804	252.64116	165.56015	215.98576	34.5351	266.14792	151.75485	400.0	400.0	249699	65.84178	11.57165	72.671814	-5.675647	-65.97905	0.0741671	3333.6878340244293
228	211.87387	25.268776	237.14264	186.60509	218.51425	32.321594	282.35986	167.87825	400.0	400.0	250799	65.82016	11.643703	72.64317	-5.4867024	-65.957855	0.06882055	3349.047137260437
229	219.07141	27.643028	239.44702	179.99016	196.99734	32.647446	242.56265	138.36943	400.0	400.0	251899	65.81137	11.683383	72.56309	-6.066455	-65.95079	0.076669715	3363.338355064392
230	222.80168	36.479958	259.326	172.98541	206.73723	34.760662	256.82156	133.5826	400.0	400.0	252999	65.84575	11.655875	72.513695	-5.141388	-65.986275	0.07305177	3378.325178384781
231	185.8562	21.477966	209.08356	157.29195	203.78203	41.785217	269.2331	105.35068	400.0	400.0	254099	65.83137	11.675909	72.45137	-4.7335706	-65.97396	0.077111594	3393.641733646393
232	185.03339	5.5219574	190.55534	179.51143	211.43571	32.62863	280.12036	166.86745	400.0	400.0	255199	65.89451	11.551537	72.42396	-4.2809978	-66.036446	0.0791153	3409.008291721344
233	96.59216	214.37868	269.77167	-205.50624	211.75252	50.55149	269.09076	74.26432	400.0	400.0	256299	65.88132	11.588445	72.424446	-4.436116	-66.02301	0.07822904	3423.790664434433
234	185.76074	41.30828	236.12814	134.94688	205.35442	29.915836	247.30652	143.45897	400.0	400.0	257399	65.87411	11.591575	72.41231	-5.882581	-66.01722	0.07802211	3439.4330978393555
235	183.36206	45.28011	218.78455	119.4516	204.73796	34.868786	269.2726	136.74005	400.0	400.0	258499	65.91824	11.5235405	72.409584	-7.746153	-66.05704	0.07833056	3454.917844057083
236	249.88885	0.43286896	250.32172	249.45598	210.27461	26.091476	250.35884	150.06696	400.0	400.0	259599	65.87896	11.553446	72.441574	-9.687415	-66.01973	0.07939275	3469.874782562256
237	206.14519	19.838083	233.46097	186.94563	215.77812	31.013468	266.94928	144.21675	400.0	400.0	260699	65.90752	11.525549	72.46199	-10.461815	-66.05032	0.07950462	3484.8268201351166
238	194.33586	14.482761	214.77818	183.01501	209.4427	42.32982	273.01282	93.79127	400.0	400.0	261799	65.8965	11.551813	72.487656	-9.892127	-66.03876	0.0808912	3499.8122062683105
239	196.68568	40.036434	235.98317	141.73602	211.08073	32.66808	273.48154	150.70764	400.0	400.0	262899	65.9274	11.491161	72.49035	-9.715598	-66.07119	0.08391196	3514.531959295273
240	169.71245	20.738144	190.45059	148.9743	213.3125	44.494186	270.56738	121.91242	400.0	400.0	263999	65.93058	11.544098	72.575836	-9.114589	-66.07756	0.08625317	3530.2822971343994
241	214.72664	27.750954	236.22156	175.54242	192.01126	49.732685	258.75998	41.68947	400.0	400.0	265099	66.00007	11.494678	72.57892	-6.742757	-66.144585	0.07723809	3545.4072852134705
242	188.28343	51.180847	260.5772	149.06648	216.0986	37.66742	261.68738	144.6509	400.0	400.0	266199	66.02488	11.480395	72.621506	-6.181257	-66.17043	0.08053098	3560.987793445587
243	238.55965	11.698989	248.28741	222.10579	205.0109	28.895771	262.39078	147.81154	400.0	400.0	267299	66.03953	11.4992695	72.67203	-5.2209325	-66.18301	0.08422422	3576.165853500366
244	216.92543	24.82106	241.74649	192.10437	226.05826	28.172699	282.8105	153.46498	400.0	400.0	268399	66.066826	11.499356	72.71586	-5.4575195	-66.20983	0.08010955	3590.56077337265
245	191.49144	45.660873	255.6277	152.92117	212.85153	34.245083	271.0064	129.05508	400.0	400.0	269499	66.090935	11.501795	72.7256	-5.231447	-66.23591	0.07991783	3604.72753405571
246	213.18542	22.600021	241.44823	186.12917	204.03238	40.05973	259.11823	87.75788	400.0	400.0	270599	66.11629	11.501786	72.71854	-6.6102476	-66.25939	0.08226512	3619.1617484092712
247	197.43042	28.743345	226.08696	158.13474	220.24275	30.503574	278.63525	162.81174	400.0	400.0	271699	66.11064	11.550815	72.70091	-7.6376753	-66.25305	0.08202175	3633.629676580429
248	222.36182	35.551582	257.9134	186.81023	210.93472	27.223751	255.10658	157.8978	400.0	400.0	272799	66.15795	11.475564	72.70913	-6.967068	-66.30008	0.08566615	3648.1471540927887
249	225.89717	19.822353	253.29503	207.0595	206.38577	33.92153	263.096	153.77615	400.0	400.0	273899	66.18442	11.447264	72.67597	-6.3690367	-66.32635	0.08055912	3663.5270223617554
250	216.46547	7.162593	224.86206	207.36034	201.04492	53.016464	273.11728	82.38368	400.0	400.0	274999	66.18661	11.460419	72.63618	-6.2888637	-66.327255	0.07567153	3678.591710090637
