Epoch	AverageEpRet	StdEpRet	MaxEpRet	MinEpRet	AverageTestEpRet	StdTestEpRet	MaxTestEpRet	MinTestEpRet	EpLen	TestEpLen	TotalEnvInteracts	AverageQVals	StdQVals	MaxQVals	MinQVals	LossPi	LossQ	Time
1	34.68259	13.518529	48.20112	21.16406	31.371769	16.91001	58.653763	1.1751177	400.0	382.85	1099	-0.0815731	0.1354549	0.9970874	-0.70061725	0.04318927	0.06435555	3.0843520164489746
2	24.38292	20.781862	53.28733	5.323112	-15.526486	17.385155	13.7514	-47.01222	400.0	226.75	2199	0.5019465	0.86836386	7.8476706	-2.2636425	-0.64090556	0.022593029	8.929656982421875
3	27.9979	13.825463	46.817295	13.996039	2.009167	25.64028	43.597397	-42.039413	400.0	268.0	3299	1.7526226	2.0609028	15.043146	-3.8324256	-1.9753948	0.025846755	16.078294038772583
4	29.721922	19.73601	57.374134	12.612299	-8.551182	15.626388	24.282883	-34.10381	400.0	179.25	4399	3.14342	3.2010953	21.655567	-5.620049	-3.401286	0.034580592	22.266490936279297
5	19.427103	6.2665	25.693604	13.160604	-13.288328	15.5094185	15.981994	-47.627964	400.0	163.85	5499	4.7032037	4.296454	27.841362	-6.0716515	-5.0008993	0.05174991	27.510358095169067
6	28.418139	18.421898	43.4891	2.4788797	-7.1561217	24.307562	51.74066	-49.44247	400.0	207.8	6599	6.2632318	5.6093802	33.73816	-7.223259	-6.5889425	0.081127636	34.01542615890503
7	39.1376	3.239975	43.7031	36.518234	-5.7945805	18.460587	27.821262	-27.729149	400.0	276.55	7699	8.008195	7.127135	39.700333	-9.584607	-8.296082	0.10856523	41.09491586685181
8	39.895687	12.055698	55.75234	26.54198	-0.8932518	24.528563	41.44018	-48.311108	400.0	369.25	8799	9.515007	8.544766	45.72396	-10.705153	-9.846174	0.14231905	48.921666383743286
9	29.903696	5.8080845	35.71178	24.095612	-2.4653473	18.494255	41.22086	-45.304863	400.0	333.05	9899	10.89883	9.524058	51.03681	-10.487987	-11.229114	0.18650524	55.57576894760132
10	30.370363	8.330843	39.017406	19.11677	-0.0703017	17.23716	51.401554	-26.474987	400.0	241.45	10999	12.361155	10.512859	56.2166	-9.107725	-12.737335	0.20164923	61.64945840835571
11	26.392298	9.911603	37.263817	13.293813	-4.39556	19.445986	29.226934	-40.722004	400.0	280.95	12099	13.510083	11.357057	59.46859	-9.235535	-13.896546	0.254288	67.90721940994263
12	33.135746	14.440463	51.593376	16.338747	-2.689013	20.781765	35.723602	-44.178158	400.0	209.4	13199	15.134601	12.354128	60.911648	-9.897481	-15.599242	0.25463885	73.80961513519287
13	43.579987	4.679123	48.25911	38.900864	2.0984511	14.3403425	23.902594	-39.311733	400.0	274.75	14299	16.64921	13.024341	63.004715	-10.011722	-17.108799	0.25149125	79.72925758361816
14	15.50523	7.8813586	21.22815	2.0021915	2.932929	20.17436	44.25914	-42.75573	315.25	265.3	15399	17.856983	13.518109	65.40185	-9.615404	-18.271828	0.25979123	85.94445633888245
15	2.8028774	13.846255	13.05675	-16.771265	17.758564	21.58006	57.948353	-33.090446	400.0	340.8	16499	18.838923	14.542958	67.87642	-12.718682	-19.0669	0.2827809	92.7475254535675
16	-2.2619734	15.344922	8.821307	-28.602016	12.321434	17.1441	70.92206	-20.988602	271.0	263.45	17599	19.466776	15.403067	69.60062	-12.723653	-19.735662	0.3663687	98.69517970085144
17	26.096008	7.3496027	33.44561	18.746405	19.478703	16.454008	62.546276	-9.345695	400.0	385.15	18699	20.569984	15.801182	70.2067	-9.3554945	-20.893595	0.43801898	105.85704374313354
18	11.8629265	23.236006	44.19084	-18.92624	8.512772	15.784088	44.487644	-22.443512	350.5	356.3	19799	21.534218	15.912468	73.01326	-3.6338515	-21.87891	0.4703848	112.25444722175598
19	32.311054	5.06411	37.375164	27.246944	0.9428245	24.077904	44.051216	-44.09559	400.0	322.15	20899	22.428432	15.980665	72.345924	-0.6022396	-22.769993	0.4958912	118.64818477630615
20	5.93107	19.93289	25.844648	-26.53042	-4.1664515	17.163193	31.543932	-31.89104	346.25	323.05	21999	23.152737	15.897291	70.3708	2.1785948	-23.508057	0.44007385	124.95770478248596
21	16.652664	18.843372	35.339737	-19.471422	14.690353	20.428648	60.118626	-22.978064	222.6	352.0	23099	24.310217	15.892762	78.19524	2.5049858	-24.694073	0.6241969	131.45740222930908
22	24.06605	2.9745827	27.040632	21.091467	25.306532	14.314313	48.266605	-0.5743099	400.0	396.85	24199	25.489002	15.809251	80.22111	2.4622345	-25.905727	0.5796872	138.8035180568695
23	14.78842	12.143792	37.632603	4.3152404	22.355186	18.314152	53.036556	-10.763181	283.8	343.15	25299	26.785303	15.636389	80.56079	2.5449018	-27.206648	0.6409069	145.23925495147705
24	26.336725	19.22702	45.563744	7.109706	19.514225	13.224335	49.98625	-6.0025873	400.0	368.7	26399	27.638538	15.272512	79.40082	0.91572595	-28.103264	0.66466963	151.83896851539612
25	20.717873	13.334664	30.925016	1.8818364	20.191671	18.507795	48.844036	-13.466895	400.0	346.4	27499	28.451582	15.168981	78.15614	-1.3589826	-28.878721	0.63398457	158.61198568344116
26	34.974827	5.111769	41.97671	29.916487	14.477715	18.390938	52.537037	-26.77383	400.0	400.0	28599	29.045357	15.537273	81.29014	-8.403143	-29.431166	0.61522126	166.18848991394043
27	14.092538	2.7877786	17.77141	11.025506	20.566967	16.26783	44.5948	-21.778639	400.0	332.8	29699	29.374096	15.862851	84.842964	-3.739691	-29.802692	0.6000604	173.83818197250366
28	21.51645	15.232637	42.25149	6.089936	26.106781	14.39666	55.03629	-5.135307	289.0	383.75	30799	30.106428	15.894708	86.50597	-3.529823	-30.57571	0.5948162	180.5077521800995
29	25.372412	1.6698068	26.716919	23.018906	14.74252	24.04258	49.692703	-20.568445	400.0	293.2	31899	31.187891	15.989733	88.47214	-2.2543597	-31.63287	0.6117098	186.67343163490295
30	9.517488	1.3167675	11.379592	8.570902	19.070837	20.604961	55.511635	-17.244724	400.0	346.0	32999	31.92223	16.079943	89.39497	-1.3064833	-32.365257	0.65958226	194.51072525978088
31	30.416636	29.764044	68.591934	-4.0278454	15.511569	27.477753	59.822205	-35.65525	389.33334	314.55	34099	32.737423	16.296078	89.97696	1.0989718	-33.219147	0.8473585	200.7252335548401
32	28.672932	4.3879547	33.060886	24.284977	26.918488	21.595503	81.563354	-31.489883	400.0	384.95	35199	33.90206	16.557295	88.753174	3.987914	-34.396744	0.9297954	207.46128845214844
33	28.933676	25.072306	65.2653	-4.5104675	14.540827	21.525919	47.357983	-23.830101	278.6	319.2	36299	34.711864	16.736254	86.87046	-0.21598816	-35.150463	0.83936024	213.84301447868347
34	36.92414	19.018387	55.942528	17.905754	29.650223	13.673542	53.166412	-0.8344721	400.0	382.8	37399	35.270725	16.812197	84.70972	-0.5377264	-35.670746	1.0871924	221.99904870986938
35	17.4221	5.891381	25.65015	12.173641	17.685276	8.285183	37.368423	0.5239329	400.0	341.75	38499	35.63112	16.666193	84.1972	-0.056968212	-36.07011	1.0563853	229.97156810760498
36	28.838676	4.7895846	33.369343	22.212727	22.690956	20.60873	63.19658	-28.511871	400.0	347.25	39599	36.54343	16.524921	83.95912	-0.96147585	-37.08892	1.0493996	236.01129126548767
37	21.507917	8.163662	30.884504	10.986291	26.947186	14.050354	47.163868	-0.3303709	400.0	368.5	40699	37.722813	16.298662	89.08825	3.9002485	-38.265556	1.0871453	242.51636052131653
38	43.866405	2.212925	46.07933	41.65348	21.78559	17.410074	50.469563	-15.009726	400.0	368.6	41799	38.59195	16.126642	86.57276	3.1548133	-39.085766	0.99483865	249.51948738098145
39	29.629242	2.9189944	33.524933	26.49882	23.946444	19.820107	61.07932	-2.7478719	400.0	354.5	42899	39.19094	16.028084	88.40311	3.9624538	-39.67632	1.0737054	256.3413496017456
40	27.8506	15.13082	49.16507	15.555511	20.610327	17.617918	53.314514	-17.994583	400.0	371.85	43999	39.816753	15.81799	89.769966	2.4284015	-40.277508	0.9439249	262.8951258659363
41	59.103268	11.820639	74.91044	46.488922	27.588032	18.491524	51.322937	-8.810821	400.0	384.0	45099	39.99017	15.72145	90.110306	2.7517142	-40.395824	0.9665596	269.99362325668335
42	16.843767	30.049324	48.832073	-16.868303	27.065485	16.110126	60.970676	-4.335149	274.25	383.55	46199	40.13457	15.839038	90.58596	1.2307782	-40.510773	0.9549909	277.02424693107605
43	29.239702	3.1222668	32.36197	26.117435	27.621164	17.13096	57.600597	-6.6284313	400.0	363.05	47299	40.227436	16.018057	89.543846	1.4678526	-40.60929	1.0938289	283.6496765613556
44	47.556004	4.5921383	54.023632	43.81334	22.038471	16.39676	50.67567	-14.385022	400.0	380.4	48399	40.33576	16.07554	94.11208	1.4503407	-40.704517	1.0745364	290.3455927371979
45	38.48077	6.606689	46.476997	30.297232	23.75843	14.225594	47.045135	-1.4729404	400.0	333.85	49499	40.27965	15.874259	96.01917	-0.113091946	-40.65051	0.9607646	296.8914167881012
46	12.4537735	11.806421	25.721483	-2.9586504	31.884502	13.649959	60.730816	-1.1017469	400.0	383.3	50599	39.966923	15.718225	97.52917	-0.25196552	-40.356056	1.0338818	303.7204921245575
47	28.351448	21.19508	49.546528	7.156368	32.326874	11.796899	49.28278	7.686699	400.0	400.0	51699	39.85755	15.587439	98.73118	-1.0094872	-40.268055	1.0559986	310.9178009033203
48	26.83306	8.225995	36.795208	16.649372	30.011662	15.390169	61.364582	-3.1187341	400.0	400.0	52799	39.94854	15.498853	99.183495	-1.3868394	-40.33765	0.99227417	318.0082142353058
49	29.533676	20.830502	54.865356	3.8450077	25.184002	18.89578	59.958378	-1.8013961	400.0	383.05	53899	39.80341	15.420114	99.218666	-3.232811	-40.166504	1.034593	324.70587730407715
50	23.506065	10.626769	38.17303	13.334905	28.211206	15.232359	66.13931	8.548368	400.0	400.0	54999	39.567886	15.316286	99.47714	-1.7895837	-39.934097	1.0268271	331.48926544189453
51	43.47779	14.311592	57.789383	29.166199	38.438408	16.056046	63.449474	10.366634	400.0	400.0	56099	39.340836	15.167101	99.13799	-3.133586	-39.720894	1.0004333	339.9650800228119
52	20.41215	12.419033	35.38862	4.978626	29.799875	18.312529	67.5069	2.5925987	400.0	400.0	57199	38.967827	15.166763	99.4187	-4.5731325	-39.312134	1.0814484	347.0489044189453
53	37.604786	14.335663	57.720783	25.361181	25.53928	16.809227	54.042965	-10.918297	400.0	400.0	58299	38.76131	15.17591	98.46014	-6.8459444	-39.103336	1.0111748	353.9954831600189
54	43.40427	14.351646	60.84294	25.691927	24.670444	17.01363	56.42134	-4.285791	400.0	400.0	59399	38.66205	14.930001	97.930595	-6.8212843	-39.08271	1.0970435	361.2946548461914
55	27.341028	40.577705	67.91873	-13.236675	26.066717	15.452609	56.24718	1.7305306	400.0	384.4	60499	38.956276	14.765486	99.24426	-7.445231	-39.386875	1.1226426	367.53875494003296
56	20.694523	6.2327304	28.521305	13.27022	30.424526	20.23934	74.12826	-15.864765	400.0	400.0	61599	39.05443	14.7403	99.36218	-8.7708645	-39.418686	1.0203519	374.884681224823
57	42.349483	7.7354116	52.72953	34.1685	24.117138	18.514038	52.00302	-13.077703	400.0	384.6	62699	38.731377	14.664813	97.81227	-8.572067	-39.06375	1.0003989	381.5873203277588
58	27.022852	7.5182314	37.562515	20.539633	17.784956	23.735258	65.28107	-17.317942	400.0	342.9	63799	38.34238	14.505712	94.53623	-5.143429	-38.663715	0.95069724	388.79073214530945
59	40.441536	2.3916836	42.83322	38.049854	18.262802	20.113358	48.332096	-35.542786	400.0	340.1	64899	37.917255	14.267132	92.95725	-1.3916626	-38.211853	0.88279295	395.8150088787079
60	35.957245	13.254922	48.160442	14.890751	11.642088	24.821615	43.5297	-36.344864	315.0	348.8	65999	37.4275	13.980275	88.72461	-2.270773	-37.698948	0.916956	403.0674204826355
61	38.66996	17.177103	60.872772	19.032999	23.667963	17.800587	56.950527	-17.063702	400.0	400.0	67099	36.975674	13.833671	86.703445	-3.619124	-37.25256	0.86922675	411.66644287109375
62	-1.1577234	11.768241	10.6105175	-12.925964	28.742702	24.102158	73.66946	-11.297429	400.0	356.3	68199	36.471714	13.66388	85.95505	-4.9213815	-36.722885	0.85728717	418.5843257904053
63	33.24046	9.403956	41.885555	20.165861	38.38673	20.744205	87.58812	6.255681	400.0	400.0	69299	35.835236	13.434665	84.401215	-5.818868	-36.091976	0.8412127	425.41081643104553
64	39.894268	9.455534	49.494503	27.032679	37.74751	19.90385	73.74983	3.4080884	400.0	383.4	70399	35.32675	13.2136545	83.98135	-3.2239308	-35.595	0.7761395	432.88363766670227
65	28.943266	6.43819	37.882244	22.97497	32.28059	15.989642	56.28641	-6.8513465	400.0	400.0	71499	34.769943	13.091077	83.98687	-1.6335368	-35.02197	0.8233999	439.6893584728241
66	12.613007	5.6298103	18.242817	6.9831963	32.209938	16.109228	59.40632	3.0829732	400.0	400.0	72599	34.284405	12.942522	85.49859	-1.9479933	-34.54314	0.78538984	446.718514919281
67	38.696934	9.321929	49.27053	26.591278	35.878956	18.438139	72.88058	5.478134	400.0	400.0	73699	33.894722	12.751454	86.095695	-2.2565546	-34.167244	0.74696124	453.9565119743347
68	28.789732	11.324986	44.213024	17.339836	33.92952	17.998232	64.54728	-2.2175393	400.0	400.0	74799	33.410847	12.498338	85.95867	-4.399577	-33.6747	0.7394883	461.19248509407043
69	39.04438	10.875943	50.231884	24.309565	33.84687	13.254588	66.04275	8.362638	400.0	371.5	75899	33.000446	12.354521	86.25652	-3.4296136	-33.263275	0.6774123	468.09329748153687
70	32.06723	4.62638	36.69361	27.440851	21.745052	15.339776	52.29617	-7.5134287	400.0	354.65	76999	32.69692	12.1434555	85.26859	-3.3838568	-32.996662	0.7472321	475.121244430542
71	26.125116	15.537506	47.783615	12.086004	30.737598	20.64178	70.98933	-7.5744143	400.0	369.3	78099	32.51583	12.007202	84.318924	-2.9692912	-32.817165	0.7296602	483.43264508247375
72	40.78517	21.185991	63.71365	12.618151	31.174313	20.347006	69.8871	-8.329501	400.0	353.9	79199	32.318634	11.910332	86.18537	-1.8498435	-32.59967	0.76202524	490.3439061641693
73	15.523412	6.6207213	23.67007	7.453221	39.301666	15.398595	64.536674	11.272452	295.66666	400.0	80299	31.962152	11.83814	87.672104	-1.9669299	-32.21114	0.78588766	499.105610370636
74	12.64322	9.193102	26.119009	2.6719327	33.44724	17.582668	55.74149	-3.8098178	319.0	384.85	81399	31.448797	11.8139	88.32284	-1.8681173	-31.682024	0.8068635	506.1304347515106
75	24.175901	15.077759	39.91365	3.8470623	22.861364	19.452234	70.28572	-6.65254	400.0	385.05	82499	31.019993	11.830632	88.48335	-0.9709711	-31.25505	0.82215506	513.1599504947662
76	19.798603	5.122696	24.921299	14.675907	14.464783	14.732343	42.57066	-11.533669	400.0	370.25	83599	30.602375	11.821004	88.15094	-0.30063725	-30.838306	0.81471425	520.1151955127716
77	8.754152	18.224081	25.989378	-16.458216	31.24429	17.49884	56.935658	-0.0266941	400.0	383.5	84699	30.153229	11.87979	86.06406	-0.66987467	-30.385376	0.8187378	528.3794121742249
78	13.750148	38.87738	54.31663	-38.67258	14.421555	20.067879	48.546738	-26.592674	400.0	355.05	85799	29.82002	12.008471	83.72863	0.6116786	-30.056473	0.769821	535.1537628173828
79	12.428411	16.066177	28.945677	-9.341994	24.236135	21.68995	54.430023	-16.003983	400.0	353.95	86899	29.542873	12.092632	85.10414	2.8261347	-29.80141	0.75616634	541.9641962051392
80	28.94109	5.2803116	34.2214	23.660778	13.147835	13.736656	45.851368	-10.11631	400.0	318.7	87999	29.47575	12.081107	83.28035	5.240249	-29.740278	0.7922622	548.6464667320251
81	19.655952	16.135767	42.300133	5.889425	22.6142	17.934105	56.194656	-9.501743	400.0	366.15	89099	29.242474	11.990176	82.05311	1.051528	-29.494532	0.75470155	556.7915425300598
82	45.649197	33.763206	74.617516	-1.7068167	22.680746	24.848475	88.474846	-12.9348345	400.0	334.5	90199	29.121143	12.006136	82.52527	-0.50700855	-29.36277	0.79595083	563.5371744632721
83	37.41374	10.049772	50.95491	26.90492	36.121346	20.786766	78.32631	-10.523328	400.0	383.1	91299	28.927166	11.91857	83.74663	-2.3825774	-29.16466	0.7636952	570.5507910251617
84	35.19436	6.282256	41.476616	28.912104	41.5617	18.320063	84.91902	10.486074	400.0	400.0	92399	28.623802	11.756596	83.38824	-1.295073	-28.858625	0.7403966	578.8962833881378
85	43.303333	9.763845	56.8052	34.047665	35.927086	23.176966	84.426575	1.1029208	400.0	383.35	93499	28.404161	11.603781	84.07446	1.861846	-28.64604	0.7637256	586.0855195522308
86	32.219124	1.9804691	34.80718	29.997807	30.14861	15.195708	55.57464	4.8491654	400.0	400.0	94599	28.32228	11.480931	83.08814	2.4111772	-28.581652	0.76216215	592.4920375347137
87	42.706455	9.580794	51.315456	29.340982	24.43253	24.846504	75.16444	-21.62689	400.0	400.0	95699	28.19732	11.380941	82.862335	6.781082	-28.444613	0.76049536	599.4391222000122
88	33.290443	4.5461445	37.836586	28.744297	26.605114	14.921158	55.6225	0.48266277	400.0	400.0	96799	28.086655	11.282768	82.75038	6.397519	-28.3478	0.80281717	606.6435091495514
89	34.976597	14.815506	53.45996	17.189577	36.287636	10.139685	54.126713	17.959955	400.0	400.0	97899	28.039719	11.238883	83.386154	5.7693415	-28.303158	0.79365754	613.5126175880432
90	44.614094	26.930462	80.323105	15.291168	25.637506	18.00238	57.765472	-10.751928	400.0	400.0	98999	27.974533	11.2002735	83.06825	5.4415174	-28.22241	0.7885923	620.3675191402435
91	24.448019	16.29866	43.04522	-1.67268	30.88625	17.41567	67.02565	0.012139662	319.0	400.0	100099	27.842203	11.143719	85.246506	5.2052126	-28.083637	0.7524585	628.7995522022247
92	23.7662	21.064709	44.83091	2.70149	28.65704	9.7227745	52.961864	10.58924	400.0	400.0	101199	27.602436	11.035732	78.76198	3.6056433	-27.829948	0.8057721	635.9271755218506
93	32.53642	12.336043	47.95291	17.75599	37.407967	13.545437	57.741367	5.6315165	400.0	400.0	102299	27.331697	10.951049	77.49968	4.0655913	-27.5537	0.7340513	643.2732527256012
94	37.66291	6.084254	45.846382	31.268932	29.324543	15.146361	60.095726	4.2308116	400.0	400.0	103399	27.067038	10.861205	76.31473	3.0837555	-27.27852	0.7571784	650.5374128818512
95	28.503214	7.8529234	39.606876	22.76659	33.248024	17.810394	62.85066	9.0007515	400.0	400.0	104499	26.776112	10.777825	74.22095	2.4031858	-26.986238	0.72142047	657.7549288272858
96	43.834427	30.868044	74.70247	12.966381	29.82198	16.577366	67.48258	3.7495115	400.0	400.0	105599	26.495922	10.7778425	73.80555	0.9368396	-26.700697	0.7282518	665.2271540164948
97	23.755648	10.512832	35.567703	10.030672	31.322906	17.301144	68.033775	10.137912	400.0	400.0	106699	26.284708	10.814696	73.79192	1.0354414	-26.495472	0.75178343	672.1571626663208
98	38.716244	15.12057	56.85176	19.836515	21.10153	17.94599	52.993336	-10.320735	400.0	384.4	107799	25.942326	10.833155	74.167015	2.826614	-26.138952	0.6484349	679.2393772602081
99	32.627983	11.671015	49.130123	24.096834	27.996552	24.30544	76.19205	-10.473426	400.0	383.8	108899	25.610048	10.791234	72.68353	4.556696	-25.810072	0.6604955	686.2373104095459
100	15.560324	26.456568	51.34452	-13.918536	33.455635	22.593954	81.68119	3.0111442	228.75	400.0	109999	25.359652	10.73493	72.78444	3.5384927	-25.567286	0.72159934	693.4500250816345
101	53.818798	17.908205	70.80686	29.057926	21.76432	14.971836	46.840797	-1.563508	400.0	400.0	111099	25.136948	10.734036	73.04815	1.9353571	-25.341814	0.69203705	700.6765434741974
102	32.876183	4.3219147	37.198097	28.554268	28.847809	15.633679	54.891174	1.9583886	400.0	400.0	112199	24.919415	10.680919	72.30217	1.4113064	-25.123642	0.6974876	707.7982521057129
103	41.3782	20.412277	57.56062	12.584609	24.032042	15.576743	56.589252	4.7455764	400.0	384.65	113299	24.780798	10.6636715	70.67137	0.10096693	-25.0024	0.73215413	714.8514323234558
104	35.355717	1.7490267	37.487408	33.203335	24.690197	13.065995	48.11634	-3.32959	400.0	383.95	114399	24.682346	10.593209	71.75247	-0.118534565	-24.905264	0.63862216	721.0857396125793
105	35.09714	26.662756	72.79201	15.427122	26.383102	17.134684	49.90875	-7.213213	400.0	400.0	115499	24.549122	10.493408	73.169136	0.8137393	-24.762573	0.66794	728.2966916561127
106	33.65529	3.207613	36.8629	30.447674	23.749062	13.7279005	52.425694	3.7625444	400.0	400.0	116599	24.510365	10.419227	73.38853	1.1690078	-24.72712	0.6310712	735.6310904026031
107	30.078238	20.884346	53.143856	2.5699234	35.9869	26.95874	95.13539	-1.9849029	400.0	400.0	117699	24.436592	10.368783	72.79219	1.0825367	-24.659237	0.63040435	742.8701012134552
108	23.424662	10.879631	32.468834	8.122884	19.994888	14.042904	57.5105	0.018374415	400.0	400.0	118799	24.373093	10.245083	74.521194	1.6263046	-24.585058	0.62063557	750.3722338676453
109	35.219707	13.506425	50.43545	17.612028	34.284008	20.517155	74.34312	4.190934	400.0	400.0	119899	24.270199	10.131984	72.30925	1.0215039	-24.475286	0.6033193	759.0761113166809
110	61.083687	9.477049	70.56074	51.60664	24.711767	14.041905	52.08374	2.543378	400.0	400.0	120999	24.085173	10.062141	79.30429	0.27927065	-24.287584	0.6312317	766.3104672431946
111	31.90445	2.3167865	34.045437	28.686079	28.935614	17.92859	66.99157	-1.3715199	400.0	385.3	122099	23.965076	10.010169	77.3282	-0.4062996	-24.1669	0.6226383	774.6388177871704
112	33.219013	1.7679484	35.603073	31.37456	32.052544	14.129514	62.478	5.401394	400.0	400.0	123199	23.943893	10.05802	76.451225	-1.8650918	-24.153751	0.6245794	781.6215937137604
113	22.748192	7.968365	30.045853	11.662939	27.541082	18.643606	69.675575	-2.08737	400.0	400.0	124299	23.956738	10.053882	79.80752	-1.4780846	-24.178345	0.6570509	788.4370129108429
114	28.962482	17.556557	46.51904	11.405925	32.86906	18.820818	65.14617	1.5684425	400.0	400.0	125399	23.962109	10.046871	81.129395	-1.8067765	-24.185873	0.7036338	795.4967665672302
115	36.388077	14.324576	56.470753	24.043533	28.865454	13.66805	68.10074	3.68466	400.0	400.0	126499	23.895592	10.000805	80.830864	-1.9095964	-24.107845	0.6346751	802.7310981750488
116	30.649145	6.763994	39.31579	22.809486	36.782658	18.476171	79.0831	4.261849	400.0	400.0	127599	23.800287	9.902604	81.28429	-3.147657	-24.01568	0.69276536	809.9904396533966
117	30.63353	5.6875024	38.369305	24.8578	32.8415	14.782458	63.94336	5.616884	400.0	400.0	128699	23.721199	9.839593	80.33328	-4.2230005	-23.938026	0.6295488	816.7635359764099
118	14.891994	10.26364	25.155636	4.628354	25.012918	13.772031	52.18567	3.2709138	400.0	400.0	129799	23.653505	9.788198	79.438324	-4.9016523	-23.87048	0.65998477	823.8263592720032
119	42.68599	16.483362	63.91824	23.736471	29.24496	12.369715	55.278496	5.967343	400.0	400.0	130899	23.568077	9.743188	77.7927	-5.1408277	-23.78469	0.6188758	831.1857469081879
120	15.214086	5.8671393	21.117754	7.2129936	33.547592	17.011925	65.16276	8.725173	400.0	400.0	131999	23.503683	9.710897	77.10928	-5.3518977	-23.712276	0.60116136	838.6234438419342
121	29.538086	8.88059	41.712975	20.781109	27.146128	13.388933	50.606506	4.0398216	400.0	400.0	133099	23.358963	9.69049	76.25739	-3.0696883	-23.550266	0.58263737	845.7488374710083
122	30.66867	7.446805	38.670326	20.738047	37.047756	16.324463	74.17595	11.928433	316.0	387.7	134199	23.184977	9.674216	75.94051	-3.0327377	-23.367426	0.6383131	852.4702982902527
123	30.536749	3.8760717	36.015423	27.642485	25.37743	14.020429	58.52007	3.7525227	400.0	400.0	135299	22.957693	9.666085	75.14402	-1.6530333	-23.142052	0.61819124	859.591625213623
124	31.644592	16.81001	52.978443	11.893903	33.00978	14.829072	63.545036	4.9239917	400.0	385.3	136399	22.801527	9.721385	73.70244	-5.2133207	-22.983952	0.57298493	866.6498272418976
125	27.300747	8.779095	36.07984	18.521652	38.865044	13.048265	69.0138	15.635787	400.0	400.0	137499	22.681421	9.760637	73.47298	-5.021163	-22.85873	0.57811534	873.6852059364319
126	46.89684	13.208831	63.341072	31.000074	31.863	16.486313	60.033253	5.442018	400.0	400.0	138599	22.484686	9.762221	75.78327	-6.6844544	-22.660145	0.60181713	880.5566411018372
127	23.28333	11.919456	35.68134	7.1935673	35.29812	16.472385	65.0337	-1.0185541	400.0	400.0	139699	22.283247	9.758531	77.99119	-3.738904	-22.462313	0.5610997	887.8733901977539
128	46.208282	9.329524	56.460716	33.890007	40.320187	17.144957	69.720215	0.2530442	400.0	400.0	140799	22.156036	9.826158	80.21389	-4.0670223	-22.33591	0.57432175	894.7343037128448
129	40.664726	3.6094496	44.274178	37.05528	29.047815	12.266202	55.19948	5.3297014	400.0	400.0	141899	21.982578	9.9168415	81.24314	-1.7377424	-22.156717	0.5874485	901.8685007095337
130	32.522827	6.710623	38.145935	23.090534	31.056711	17.881397	78.19626	1.9959261	400.0	400.0	142999	21.74802	10.00476	82.93135	-3.5119076	-21.916685	0.5824537	909.2209620475769
131	37.97393	9.18299	50.960266	31.395552	34.161842	13.47344	53.92485	11.499865	400.0	400.0	144099	21.521076	10.066192	83.25308	-6.1495447	-21.673243	0.586467	916.6258692741394
132	39.991207	16.417196	56.03474	17.435331	37.314636	14.215668	67.13894	9.275531	400.0	400.0	145199	21.282562	10.14337	83.356094	-6.497831	-21.4281	0.56633085	923.4331803321838
133	34.8082	10.070909	44.87911	24.737291	35.261433	15.815633	61.732933	5.6436834	400.0	400.0	146299	20.981232	10.134252	82.807915	-6.870021	-21.127138	0.58448106	930.6913409233093
134	30.913803	25.110643	66.2174	9.936544	30.119747	16.680737	62.389786	5.6446004	400.0	400.0	147399	20.729914	10.179493	81.195114	-7.3602114	-20.875338	0.5532001	937.4734094142914
135	14.222256	4.6428003	19.841915	8.471684	34.17147	15.927909	63.31073	7.3255568	400.0	400.0	148499	20.404291	10.165576	79.51236	-6.7501297	-20.547491	0.57719505	946.001293182373
136	22.762817	5.3948827	29.325806	16.111973	43.989307	19.888418	93.344185	14.826519	400.0	400.0	149599	20.13175	10.171362	78.90959	-7.3626122	-20.28231	0.5623847	954.5362169742584
137	47.020813	38.645287	85.6661	8.3755245	30.178589	16.14594	58.402103	-2.7200055	400.0	400.0	150699	19.877087	10.134155	77.410484	-6.8790636	-20.029507	0.56757855	961.6854140758514
138	36.791668	15.952574	48.875786	14.250896	31.187069	18.13512	60.249454	-0.70166963	400.0	400.0	151799	19.7149	10.13197	77.177414	-5.833111	-19.866547	0.5649715	968.7816498279572
139	31.499311	11.349787	40.55502	15.494433	34.512585	17.233686	71.46819	4.3649454	400.0	400.0	152899	19.56102	10.14199	77.422295	-4.5851955	-19.708296	0.5628184	975.8722474575043
140	15.424014	3.2558231	19.558834	11.602174	19.702654	18.261501	69.68854	-16.306175	400.0	400.0	153999	19.324877	10.098015	78.28325	-2.6468878	-19.464317	0.60282457	983.0583827495575
141	27.393967	10.632606	38.026573	16.761362	25.196032	14.92443	72.24358	8.254416	400.0	400.0	155099	19.1092	10.013547	78.43577	-2.7374964	-19.245386	0.5953871	990.1877121925354
142	29.289072	8.201622	36.93637	17.913004	18.16647	11.284165	42.74388	-5.304341	400.0	400.0	156199	18.915592	9.940146	79.20667	-2.7798018	-19.053274	0.5586389	997.5423021316528
143	24.489304	9.683336	35.840244	12.1792555	23.954187	13.008132	49.720406	9.010944	400.0	400.0	157299	18.71825	9.902417	78.92742	-2.5137272	-18.852226	0.5504495	1004.9462668895721
144	11.976078	3.7940564	16.54536	7.2555513	31.090748	19.203156	64.09911	5.8477244	400.0	400.0	158399	18.529589	9.872014	78.88351	-1.6691651	-18.66527	0.5365379	1012.2650058269501
145	25.254921	6.792384	32.047306	18.462538	30.779469	16.163229	60.556774	2.8458724	400.0	400.0	159499	18.3626	9.82295	79.69844	-1.9539146	-18.509903	0.5825673	1019.4594337940216
146	38.34897	13.289608	55.035492	22.51635	22.74955	13.036097	47.744617	0.13162075	400.0	400.0	160599	18.300224	9.85849	78.437035	-2.0717192	-18.455654	0.5707932	1026.7924220561981
147	19.477394	27.457457	43.798225	-18.898298	30.18397	18.14456	64.73157	2.8469372	400.0	400.0	161699	18.319443	9.930245	77.655106	-1.7522717	-18.476994	0.5523595	1035.086076259613
148	16.238031	9.23728	27.712143	5.092688	24.227322	14.205076	58.23186	1.1605989	400.0	400.0	162799	18.299158	9.919023	78.074265	-2.2899642	-18.448666	0.5358115	1043.790125131607
149	28.173904	13.43549	41.609394	14.738415	36.604664	15.269032	56.91125	2.2587104	400.0	400.0	163899	18.18304	9.849866	77.99619	-2.584721	-18.331	0.50061125	1051.028557062149
150	21.611084	15.276745	39.60083	2.2554598	27.783518	14.09448	56.293015	2.5487347	400.0	400.0	164999	18.109827	9.761987	76.89531	-2.8802829	-18.269852	0.5290852	1059.3036088943481
151	33.36618	11.714042	43.87786	17.021759	31.28367	17.510641	60.449406	6.502656	400.0	400.0	166099	18.0861	9.666715	75.27716	-2.4295778	-18.253714	0.5480492	1065.632793188095
152	26.560099	10.579057	37.428055	12.221611	35.56743	17.279186	67.06063	12.29944	400.0	400.0	167199	18.103983	9.603407	74.09749	-2.0900545	-18.267014	0.5300608	1073.869827747345
153	45.404263	12.442528	57.84679	32.961735	30.854813	16.173822	57.831264	6.8361707	400.0	400.0	168299	18.110489	9.5836735	73.46658	-4.468257	-18.268099	0.5390949	1081.023282289505
154	28.381132	17.495422	40.8628	3.6392	39.217644	15.461725	64.1353	17.267673	400.0	400.0	169399	18.039951	9.534624	73.34944	-3.282785	-18.190693	0.5598213	1088.0346581935883
155	34.421803	20.150747	62.691586	17.173483	40.280025	16.260191	69.05098	4.2540097	400.0	400.0	170499	17.987375	9.518048	72.185455	-4.033137	-18.13449	0.53981096	1094.8735883235931
156	45.337864	5.2849455	49.394344	37.8732	30.608994	10.448751	53.07259	7.8028655	400.0	400.0	171599	17.897345	9.525903	71.04262	-4.78279	-18.041092	0.5363758	1101.9168019294739
157	21.728474	9.679355	31.40783	12.04912	31.997885	15.577476	57.71383	8.47936	400.0	400.0	172699	17.80428	9.526039	72.285164	-5.439725	-17.953014	0.5219194	1109.1397168636322
158	28.510048	1.0887324	29.646791	27.042305	33.389603	17.759167	71.2184	1.5776691	400.0	400.0	173799	17.738592	9.580867	72.39944	-6.5411153	-17.898952	0.5236463	1115.9252090454102
159	41.978943	2.7489052	45.696823	39.13626	36.016212	15.686141	63.427734	9.331927	400.0	400.0	174899	17.739159	9.583284	73.199776	-7.0479712	-17.900791	0.55648965	1123.047396183014
160	46.639492	20.674309	75.293915	27.279037	29.470367	17.779625	63.735374	4.1172447	400.0	400.0	175999	17.758823	9.632901	72.75203	-6.2792497	-17.911577	0.5292319	1129.746031999588
161	29.37404	25.227165	54.601208	4.146875	33.851814	16.95342	68.52933	3.0152292	400.0	400.0	177099	17.740677	9.650631	76.271484	-4.961881	-17.888847	0.51087016	1136.709968805313
162	36.13918	4.290362	42.11568	32.244343	42.55842	13.552025	61.56165	14.774785	400.0	400.0	178199	17.625101	9.6682625	77.93628	-5.3770175	-17.764463	0.54474413	1143.5221247673035
163	37.639362	1.6851208	39.731926	35.60549	28.959164	15.494057	62.185207	4.039589	400.0	400.0	179299	17.550112	9.689023	78.35256	-4.0065923	-17.697952	0.58888406	1150.2343137264252
164	42.51285	8.427028	50.974373	31.014069	40.14103	11.951307	64.88485	18.48757	400.0	400.0	180399	17.528221	9.740659	78.34545	-4.1482987	-17.672035	0.56413746	1156.980652809143
165	38.252014	6.326971	44.578983	31.925041	28.770908	10.257934	47.063183	12.726992	400.0	400.0	181499	17.449917	9.704375	75.52652	-3.6887803	-17.598429	0.6140264	1163.9191563129425
166	16.77154	5.0531883	21.559654	9.783189	37.716393	17.518444	74.00258	14.006738	400.0	400.0	182599	17.380037	9.693206	72.85666	-4.7340107	-17.521757	0.54343826	1171.2596719264984
167	18.96311	11.267394	28.032614	3.0820212	31.686117	12.852307	55.67069	6.175473	400.0	400.0	183699	17.269588	9.682195	72.61815	-6.0497518	-17.406164	0.5592141	1178.6022210121155
168	30.975197	8.277745	38.71284	19.4986	31.320736	15.348804	52.16698	5.212071	400.0	400.0	184799	17.149317	9.65259	71.39008	-6.71826	-17.291594	0.5590749	1185.5150697231293
169	60.19272	2.6974716	62.89019	57.495247	35.622585	16.000935	69.86061	3.7031446	400.0	400.0	185899	17.100166	9.638152	69.76847	-8.973337	-17.245094	0.5421816	1192.9024908542633
170	44.12846	10.112987	58.377537	35.940144	29.58215	13.144951	69.19062	6.8908706	400.0	400.0	186999	17.071384	9.568208	70.160805	-7.48209	-17.224154	0.53359807	1200.3049433231354
171	36.103924	11.8911	51.89855	23.207134	28.669016	17.015429	67.297935	10.7444515	400.0	387.2	188099	17.077806	9.494296	69.06057	-5.97179	-17.241392	0.5290193	1207.1061050891876
172	47.05864	9.301992	59.431107	37.00173	33.542152	15.54271	78.11198	9.767247	400.0	400.0	189199	17.228321	9.513621	68.12319	-4.573438	-17.397524	0.53543824	1213.9502489566803
173	30.038027	15.612975	45.651	14.425052	34.815792	19.764036	74.585396	0.92844874	400.0	400.0	190299	17.265734	9.506349	68.33493	-2.0522075	-17.429478	0.48931053	1221.1912081241608
174	36.825645	7.8984365	47.141426	27.957438	29.803915	10.2050495	47.068394	13.229762	400.0	400.0	191399	17.306498	9.500667	69.69417	-0.4718213	-17.464619	0.53612083	1228.4311208724976
175	17.564734	6.4459805	23.665958	8.648349	30.396976	17.612888	66.31801	1.8634592	400.0	400.0	192499	17.25236	9.513346	69.63776	0.10469818	-17.397074	0.49462497	1235.8990364074707
176	26.93657	6.0707903	32.439026	18.47798	32.28988	13.758293	72.0164	9.580102	400.0	400.0	193599	17.149414	9.468602	69.7799	0.59257317	-17.29651	0.5189178	1242.7689533233643
177	56.907867	7.4458675	64.35374	49.462	31.257132	14.297424	55.40291	4.15257	400.0	400.0	194699	17.08234	9.486885	68.77144	-7.4063573	-17.21597	0.5109443	1249.948519706726
178	25.88108	12.644792	43.29905	13.6654	33.77433	17.424591	69.89229	4.1554956	400.0	400.0	195799	16.976995	9.447024	70.27527	-1.7450962	-17.106667	0.49846336	1256.5457146167755
179	50.50115	5.81585	57.439186	43.206703	31.633245	16.315306	74.659615	4.273116	400.0	400.0	196899	16.853325	9.428875	71.25012	-1.7177825	-16.983137	0.48231572	1265.0023038387299
180	22.82733	19.478954	47.432785	-0.20261621	37.81648	16.891645	60.317776	2.9173067	400.0	400.0	197999	16.741064	9.384724	71.03899	-1.7869921	-16.86511	0.4353317	1272.2731862068176
181	24.053894	18.412579	42.466473	5.641316	36.14132	13.926011	64.1713	13.325063	400.0	400.0	199099	16.591263	9.333653	70.43126	-1.431951	-16.718088	0.48155272	1279.5089275836945
182	36.280228	7.382568	46.025654	28.163527	36.96796	16.0467	71.35672	11.353002	400.0	400.0	200199	16.46958	9.327804	70.47211	-1.8632684	-16.594809	0.47168103	1286.3416092395782
183	62.297535	19.544336	89.09703	43.040157	34.832405	15.359358	59.774994	5.3283186	400.0	400.0	201299	16.376213	9.362884	70.25246	-2.5615368	-16.497314	0.46481994	1293.4786241054535
184	13.440282	14.701422	34.224133	2.5778735	30.24791	15.966312	66.19239	0.3117601	302.66666	400.0	202399	16.273348	9.389614	68.3777	-3.7025185	-16.39657	0.47038662	1300.6395061016083
185	49.837814	9.110814	60.362118	38.138298	40.11242	9.624373	65.123344	20.706043	400.0	400.0	203499	16.157932	9.350371	67.684105	-3.6254983	-16.285719	0.41773996	1308.089255809784
186	33.801044	7.772669	43.85869	24.931074	34.02271	15.927529	71.12696	4.569505	400.0	400.0	204599	16.09183	9.299434	67.57759	-3.61449	-16.217728	0.4362151	1315.2939655780792
187	18.78134	22.31266	49.761448	-1.9007106	29.51859	14.547653	56.290535	-6.741033	400.0	400.0	205699	15.995651	9.271088	65.917816	-4.1197743	-16.116379	0.43438157	1322.6010131835938
188	18.972937	22.643806	41.61674	-3.6708696	26.06081	18.317476	54.818146	-5.697479	400.0	400.0	206799	15.888051	9.236157	66.243355	-4.500174	-16.012072	0.45300436	1330.086885690689
189	38.77941	12.691112	56.678093	28.679268	28.530853	16.074636	53.64909	-9.271243	400.0	400.0	207899	15.775167	9.224126	67.38762	-4.3296647	-15.89587	0.4472397	1337.366881608963
190	28.575544	5.9506917	36.96816	23.841543	35.55309	17.152176	78.106476	7.0345836	400.0	400.0	208999	15.6819	9.208383	68.80511	-3.76677	-15.813804	0.44802877	1344.184505224228
191	48.771183	12.558103	66.26436	37.36932	31.523418	19.28601	66.884834	3.167921	400.0	400.0	210099	15.711169	9.270787	70.24235	-3.00496	-15.843045	0.47159824	1351.2279379367828
192	51.404465	10.424574	61.82904	40.979893	31.15858	16.141798	49.320026	-7.014219	400.0	400.0	211199	15.63625	9.22651	70.75429	-3.1623101	-15.759515	0.47720125	1358.551005601883
193	23.453354	13.928789	43.144627	13.152633	40.236874	19.88515	80.516556	5.4737206	400.0	400.0	212299	15.55619	9.184697	69.05838	-3.8765764	-15.67125	0.4734338	1367.4688799381256
194	23.84144	10.608838	38.317654	13.190037	39.184	19.560482	73.48852	-0.35451475	400.0	400.0	213399	15.38244	9.121602	68.21573	-5.339776	-15.491543	0.46979326	1374.7775728702545
195	16.513912	14.230605	34.738937	0.008733702	36.889416	20.10325	74.38144	1.5857198	400.0	400.0	214499	15.289116	9.109977	67.41292	-5.892626	-15.403817	0.43821162	1382.0842039585114
196	28.305756	28.609886	56.91564	-0.30412975	37.19607	12.575722	61.575134	8.908111	400.0	400.0	215599	15.170025	9.076856	67.83375	-6.2389045	-15.277981	0.42535526	1389.314304113388
197	36.784313	8.274916	48.23035	28.951197	41.34732	19.53944	79.46003	5.6418996	400.0	400.0	216699	15.027098	9.055923	68.07217	-5.900382	-15.128784	0.44410744	1396.9739241600037
198	14.176074	5.3316236	19.30006	6.823686	38.90113	19.861694	75.05597	5.689421	400.0	400.0	217799	14.939334	9.066146	68.47927	-5.4643397	-15.043853	0.422151	1404.0822114944458
199	29.3023	10.781551	44.261112	19.265896	36.64135	14.162615	57.95138	-2.9719791	400.0	400.0	218899	14.813586	9.022783	69.400955	-4.6888967	-14.923933	0.420495	1411.4706830978394
200	43.450256	12.958946	56.409203	30.49131	36.854618	18.580477	76.60204	1.9723538	400.0	400.0	219999	14.771241	9.043363	69.19374	-5.3041778	-14.888814	0.42249966	1418.9243290424347
201	46.769257	22.971407	79.22861	29.390087	33.983803	18.600992	68.20726	2.2314575	400.0	400.0	221099	14.697089	9.010615	69.05354	-5.6403594	-14.814138	0.47006115	1426.4440298080444
202	34.04035	16.704296	56.4514	16.364977	37.905506	15.380891	76.84172	10.639826	400.0	400.0	222199	14.667221	9.008325	68.52141	-6.510891	-14.785195	0.45648736	1432.856862783432
203	34.605305	5.5047746	40.696915	27.36152	36.57055	18.00414	75.28019	12.051994	400.0	400.0	223299	14.600059	9.01587	67.2939	-5.6513844	-14.719927	0.48352352	1440.0003697872162
204	29.813862	2.9979715	32.811832	26.81589	31.514027	13.328266	60.952442	5.6943107	400.0	400.0	224399	14.577367	8.966586	65.90384	-7.3499966	-14.705167	0.49539828	1447.1746292114258
205	23.736692	14.526182	38.474113	3.9735758	31.06606	17.367752	68.69375	8.781951	400.0	387.65	225499	14.613836	8.932576	66.61364	-8.902444	-14.751407	0.48011142	1454.1546177864075
206	42.615295	5.7014127	48.63899	34.961735	43.814972	13.648395	69.36921	18.450031	400.0	400.0	226599	14.672748	8.872898	67.62421	-7.6809	-14.816103	0.45286644	1462.6599566936493
207	36.290096	5.3384094	43.770878	31.6686	43.14794	19.150429	76.635704	7.664875	400.0	400.0	227699	14.743026	8.734393	69.46993	-8.511671	-14.897127	0.45935342	1469.6927530765533
208	9.3975	5.7636094	14.27469	1.303063	27.683594	13.782982	54.934914	3.2829914	306.66666	381.45	228799	14.936401	8.532119	69.793884	-8.774635	-15.100153	0.47901046	1476.9539096355438
209	38.86766	13.132661	57.542477	20.664194	42.013203	9.938112	63.998276	23.848633	329.75	400.0	229899	15.070902	8.40376	69.70712	-9.599949	-15.228483	0.45254955	1483.8459022045135
210	21.194616	20.502226	41.696842	0.6923913	33.939194	16.820206	70.1305	7.6950994	400.0	400.0	230999	15.2245655	8.262608	68.72297	-10.828745	-15.379623	0.475697	1490.6635117530823
211	40.871033	18.379314	62.045162	17.228662	35.913086	21.456514	73.196045	4.297065	400.0	400.0	232099	15.3203745	8.103798	69.231926	-12.665674	-15.474968	0.4426278	1498.0076186656952
212	39.599613	16.757133	60.294174	19.252148	25.470661	21.77386	58.134094	-9.348165	400.0	400.0	233199	15.435518	8.05209	67.23715	-14.162266	-15.58125	0.43230614	1505.1494007110596
213	24.736702	11.72431	36.144493	8.612351	29.341343	21.440556	71.35118	0.48196435	400.0	400.0	234299	15.474271	7.9928303	66.09574	-15.296438	-15.613363	0.44090044	1512.381187915802
214	23.428928	11.477963	34.90689	11.950965	33.074806	18.192928	69.60146	0.9431792	400.0	385.65	235399	15.504561	7.9909983	65.14898	-14.8469925	-15.641117	0.42543378	1519.2710671424866
215	18.946646	11.349125	31.309784	3.901186	30.486248	18.550276	59.738327	3.210339	400.0	400.0	236499	15.520095	8.009832	64.40092	-13.725928	-15.6465025	0.38933703	1527.700207710266
216	25.889044	9.433206	35.375767	13.022899	43.91772	13.601404	67.96796	14.75392	400.0	400.0	237599	15.481	8.033988	62.954025	-13.636234	-15.613153	0.39986905	1534.7998476028442
217	33.194477	10.97721	48.660706	24.301365	35.725075	16.46529	62.200813	3.9474347	400.0	400.0	238699	15.474551	8.082632	63.460728	-12.368022	-15.608233	0.419971	1541.6136388778687
218	43.68756	4.232071	47.919632	39.45549	37.073296	18.572668	66.89443	0.64478457	400.0	400.0	239799	15.486029	8.196043	64.48163	-11.682888	-15.618222	0.43047833	1548.9707083702087
219	38.355698	11.31754	54.2148	28.5562	29.929413	16.711885	57.689697	2.7088056	400.0	400.0	240899	15.467371	8.333364	64.90221	-11.053381	-15.5955715	0.45178398	1557.2533793449402
220	11.56338	8.281169	22.757679	2.985899	34.37146	16.57513	59.5092	3.7600665	400.0	400.0	241999	15.446689	8.446301	67.16086	-12.70907	-15.584258	0.42902923	1564.4174540042877
221	26.85343	18.150314	51.705128	8.864699	37.30487	16.891308	60.37104	11.3934355	400.0	400.0	243099	15.47242	8.57463	67.85681	-14.078403	-15.614485	0.43565047	1571.6391458511353
222	10.144452	9.873031	20.017483	0.27142167	38.44057	14.640902	70.25064	13.702364	400.0	400.0	244199	15.482296	8.651628	69.07416	-15.99464	-15.6144495	0.44502968	1580.092318534851
223	36.56049	15.456836	55.78224	17.934967	35.597313	19.472372	78.2562	-4.638715	400.0	385.35	245299	15.500688	8.655667	70.45694	-16.610271	-15.652432	0.44702083	1587.5174136161804
224	27.057411	13.114847	43.661247	11.597751	29.704437	13.322661	51.376373	6.8121953	400.0	400.0	246399	15.635983	8.656185	71.64731	-15.984125	-15.793519	0.49049693	1594.6383023262024
225	25.154495	1.3505895	27.02386	23.880344	35.1732	14.117417	80.03712	18.112648	400.0	400.0	247499	15.730701	8.621401	74.78062	-15.779803	-15.893521	0.44991678	1601.3827903270721
226	9.971161	7.6956487	17.66681	2.275512	28.826498	12.688617	52.913643	0.97935754	400.0	400.0	248599	15.887971	8.702475	80.69521	-15.559247	-16.071758	0.47580177	1608.5276474952698
227	39.38	20.76567	64.76619	13.901147	35.329094	18.607029	60.358227	-8.143342	400.0	385.35	249699	16.065727	8.750227	78.55557	-15.15327	-16.230234	0.43353236	1615.663272857666
228	52.6543	11.077613	65.86648	38.757874	35.068745	15.749704	60.389217	-5.641544	400.0	400.0	250799	16.155117	8.750445	74.285126	-15.026044	-16.316483	0.4546943	1622.70942902565
229	25.938095	5.641479	30.958462	18.057962	26.625147	19.844366	68.14623	-16.587408	400.0	370.4	251899	16.223478	8.7561245	72.20699	-14.733559	-16.368048	0.44817638	1629.2796366214752
230	33.138527	5.0102673	38.148792	28.128258	36.223152	18.34166	68.29853	5.05865	400.0	385.05	252999	16.194653	8.705669	71.07505	-14.651962	-16.333445	0.463107	1636.3906166553497
231	30.649149	14.948608	49.15405	12.544138	29.911596	16.43239	62.742973	2.8421323	400.0	400.0	254099	16.151262	8.738544	70.78981	-13.706585	-16.280352	0.40432736	1643.1453504562378
232	31.958204	17.597364	46.700146	7.2232695	29.982388	21.678354	81.67838	-1.2880194	400.0	400.0	255199	16.025835	8.708471	69.95371	-12.072243	-16.140884	0.43860108	1650.3821067810059
233	26.145178	10.217453	37.571945	12.772405	33.43275	10.89652	51.034046	19.172441	400.0	400.0	256299	15.956729	8.6813755	69.245445	-11.67558	-16.085745	0.41536212	1657.2072603702545
234	56.884052	5.7622833	62.646336	51.12177	37.95164	17.666647	68.636375	7.2439055	400.0	400.0	257399	15.899829	8.663771	69.350105	-11.584387	-16.02134	0.42207852	1664.4352133274078
235	33.03209	12.587967	49.721775	19.322906	37.310215	9.431544	53.565998	18.465733	400.0	400.0	258499	15.788867	8.653888	68.71438	-11.868894	-15.907516	0.42437106	1671.9718532562256
236	25.573563	16.383718	43.47917	3.8857179	44.018204	22.063995	81.47321	4.397529	400.0	400.0	259599	15.68728	8.60059	68.764885	-9.736387	-15.809134	0.41555205	1678.924171447754
237	28.693125	7.866525	39.767365	22.23717	30.697544	17.560242	74.56474	-6.7430544	400.0	400.0	260699	15.614631	8.6128645	68.684784	-9.655258	-15.737235	0.42122832	1686.1079318523407
238	42.54713	5.480152	48.027283	37.06698	34.988552	20.622803	63.276318	-11.697716	400.0	400.0	261799	15.577182	8.558484	70.78431	-7.159687	-15.711344	0.43556547	1693.026703119278
239	37.31837	10.774068	48.807693	22.906677	34.34803	15.422045	70.17951	11.663839	400.0	400.0	262899	15.55314	8.592954	71.10675	-7.2470474	-15.682743	0.42283705	1699.8959476947784
240	24.0491	9.814501	34.362022	10.847805	34.958763	15.570854	62.777306	11.879294	400.0	400.0	263999	15.490911	8.607924	71.296036	-5.9170685	-15.613244	0.4291303	1707.0618152618408
241	34.484238	17.092094	53.125618	11.837492	38.47979	17.199827	74.39817	16.268726	400.0	400.0	265099	15.440948	8.583704	71.18747	-5.303937	-15.573691	0.41553947	1714.330730676651
242	25.04287	9.046178	34.089046	15.996692	36.97379	13.798087	68.024574	15.286796	400.0	400.0	266199	15.429092	8.55683	70.22976	-5.927453	-15.562106	0.42005917	1721.6174433231354
243	52.011906	4.0561805	56.897045	46.965405	37.079247	12.5509815	62.899002	16.266703	400.0	400.0	267299	15.397029	8.535938	68.98396	-4.49431	-15.535389	0.3945691	1728.9167275428772
244	50.022564	0.6546594	50.889454	49.307613	32.753643	14.742465	69.66088	7.9827323	400.0	400.0	268399	15.46202	8.568162	67.260605	-6.4585657	-15.597368	0.41523522	1736.158519268036
245	43.66846	24.22801	75.436386	16.667213	26.998743	12.8465	51.51313	5.588709	400.0	400.0	269499	15.408056	8.543645	68.70544	-7.938841	-15.534265	0.41246417	1743.123780488968
246	28.18655	0.4686699	28.65522	27.71788	28.5154	11.596609	55.76288	9.152152	400.0	400.0	270599	15.316951	8.499052	69.275	-8.344487	-15.437702	0.41542864	1750.2470648288727
247	45.242603	7.004852	55.148376	40.196716	32.674313	17.669075	72.909424	1.5275303	400.0	400.0	271699	15.246043	8.457841	69.82627	-10.331444	-15.368337	0.3880813	1757.4113476276398
248	52.00426	6.1371326	60.683205	47.605274	34.257217	17.311993	65.84796	1.2248226	400.0	400.0	272799	15.213068	8.4099245	70.78558	-10.944766	-15.341222	0.4014866	1764.3939831256866
249	30.158577	20.864147	58.75016	9.54931	35.151024	14.38487	61.052597	15.874332	400.0	400.0	273899	15.216214	8.380166	71.21434	-11.49853	-15.339656	0.422961	1771.1708073616028
250	21.242304	17.533697	38.776	3.708606	24.997614	11.154771	48.44003	10.848687	400.0	400.0	274999	15.244812	8.313651	72.45165	-9.802009	-15.406259	0.4321996	1777.9992763996124
