Epoch	AverageEpRet	StdEpRet	MaxEpRet	MinEpRet	AverageTestEpRet	StdTestEpRet	MaxTestEpRet	MinTestEpRet	EpLen	TestEpLen	TotalEnvInteracts	AverageQVals	StdQVals	MaxQVals	MinQVals	LossPi	LossQ	Time
1	248.79803	3.9571228	252.75516	244.84091	-214.62546	29.226774	-119.93985	-249.84915	400.0	400.0	1099	0.4415568	0.23040566	2.2986488	-2.616976	-0.4805619	0.09351945	3.520373821258545
2	112.25765	102.0707	239.82664	-10.026908	215.78189	54.599323	306.23486	88.387184	400.0	400.0	2199	1.8238758	1.0417113	4.81797	-0.88853246	-1.9220525	0.010093777	8.5043363571167
3	187.58266	60.39853	260.52875	112.624245	260.65497	45.3916	333.50266	163.04799	400.0	400.0	3299	4.3746505	2.2797685	8.9971695	-1.7760807	-4.55613	0.008788934	13.610185146331787
4	-12.569664	98.88945	114.43043	-126.78378	222.51108	120.12381	331.94742	-30.471384	400.0	400.0	4399	6.4094987	4.178625	13.196036	-6.0619445	-6.600961	0.011657034	19.778233528137207
5	241.25119	23.308556	264.55975	217.94264	223.6438	110.9417	328.37402	-83.859	400.0	400.0	5499	8.638844	5.8148375	17.096367	-7.690295	-8.8257	0.014543424	25.87425971031189
6	74.173256	178.60512	256.2527	-168.47447	219.4313	129.54752	330.7116	-77.74122	400.0	400.0	6599	10.307396	8.464244	20.799742	-21.443373	-10.491479	0.03286134	30.99103093147278
7	86.829994	114.640656	248.13596	-7.930169	216.24887	105.6959	304.71783	-60.63136	400.0	400.0	7699	12.053403	10.377612	24.367262	-22.953873	-12.239542	0.042747572	36.097651958465576
8	204.56776	73.3483	257.0187	100.83983	164.39772	139.09158	307.11615	-110.9084	400.0	400.0	8799	14.507116	11.60794	27.715605	-24.40954	-14.695645	0.051757034	41.15318202972412
9	171.10898	88.114265	259.22324	82.994705	292.57193	36.726532	327.275	199.22006	400.0	400.0	9899	17.0138	12.650196	30.834929	-25.876305	-17.207184	0.05617196	46.2204213142395
10	61.79719	138.16388	221.7	-115.402374	310.3688	19.397896	328.13144	263.06833	400.0	400.0	10999	18.428617	13.972688	33.890003	-27.62367	-18.67273	0.07569231	51.27807593345642
11	152.31648	140.8762	254.03181	-46.89768	287.73358	30.436422	329.50928	204.29294	400.0	400.0	12099	20.387768	15.105249	36.817455	-29.529371	-20.689669	0.10096435	56.390355587005615
12	222.72627	22.88166	241.2481	190.48576	283.18472	31.166084	334.45016	198.95026	400.0	400.0	13199	23.61581	15.57997	39.53397	-30.81854	-23.937492	0.10637452	63.56513833999634
13	88.08443	149.32619	237.41061	-61.241764	269.3866	47.092186	326.50845	172.29657	400.0	400.0	14299	25.891237	16.118849	44.499035	-31.867422	-26.227638	0.10402903	68.6444001197815
14	240.08797	29.437637	263.18976	198.54388	273.88275	42.921356	328.79434	174.30266	400.0	400.0	15399	28.544666	16.349888	48.508587	-32.457077	-28.87002	0.10230593	73.88520097732544
15	265.781	26.594751	297.3211	232.26729	238.80496	52.494358	322.62576	121.37638	400.0	400.0	16499	31.040705	16.230934	48.957703	-32.520527	-31.33733	0.09345017	79.17737221717834
16	211.1319	44.385292	273.45355	173.48337	188.21762	69.228745	296.6794	91.86195	400.0	400.0	17599	33.161713	16.02427	53.342247	-32.24733	-33.429333	0.09415311	85.71530628204346
17	127.0425	21.489372	148.53188	105.55313	104.099205	63.915787	289.30774	-1.7350506	400.0	400.0	18699	34.577896	15.874506	54.704372	-31.29376	-34.81289	0.08870889	92.20441484451294
18	88.60905	31.692953	128.4696	50.930054	-0.14935084	52.324013	96.83555	-92.74837	400.0	400.0	19799	35.400803	16.13655	59.293606	-30.261677	-35.593952	0.080820546	97.30794620513916
19	-8.729717	22.191193	16.389723	-37.581577	201.95065	44.54122	294.59988	134.90468	400.0	400.0	20899	35.21191	17.380274	63.65813	-29.516907	-35.34113	0.11155016	102.50824928283691
20	172.74324	39.86555	225.43373	129.02914	54.487244	23.130558	95.33023	14.314398	400.0	400.0	21999	35.7796	18.335852	59.12491	-27.738373	-35.954346	0.1433264	107.7013521194458
21	99.90677	78.13162	178.03839	21.775143	179.86586	13.36496	193.11703	137.11148	400.0	400.0	23099	37.05837	18.859764	59.14652	-28.123325	-37.276585	0.18872681	113.09161019325256
22	194.71245	4.83583	199.7963	188.20898	219.8075	15.431246	240.93794	183.03523	400.0	400.0	24199	38.890156	19.321808	60.196297	-29.658884	-39.130695	0.24946523	118.34916400909424
23	287.37912	15.509238	307.13477	269.2496	306.13885	15.557978	318.65067	269.77838	400.0	400.0	25299	40.83392	19.453653	61.7442	-31.075146	-41.112316	0.30070937	123.63803696632385
24	275.28076	13.982885	293.83163	260.074	294.30142	15.423737	308.80533	252.67934	400.0	400.0	26399	42.69463	19.403215	61.813904	-32.287033	-42.98066	0.31226724	128.837566614151
25	270.061	3.775238	273.83624	266.28577	296.74454	13.077352	304.8715	251.91039	400.0	400.0	27499	44.517056	19.09704	63.310993	-32.802563	-44.80368	0.35933775	134.11161160469055
26	292.51517	4.2495303	297.0484	286.83167	304.6393	16.981773	315.8935	245.06935	400.0	400.0	28599	46.24192	18.671774	64.65991	-32.735703	-46.52021	0.3735979	139.3122477531433
27	288.86343	9.720521	301.11328	277.33585	249.89214	20.758873	270.32034	205.74571	400.0	400.0	29699	47.89518	18.117016	66.185036	-32.545532	-48.167606	0.39179215	144.5105504989624
28	206.13142	48.662643	265.4103	146.21675	234.19601	42.932415	272.71414	165.98148	400.0	400.0	30799	49.36708	17.589985	67.411285	-31.91552	-49.624256	0.34821045	149.72688817977905
29	270.078	0.13233948	270.21033	269.94565	188.18188	62.59313	278.9152	100.5276	400.0	400.0	31899	50.507313	17.09879	68.379745	-31.089132	-50.734737	0.33321786	155.0727562904358
30	146.65736	42.74667	200.62975	96.08827	195.88672	26.401628	237.56564	149.35147	400.0	400.0	32999	51.290657	16.750854	69.383354	-30.102137	-51.489246	0.30441502	160.1744954586029
31	179.66621	36.25872	226.4406	138.08122	184.18839	23.536072	222.29277	142.87961	400.0	400.0	34099	51.779053	16.57147	70.003044	-28.943726	-51.933636	0.2632548	165.47085523605347
32	212.80061	27.5692	243.83318	176.84354	232.87846	15.575656	249.27252	199.66309	400.0	400.0	35199	52.15619	16.727554	72.02298	-28.924767	-52.29098	0.289698	170.71826934814453
33	236.2159	1.4217834	237.63768	234.79411	248.45715	13.725793	261.59192	210.9887	400.0	400.0	36299	52.738968	16.945963	75.59514	-26.573477	-52.8816	0.27045256	177.18365573883057
34	258.303	6.095972	266.15903	251.30034	254.5774	20.395212	269.112	206.36304	400.0	400.0	37399	53.325153	17.122446	75.947	-25.645681	-53.47975	0.26758352	183.73914456367493
35	250.36525	14.854893	265.60614	230.2233	276.46265	15.052668	295.31906	227.29112	400.0	400.0	38499	54.08385	17.22251	75.7726	-27.159159	-54.251823	0.2513943	189.27639174461365
36	252.27513	20.949194	279.6484	228.77367	248.58432	16.971838	263.29114	191.02641	400.0	400.0	39599	54.774837	17.342262	75.13336	-28.812674	-54.941017	0.2436547	194.67788171768188
37	212.88525	25.417427	238.30269	187.46783	239.48526	14.657835	256.8821	204.42505	400.0	400.0	40699	55.457626	17.391068	76.34913	-30.280968	-55.628983	0.24044617	199.9286277294159
38	229.82924	13.486074	248.66798	217.8335	224.74446	16.500952	241.42995	182.17567	400.0	400.0	41799	56.178032	17.287037	78.04777	-35.778046	-56.349915	0.23382138	205.22797966003418
39	236.80334	9.762884	243.71727	222.99654	243.90434	17.874083	259.05905	203.9838	400.0	400.0	42899	56.810555	17.178335	77.90163	-32.45492	-56.987255	0.22950773	210.6903941631317
40	289.30905	14.868733	305.46344	269.57443	302.46243	18.597963	318.18356	249.84924	400.0	400.0	43999	57.51593	16.982191	76.50173	-33.622986	-57.69137	0.24813756	217.21201705932617
41	311.3246	0.47535706	311.79993	310.8492	304.6356	21.647596	328.11768	253.25948	400.0	400.0	45099	58.207882	16.749884	78.13929	-34.723133	-58.380035	0.22233632	222.47816133499146
42	275.62488	21.7896	303.74887	250.65598	305.35098	9.021803	319.19327	279.85162	400.0	400.0	46199	58.777657	16.648146	78.544106	-35.45225	-58.95431	0.22688484	227.70744061470032
43	304.18356	5.993614	309.62064	295.83353	305.18723	21.57226	326.8634	259.31894	400.0	400.0	47299	59.371048	16.450935	78.76282	-36.22086	-59.542164	0.22682837	232.62922430038452
44	285.2724	22.947533	310.21722	254.8222	301.89264	15.153182	317.75403	263.016	400.0	400.0	48399	60.013805	16.154396	77.67259	-37.00184	-60.18192	0.2065157	237.81982135772705
45	293.18176	12.91069	306.09247	280.2711	303.39005	19.029076	318.29993	254.89052	400.0	400.0	49499	60.49518	16.007309	77.78584	-37.784294	-60.663815	0.2186779	244.07085251808167
46	265.07913	14.830769	286.05292	254.53503	298.87567	20.361593	317.85132	251.04407	400.0	400.0	50599	61.093674	15.793846	78.12965	-38.60814	-61.270893	0.2084939	250.4146590232849
47	299.28366	12.234914	309.00772	282.0272	304.28394	17.27843	319.95386	263.23022	400.0	400.0	51699	61.737114	15.576183	79.16305	-39.19759	-61.925915	0.20061734	255.46871995925903
48	300.3739	11.828991	309.61356	283.67685	300.71597	13.329287	319.41733	284.5958	400.0	400.0	52799	62.37554	15.427869	76.6773	-39.961548	-62.567287	0.2241103	260.35459446907043
49	280.48468	0.24223328	280.7269	280.24243	301.5284	13.969026	321.1732	286.19614	400.0	400.0	53899	63.007076	15.274831	76.98428	-39.97239	-63.201775	0.19799496	265.48659920692444
50	291.78638	12.716695	309.3673	279.7165	310.30637	14.667965	324.06488	286.4826	400.0	400.0	54999	63.65995	15.07575	77.70917	-40.204407	-63.852253	0.20603357	270.4910337924957
51	287.00363	9.939645	300.9771	278.69376	314.46136	14.348411	326.1962	270.21793	400.0	400.0	56099	64.27231	14.89587	79.06919	-40.48153	-64.45629	0.20629878	275.759286403656
52	293.71957	11.90421	309.975	281.79898	310.89886	14.456484	327.32947	273.8297	400.0	400.0	57199	64.78577	14.728242	79.28712	-40.790516	-64.972855	0.22204272	282.2248513698578
53	311.07867	0.026840214	311.1055	311.05182	315.21832	12.318922	326.1705	279.41907	400.0	400.0	58299	65.394585	14.59888	79.34774	-41.081238	-65.59385	0.22294778	287.41244411468506
54	300.63065	18.282793	313.81122	274.77655	321.38263	5.7324243	326.2043	303.39313	400.0	400.0	59399	66.0694	14.442317	80.97122	-41.267654	-66.2762	0.23003155	292.72668957710266
55	309.9143	5.243776	316.32248	303.478	314.07562	17.517305	327.10916	275.02716	400.0	400.0	60499	66.75594	14.357837	80.923416	-41.677177	-66.96838	0.23368725	297.74596548080444
56	299.64914	16.243876	315.7174	277.39694	314.31885	18.001888	327.39734	269.6525	400.0	400.0	61599	67.3699	14.333716	81.76586	-41.95816	-67.5792	0.25486234	302.73716473579407
57	295.04895	14.739609	309.78857	280.30936	318.58093	13.995982	327.62354	276.49005	400.0	400.0	62699	68.02743	14.231352	83.7148	-42.08929	-68.23926	0.23262858	307.9575455188751
58	313.77924	0.34722027	314.1579	313.31915	316.25592	15.113749	328.17642	272.66824	400.0	400.0	63799	68.6432	14.211348	82.67276	-42.4799	-68.85372	0.23809692	313.2580599784851
59	310.64566	8.095467	317.91998	299.35226	314.87408	19.574554	328.4618	264.5774	400.0	400.0	64899	69.24535	14.137901	83.52067	-42.694366	-69.46153	0.23036432	318.45060539245605
60	318.1816	1.9672686	319.83286	315.41684	317.8276	13.6944065	327.59866	274.74374	400.0	400.0	65999	69.90158	13.960915	85.50935	-41.951096	-70.11543	0.2245358	323.72565603256226
61	314.14172	1.9873657	316.1291	312.15436	315.30817	12.768014	327.74313	283.2452	400.0	400.0	67099	70.53434	13.857985	86.42191	-50.02491	-70.74844	0.22845674	329.0623800754547
62	315.83218	0.9366604	317.0918	314.84738	320.2046	7.235016	327.19067	301.92313	400.0	400.0	68199	71.09013	13.8175745	86.334015	-40.958633	-71.30268	0.19418643	334.3550877571106
63	314.50626	1.680496	316.86014	313.04544	313.67664	14.461777	327.0989	272.9353	400.0	400.0	69299	71.640915	13.787474	89.30643	-40.55064	-71.85479	0.18871842	340.71248173713684
64	310.13022	7.3407617	317.24634	300.0261	319.40277	10.677694	326.55206	276.6484	400.0	400.0	70399	72.19336	13.673318	89.64805	-40.118427	-72.40161	0.17849801	347.3804130554199
65	313.03638	2.3246613	315.36105	310.71173	308.33905	19.067045	325.50064	266.95288	400.0	400.0	71499	72.67776	13.5625305	89.93888	-39.930202	-72.88453	0.19467375	353.75557255744934
66	298.5251	20.293749	313.41504	269.83224	308.73834	18.786722	324.95908	263.7431	400.0	400.0	72599	73.162544	13.503409	89.947014	-39.31432	-73.37263	0.17262496	360.349800825119
67	310.9839	2.4722698	314.28418	308.33414	312.49603	17.98143	324.46832	258.20816	400.0	400.0	73699	73.67521	13.365122	90.11614	-39.049755	-73.880394	0.17819342	367.93284249305725
68	291.67273	21.251045	315.0917	263.65146	310.98016	15.539201	324.34348	268.25314	400.0	400.0	74799	74.089836	13.400202	90.422295	-38.220776	-74.302444	0.18613122	374.7563157081604
69	311.62405	2.0718384	313.6959	309.55222	313.68524	10.731208	323.82886	288.2063	400.0	400.0	75899	74.57879	13.226564	90.79842	-37.395706	-74.7883	0.16570984	381.038715839386
70	313.2362	1.4274685	314.39746	311.2255	313.74445	12.763872	323.81277	279.41098	400.0	400.0	76999	75.045944	13.104773	91.848785	-36.853092	-75.2513	0.16335928	390.27660369873047
71	307.899	8.307524	313.94476	296.15207	307.65265	19.556559	323.16168	258.14996	400.0	400.0	78099	75.45824	13.057979	92.6843	-36.106422	-75.66889	0.19277722	396.9611089229584
72	304.61945	8.883599	312.6582	292.23877	310.72406	17.073803	322.64072	263.22955	400.0	400.0	79199	75.87285	13.040025	91.519005	-35.83057	-76.084755	0.1698486	405.03229689598083
73	313.32678	0.092453	313.41922	313.2343	312.13556	13.906998	321.38184	274.2628	400.0	400.0	80299	76.34808	12.881801	90.886604	-35.257835	-76.55912	0.14798418	412.59976601600647
74	306.56525	5.837297	312.1567	298.50998	311.78778	12.159394	322.07214	278.68658	400.0	400.0	81399	76.733	12.861701	93.8184	-34.721275	-76.94461	0.14353451	418.63230443000793
75	310.20532	1.1257474	311.68274	308.9529	308.316	14.128022	321.12488	273.23636	400.0	400.0	82499	77.139725	12.763301	92.03039	-34.345184	-77.35427	0.15791687	424.93697690963745
76	303.02148	11.160064	311.33615	287.2465	316.12222	8.505962	321.05402	282.19336	400.0	400.0	83599	77.54871	12.731867	92.45839	-33.607594	-77.762215	0.16125302	432.8936412334442
77	307.5915	4.5482483	312.13974	303.04324	315.50125	8.07561	320.87204	287.96277	400.0	400.0	84699	77.95054	12.752218	94.52295	-33.11795	-78.1709	0.14643094	439.9028401374817
78	302.85074	8.768284	311.65787	290.88742	304.6994	16.974934	320.3251	268.377	400.0	400.0	85799	78.44337	12.50089	91.972664	-32.448296	-78.66515	0.16871482	447.28570675849915
79	306.45596	4.5458694	311.0814	300.27655	306.81317	16.819489	320.0943	265.35672	400.0	400.0	86899	78.877754	12.437837	93.09132	-31.683296	-79.101555	0.1521762	454.6165044307709
80	302.78348	10.015352	311.21063	288.71097	302.25943	19.464174	320.4064	256.98285	400.0	400.0	87999	79.27248	12.415187	94.57982	-31.027657	-79.50201	0.16126001	462.10022592544556
81	298.49194	10.311356	308.80328	288.18057	306.6262	18.987585	320.66125	258.16153	400.0	400.0	89099	79.66336	12.395801	93.02881	-29.936361	-79.88854	0.15702434	471.5757749080658
82	290.99887	14.508362	308.53134	273.00235	306.7347	16.554111	321.25732	263.41553	400.0	400.0	90199	80.03924	12.418849	94.90636	-29.34452	-80.26475	0.15841612	480.18498730659485
83	308.24252	1.378775	309.78183	306.4363	309.68063	20.075394	322.16016	258.79846	400.0	400.0	91299	80.45118	12.2830305	93.43491	-28.758064	-80.675385	0.15637346	488.4967460632324
84	291.89575	16.679995	312.63757	271.7952	306.894	17.888737	323.07056	262.57346	400.0	400.0	92399	80.819374	12.212227	94.7383	-28.40574	-81.04575	0.16902132	495.2915017604828
85	310.0014	0.6034241	310.60483	309.39798	315.4011	9.37494	323.49786	284.8973	400.0	400.0	93499	81.164825	12.130053	93.04932	-28.083242	-81.38136	0.15669057	502.1465871334076
86	303.45352	12.679734	313.73285	285.58926	312.53702	17.180002	323.63718	269.82236	400.0	400.0	94599	81.41998	12.131018	95.07619	-27.730165	-81.632484	0.16599548	511.4703600406647
87	311.79343	2.8931704	315.4938	308.43127	299.84128	21.342255	324.27936	270.41565	400.0	400.0	95699	81.72813	11.945859	95.25334	-27.706692	-81.936584	0.16048026	518.7686851024628
88	298.5692	20.143415	314.79187	270.17847	313.2078	14.991775	325.0762	265.10294	400.0	400.0	96799	81.91872	11.894213	95.61484	-27.392485	-82.12197	0.15964217	524.7547254562378
89	315.56793	0.44763184	316.01556	315.1203	316.5308	10.967243	325.28656	278.90192	400.0	400.0	97899	82.10828	11.788708	96.79818	-27.258	-82.31216	0.1710507	530.6910955905914
90	294.11282	16.15387	313.08395	273.60486	306.99335	17.72655	325.0549	260.1957	400.0	400.0	98999	82.361565	11.597755	98.181656	-27.007816	-82.561676	0.15011403	537.4290301799774
91	296.07755	18.127073	315.49518	271.8738	310.5614	15.795978	324.8189	274.5073	400.0	400.0	100099	82.50738	11.46676	97.879326	-26.929417	-82.70235	0.14732702	544.0186107158661
92	305.25745	12.627289	315.34348	287.45212	311.75858	14.15048	324.8508	270.07086	400.0	400.0	101199	82.63529	11.422727	99.65725	-26.792725	-82.8303	0.13881098	553.8711619377136
93	295.44205	18.076508	313.51855	277.36554	314.43048	16.03767	324.37088	257.29797	400.0	400.0	102299	82.79836	11.225272	97.814995	-26.408789	-82.98871	0.13341218	560.6057817935944
94	292.15833	20.93836	308.8493	262.63074	308.41827	17.743532	323.28168	262.8986	400.0	400.0	103399	82.91706	11.082733	97.6589	-26.110203	-83.106445	0.14167029	570.759060382843
95	296.51224	22.258106	312.38837	265.0349	312.75128	12.106822	323.2931	281.49744	400.0	400.0	104499	83.03626	10.967182	98.268135	-25.62778	-83.22225	0.13750327	577.8945384025574
96	309.73785	2.7770748	313.3617	306.6148	316.32062	9.138291	322.46262	289.34167	400.0	400.0	105599	83.1287	10.854607	98.378555	-25.34484	-83.313866	0.120598614	584.1260759830475
97	257.167	1.6886139	258.8556	255.47836	311.5878	9.410603	321.5924	284.82916	400.0	400.0	106699	83.221695	10.775611	101.76826	-25.075901	-83.41114	0.12938176	590.1925864219666
98	309.98642	2.4033337	311.7725	306.5891	305.248	19.828665	320.359	253.54378	400.0	400.0	107799	83.34004	10.639792	98.51365	-24.574862	-83.52624	0.13388667	598.0924410820007
99	309.6071	0.8028835	310.7223	308.8646	309.17285	18.548504	320.0942	254.48213	400.0	400.0	108899	83.46773	10.609507	100.4505	-24.340816	-83.66303	0.14084114	606.0297884941101
100	288.80447	26.124836	309.4976	251.9512	305.22028	15.712891	318.83908	267.0921	400.0	400.0	109999	83.58584	10.565936	98.29822	-23.185453	-83.77989	0.14192161	613.1058254241943
101	308.1344	2.1041565	310.23856	306.03024	304.76373	15.574733	318.89352	262.0734	400.0	400.0	111099	83.775475	10.413394	99.70689	-22.938927	-83.971436	0.15255965	620.9713621139526
102	295.57724	14.424378	308.53973	275.45508	301.65753	22.179718	318.7761	251.45439	400.0	400.0	112199	83.910545	10.376616	101.394356	-22.074203	-84.108025	0.15732178	628.1862757205963
103	303.76376	1.3558197	305.60617	302.3827	309.2225	13.652087	318.93213	265.279	400.0	400.0	113299	84.09816	10.362753	100.60618	-21.715416	-84.30094	0.17602906	638.4989047050476
104	307.79166	1.265826	309.24133	306.15726	306.14752	19.592184	318.95865	255.83734	400.0	400.0	114399	84.29187	10.293161	103.62595	-20.977324	-84.49799	0.16474238	650.229859828949
105	303.85974	2.6444244	306.50415	301.2153	299.99384	17.507484	319.60474	258.36844	400.0	400.0	115499	84.48799	10.275048	100.45639	-20.449936	-84.69344	0.17518124	658.6264719963074
106	287.9835	26.873123	309.92642	250.13957	305.54517	18.745193	320.09106	257.22757	400.0	400.0	116599	84.66072	10.257622	98.56883	-19.864777	-84.86262	0.16976011	667.2860758304596
107	310.80222	1.1351055	311.9918	309.27396	305.7914	14.965868	321.1094	261.6966	400.0	400.0	117699	84.847916	10.210663	101.420975	-19.367476	-85.05116	0.18735814	677.5503659248352
108	286.1113	19.620684	309.71588	261.67673	310.32343	13.726829	321.0823	267.00034	400.0	400.0	118799	84.96658	10.316052	109.3572	-18.727146	-85.16812	0.18488958	685.9198832511902
109	309.12244	1.1276398	310.2501	307.9948	300.3251	21.200314	321.1658	252.15247	400.0	400.0	119899	85.14233	10.2337	102.61429	-18.335045	-85.34469	0.19208887	694.0231914520264
110	310.15988	1.1419502	311.7609	309.1759	308.56793	10.371918	322.0321	286.66125	400.0	400.0	120999	85.33597	10.198946	104.932945	-17.865372	-85.54254	0.21372777	702.8859474658966
111	306.8356	2.761269	309.3066	302.9814	308.8577	15.927983	322.23932	263.1091	400.0	400.0	122099	85.4928	10.2611685	102.310905	-17.32594	-85.694046	0.20461637	711.1487200260162
112	301.73328	14.001424	311.67584	281.93234	309.02048	19.71784	322.85507	262.79477	400.0	400.0	123199	85.65562	10.17639	98.85891	-16.960878	-85.8559	0.20216048	721.6568491458893
113	279.80847	11.776672	291.58514	268.0318	312.3295	12.959775	323.93338	276.32803	400.0	400.0	124299	85.76828	10.159358	109.499214	-16.784784	-85.962425	0.20499553	730.1699638366699
114	292.72363	17.277494	311.7352	269.92545	313.62564	14.705139	324.40015	270.66333	400.0	400.0	125399	85.86414	10.141036	106.114784	-16.4601	-86.060326	0.22535458	738.418762922287
115	298.34744	12.206856	314.5777	285.13867	311.46405	14.491968	324.9832	271.61884	400.0	400.0	126499	85.9839	10.077772	102.79589	-16.724365	-86.17642	0.21571994	747.4511206150055
116	291.7615	18.507107	315.26257	270.03378	312.3853	12.677417	324.82886	288.52832	400.0	400.0	127599	86.09158	10.04965	108.7338	-16.659428	-86.287544	0.22456236	757.1397075653076
117	315.38147	0.33311462	315.7146	315.04837	315.1391	13.279402	325.1275	266.95602	400.0	400.0	128699	86.22208	9.978143	102.35315	-16.386671	-86.41787	0.20999783	766.5934324264526
118	305.9589	10.379297	314.4069	291.33932	318.73486	11.811088	326.20203	276.01547	400.0	400.0	129799	86.37718	9.908386	107.14519	-16.426577	-86.57915	0.2042355	775.0007498264313
119	306.38153	9.822119	315.27533	292.69415	313.02756	14.570317	326.31024	274.10056	400.0	400.0	130899	86.4935	9.868857	103.89933	-16.154596	-86.69214	0.20880046	784.0462830066681
120	294.42923	28.471027	316.9067	254.26006	312.75873	16.335188	326.35934	263.39716	400.0	400.0	131999	86.64383	9.793473	101.51628	-16.439575	-86.8438	0.19512324	792.3715786933899
121	314.5857	2.2579498	316.84366	312.32776	307.00296	23.831678	326.2028	258.55798	400.0	400.0	133099	86.759895	9.783674	102.15192	-16.028885	-86.963196	0.17546076	800.8694150447845
122	303.62952	9.489854	311.293	290.25632	314.3526	16.211683	326.5615	265.67358	400.0	400.0	134199	86.90376	9.747716	103.43041	-15.75609	-87.1071	0.17008077	809.4368417263031
123	313.08032	4.8720703	316.74506	306.19495	305.33984	21.931671	326.5016	266.76517	400.0	400.0	135299	87.05651	9.757414	104.576614	-15.549536	-87.26495	0.18642902	820.9676659107208
124	285.82956	22.062634	316.7362	266.6717	311.17242	13.107897	325.61554	280.81497	400.0	400.0	136399	87.21369	9.683571	107.836	-14.822342	-87.41673	0.18846938	829.7150502204895
125	288.99274	27.467514	316.46027	261.52524	309.10602	20.185783	325.84918	257.61398	400.0	400.0	137499	87.362236	9.6193285	104.22185	-14.344534	-87.56883	0.1757829	838.4841220378876
126	312.85623	2.7697105	314.98944	308.9446	310.10526	22.222284	325.8897	258.3836	400.0	400.0	138599	87.45398	9.557729	100.62075	-13.648097	-87.64907	0.17815949	847.2209391593933
127	313.03836	1.6930386	314.7548	310.73447	312.2565	16.02641	325.4845	267.54605	400.0	400.0	139699	87.58958	9.427824	102.96879	-13.256089	-87.78506	0.17677988	856.7573871612549
128	314.05273	0.71833	315.0662	313.48517	314.58743	15.231607	325.06436	262.42078	400.0	400.0	140799	87.656425	9.362954	99.95122	-12.694592	-87.848366	0.16828808	867.9366977214813
129	288.62048	19.75174	308.37222	268.86874	311.57007	16.023565	324.35834	275.58527	400.0	400.0	141899	87.70346	9.355776	106.70807	-12.32083	-87.893425	0.16487393	877.3972351551056
130	313.63074	1.5565853	315.5147	311.70264	310.9292	16.58258	324.19693	266.49854	400.0	400.0	142999	87.72718	9.33538	101.77826	-12.257778	-87.91316	0.16308774	886.8936538696289
131	282.59192	22.166288	312.9573	260.66577	309.70148	19.036058	324.3815	255.06099	400.0	400.0	144099	87.76438	9.319116	103.1614	-12.521964	-87.95414	0.16136073	895.9961271286011
132	302.20352	8.815152	314.67	295.96002	310.16815	15.799789	324.05692	272.11826	400.0	400.0	145199	87.83037	9.150225	100.35755	-11.988896	-88.014435	0.16400278	905.5285544395447
133	310.62256	1.4373627	312.05994	309.1852	300.37628	18.863924	322.65692	256.16406	400.0	400.0	146299	87.86592	9.119123	96.9643	-12.049316	-88.05399	0.15886901	915.0242073535919
134	313.82275	0.9583375	314.57706	312.47046	313.04913	11.040074	322.99097	289.99097	400.0	400.0	147399	87.8956	9.136755	110.66789	-12.189978	-88.08084	0.16230261	923.8575675487518
135	311.37033	1.8885353	313.41003	308.8573	314.96588	8.9697275	323.21695	295.97775	400.0	400.0	148499	87.96421	9.079169	100.25875	-12.00912	-88.15849	0.15351196	934.9301133155823
136	307.22852	4.1853876	310.5587	301.32565	311.53378	18.865288	322.73532	255.92531	400.0	400.0	149599	88.01295	9.09137	105.00765	-11.862174	-88.20126	0.16496015	943.1177659034729
137	310.9529	0.24996948	311.20288	310.70294	306.73688	15.4414625	322.3806	270.72192	400.0	400.0	150699	88.08766	9.130733	107.076294	-11.881905	-88.28462	0.16460122	952.5048937797546
138	300.33047	9.608411	310.38055	287.38525	308.58887	17.870396	321.84152	271.60654	400.0	400.0	151799	88.19561	9.112286	104.68787	-12.062541	-88.39051	0.17247349	961.385580778122
139	304.38223	6.393667	309.32452	295.35376	310.00436	14.160286	322.28012	262.6659	400.0	400.0	152899	88.4027	8.987572	103.61985	-12.36264	-88.60039	0.17614833	970.3523235321045
140	307.57346	3.4274478	311.09488	302.92816	301.10214	17.82718	322.02362	263.7919	400.0	400.0	153999	88.59019	8.8769865	107.359375	-12.530011	-88.78753	0.18102403	979.4482080936432
141	310.22754	2.3836517	312.6112	307.8439	309.19806	14.582153	322.53055	271.88504	400.0	400.0	155099	88.85491	8.755334	106.7414	-12.921671	-89.052185	0.19333252	990.8144347667694
142	310.57578	0.5612487	311.3693	310.1633	307.20856	14.061223	322.2437	275.07513	400.0	400.0	156199	89.10013	8.41161	101.248924	-13.2177	-89.29767	0.2074449	1000.0344715118408
143	305.21896	10.907746	312.96933	289.79312	311.64008	15.245015	323.15512	259.86996	400.0	400.0	157299	89.420586	7.7119718	105.36448	10.075104	-89.61781	0.19567265	1009.0719563961029
144	302.39987	14.699105	313.99078	281.66006	310.90094	17.420155	323.9206	263.0845	400.0	400.0	158399	89.63237	7.6325073	102.984886	10.168814	-89.83179	0.22056374	1018.0791780948639
145	309.22168	0.9320221	310.1537	308.28964	312.17426	10.168513	323.61093	287.31537	400.0	400.0	159499	89.84295	7.5485754	105.0905	18.689598	-90.03697	0.20867415	1027.8740782737732
146	292.46747	16.294403	314.35086	275.27283	309.83295	15.068419	323.73557	270.54865	400.0	400.0	160599	90.07859	7.3682594	107.7799	12.867184	-90.2724	0.21216163	1037.1635191440582
147	283.00055	19.583706	310.28857	265.25714	309.41925	17.981382	324.6933	266.42514	400.0	400.0	161699	90.34173	7.0957074	96.13802	8.066546	-90.53408	0.21085458	1046.1327760219574
148	300.1555	15.824942	312.84113	277.84555	317.0055	9.569722	324.98672	285.79517	400.0	400.0	162799	90.52777	7.038739	104.07077	20.861916	-90.72353	0.20748094	1055.4012339115143
149	316.10803	1.0043335	317.11237	315.1037	307.89764	22.192387	325.92422	257.46783	400.0	400.0	163899	90.74226	6.922621	104.22892	10.963465	-90.931816	0.21560325	1065.2709691524506
150	315.1515	1.0286319	316.46277	313.95038	316.45917	12.699736	326.8926	280.28516	400.0	400.0	164999	91.006325	6.691328	102.55318	21.23441	-91.205345	0.2208481	1074.5069143772125
151	304.63724	8.534193	315.79745	295.0777	312.0526	19.50423	327.5585	261.34555	400.0	400.0	166099	91.18307	6.7464733	101.440575	13.239316	-91.36826	0.22324637	1083.7825798988342
152	314.69055	2.5015838	317.27145	311.3046	308.49567	18.073446	328.23773	268.68817	400.0	400.0	167199	91.383736	6.731755	100.54221	19.658241	-91.57221	0.23331963	1093.1489961147308
153	291.52692	8.240616	299.76752	283.2863	314.61127	15.229633	328.0437	263.84317	400.0	400.0	168299	91.56602	6.6729817	98.56448	20.489443	-91.752464	0.20775776	1103.930627822876
154	312.53104	4.093319	317.6283	307.6062	315.42337	15.6459465	327.32193	267.1173	400.0	400.0	169399	91.82839	6.416297	98.83662	17.22788	-92.011055	0.21834664	1113.1276733875275
155	298.37695	23.23614	314.92648	265.5164	317.14316	16.789425	328.0159	259.34668	400.0	400.0	170499	92.10729	5.942072	101.35895	26.428406	-92.28424	0.20131864	1122.3579273223877
156	307.40952	10.01539	317.92175	293.9326	312.3779	18.277575	327.65906	263.62637	400.0	400.0	171599	92.38592	5.075648	103.342896	17.168812	-92.55662	0.21624939	1131.7758388519287
157	296.34094	19.423447	315.7644	276.9175	302.60684	22.208164	327.78265	252.23395	400.0	400.0	172699	92.53034	4.95304	101.16484	20.665604	-92.70911	0.17861947	1141.2585055828094
158	290.03128	11.060581	304.7575	278.10104	312.84628	21.864359	327.86658	257.07764	400.0	400.0	173799	92.6954	4.792645	100.74377	17.250355	-92.86683	0.15962061	1151.115130186081
159	285.54407	6.7860346	290.83987	275.965	313.48666	18.0202	326.9077	269.5347	400.0	400.0	174899	92.81892	4.792004	97.51924	22.185547	-92.99353	0.11963446	1160.5099902153015
160	311.8731	7.7437305	317.49963	300.92322	304.5121	22.402546	327.18008	265.7331	400.0	400.0	175999	92.929955	4.8437347	99.21363	26.222864	-93.10789	0.11631073	1170.0071494579315
161	293.15912	21.656708	314.81583	271.5024	312.83554	18.476665	327.0448	258.98267	400.0	400.0	177099	93.07447	4.9154906	99.0111	10.312698	-93.26338	0.14253968	1181.7120380401611
162	304.066	17.317743	317.3789	279.607	317.84335	14.877098	326.23093	257.4638	400.0	400.0	178199	93.32554	4.92262	95.87457	21.954224	-93.52606	0.11963507	1191.4422538280487
163	307.45328	5.712998	314.55453	300.5655	311.16473	14.996005	325.6049	270.55423	400.0	400.0	179299	93.560005	4.95814	95.97482	26.51379	-93.76064	0.12270383	1202.527224779129
164	307.51688	5.324631	314.63794	301.83612	310.56543	13.115471	323.81842	280.21783	400.0	400.0	180399	93.799934	4.9667826	96.2544	19.628149	-94.00283	0.12392712	1211.788426399231
165	312.14584	1.6945496	313.8404	310.4513	311.98883	15.191708	322.39957	267.30832	400.0	400.0	181499	94.10312	4.792971	96.68887	27.038637	-94.301346	0.11638425	1221.781570672989
166	298.91068	17.007702	311.35303	274.863	308.10443	17.905703	318.9445	261.0457	400.0	400.0	182599	94.32482	4.6368885	97.23203	22.629726	-94.51701	0.106703304	1231.1156215667725
167	305.33286	2.0411165	306.9126	302.45074	302.3053	17.997509	312.02124	247.62268	400.0	400.0	183699	94.637	4.2804465	97.7233	22.954388	-94.84488	0.08818109	1242.716070652008
168	282.67746	14.3051	295.18192	262.6527	293.56506	14.767996	307.1912	254.54195	400.0	400.0	184799	94.990204	3.9452763	97.922264	6.7701535	-95.19581	0.09266939	1253.554292678833
169	292.4953	3.5583649	296.05368	288.93695	293.13083	15.743256	303.33426	242.94263	400.0	400.0	185899	95.18435	3.8066933	99.67432	25.623697	-95.37075	0.079007015	1262.4529340267181
170	280.84634	10.045439	289.925	266.84396	291.31464	9.332154	298.57806	267.53296	400.0	400.0	186999	95.22063	3.7624178	98.10175	25.786316	-95.37478	0.0775123	1271.526057958603
171	264.1241	26.238995	283.24	227.0223	284.86627	14.148347	294.49722	239.76591	400.0	400.0	188099	95.06282	3.7486234	97.98675	24.442286	-95.19131	0.06983557	1282.9858736991882
172	280.31314	3.4418612	283.1863	275.47388	285.2877	10.343618	294.52292	254.34402	400.0	400.0	189199	94.794464	3.7547085	97.81916	23.557182	-94.903946	0.06587485	1292.3210542201996
173	272.20032	0.18574524	272.38608	272.0146	283.7166	12.419402	293.62088	248.39	400.0	400.0	190299	94.47105	3.6214602	97.5077	23.913542	-94.56352	0.067664385	1302.197440624237
174	278.03757	3.7843676	281.66486	272.81595	279.2275	16.36057	291.25626	242.86324	400.0	400.0	191399	93.99736	3.5279117	97.144035	25.066029	-94.062805	0.058305524	1313.432052373886
175	270.52484	12.753372	280.5296	252.52626	281.40198	10.584884	289.6818	249.45494	400.0	400.0	192499	93.402756	3.4567437	97.21362	-1.3862872	-93.433975	0.06788508	1322.4901385307312
176	275.90146	0.55654794	276.68	275.412	280.10968	9.796752	286.33334	242.89531	400.0	400.0	193599	92.64878	3.385174	96.36888	24.732635	-92.649956	0.046569318	1331.9663288593292
177	272.65546	1.0168457	273.6723	271.6386	262.54523	21.457283	284.53983	220.54337	400.0	400.0	194699	91.85617	3.373025	95.304695	27.811949	-91.85739	0.04955042	1343.5516200065613
178	273.92422	1.881901	275.5889	271.29358	280.6623	10.886141	287.02502	244.83525	400.0	400.0	195799	91.11378	3.3333716	94.60593	15.377306	-91.12411	0.042465646	1352.763284444809
179	270.91464	5.9612956	275.79697	262.52133	277.673	13.599587	287.122	236.12271	400.0	400.0	196899	90.418304	3.2812324	93.9775	33.36252	-90.41872	0.04149946	1361.7178528308868
180	267.15747	8.686631	273.4456	254.8739	280.10226	13.637815	287.57773	235.23749	400.0	400.0	197999	89.74326	3.245211	93.30496	26.193274	-89.74624	0.048647102	1370.6910362243652
181	252.96239	22.764603	275.727	230.19778	275.4153	16.673737	288.47314	222.77612	400.0	400.0	199099	89.09562	3.232406	92.634605	28.318077	-89.09658	0.047232658	1379.8202955722809
182	269.77164	6.2746134	277.09137	261.76755	274.06567	17.372112	288.6864	231.04193	400.0	400.0	200199	88.48892	3.1857598	91.06552	29.892029	-88.4935	0.03895745	1388.9039537906647
183	257.70776	21.920551	277.1264	227.0711	276.04803	20.490602	288.67953	227.38495	400.0	400.0	201299	87.90293	3.2424526	90.87336	31.370207	-87.90071	0.039583076	1399.3284132480621
184	256.67014	15.623713	277.9248	240.81503	278.96457	17.186764	289.14612	222.96252	400.0	400.0	202399	87.31455	3.2267342	90.344826	12.033161	-87.32618	0.044706456	1408.13898563385
185	275.6698	3.9351654	279.60498	271.73465	278.98233	14.884414	289.05707	237.6762	400.0	400.0	203499	86.79504	3.2498758	90.04715	22.06761	-86.81284	0.043789618	1417.9835579395294
186	277.93216	1.2047079	279.54285	276.64594	273.43964	19.98004	288.64313	221.24808	400.0	400.0	204599	86.33116	3.2711353	89.249405	14.786508	-86.34914	0.038797997	1429.8242135047913
187	274.28055	1.1098973	275.5183	272.82574	282.4968	9.901538	288.61304	253.1747	400.0	400.0	205699	85.855064	3.2616563	88.58198	23.69138	-85.867485	0.0315494	1442.0437529087067
188	276.55707	2.3874323	278.4201	273.18698	278.8233	15.614506	287.73575	229.64328	400.0	400.0	206799	85.43202	3.3019161	88.16264	30.332178	-85.44855	0.03335152	1459.697229385376
189	277.50812	0.7445984	278.25272	276.76352	271.85745	15.910987	288.46045	238.93713	400.0	400.0	207899	85.02384	3.2819393	87.79359	15.527275	-85.0358	0.042134825	1473.5496199131012
190	257.27158	15.288267	277.4915	240.53114	272.13074	19.469952	287.80353	221.25208	400.0	400.0	208999	84.615204	3.32093	87.42871	10.0461445	-84.622856	0.040519252	1485.607714176178
191	239.1259	7.2550197	249.28952	232.82822	274.8203	15.301693	288.06802	238.31905	400.0	400.0	210099	84.19673	3.3814385	87.0642	17.950043	-84.201546	0.04202792	1494.6918568611145
192	272.9823	4.6085973	277.22678	266.57672	277.11176	15.511611	287.63162	234.33806	400.0	400.0	211199	83.80694	3.398902	86.77976	26.059414	-83.811134	0.04029971	1505.3710474967957
193	267.9345	9.745834	277.68033	258.18866	281.11057	9.420851	288.2946	258.45566	400.0	400.0	212299	83.43372	3.3891065	86.380844	17.610697	-83.43178	0.04077797	1514.1633234024048
194	275.7082	0.5278019	276.36728	275.07523	282.74344	9.769448	287.97464	247.94086	400.0	400.0	213399	83.05248	3.39238	86.04047	18.828402	-83.051025	0.045719113	1523.0285544395447
195	278.07642	0.3062684	278.50378	277.80176	279.47638	12.61624	287.80676	246.90305	400.0	400.0	214499	82.686745	3.3657362	85.66981	25.410637	-82.68351	0.034286514	1532.946492433548
196	272.99835	6.2292805	277.4098	264.1888	273.72452	18.40446	288.31943	232.3951	400.0	400.0	215599	82.32312	3.3522384	89.04923	-2.8669896	-82.3181	0.047642104	1544.5457391738892
197	277.79318	0.620697	278.41388	277.1725	275.58057	16.620275	287.6931	238.86453	400.0	400.0	216699	81.975914	3.3500712	84.99306	18.760986	-81.97077	0.03879611	1553.623923778534
198	269.35922	11.597426	277.5671	252.95798	281.0205	9.948904	288.59372	254.19865	400.0	400.0	217799	81.62596	3.3919275	84.58905	11.029839	-81.619415	0.032702144	1564.752970457077
199	270.10657	7.7986746	276.6464	259.14563	286.35004	1.5604548	287.908	281.64874	400.0	400.0	218899	81.28766	3.3855526	84.27601	21.719812	-81.27876	0.036213502	1573.6480379104614
200	274.1735	6.0682197	278.8617	265.6044	275.73187	18.390285	287.46735	228.17659	400.0	400.0	219999	80.97541	3.3667166	83.780525	23.151066	-80.96912	0.032647654	1583.0093252658844
