Epoch	AverageEpRet	StdEpRet	MaxEpRet	MinEpRet	AverageTestEpRet	StdTestEpRet	MaxTestEpRet	MinTestEpRet	EpLen	TestEpLen	TotalEnvInteracts	AverageQVals	StdQVals	MaxQVals	MinQVals	LossPi	LossQ	Time
1	149.89842	110.30989	260.2083	39.588535	-216.36813	27.481684	-143.70818	-249.50093	400.0	400.0	1099	0.3146115	0.22208248	1.09947	-2.562341	-0.3520893	0.09511698	2.4680261611938477
2	151.05602	33.427418	178.25194	103.97111	169.2496	192.13618	305.8196	-220.03809	400.0	400.0	2199	1.3539835	1.0995702	4.7432027	-3.1891196	-1.4414562	0.0111303795	7.650311708450317
3	-59.776745	157.31078	162.62265	-175.86603	213.75273	124.74716	335.6939	-54.317642	400.0	400.0	3299	2.409537	3.669268	8.949578	-9.505859	-2.577698	0.02834344	13.017932176589966
4	190.85663	53.52959	263.91476	137.15178	249.52747	133.75758	336.54782	-61.529697	400.0	400.0	4399	4.121831	6.280174	30.74745	-10.848549	-4.309328	0.051131856	18.42536163330078
5	33.631653	174.4037	208.03535	-140.77205	211.75996	122.95753	335.60245	-71.9215	400.0	400.0	5499	6.5388484	7.651728	19.179365	-32.061802	-6.724906	0.026932789	23.851474046707153
6	245.89131	4.908115	249.72147	238.96307	206.07864	166.92741	331.5844	-95.091255	400.0	400.0	6599	9.249907	9.275854	20.692657	-13.207934	-9.435551	0.028463528	29.688997507095337
7	145.63037	129.03479	257.4027	-35.176483	202.67639	152.8678	327.99588	-58.54687	400.0	400.0	7699	12.055964	10.557846	24.115774	-21.492235	-12.2413845	0.0522985	36.789047718048096
8	196.6475	51.51776	247.10587	125.903656	272.48868	73.99228	333.78522	65.65035	400.0	400.0	8799	14.616481	11.722181	27.296986	-20.81987	-14.801731	0.0706497	42.311580181121826
9	44.815853	166.01437	210.83023	-121.198524	210.51285	166.70262	333.89948	-108.23915	400.0	400.0	9899	16.290428	13.0191	30.663183	-22.71465	-16.474564	0.08835465	48.01679253578186
10	253.40002	15.347884	267.05228	231.96062	215.45683	132.55235	334.40265	-99.308014	400.0	400.0	10999	18.83859	14.188695	35.450764	-25.628746	-19.021248	0.12186235	53.757991552352905
11	138.25543	141.26567	257.1126	-60.236866	234.89278	104.005325	335.8815	-97.766365	400.0	400.0	12099	21.483372	15.098145	37.620045	-25.39666	-21.668753	0.13000357	59.18393349647522
12	117.78701	129.11572	245.68527	-59.0241	191.30507	160.5485	335.8145	-103.99206	400.0	400.0	13199	22.4709	16.50134	39.90139	-31.992798	-22.657417	0.15660211	65.61473679542542
13	175.53427	65.13642	240.67068	110.39784	251.05449	118.623276	332.55203	-100.82546	400.0	400.0	14299	24.511065	17.223404	42.289806	-29.867817	-24.697123	0.18367445	71.8721215724945
14	29.03037	168.76021	265.46506	-117.3649	203.5637	136.43102	332.62256	-104.47415	400.0	400.0	15399	25.623804	18.595161	45.972813	-26.096579	-25.80897	0.21565257	78.02670502662659
15	177.51282	201.92288	321.70724	-108.044586	209.69006	120.20392	332.2722	-85.2131	400.0	400.0	16499	26.459677	20.499168	47.73111	-33.84068	-26.63775	0.25491077	83.73653602600098
16	219.79439	121.56889	308.75992	47.9054	227.33	147.6853	334.0731	-97.76549	400.0	400.0	17599	27.128437	22.400322	51.13474	-34.428497	-27.30089	0.28226516	89.86075377464294
17	299.5453	2.2322235	301.77753	297.31308	235.93576	141.6169	335.2905	-100.23977	400.0	400.0	18699	30.847092	22.073057	53.460934	-37.60978	-31.009766	0.3086285	95.7122688293457
18	214.57043	87.9712	308.44897	96.93101	172.28052	154.27492	333.77106	-97.19334	400.0	400.0	19799	32.890358	22.498964	53.020176	-36.587273	-33.040394	0.30283055	101.37463164329529
19	212.03723	156.4633	322.9486	-9.235064	254.73323	114.71817	335.44968	-47.666714	400.0	400.0	20899	34.398434	22.982317	56.21129	-29.13978	-34.53632	0.29843295	107.1658616065979
20	-20.732973	38.47552	20.800064	-71.94295	242.33493	136.6958	336.90854	-93.75135	400.0	400.0	21999	33.230354	24.860065	57.651814	-25.455366	-33.35715	0.30829334	113.11063504219055
21	321.1018	3.5237122	324.62552	317.5781	175.53094	151.07437	334.16687	-96.08363	400.0	400.0	23099	33.452587	26.059328	58.978382	-24.221626	-33.56713	0.25595298	118.67445158958435
22	34.416683	130.6377	207.86726	-107.40384	232.89066	102.252625	331.20724	-7.918721	400.0	400.0	24199	33.354694	27.201265	61.185726	-42.0571	-33.460632	0.27688378	124.20303249359131
23	216.05034	124.1687	318.60223	41.32749	175.5347	129.92181	336.06885	-89.84868	400.0	400.0	25299	33.241653	28.202751	62.389927	-40.277344	-33.33609	0.29711863	129.78294324874878
24	225.91515	106.087006	316.1887	77.00123	200.13461	124.68487	335.9066	-88.681244	400.0	400.0	26399	33.10144	28.818062	62.994873	-53.309746	-33.184048	0.33456394	135.31237983703613
25	104.644966	57.18253	161.8275	47.462437	198.45328	129.71602	335.69614	-98.79373	400.0	400.0	27499	33.60756	29.179594	63.936813	-45.650787	-33.677467	0.33218956	140.86416387557983
26	275.32092	34.98842	323.86612	242.75328	193.02432	145.02232	332.7485	-97.27953	400.0	400.0	28599	35.143074	29.420534	65.77525	-53.25845	-35.199417	0.3124642	146.4569149017334
27	202.70988	154.21962	321.18607	-15.109688	232.77788	108.52349	329.27454	-7.9804425	400.0	400.0	29699	35.573044	30.320997	68.58889	-46.464687	-35.62309	0.2860978	152.20350408554077
28	214.20601	75.733574	289.34995	110.54016	117.36894	155.45706	326.24557	-174.75066	400.0	400.0	30799	37.744057	29.37917	68.408035	-44.500484	-37.78491	0.25548822	159.25823163986206
29	61.6202	245.86554	307.48575	-184.24535	283.78955	24.937035	335.62018	252.75842	400.0	400.0	31899	37.844173	31.606628	80.60798	-118.86967	-37.914318	0.4291029	164.98108506202698
30	297.17862	17.472433	321.26215	280.3497	212.68774	151.25017	335.65897	-71.45051	400.0	400.0	32999	39.414104	32.638004	85.80675	-120.54507	-39.46491	0.49999377	170.44989466667175
31	175.9467	187.83073	320.96545	-89.300186	159.7662	143.06044	332.79938	-23.659159	400.0	400.0	34099	37.963863	33.93305	88.90219	-125.5744	-37.993755	0.5277222	177.42412066459656
32	187.3731	119.45777	316.7066	28.579456	244.65164	93.14506	331.92572	49.792694	400.0	400.0	35199	38.784054	34.99818	79.49536	-130.07852	-38.823555	0.45328107	184.29016041755676
33	313.9256	6.7684937	320.6941	307.1571	267.0051	50.785286	333.7167	184.0807	400.0	400.0	36299	40.452744	34.804146	76.53842	-133.53433	-40.521767	0.5572381	191.07441234588623
34	241.93828	51.51824	281.05362	169.14821	246.34741	71.70849	335.42102	87.04444	400.0	400.0	37399	44.463028	33.22596	95.73226	-134.6704	-44.626106	0.63474476	197.81156873703003
35	239.99825	38.225227	292.8457	203.71999	242.45699	50.730923	321.99127	180.52188	400.0	400.0	38499	45.95364	31.786495	74.271614	-134.24652	-46.16919	0.53500175	203.03315448760986
36	285.09897	9.8819895	292.3653	271.12747	316.07315	15.901079	333.1804	278.289	400.0	400.0	39599	50.18124	29.657022	86.527084	-133.26863	-50.448616	0.650655	208.28661441802979
37	272.6618	4.3532257	277.015	268.30856	312.87576	12.172922	322.91318	278.2835	400.0	400.0	40699	53.66661	28.107876	90.094894	-135.01262	-53.97108	0.59280354	213.6653048992157
38	306.64432	3.8024101	311.8193	302.79105	318.77594	13.53848	328.49405	291.2037	400.0	400.0	41799	56.58638	26.89272	78.24299	-134.81851	-56.859432	0.46625677	219.02657055854797
39	318.146	4.50706	322.72043	312.01477	257.7162	19.269232	276.397	220.26859	400.0	400.0	42899	59.64416	25.69312	79.10876	-135.28381	-59.89321	0.34847945	224.1065731048584
40	233.32076	7.695508	244.17703	227.2313	236.64383	18.695387	280.60956	203.16028	400.0	400.0	43999	61.759483	25.047085	87.8439	-134.22072	-62.09319	0.30684724	231.00034999847412
41	233.08203	1.2284164	234.31046	231.85362	271.73642	28.850723	298.68713	199.17711	400.0	400.0	45099	64.67344	23.883093	86.77656	-129.89322	-64.969894	0.39855975	237.42011404037476
42	265.6077	12.643586	282.7616	252.66058	244.58328	27.329796	307.1826	182.17926	400.0	400.0	46199	66.98212	21.457893	86.09929	-123.358604	-67.17019	0.36211717	242.68436121940613
43	286.93857	15.754064	308.76163	272.14105	296.30463	15.320145	321.92245	278.69598	400.0	400.0	47299	70.0745	10.098266	82.02481	23.79468	-70.157295	0.26163042	248.9740447998047
44	283.3596	17.39668	303.20917	260.84662	296.8935	15.704396	312.95938	249.0341	400.0	400.0	48399	70.87936	9.587493	81.757385	21.12515	-70.974915	0.2824637	254.1841857433319
45	299.3161	0.2584839	299.5746	299.05762	245.27591	36.919178	287.50388	182.57458	400.0	400.0	49499	72.01979	7.9224505	82.231804	24.877373	-72.12482	0.26833063	259.60810685157776
46	251.5016	23.205809	281.4544	224.91113	241.59402	27.663616	290.20578	202.02646	400.0	400.0	50599	72.904816	6.921917	82.52108	18.874466	-72.98843	0.23690522	266.2552192211151
47	274.83786	7.4868507	285.27405	268.0725	261.01587	13.623544	288.86288	228.60861	400.0	400.0	51699	73.06424	6.5749483	83.02888	20.431664	-73.12791	0.21235174	271.5631537437439
48	278.16745	32.61424	311.96335	234.08658	310.74106	11.962365	321.79144	280.58542	400.0	400.0	52799	73.495056	6.334676	85.53587	17.975786	-73.55646	0.22584425	278.24879908561707
49	302.75995	12.47934	315.2393	290.2806	295.89166	19.65272	323.79352	267.8453	400.0	400.0	53899	74.35713	5.848634	82.66931	16.480139	-74.416664	0.21933278	283.71426486968994
50	302.02548	14.6943865	312.75726	281.24826	309.84354	12.98944	322.85156	285.00934	400.0	400.0	54999	74.959145	5.527142	82.20437	16.906584	-75.0253	0.20260526	288.72768688201904
51	294.44788	11.612437	309.2111	280.8366	300.15216	24.508266	324.06137	255.15578	400.0	400.0	56099	75.39711	5.0941052	81.84887	21.160967	-75.47257	0.18526492	293.9560341835022
52	308.822	3.7235048	313.8055	304.8571	308.6941	14.638958	323.71896	277.5316	400.0	400.0	57199	75.72957	4.921041	82.357185	19.09617	-75.80469	0.16904463	299.3332154750824
53	305.64417	3.2303927	308.87457	302.4138	302.67477	18.644558	322.18155	258.32236	400.0	400.0	58299	76.035675	4.802627	82.75279	27.127365	-76.11935	0.15402466	304.47638392448425
54	308.00314	5.5287805	312.66257	300.23572	305.92114	21.686516	323.346	255.44646	400.0	400.0	59399	76.56453	4.6098237	83.29998	16.701138	-76.652626	0.12730639	309.7851276397705
55	302.5634	9.247984	309.27155	289.48624	299.7297	21.524137	317.84195	241.52063	400.0	400.0	60499	77.04206	4.4743204	83.59357	22.431313	-77.12149	0.08226177	315.3342878818512
56	281.0313	24.305891	304.37305	247.50783	304.69183	9.2261915	314.50848	282.75284	400.0	400.0	61599	77.39075	4.7513466	84.547966	0.5268297	-77.43875	0.11476168	322.0884816646576
57	296.06964	13.884354	309.95398	282.18527	315.8602	12.710097	327.36594	286.8643	400.0	400.0	62699	77.638756	4.6035	84.76265	12.816462	-77.68018	0.07858924	328.73083305358887
58	301.91278	1.7997924	304.1858	299.78433	308.04712	18.145872	329.88535	273.23395	400.0	400.0	63799	77.92128	4.142787	84.52476	17.057014	-77.97129	0.072225824	333.9184944629669
59	290.93185	24.253138	311.19397	256.834	289.04224	14.659366	302.39117	255.28572	400.0	400.0	64899	78.15332	3.9140623	84.12304	7.3758707	-78.19611	0.06890929	338.8774971961975
60	268.0812	27.536016	288.17938	229.14622	288.72964	14.246675	305.71338	244.97392	400.0	400.0	65999	78.38016	3.8744442	84.16704	-1.2443554	-78.399826	0.08870471	344.9746129512787
61	272.44247	6.4322815	278.87476	266.0102	280.29584	10.913219	292.38675	253.04395	400.0	400.0	67099	78.53466	4.022634	83.72952	7.4966187	-78.55199	0.07616447	350.2811613082886
62	248.26839	10.40457	257.16183	233.66971	296.42682	17.726933	315.08255	242.59064	400.0	400.0	68199	78.51429	4.2152863	83.312004	16.936762	-78.52347	0.06766692	355.6213400363922
63	294.16873	9.009922	304.63144	282.63922	283.1853	20.366316	300.58832	233.34854	400.0	400.0	69299	78.39432	4.52753	82.890465	-11.069923	-78.40389	0.084347464	362.2211809158325
64	291.28006	6.010745	298.91693	284.22864	287.48505	21.915308	314.94662	228.18272	400.0	400.0	70399	78.33602	4.3554983	82.32729	13.921795	-78.34376	0.052955426	368.8487868309021
65	276.20807	2.0298157	278.23788	274.17825	269.19028	18.622332	289.13474	222.8706	400.0	400.0	71499	78.16617	4.2720027	82.24523	1.9962916	-78.17679	0.06124957	374.05114221572876
66	254.3081	9.938344	264.76294	240.94568	292.80545	26.43266	315.32135	238.26157	400.0	400.0	72599	77.84831	4.223269	82.40765	9.204768	-77.85457	0.05946511	379.3892283439636
67	284.316	12.373234	300.2978	270.15402	295.02646	19.76703	310.32794	252.66017	400.0	400.0	73699	77.569084	4.2949986	82.12799	7.396227	-77.57791	0.06616867	384.65801787376404
68	276.34995	9.486844	288.59982	265.48627	254.95041	18.646053	271.68564	206.17755	400.0	400.0	74799	77.36312	4.2449517	84.67919	6.9011455	-77.37613	0.07033293	389.9133801460266
69	292.11566	0.20114136	292.3168	291.91452	239.30164	19.376888	258.45013	192.74406	400.0	400.0	75899	77.20679	4.1365027	82.232834	15.530708	-77.2149	0.06578358	395.25940680503845
70	250.61243	14.814235	269.93494	233.93884	221.53914	21.814753	250.30429	182.2197	400.0	400.0	76999	76.86631	3.9865818	82.86006	8.745212	-76.879234	0.07465358	401.6687846183777
71	273.94168	28.481491	297.64395	233.88693	293.89096	20.839643	312.2676	248.31592	400.0	400.0	78099	76.65455	4.0105534	83.61363	9.459236	-76.66704	0.075539276	406.92015194892883
72	289.55917	6.576131	297.37335	281.2849	301.9109	12.964996	312.93616	268.09366	400.0	400.0	79199	76.26745	4.1006455	83.438156	-19.252256	-76.277855	0.08483973	412.0513083934784
73	301.35107	9.0345	310.38556	292.31656	309.97095	20.508015	331.90268	269.5364	400.0	400.0	80299	75.93474	3.9035518	83.58884	16.364168	-75.944176	0.06956038	417.3511116504669
74	312.36957	5.6024084	318.537	304.97858	307.8542	16.20013	331.21082	270.53024	400.0	400.0	81399	75.85699	3.6428416	83.8913	3.9231796	-75.866066	0.080367096	423.9175341129303
75	272.23087	37.09878	309.8327	221.74312	290.78754	16.786835	304.7576	242.65753	400.0	400.0	82499	75.84805	3.7650123	82.854706	12.954981	-75.85894	0.055763368	429.2398283481598
76	291.65823	16.47284	308.9663	269.50034	302.2818	19.26103	326.17786	254.94067	400.0	400.0	83599	75.8772	3.7167253	82.03623	-0.056414604	-75.888435	0.061537724	434.5638053417206
77	279.3631	3.5417938	282.90488	275.8213	302.1913	20.66205	328.15656	245.39792	400.0	400.0	84699	75.69751	3.6001875	81.99628	11.220915	-75.71098	0.055407457	439.7993223667145
78	259.8832	21.53412	290.3103	243.56445	308.05133	21.600355	328.5068	257.3543	400.0	400.0	85799	75.58908	3.7809162	81.86512	15.4376955	-75.60237	0.07996201	445.29111099243164
79	293.9526	0.28346422	294.35324	293.74017	292.19418	19.844664	308.66727	243.57387	400.0	400.0	86899	75.69539	3.8026483	81.682686	6.463699	-75.71997	0.07037198	450.60007095336914
80	267.5079	24.181572	284.61356	233.30998	300.98434	17.031206	314.81796	258.4074	400.0	400.0	87999	75.797356	3.8179443	80.699	1.6311095	-75.82345	0.07146359	455.8704478740692
81	276.7008	1.6448059	278.3456	275.056	286.71786	26.326532	309.2804	238.80818	400.0	400.0	89099	75.6587	3.9368703	80.60669	0.43178654	-75.679634	0.070758834	462.61075592041016
82	288.41055	4.775557	292.61432	281.731	300.35797	18.648401	316.29547	248.84436	400.0	400.0	90199	75.507416	3.9085333	80.687004	11.105029	-75.52892	0.06347906	469.2198238372803
83	291.60983	7.717384	299.01346	280.96347	285.89337	18.692204	301.804	244.45374	400.0	400.0	91299	75.40254	3.8236682	80.47914	16.169413	-75.414345	0.06937858	475.82673048973083
84	258.3055	14.782601	276.48874	240.27994	242.52747	13.564399	255.57819	206.76747	400.0	400.0	92399	75.33828	3.726891	80.346275	9.218601	-75.3547	0.062969	481.0570578575134
85	240.6543	1.9429932	242.59729	238.7113	274.3993	15.141663	285.5508	226.19182	400.0	400.0	93499	74.794235	3.9528506	80.35847	12.083021	-74.791595	0.063729264	486.43582224845886
86	270.1257	11.351942	286.0922	260.6922	260.31177	20.581028	288.05344	223.62122	400.0	400.0	94599	74.5196	4.2085533	80.383484	9.813928	-74.52732	0.062815525	491.71874928474426
87	279.52914	8.327787	288.44577	268.40762	267.0961	18.225338	292.5455	214.38728	400.0	400.0	95699	74.565	4.274046	80.499664	7.9169083	-74.58355	0.07516345	497.02693486213684
88	295.96945	16.91458	319.1555	279.28134	296.8392	13.399521	312.0604	268.13113	400.0	400.0	96799	74.50443	4.3367486	80.31765	8.926779	-74.51935	0.07691738	502.4200749397278
89	295.77805	19.631805	315.40985	276.14624	293.00903	14.569821	304.01044	249.83266	400.0	400.0	97899	74.48241	3.907352	80.26814	14.469658	-74.49593	0.06627586	507.64856147766113
90	283.6127	9.384847	295.8428	273.03317	294.80713	16.633812	308.6979	262.1362	400.0	400.0	98999	74.21649	3.730196	80.19642	15.587746	-74.233734	0.06508316	513.0640716552734
91	291.36157	2.630607	294.6187	288.17627	296.09277	22.123236	312.8965	246.5939	400.0	400.0	100099	74.08435	3.6504674	80.50478	23.755108	-74.108025	0.07098906	518.1200518608093
92	295.81192	9.427612	308.91238	287.11615	305.49323	23.413494	325.43268	250.2972	400.0	400.0	101199	73.94675	3.504393	80.738335	26.45322	-73.968025	0.06312693	523.6193408966064
93	241.8169	11.116432	252.93333	230.70047	311.32022	19.438745	328.93082	262.6029	400.0	400.0	102299	73.9205	3.927838	81.15944	14.882184	-73.9377	0.06269255	528.9713277816772
94	262.8058	15.051808	283.78613	249.20044	292.2088	22.070383	309.7668	235.8958	400.0	400.0	103399	73.98777	3.891322	80.14444	11.480328	-74.00587	0.061573897	534.257809638977
95	280.66183	13.272706	294.0221	262.56354	302.46738	15.35	312.50604	249.636	400.0	400.0	104499	73.961876	4.0030046	80.09546	17.389816	-73.985	0.058208037	540.8448050022125
96	281.32846	17.629822	294.4263	256.40698	283.4622	25.681595	309.28787	239.29631	400.0	400.0	105599	73.92364	4.076479	80.17705	-9.526775	-73.94777	0.07533901	546.0177013874054
97	282.9434	11.050629	293.99402	271.89276	296.10715	16.72303	308.85516	250.359	400.0	400.0	106699	73.91069	4.0949974	80.04896	16.8742	-73.93663	0.06475223	551.3514883518219
98	250.7217	5.383445	257.0705	243.90837	290.99454	19.977436	306.73712	235.10915	400.0	400.0	107799	74.06528	4.189355	80.0058	12.613403	-74.08771	0.07199406	556.6529846191406
99	272.2931	16.15749	288.1079	250.1023	289.04446	15.025988	303.5986	262.34073	400.0	400.0	108899	74.37551	4.0249333	80.57095	10.691292	-74.39517	0.06638439	561.9465274810791
100	275.83957	8.501459	287.59647	267.78308	302.23114	16.76935	315.68503	249.11145	400.0	400.0	109999	74.294556	3.8900485	79.54546	9.416953	-74.307205	0.060032967	567.3615493774414
101	286.13495	6.8432617	292.9782	279.2917	304.12766	16.503693	317.44458	257.56247	400.0	400.0	111099	74.024704	3.794455	79.49227	20.567858	-74.03009	0.050563477	572.7998661994934
102	292.20975	7.9624095	302.63568	283.31238	298.16467	23.619093	328.84854	249.24072	400.0	400.0	112199	73.81145	3.6983867	79.515175	9.052989	-73.816536	0.054162484	579.5120031833649
103	291.7665	24.09427	318.68277	260.21317	305.9333	19.70556	331.87976	278.03745	400.0	400.0	113299	73.832756	3.6297762	79.022446	19.195618	-73.83683	0.056731775	584.7295033931732
104	267.44937	25.312105	288.4639	231.84538	283.69067	15.059951	295.34604	247.82014	400.0	400.0	114399	73.87078	3.8492007	78.86295	18.938093	-73.87474	0.05685316	590.0575566291809
105	261.70856	11.187599	272.89615	250.52095	250.55843	15.8994	272.1547	214.30144	400.0	400.0	115499	73.71424	3.8938994	78.87824	20.07311	-73.72379	0.048379075	595.3880350589752
106	253.27454	20.794926	271.4973	224.17337	255.77945	30.08063	331.69464	212.32976	400.0	400.0	116599	73.6871	3.9808457	78.78989	18.875988	-73.72984	0.059401836	600.7081983089447
107	266.63516	13.491899	280.69934	248.43634	279.15915	24.505486	334.63483	236.24905	400.0	400.0	117699	73.895805	3.606055	78.87833	24.367199	-73.945526	0.0576232	606.1568076610565
108	253.97581	21.000774	282.9143	233.72113	284.57758	30.845518	333.7137	238.05032	400.0	400.0	118799	74.13886	3.6285496	79.10911	20.464136	-74.20534	0.0778158	611.4623265266418
109	274.35553	2.0757904	276.43134	272.27975	265.61334	35.93471	332.63446	215.97255	400.0	400.0	119899	74.431595	3.671937	79.15147	25.368774	-74.49656	0.08991358	616.7951912879944
110	264.5492	16.942486	283.20273	242.19914	303.24252	22.37224	330.89575	255.06917	400.0	400.0	120999	74.623604	3.8094096	78.99805	22.349617	-74.6831	0.112624265	623.4565651416779
111	290.81458	31.326405	320.22174	247.41553	306.6188	21.714287	331.7254	239.74442	400.0	400.0	122099	74.88722	3.9611907	79.62108	24.154297	-74.94502	0.124725394	628.9027011394501
112	319.59543	5.5223308	323.6189	311.7869	293.01984	28.990685	332.48306	241.2382	400.0	400.0	123199	75.30017	3.6814246	79.61929	28.084515	-75.34963	0.12787998	635.6206290721893
113	312.20276	10.049515	322.25226	302.15323	300.89093	27.063625	332.22464	242.23795	400.0	400.0	124299	75.63019	3.6186361	80.02725	25.913609	-75.670105	0.13028081	640.9993145465851
114	306.54895	13.075807	317.50723	288.1701	290.27124	27.429256	331.25	235.57214	400.0	400.0	125399	75.93157	3.643748	79.1902	15.138058	-75.96621	0.13282834	646.1334555149078
115	290.9259	25.673231	311.2676	254.7102	303.59497	21.960793	332.22052	248.0966	400.0	400.0	126499	76.08191	3.8288727	79.521576	15.647092	-76.11671	0.13249561	652.7691566944122
116	283.10892	15.886352	304.3843	266.2196	300.10568	29.67232	332.09726	232.74461	400.0	400.0	127599	76.14407	4.0155225	79.63994	20.376842	-76.17898	0.1339476	657.9844818115234
117	284.8022	5.977356	290.77954	278.82483	307.15982	22.011374	334.00296	260.96	400.0	400.0	128699	76.118225	4.0505357	79.44623	21.355959	-76.15043	0.13171162	664.6417291164398
118	274.40332	14.176045	289.01004	255.20781	290.59674	35.92312	331.1239	216.79254	400.0	400.0	129799	76.180016	4.090481	78.70368	21.3546	-76.20817	0.13576356	669.7398240566254
119	282.49686	25.14584	311.58765	250.23807	289.52335	27.557877	331.4053	242.20279	400.0	400.0	130899	76.43384	3.897544	78.67093	18.63713	-76.46227	0.121889785	674.9899408817291
120	310.68604	12.258546	320.96927	293.45728	303.81512	25.254711	331.87238	238.46419	400.0	400.0	131999	76.49964	3.9179628	78.94218	20.37393	-76.5298	0.11486023	680.304933309555
121	287.56107	27.91214	315.4732	259.64893	311.5956	16.970432	331.9344	272.83218	400.0	400.0	133099	76.69155	3.922965	78.888824	23.93653	-76.72514	0.09841384	685.5959749221802
122	301.54224	16.043234	322.3403	283.29092	306.2011	24.781265	334.1349	238.32173	400.0	400.0	134199	76.9349	3.796973	78.978874	20.081888	-76.9669	0.097934864	692.2555243968964
123	309.0116	9.248232	318.11188	296.32614	307.14337	26.132305	335.24243	250.65845	400.0	400.0	135299	77.164154	3.6766872	79.10015	16.279501	-77.19243	0.07437596	697.627504825592
124	311.69144	12.745235	325.91663	294.99268	311.0172	25.890339	335.98495	255.3928	400.0	400.0	136399	77.4379	3.3855584	80.22421	14.90935	-77.46469	0.069861814	702.9640159606934
125	283.55692	40.886482	324.4434	242.67043	306.7481	26.248213	333.6144	249.25537	400.0	400.0	137499	77.5165	3.6456108	82.97721	3.5442655	-77.542015	0.07513478	708.217033624649
126	295.9654	25.331448	321.4971	261.43668	315.52823	19.037193	335.14038	267.74484	400.0	400.0	138599	77.50057	4.0539927	80.013306	11.519844	-77.52861	0.059663378	713.6425492763519
127	321.97952	3.4271512	326.768	318.9365	312.48697	19.26724	335.14584	277.10257	400.0	400.0	139699	77.61296	4.0488143	80.37889	1.6495891	-77.646194	0.06319685	718.9364423751831
128	310.93292	8.771447	321.03705	299.6489	308.48294	17.389011	333.22595	269.6082	400.0	400.0	140799	77.78691	3.963155	80.65564	9.024447	-77.82211	0.055022385	724.2403750419617
129	288.83987	0.35913086	289.199	288.48074	307.2967	26.112638	335.41656	250.18367	400.0	400.0	141899	77.97207	3.8020642	80.91912	8.1569195	-78.009575	0.03942756	730.9453890323639
130	294.89508	19.102468	318.4423	271.654	306.12292	27.505915	334.0435	252.69225	400.0	400.0	142999	78.15556	3.7824566	81.31082	14.607993	-78.19617	0.03964395	735.8820538520813
131	313.85815	7.463009	324.10413	306.54202	318.2443	22.148367	335.93097	267.43854	400.0	400.0	144099	78.40393	3.689967	85.07375	-11.250061	-78.44355	0.054865494	741.1663324832916
132	293.35394	30.393694	324.00604	251.93188	314.08783	19.765686	335.55807	260.81985	400.0	400.0	145199	78.60059	4.143275	81.46253	12.933388	-78.64167	0.03718308	746.5205483436584
133	317.13214	6.4227448	323.5549	310.7094	310.0832	20.596487	335.68076	274.07413	400.0	400.0	146299	78.99887	3.9739296	81.67007	9.64132	-79.038086	0.05465761	751.8965332508087
134	324.56113	0.3041378	324.95914	324.22092	318.14615	14.636871	335.6168	277.0944	400.0	400.0	147399	79.26806	3.9268615	82.048546	6.543475	-79.30619	0.05690718	757.2745497226715
135	310.3993	5.198772	316.29166	303.6451	310.6955	19.893888	335.3632	275.4264	400.0	400.0	148499	79.52713	3.751245	81.24684	13.973906	-79.56389	0.04138028	762.4791791439056
136	320.52475	7.22284	326.74692	310.39813	317.48877	25.48265	336.74753	256.38895	400.0	400.0	149599	79.75337	3.693505	82.5441	15.214016	-79.789276	0.041040253	767.8978612422943
137	324.45258	0.15538025	324.60794	324.29718	316.72784	20.188148	335.54245	271.32635	400.0	400.0	150699	79.95881	3.72164	85.174706	2.935963	-79.993164	0.065478444	773.1822509765625
138	278.24295	12.892984	293.02368	261.60645	319.73358	19.56959	336.1147	250.85585	400.0	400.0	151799	80.02224	3.9831119	82.441895	15.059101	-80.05495	0.044332318	778.7967312335968
139	317.24646	8.276672	326.43787	306.37433	317.9432	19.371937	335.31784	257.712	400.0	400.0	152899	80.22958	3.6101897	82.82349	4.9115515	-80.262825	0.047721434	785.3332214355469
140	305.69998	25.998806	326.64087	269.05673	318.5743	20.291058	336.17264	273.96167	400.0	400.0	153999	80.46603	3.5304756	83.614586	20.580717	-80.49957	0.04390127	790.7799847126007
141	310.22052	16.70192	326.92245	293.51862	318.03693	17.576279	336.15903	269.22488	400.0	400.0	155099	80.51712	3.815579	84.1018	17.546316	-80.55055	0.05321908	796.2040593624115
142	316.74838	2.9428024	320.87674	314.2285	317.8603	16.80898	336.12042	275.05545	400.0	400.0	156199	80.68576	3.7884042	84.02499	22.73929	-80.719475	0.047002625	802.8261077404022
143	314.2377	15.147647	325.42114	292.82275	318.54706	19.491877	335.26352	260.25262	400.0	400.0	157299	80.877754	3.8065872	83.89415	16.25184	-80.91197	0.049667638	809.1591713428497
144	300.25183	20.377459	326.82718	277.31146	324.10516	16.792685	336.22366	276.67783	400.0	400.0	158399	81.05124	3.8443294	84.37522	11.836696	-81.08687	0.047459487	814.3450243473053
145	300.7034	17.30539	318.0088	283.398	313.06372	25.786722	335.21286	255.05618	400.0	400.0	159499	81.22388	3.8297288	84.78676	11.353604	-81.25962	0.058391266	819.6491641998291
146	300.4431	16.752129	314.9347	276.96628	320.31906	23.61783	336.38577	257.45258	400.0	400.0	160599	81.38712	3.7005122	84.66254	22.542177	-81.42281	0.045225207	825.0530381202698
147	319.79248	6.8579097	326.1013	310.25876	311.15155	23.215656	335.69623	260.50858	400.0	400.0	161699	81.51639	3.789828	85.05292	23.484493	-81.55277	0.047127374	831.6411018371582
148	304.58093	23.241123	326.47275	272.4033	318.27716	21.888166	335.8621	254.47	400.0	400.0	162799	81.63049	3.8700683	85.06202	24.37552	-81.66674	0.050860915	838.1440472602844
149	299.33093	27.661087	326.99203	271.66986	322.52277	20.089462	336.1876	266.51425	400.0	400.0	163899	81.69396	4.2313476	85.5456	20.142342	-81.729805	0.051538356	844.4732840061188
150	305.29895	18.258013	325.69437	281.388	322.83194	14.977004	335.445	274.6471	400.0	400.0	164999	81.7346	4.4937487	88.37584	18.002993	-81.76981	0.057576973	850.0832500457764
151	309.62277	14.708932	320.39276	288.82562	320.89548	13.818949	335.83987	292.87238	400.0	400.0	166099	81.83019	4.478463	87.371704	20.934423	-81.865425	0.055502113	855.0695707798004
152	287.97177	24.871384	322.5678	265.177	311.45636	20.9424	335.17728	274.4495	400.0	400.0	167199	81.96375	4.4122453	87.20628	19.342525	-82.00036	0.05337571	860.1025350093842
153	306.1281	4.7507477	310.87888	301.37738	318.8862	15.0758295	334.4065	281.83597	400.0	400.0	168299	81.95076	4.703964	88.8699	13.80546	-81.98672	0.059373382	865.5873284339905
154	320.43347	3.554851	324.88522	316.18475	313.98676	15.783822	333.53662	274.26807	400.0	400.0	169399	82.0665	4.573241	88.60815	21.018055	-82.101105	0.053239636	871.9290864467621
155	308.93655	18.30306	325.535	283.4364	314.14386	14.194346	332.9847	278.1945	400.0	400.0	170499	82.1581	4.4625983	88.18919	21.317905	-82.19215	0.048420597	878.5056612491608
156	310.6295	18.983612	324.52768	283.78827	314.16278	21.27135	335.19376	264.90732	400.0	400.0	171599	82.1889	4.416687	92.13863	10.39647	-82.22345	0.09870756	884.1374578475952
157	301.76068	22.849596	324.6103	278.9111	322.74176	13.740425	335.2018	290.94763	400.0	400.0	172699	82.20945	4.416955	87.200264	15.858431	-82.24431	0.07569892	889.4872274398804
158	294.2786	14.431645	313.0019	277.88223	313.2343	20.72488	335.1566	264.22467	400.0	400.0	173799	82.20633	4.4520574	87.3577	22.354774	-82.24157	0.09262124	894.5960257053375
159	294.3347	13.568261	313.42606	283.11987	314.2196	15.320065	336.22534	292.47983	400.0	400.0	174899	82.18753	4.5683784	87.61094	22.64643	-82.22208	0.10289709	899.9396321773529
160	300.76257	16.446735	323.8191	286.58084	311.63367	16.26115	336.17776	281.18344	400.0	400.0	175999	82.19392	4.560761	87.51213	16.322805	-82.228355	0.099550776	905.2102830410004
161	315.48395	11.244003	326.72797	304.23996	309.49258	21.97164	333.64035	258.90826	400.0	400.0	177099	82.165306	4.6300507	86.493706	19.761581	-82.2	0.10485016	911.7170255184174
162	301.0088	12.571441	318.37137	289.0158	316.9777	18.832369	335.2808	270.54245	400.0	400.0	178199	82.18072	4.5311136	87.86426	17.766891	-82.21543	0.10561572	918.2402982711792
163	317.3401	4.282731	322.94107	312.5435	309.4566	22.303568	335.52975	264.6157	400.0	400.0	179299	82.284706	4.216384	87.61791	24.358168	-82.31949	0.08660871	923.2250018119812
164	302.73166	19.755007	323.39597	276.11667	304.03973	20.083607	336.0422	268.154	400.0	400.0	180399	82.25328	4.3271103	88.46693	23.435022	-82.28728	0.08655136	928.4622075557709
165	308.50992	4.1426697	312.6526	304.36725	307.76617	17.101135	329.93884	262.8639	400.0	400.0	181499	82.257195	4.2785172	86.51741	23.319725	-82.29036	0.08760591	933.6823439598083
166	317.34525	5.0507627	324.21454	312.21503	308.66922	22.470612	333.95383	262.89297	400.0	400.0	182599	82.41254	3.738712	88.07759	16.550789	-82.448395	0.094772995	938.9611477851868
167	317.48065	7.417106	324.99915	307.38702	303.02518	31.277536	334.3669	237.38875	400.0	400.0	183699	82.50548	3.5674026	86.65339	21.474161	-82.54381	0.06444078	944.2722506523132
168	295.05392	24.908525	324.24454	263.3828	315.6506	24.127062	334.07513	247.79031	400.0	400.0	184799	82.44058	3.7912261	86.50031	20.690285	-82.47996	0.07848688	949.5848407745361
169	279.27704	20.839325	300.11636	258.4377	293.9417	36.754353	335.3524	225.3606	400.0	400.0	185899	82.36407	4.2595224	86.88422	18.439535	-82.40528	0.081760235	954.9573502540588
170	321.6875	6.194808	326.83823	312.97488	300.84528	26.79347	332.84952	255.3116	400.0	400.0	186999	82.39388	4.241214	87.94882	-1.2365072	-82.43463	0.0768473	960.261750459671
171	301.8339	5.127672	306.24957	294.6445	312.5771	20.858898	334.8535	273.32938	400.0	400.0	188099	82.46475	4.148569	88.11821	17.929876	-82.50379	0.06110561	965.4973976612091
172	287.9722	11.884121	301.4547	272.54102	310.41122	20.340094	333.28656	273.84952	400.0	400.0	189199	82.54788	4.0512137	88.076744	15.977069	-82.58595	0.049449287	972.0977199077606
173	255.16815	27.975578	283.14374	227.19258	293.09714	42.732895	335.1396	202.51103	400.0	400.0	190299	82.40203	4.022772	88.77376	10.749879	-82.43968	0.03759179	977.3068482875824
174	298.2189	20.8575	325.15427	274.33884	278.31366	46.373646	332.47388	196.19667	400.0	400.0	191399	82.31208	4.264958	88.47084	15.01279	-82.34706	0.03943227	982.5617098808289
175	265.42587	44.22689	326.78665	224.24944	274.12384	40.07846	334.81287	219.98291	400.0	400.0	192499	81.95218	4.786081	91.2445	-6.325239	-81.98422	0.05914193	987.919989824295
176	221.86438	31.229563	264.9817	192.0231	279.85114	39.177917	335.81824	205.67474	400.0	400.0	193599	81.635216	5.4279475	89.82091	-3.5035727	-81.665665	0.05891742	994.5731132030487
177	308.43427	16.682419	325.11667	291.75183	281.39337	54.931675	334.715	184.43765	400.0	400.0	194699	81.09926	5.839324	89.0796	10.311192	-81.127686	0.045422327	1000.1598761081696
178	252.24419	52.979073	298.28925	178.0351	251.97807	57.618774	335.76614	176.6958	400.0	400.0	195799	80.5528	6.16341	89.06075	17.133137	-80.581505	0.06338113	1005.2211117744446
179	264.06546	80.30142	324.84558	150.59827	237.08713	71.44395	333.5379	149.95087	400.0	400.0	196899	80.245834	6.52503	89.85838	13.217168	-80.27463	0.07078163	1010.2632343769073
180	237.06892	67.15189	325.9351	163.63293	205.15463	70.08266	334.8307	136.88469	400.0	400.0	197999	79.15305	7.308217	90.29789	11.275154	-79.17854	0.079232	1016.7071187496185
181	134.50462	4.871582	139.3762	129.63304	273.33286	62.05	332.68417	137.28877	400.0	400.0	199099	78.13527	8.13434	91.133575	8.251585	-78.158844	0.08596712	1022.1053464412689
182	248.33716	75.36758	323.77072	145.40735	197.07816	97.15916	330.5355	85.36826	400.0	400.0	200199	77.07366	8.776411	90.38778	9.883629	-77.09554	0.0860056	1028.3542263507843
183	229.92365	118.432	313.68973	62.435513	209.87686	98.13637	329.48575	77.82999	400.0	400.0	201299	76.65412	9.334286	91.3924	9.399625	-76.677574	0.09643085	1033.5873758792877
184	302.0841	29.284231	322.80844	260.66995	283.41168	31.060915	328.90262	229.3591	400.0	400.0	202399	75.74331	10.249254	87.99115	2.5917568	-75.76681	0.113963015	1038.8656051158905
185	281.7439	26.094093	307.83798	255.6498	310.25153	19.804564	323.97183	250.69327	400.0	400.0	203499	75.41964	10.74251	88.89904	6.120841	-75.46771	0.1742839	1044.1071729660034
186	270.61264	33.87456	310.88498	228.00798	296.03122	20.415022	318.4726	239.28542	400.0	400.0	204599	75.16207	11.014498	94.58183	-2.1047773	-75.24135	0.203456	1049.3637509346008
187	293.78577	5.014212	298.18048	286.76883	299.30814	19.011871	318.7914	256.03476	400.0	400.0	205699	75.338165	10.944751	91.854416	-3.7725775	-75.43386	0.21171276	1054.6071105003357
188	295.1841	13.389066	314.11285	285.29883	293.8952	23.30428	316.3946	239.37875	400.0	400.0	206799	75.3549	10.622135	94.71353	-3.7586973	-75.4456	0.19714771	1059.8968751430511
189	272.64	16.724869	289.3649	255.91516	297.81815	22.886076	320.98727	248.66978	400.0	400.0	207899	75.60034	10.453051	89.64437	-4.072606	-75.68468	0.16332436	1065.233967781067
190	262.91965	21.238691	288.367	236.37761	290.9947	20.437424	313.236	250.3774	400.0	400.0	208999	75.840965	10.226506	89.61827	3.5657074	-75.92749	0.20902073	1070.5409393310547
191	289.92676	2.4596038	292.30844	286.54044	271.3443	25.514055	297.16266	219.3354	400.0	400.0	210099	76.127846	9.922065	90.65819	6.694321	-76.228424	0.21641992	1075.796532869339
192	284.4232	3.0851235	288.69955	281.53568	272.81363	20.94946	294.4375	226.69363	400.0	400.0	211199	76.44316	9.608749	89.38195	-0.23712969	-76.561264	0.18859145	1081.0473549365997
193	284.62375	4.783722	289.40747	279.84003	271.54132	15.8396	290.4612	236.04562	400.0	400.0	212299	76.74155	8.917382	88.972244	2.2219963	-76.86209	0.20380476	1086.3355498313904
194	271.10803	9.749819	283.9647	260.36484	262.82962	12.454464	281.7958	230.96793	400.0	400.0	213399	77.70607	8.110463	88.82712	6.4804244	-77.78909	0.22445457	1091.6346981525421
195	262.64224	3.1679041	264.99442	258.16406	257.29617	20.86882	276.19574	207.5255	400.0	400.0	214499	78.28083	6.839946	88.28254	1.8665774	-78.33871	0.237854	1096.9177286624908
196	250.62898	21.573511	269.54572	220.44038	267.55005	7.2194605	283.17392	246.86365	400.0	400.0	215599	78.29021	6.053609	87.750885	2.2940063	-78.30826	0.23076366	1103.5106799602509
197	254.78415	3.577034	258.36118	251.2071	251.96716	19.25229	269.5431	197.75024	400.0	400.0	216699	78.132286	5.276927	87.47214	6.031872	-78.16241	0.21873857	1108.7849938869476
198	234.42403	17.604204	247.70758	209.54707	245.47868	18.324207	266.55997	196.60121	400.0	400.0	217799	77.91112	4.533263	87.34161	3.1269276	-77.977936	0.21241184	1114.1069803237915
199	225.26732	28.605677	250.2678	185.22331	246.41537	12.847658	261.08774	201.75896	400.0	400.0	218899	77.53108	4.2241273	87.2501	3.0296316	-77.56964	0.18042484	1119.364275932312
200	233.68199	11.253085	245.69757	218.6372	245.87593	12.184375	265.71017	213.17395	400.0	400.0	219999	76.924965	4.077649	86.50267	3.8431482	-76.90928	0.16014065	1124.8688094615936
