Epoch	AverageEpRet	StdEpRet	MaxEpRet	MinEpRet	AverageTestEpRet	StdTestEpRet	MaxTestEpRet	MinTestEpRet	EpLen	TestEpLen	TotalEnvInteracts	AverageQVals	StdQVals	MaxQVals	MinQVals	LossPi	LossQ	Time
1	29.82073	28.226254	58.046986	1.5944766	-195.85893	11.935899	-169.0602	-212.37051	400.0	400.0	1099	-0.08172128	0.8792897	6.1828117	-21.447407	0.06567744	0.05679636	6.372196912765503
2	15.246808	46.114513	72.03216	-40.919785	-18.88291	38.069473	64.85556	-70.54474	400.0	400.0	2199	0.23357436	1.6232744	4.139966	-5.6530366	-0.31662303	0.011807558	20.024111032485962
3	52.552853	7.9811893	62.976086	43.59074	-22.39036	45.110703	60.369118	-88.34238	400.0	400.0	3299	1.6014028	2.731665	16.655289	-7.53223	-1.7375127	0.017464176	33.4568657875061
4	3.4029655	35.86567	53.993103	-25.054052	12.743137	38.196476	121.75411	-42.95181	400.0	400.0	4399	2.6180885	3.528815	15.506335	-10.211433	-2.7767782	0.023297362	48.67387127876282
5	-30.658941	21.517857	-9.141084	-52.1768	67.27036	42.617016	166.46577	6.5664773	400.0	400.0	5499	3.4467053	4.6444316	17.447628	-13.4288	-3.6262093	0.04165019	65.7993860244751
6	7.434918	28.009995	46.76871	-16.291433	96.78431	44.33411	192.11522	22.209553	400.0	400.0	6599	3.9826074	5.565767	20.3632	-13.904371	-4.1831822	0.048026934	81.41913843154907
7	-11.638764	9.200945	1.3581203	-18.682014	83.9956	41.984962	156.7576	24.758793	400.0	400.0	7699	4.7665534	6.084481	21.65269	-14.750325	-4.9805684	0.059512705	96.8726577758789
8	19.85948	46.201805	84.67312	-19.710014	110.93624	58.365208	198.56905	29.243515	400.0	400.0	8799	5.402368	6.740124	27.145777	-15.367267	-5.623339	0.08726247	111.35496783256531
9	59.32393	3.9401436	63.264072	55.383785	83.75569	47.21322	188.57869	2.602911	400.0	400.0	9899	6.3535414	7.3183584	27.709293	-15.9995165	-6.5821247	0.10420406	129.15512871742249
10	-52.820465	16.545965	-29.520098	-66.33428	76.51433	37.68486	168.34587	31.398718	400.0	400.0	10999	6.909809	8.013022	42.17676	-19.23282	-7.1405096	0.13337953	146.599102973938
11	-22.443666	34.982723	23.632528	-61.083843	93.21136	59.55529	180.4631	-4.290408	400.0	400.0	12099	6.99016	9.026008	61.261036	-23.092047	-7.2108264	0.18011688	164.05986166000366
12	-16.307192	60.865932	68.04011	-73.35169	70.7533	49.3037	182.65753	2.5334964	400.0	400.0	13199	7.0521345	9.889033	34.79684	-26.52377	-7.279024	0.14956506	181.28488874435425
13	-13.70016	19.274021	5.5738626	-32.974182	40.727848	46.67986	131.98741	-11.114143	400.0	400.0	14299	7.507008	10.429922	35.3974	-26.901747	-7.7377768	0.1748358	199.80462312698364
14	19.345541	7.8116717	30.236645	12.296483	55.034954	38.076508	106.27974	-22.507025	400.0	400.0	15399	7.8263965	10.950851	52.70681	-27.925535	-8.053821	0.21984725	214.40704464912415
15	32.60391	25.244429	66.53923	6.0332723	55.80951	59.97479	156.95537	-19.222378	400.0	400.0	16499	8.01236	11.436062	37.73303	-27.40592	-8.22872	0.20303509	228.80544066429138
16	38.306316	50.579975	105.18145	-17.115051	19.962431	34.03618	130.66731	-22.784914	400.0	400.0	17599	7.985254	12.279248	44.80275	-30.927715	-8.188478	0.21808684	245.52792716026306
17	65.84208	90.53089	156.37297	-24.688808	33.173424	48.851635	141.72453	-21.426981	400.0	400.0	18699	8.535959	13.640423	61.99442	-35.547363	-8.724192	0.2268879	259.12927746772766
18	47.962643	50.34043	89.83043	-22.83662	19.092289	35.272625	94.77051	-19.344584	400.0	400.0	19799	8.965633	14.180686	74.48175	-36.070507	-9.140869	0.24709179	274.3692834377289
19	-5.110569	20.504332	23.851742	-20.828615	11.822666	26.752453	65.37155	-16.213865	400.0	400.0	20899	8.412929	15.022929	79.30152	-37.25096	-8.572106	0.29038337	290.7339017391205
20	1.4113213	13.401317	14.851186	-16.88101	29.295782	20.742025	67.76958	-1.6440133	400.0	400.0	21999	7.837428	15.753085	52.731945	-38.8352	-7.985943	0.28623673	305.83588337898254
21	-16.200241	10.738423	-5.461817	-26.938663	6.3102894	22.839394	59.702137	-26.914053	400.0	400.0	23099	7.3405943	16.248	58.788	-46.806496	-7.48334	0.26893795	321.0186769962311
22	-3.6795254	14.124361	14.504605	-19.93046	17.089817	19.688377	54.130985	-14.270152	400.0	400.0	24199	6.789678	16.761328	58.512417	-46.64159	-6.92738	0.2845782	335.46573781967163
23	8.198097	15.231803	28.28972	-8.575026	8.291621	18.237726	50.78593	-15.717938	400.0	400.0	25299	6.365795	17.235449	52.266273	-46.695927	-6.4992337	0.2713405	353.8245167732239
24	12.883171	12.447471	28.278397	-2.2069743	-1.7407147	19.823454	54.533993	-26.712137	400.0	400.0	26399	6.035025	17.623575	61.628815	-46.812138	-6.164392	0.36883524	371.22913098335266
25	-14.906675	0.23228312	-14.674392	-15.138958	-0.9567076	12.460064	28.963255	-20.842258	400.0	400.0	27499	5.753954	18.013159	63.178257	-46.287292	-5.879026	0.33022517	392.1173586845398
26	12.854465	18.382465	27.59529	-13.060586	6.12185	17.294199	38.662918	-15.036756	400.0	400.0	28599	5.428179	18.403805	70.45545	-46.694633	-5.5544295	0.41731906	413.8178768157959
27	20.829504	25.679773	57.021908	0.13358043	-8.344027	29.461016	90.6807	-41.15105	400.0	400.0	29699	5.259919	18.670404	56.013252	-45.550987	-5.401839	0.33305836	431.06090664863586
28	-5.8615646	2.1852984	-3.554943	-8.796144	-23.48397	23.514519	13.627815	-67.35723	400.0	400.0	30799	5.0028453	18.83128	64.3336	-45.536446	-5.141741	0.39690197	449.24059653282166
29	-35.728775	30.171865	-5.5569115	-65.90064	2.527953	34.303944	80.55815	-45.989887	400.0	400.0	31899	4.721437	19.027681	78.52719	-45.4089	-4.85775	0.41498023	466.75579714775085
30	18.401892	41.72177	77.19865	-15.270331	-8.115191	31.325563	57.95487	-74.78728	400.0	400.0	32999	4.5210643	19.13971	69.09207	-45.336853	-4.6634154	0.42506605	487.43413758277893
31	-25.545828	24.115068	4.231837	-54.831635	-1.2019672	27.77425	72.81725	-53.530247	400.0	400.0	34099	4.412804	19.46751	67.47378	-62.982296	-4.5609407	0.4888025	508.39914631843567
32	-65.042656	44.170097	-4.2229476	-107.79019	-63.540672	41.407192	6.5051727	-113.48339	400.0	400.0	35199	4.312556	19.733303	72.332886	-63.175575	-4.466106	0.47316882	535.1697595119476
33	-58.579266	47.99207	-10.587195	-106.571335	-42.59518	50.353325	50.340233	-138.02061	400.0	400.0	36299	4.2831144	20.40418	179.08246	-65.36136	-4.43136	0.60622025	553.136171579361
34	36.592236	43.376457	90.33707	-15.890627	13.073006	38.797398	102.37111	-29.5877	400.0	400.0	37399	4.3402977	20.863201	190.85985	-66.33731	-4.4894657	0.798093	573.0759251117706
35	-51.258778	50.4093	-0.1491497	-119.85429	-16.542784	63.827522	118.33131	-156.59988	400.0	400.0	38499	4.304799	21.606167	394.74664	-63.284252	-4.4516096	0.5724146	589.0623877048492
36	-32.44252	6.0187073	-26.463556	-40.678547	20.487314	43.886738	130.84207	-27.568922	400.0	400.0	39599	5.075324	25.644146	425.81693	-72.35796	-5.2212534	1.0639117	598.4114418029785
37	-50.229477	22.668669	-27.56081	-72.89815	-37.354706	65.68889	83.22309	-153.90392	400.0	400.0	40699	4.7734694	25.529318	400.7963	-58.971077	-4.9237776	0.6724019	606.9088521003723
38	14.488266	51.847	74.72397	-51.83611	-27.822353	54.3169	131.68309	-122.026505	400.0	400.0	41799	4.6158996	25.1052	393.79388	-67.60464	-4.763372	0.80390245	616.1312925815582
39	-1.6295954	31.780943	31.26205	-44.60177	-50.13124	58.669098	62.8658	-158.29051	400.0	400.0	42899	4.8968253	25.081244	396.04276	-56.4427	-5.044756	0.64828503	626.9982097148895
40	-43.95895	6.475467	-34.811703	-48.911316	-51.982048	59.995846	49.09464	-182.73058	400.0	400.0	43999	4.695441	24.963213	387.11346	-52.36402	-4.838393	0.6231573	635.5330994129181
41	-109.69517	43.590294	-66.10487	-153.28546	-4.1283064	53.410194	133.26598	-76.86333	400.0	400.0	45099	4.194103	26.076355	421.33463	-549.6817	-4.3503203	2.4462059	644.6510920524597
42	62.649044	92.06573	182.14539	-41.87205	-3.93377	42.672657	110.54457	-68.160774	400.0	400.0	46199	4.286514	26.559109	372.06842	-211.24707	-4.4576154	0.8359438	656.230343580246
43	-30.610573	35.631443	3.5719318	-79.765305	-13.536531	32.35107	52.68984	-70.39257	400.0	400.0	47299	4.421886	26.49871	366.78598	-212.04338	-4.5971103	0.81808543	664.908688545227
44	-2.0561259	5.870048	4.5685935	-9.701038	28.920477	75.59121	167.88774	-63.395653	400.0	400.0	48399	4.364606	26.27416	359.19708	-210.00703	-4.53625	1.3929732	673.1773056983948
45	-70.54884	5.8470955	-64.701744	-76.395935	-21.71367	79.1254	160.50378	-152.66856	400.0	400.0	49499	4.263655	26.111597	359.6759	-198.48997	-4.4243774	1.3107561	680.9874548912048
46	-17.335777	82.59451	68.97619	-128.6494	27.992153	51.373238	148.27695	-63.218742	400.0	400.0	50599	5.185115	28.56328	364.81265	-192.98747	-5.3504343	0.8029135	691.3674304485321
47	24.879541	46.21149	67.54918	-39.324024	59.7266	52.575554	155.98184	-44.436752	400.0	400.0	51699	5.786054	28.327957	360.72583	-402.567	-5.97375	2.2924576	703.483508348465
48	58.556713	62.70721	130.42618	-22.371092	60.74698	56.04559	163.01254	-21.9092	400.0	400.0	52799	6.1545606	27.781775	352.1748	-182.95052	-6.334439	0.71523637	712.5931153297424
49	82.6882	6.1143303	88.80253	76.57387	35.595856	51.93776	133.55243	-56.06946	400.0	400.0	53899	6.205551	27.37392	358.38986	-169.64832	-6.3713136	1.3335115	722.3972160816193
50	6.6540356	39.97264	45.01615	-48.485043	11.103615	39.58378	91.60067	-48.255337	400.0	400.0	54999	6.9435267	27.449135	340.4591	-162.08598	-7.108658	0.68048126	735.5700490474701
51	-15.206151	38.782223	31.117264	-63.798096	28.891872	46.505802	128.16946	-37.05258	400.0	400.0	56099	7.4752064	27.285875	342.00693	-244.40166	-7.633171	2.0908122	744.4853763580322
52	4.3600693	82.33826	74.31796	-111.23403	28.070019	36.66951	93.834404	-51.5818	400.0	400.0	57199	7.536124	27.000559	460.1959	-154.94344	-7.704876	1.5828662	753.096804857254
53	61.572353	67.377426	128.94978	-5.8050766	73.47796	43.55755	147.39227	-3.5495718	400.0	400.0	58299	7.892449	26.893606	316.4003	-148.97675	-8.08288	1.2333392	763.4950730800629
54	33.536076	30.315016	76.383766	10.864485	129.57893	12.364682	150.66806	106.494255	400.0	400.0	59399	8.652473	26.953512	335.80453	-227.79616	-8.835295	1.8280246	773.7950448989868
55	67.52307	31.95698	106.10936	27.85355	92.26494	28.823141	150.72227	20.4605	400.0	400.0	60499	9.240447	26.589033	303.39325	-146.6655	-9.421149	1.283435	785.2957770824432
56	49.70949	45.85477	114.52819	15.599186	67.03935	53.022766	135.38264	-60.41934	400.0	400.0	61599	9.633726	26.237871	431.59363	-281.15982	-9.8102255	2.440496	795.6403634548187
57	103.22182	6.9619064	110.18372	96.25991	85.94962	20.149574	131.49937	52.621586	400.0	400.0	62699	10.005306	25.849571	287.13602	-142.4526	-10.182621	0.53755975	803.8885316848755
58	27.405622	98.48832	120.710304	-108.80453	-151.2502	41.2486	-4.9825683	-187.56279	400.0	400.0	63799	10.604576	25.562786	295.86435	-147.35242	-10.780408	1.2487278	814.7307186126709
59	13.216922	86.10677	83.40128	-108.05636	43.769703	48.309227	129.52437	-54.660923	400.0	400.0	64899	10.946848	25.585524	288.2549	-157.31436	-11.123434	1.4249195	824.0719017982483
60	5.575199	23.286627	25.894264	-27.028759	14.908066	56.423706	82.52354	-106.35035	400.0	400.0	65999	11.2217655	25.528456	279.86783	-148.23494	-11.396608	1.3030288	833.0490670204163
61	-52.56317	94.4328	41.869633	-146.99597	-30.126862	91.17057	161.99252	-151.7434	400.0	400.0	67099	11.721175	25.560171	396.38	-213.6985	-11.906681	1.611475	842.9829747676849
62	-2.4499435	78.90594	102.468025	-87.82375	-36.449074	81.021515	146.87137	-128.39041	400.0	400.0	68199	12.083166	25.89058	265.5468	-502.48102	-12.263224	1.815785	853.3656182289124
63	-46.054066	77.70023	63.770836	-104.10616	-14.829681	69.23007	148.82286	-117.45147	400.0	400.0	69299	12.416738	26.126228	252.77036	-142.16106	-12.596468	0.8892242	863.0962381362915
64	37.754787	60.084618	120.78447	-19.406008	9.843425	80.07563	145.84653	-99.93093	400.0	400.0	70399	12.626693	25.958612	482.22318	-196.56894	-12.796795	1.6067382	873.2834522724152
65	31.967752	50.784546	82.7523	-18.816792	-65.63866	85.199066	138.92758	-173.66772	400.0	400.0	71499	12.771115	25.66146	249.39882	-148.7597	-12.952413	1.042377	883.7099921703339
66	46.65877	74.07908	130.82802	-49.446384	5.499327	90.21274	141.74562	-155.56726	400.0	400.0	72599	13.034209	25.34743	234.53543	-141.49028	-13.202001	0.76224977	894.7862544059753
67	-45.108036	57.57129	5.4636416	-125.65289	83.96196	27.750362	149.51884	28.90544	400.0	400.0	73699	13.361573	24.928879	316.53622	-243.40355	-13.541149	2.2755103	904.1063120365143
68	23.013695	84.0191	108.32953	-91.26627	129.91318	38.81931	175.01782	28.00292	400.0	400.0	74799	13.941908	25.350828	272.25815	-158.2318	-14.12312	1.6478908	917.3821732997894
69	114.86201	14.343559	129.20557	100.51845	114.59432	13.845076	138.14493	85.16998	400.0	400.0	75899	14.219851	25.017488	443.97003	-365.15903	-14.405201	2.3370154	927.4594666957855
70	99.01319	3.6109018	104.018715	95.63494	149.82706	13.266674	173.21642	125.42741	400.0	400.0	76999	14.523355	24.522346	212.19427	-161.14677	-14.706088	1.1597602	938.7733607292175
71	116.437256	2.844778	120.284676	113.49514	71.49818	9.768093	89.3533	54.442753	400.0	400.0	78099	14.720416	24.164583	548.1348	-290.68854	-14.903438	2.0539727	948.9660949707031
72	130.94899	10.533133	141.99121	116.76922	134.86655	17.753635	165.78043	104.13726	400.0	400.0	79199	15.060266	23.788935	205.0363	-189.03491	-15.250686	0.9329244	957.5034725666046
73	113.29932	16.582142	129.88145	96.71717	123.84735	11.997401	149.02107	104.10236	400.0	400.0	80299	15.385187	23.414953	252.4994	-145.29355	-15.569006	0.77490765	967.0408790111542
74	120.64921	4.8162394	127.38541	116.408226	125.95892	15.0876	160.74797	97.40938	400.0	400.0	81399	15.746313	23.16971	189.60046	-141.84375	-15.937663	1.4303958	979.0104191303253
75	126.96723	20.357904	155.27332	108.26	129.85931	14.453228	158.27965	106.69186	400.0	400.0	82499	15.921175	22.817017	183.88326	-142.57079	-16.105888	1.02522	988.3543858528137
76	101.95255	22.165758	131.56223	78.235275	134.97954	20.790245	175.0789	107.99912	400.0	400.0	83599	16.234024	22.674398	367.3803	-253.5325	-16.408703	2.1708157	996.8678557872772
77	125.11304	32.308147	157.42119	92.80489	140.24738	10.632988	164.24312	122.053566	400.0	400.0	84699	16.483324	22.403324	175.13478	-178.52196	-16.67267	1.3043301	1007.6313378810883
78	127.754845	19.397604	146.13902	100.92992	150.15611	11.398748	173.45848	130.23668	400.0	400.0	85799	16.822088	22.199207	242.17027	-257.69717	-17.006323	1.1665612	1016.991503238678
79	136.86751	7.7685933	146.07057	127.06941	114.870605	14.470742	139.38358	81.8572	400.0	400.0	86899	17.085932	22.019981	174.06236	-147.11438	-17.273767	1.4099532	1026.4312994480133
80	106.71587	10.240922	116.14146	92.48029	155.18762	11.072109	179.17564	132.7457	400.0	400.0	87999	17.443151	21.825314	281.17276	-150.96524	-17.631613	1.5595175	1034.641846895218
81	88.71061	7.749275	96.459885	80.961334	145.60315	17.906971	170.93875	106.14512	400.0	400.0	89099	17.711155	21.615845	272.9665	-299.5162	-17.890593	2.0053303	1042.2746241092682
82	118.201164	16.177118	130.28076	95.33546	86.3148	37.571873	118.835464	-68.30064	400.0	400.0	90199	17.9919	21.381044	258.30774	-182.35957	-18.168781	1.798817	1051.223887205124
83	113.33267	22.764908	145.12555	93.04632	131.4141	30.22847	173.37523	80.777214	400.0	400.0	91299	18.247995	21.23039	177.33775	-229.77222	-18.418835	1.0064371	1061.1102154254913
84	119.81683	16.802422	136.45436	96.805336	106.769264	58.519955	151.9602	-93.31803	400.0	400.0	92399	18.392174	21.147974	303.97073	-225.18643	-18.562838	1.8059896	1073.0555913448334
85	124.624115	3.9388428	128.56296	120.68527	153.46628	19.861244	184.28581	107.20135	400.0	400.0	93499	18.687412	21.055517	183.10342	-180.43954	-18.868572	1.2389307	1085.9114444255829
86	124.99292	24.182005	143.20367	90.81903	146.7877	19.938313	178.30043	106.54228	400.0	400.0	94599	18.929447	20.906279	340.5605	-173.88588	-19.103243	1.6839083	1098.0095732212067
87	134.82832	16.747139	153.49132	112.868706	130.20718	12.990549	154.50938	105.06885	400.0	400.0	95699	19.160555	20.81649	239.26974	-139.9946	-19.33435	1.0959496	1115.7410140037537
88	115.77369	20.97367	142.32858	91.05201	127.26858	25.600191	171.9122	82.54373	400.0	400.0	96799	19.368591	20.744604	590.0231	-342.3925	-19.541754	2.2965174	1131.2882125377655
89	131.17705	14.814297	145.99135	116.362755	132.24371	20.408804	179.26932	98.05848	400.0	400.0	97899	19.482153	20.590889	330.027	-303.1359	-19.655455	1.9552795	1145.9057502746582
90	125.65155	9.06184	133.24095	112.91391	-20.866327	43.153667	63.763645	-85.41847	400.0	400.0	98999	19.71343	20.468159	237.15282	-197.99294	-19.8831	1.3443418	1157.196319103241
91	102.18463	27.495378	131.95908	65.638565	132.83987	15.806115	164.89468	102.96477	400.0	400.0	100099	19.900997	20.420021	138.31099	-139.02121	-20.07185	0.73307633	1168.6431081295013
92	107.01636	9.234433	119.84822	98.49816	117.18329	23.78004	152.98013	69.132866	400.0	400.0	101199	20.113	20.328934	402.27734	-269.15833	-20.288712	2.6854959	1180.5538601875305
93	121.40624	28.632301	150.03854	92.77394	104.73081	41.597256	166.07324	42.722298	400.0	400.0	102299	20.318876	20.189053	94.05425	-138.39995	-20.493618	0.49257115	1193.1054110527039
94	119.202545	15.052819	136.02016	99.490776	144.12776	24.141052	175.74509	81.901306	400.0	400.0	103399	20.47013	20.189093	215.44504	-250.50769	-20.640345	1.3795124	1203.0592834949493
95	129.21068	21.755957	158.4404	106.27716	150.55673	18.279264	180.0539	116.36349	400.0	400.0	104499	20.711163	20.105299	185.45325	-403.00073	-20.905973	1.7639837	1216.01713347435
96	139.74423	22.899853	171.9179	120.45637	155.00845	11.7425995	182.31094	140.8772	400.0	400.0	105599	20.981836	20.102835	336.52963	-469.52396	-21.160997	1.6244787	1229.7894518375397
97	159.62616	12.435432	172.0616	147.19073	143.2252	18.458414	176.81473	116.67572	400.0	400.0	106699	21.232523	20.011595	88.96384	-149.23114	-21.41754	0.5426971	1244.5370683670044
98	121.205345	10.71921	136.1065	111.342575	155.38913	11.673625	178.2052	135.50986	400.0	400.0	107799	21.38486	20.028692	246.6559	-267.47186	-21.55266	1.5502464	1254.0465595722198
99	122.65543	14.387444	140.9497	105.79549	141.26448	15.677538	176.95123	104.92377	400.0	400.0	108899	21.626837	19.965296	237.88713	-159.43439	-21.801151	1.1290605	1268.3638198375702
100	118.72436	23.462017	144.92612	87.99395	149.0324	15.056333	174.7903	122.97054	400.0	400.0	109999	21.817804	19.8952	248.71147	-209.09901	-21.991983	1.7044067	1277.290710926056
101	119.877625	30.198917	150.07654	89.6787	154.8859	16.46137	187.89366	121.860985	400.0	400.0	111099	22.04162	19.868874	158.85803	-146.58191	-22.220753	0.8509001	1287.899939775467
102	153.28218	16.593008	176.74377	141.15495	157.39046	17.55899	180.04614	116.50987	400.0	400.0	112199	22.281647	19.891449	257.38593	-150.70863	-22.469736	1.6313883	1301.4497752189636
103	124.227715	43.37642	171.11179	66.52661	159.58292	11.173566	181.24055	141.96469	400.0	400.0	113299	22.570719	19.748442	351.20312	-306.20224	-22.763727	1.865282	1323.05167222023
104	123.710335	10.406944	137.48166	112.32803	145.45163	15.638946	178.64056	118.89594	400.0	400.0	114399	22.781343	19.742315	102.97447	-143.00693	-22.96386	0.7227043	1341.6791770458221
105	105.2715	13.31068	118.58218	91.960815	154.72264	16.131521	182.33739	115.23712	400.0	400.0	115499	22.929502	19.807602	267.55182	-284.0147	-23.098682	1.9944012	1356.5331420898438
106	129.08437	11.551039	140.62067	113.29998	148.84566	17.940372	176.43536	108.34346	400.0	400.0	116599	23.164028	19.744753	107.510185	-142.20912	-23.342548	0.53406405	1365.9570281505585
107	143.61737	5.467094	151.33456	139.34967	151.9379	16.121012	185.7714	128.28763	400.0	400.0	117699	23.289406	19.802343	100.629974	-143.40308	-23.459328	0.6701699	1377.435322523117
108	153.17366	10.910659	165.92894	139.27666	156.06972	15.495935	178.98105	121.956894	400.0	400.0	118799	23.375013	19.88776	207.34702	-183.48717	-23.538364	1.6312877	1390.717167854309
109	142.38568	5.2717743	147.65746	137.1139	56.44934	53.73111	118.62009	-17.404343	400.0	400.0	119899	23.5843	19.809479	702.4776	-230.65024	-23.758326	2.1366305	1404.4973351955414
110	119.95637	16.828753	135.89377	96.68049	153.07108	15.21465	181.25317	126.59428	400.0	400.0	120999	23.721863	19.884653	245.01637	-144.72223	-23.890718	1.2015026	1418.675434589386
111	141.26366	28.911903	164.54283	100.513794	163.87515	12.236624	188.83403	138.95088	400.0	400.0	122099	23.903893	19.867664	294.6626	-182.88055	-24.079947	0.83419955	1435.1775815486908
112	145.08798	25.233974	180.60939	124.36038	149.53436	25.717718	198.32251	115.109886	400.0	400.0	123199	24.097532	19.881437	252.67116	-150.58891	-24.275293	1.3565007	1445.3747792243958
113	148.86533	9.543007	158.40834	139.32233	152.1491	8.629173	175.50407	141.97061	400.0	400.0	124299	24.318653	19.876074	204.73116	-140.35892	-24.486515	0.9785143	1456.399164199829
114	146.9088	33.054996	174.92285	100.49253	141.26997	9.901361	162.98317	129.20502	400.0	400.0	125399	24.468601	19.922575	315.64133	-401.99313	-24.643465	1.8006905	1472.339989900589
115	141.78569	4.6686234	145.82628	135.2433	144.92642	16.064915	176.17921	119.30749	400.0	400.0	126499	24.643244	19.917488	275.00397	-141.58508	-24.812859	0.8817545	1493.4616572856903
116	137.36588	31.322626	163.80086	93.36602	142.65689	41.02352	196.44826	56.29712	400.0	400.0	127599	24.74881	19.932377	172.41263	-140.50124	-24.918005	1.1328733	1509.7814424037933
117	146.76498	7.9338074	154.69879	138.83118	134.77106	9.747994	151.61859	116.99293	400.0	400.0	128699	24.957155	19.870962	211.99236	-144.31303	-25.136196	0.961092	1523.0173783302307
118	158.2115	17.85312	173.17378	133.1179	135.29956	42.405083	191.69203	-13.300683	400.0	400.0	129799	25.171158	19.852161	342.28067	-170.5354	-25.357536	1.2453983	1538.907877445221
119	143.6357	9.812648	157.42818	135.41367	145.81387	11.6752615	167.54436	120.889114	400.0	400.0	130899	25.46731	19.703922	251.279	-166.8789	-25.638502	1.1716322	1548.5875144004822
120	106.951195	53.99077	153.71625	31.297482	153.48512	10.981413	179.83572	136.28226	400.0	400.0	131999	25.558065	19.69407	229.56177	-215.68275	-25.726204	1.4166301	1569.2066357135773
121	144.27673	24.20287	168.4796	120.07386	165.88925	15.348285	185.53812	136.7867	400.0	400.0	133099	25.725077	19.654118	311.585	-143.59477	-25.902561	0.97664773	1580.5666468143463
122	136.67719	12.606794	151.53949	120.7178	168.19951	9.76735	186.66377	148.6598	400.0	400.0	134199	25.864946	19.669939	270.22205	-141.13655	-26.03517	1.0035546	1597.4944615364075
123	136.4067	11.374323	150.86353	123.069855	156.55994	13.337812	181.05968	135.05444	400.0	400.0	135299	26.037628	19.666311	85.05056	-132.66776	-26.210793	0.5155033	1619.887736082077
124	133.65782	28.276579	155.92145	93.75805	168.2119	13.877539	192.49693	143.9681	400.0	400.0	136399	26.223627	19.649813	427.7151	-353.57224	-26.404339	2.637065	1633.1626420021057
125	169.03743	2.9738922	172.01132	166.06354	161.573	12.435069	189.3087	141.63304	400.0	400.0	137499	26.340544	19.688322	100.48105	-135.5019	-26.508423	0.47481024	1652.1608645915985
126	152.4568	6.0227494	160.92307	147.41614	148.14206	11.342945	175.13785	126.95891	400.0	400.0	138599	26.440517	19.732334	188.49747	-135.3106	-26.601992	0.75916725	1668.9380333423615
127	153.57985	18.448233	172.74966	128.66867	156.5488	11.450246	178.33574	139.52951	400.0	400.0	139699	26.595896	19.656996	168.25471	-143.15771	-26.757404	1.1444988	1687.2135469913483
128	130.40997	12.941447	148.29173	118.09219	150.3823	9.30338	165.72723	132.48315	400.0	400.0	140799	26.75459	19.65661	529.6195	-545.72626	-26.92523	3.1194403	1701.561654806137
129	170.18192	1.8429794	172.02489	168.33893	156.79245	15.403014	175.59184	114.888794	400.0	400.0	141899	26.859558	19.616941	85.36987	-136.42491	-27.036144	0.5171542	1719.6814091205597
130	147.01372	6.0461025	154.71893	139.95093	-112.99788	20.422554	-86.093544	-144.58864	400.0	400.0	142999	27.105673	19.61558	334.7417	-297.33066	-27.278008	1.8284737	1732.4890880584717
131	71.02744	75.700455	126.19778	-36.012207	155.42516	22.368923	185.33061	119.132866	400.0	400.0	144099	27.070929	19.624418	210.20801	-175.90195	-27.234877	0.9565776	1744.5754494667053
132	135.55585	13.821669	155.01706	124.24297	145.74835	17.012066	169.79034	118.360275	400.0	400.0	145199	27.272213	19.546072	279.49344	-278.6362	-27.441809	0.95190716	1762.8669924736023
133	150.55383	8.46637	159.0202	142.08746	164.1572	12.610625	185.62485	141.56154	400.0	400.0	146299	27.359863	19.600746	142.0043	-192.23293	-27.53218	1.1122485	1775.7488005161285
134	139.32925	23.91691	160.30304	105.86187	157.59622	16.031696	180.03902	121.51507	400.0	400.0	147399	27.555233	19.472324	213.13518	-138.10841	-27.72693	1.1199242	1786.3024153709412
135	127.71816	17.78562	151.7002	109.15912	158.2247	13.305364	178.29533	138.22597	400.0	400.0	148499	27.7033	19.430206	289.4457	-233.8225	-27.875998	1.2882884	1805.1843090057373
136	130.97244	9.872944	143.2008	119.02192	142.64287	14.974177	168.79527	110.874466	400.0	400.0	149599	27.875565	19.299597	329.3089	-218.43674	-28.045761	1.1889869	1815.620186805725
137	121.098434	7.1593285	128.25777	113.93911	154.51875	17.200203	197.67252	117.06367	400.0	400.0	150699	27.962826	19.349709	216.9134	-140.54477	-28.12969	0.53046596	1832.9714703559875
138	136.1291	19.987123	152.75809	108.01979	65.11832	51.682987	109.02408	-133.4872	400.0	400.0	151799	28.058455	19.372969	183.9452	-201.99677	-28.221056	1.1889751	1846.2312924861908
139	132.19762	28.901182	166.67035	95.9444	122.15615	16.823368	173.30107	103.2683	400.0	400.0	152899	28.217007	19.2915	320.7977	-267.76797	-28.38198	1.4897958	1863.1911132335663
140	135.10883	20.58114	153.54193	106.38482	163.77277	14.29628	197.15729	131.81706	400.0	400.0	153999	28.261786	19.300886	362.98053	-350.3935	-28.438135	1.9101663	1878.7521634101868
141	156.74323	3.501152	160.24437	153.24207	158.69656	16.56331	193.25111	128.79504	400.0	400.0	155099	28.484024	19.15796	142.64334	-151.43112	-28.653643	0.6259343	1888.9013977050781
142	151.92114	9.658331	160.17244	138.36882	128.11404	24.28615	163.04073	48.783585	400.0	400.0	156199	28.670422	19.110392	391.23233	-281.20615	-28.837898	1.3733509	1900.8027520179749
143	113.81669	54.395462	171.03592	40.67878	150.05435	16.418707	179.87683	128.5168	400.0	400.0	157299	28.767742	19.105486	249.58508	-213.73572	-28.93841	1.1630558	1913.225920200348
144	151.82692	24.741415	181.12971	120.61605	150.29211	16.538363	184.88913	124.47298	400.0	400.0	158399	28.873312	18.954218	393.0924	-242.90002	-29.044147	1.4020574	1924.0456748008728
145	140.41812	4.9119034	145.33003	135.50623	149.75345	12.949155	181.11322	133.48366	400.0	400.0	159499	29.025003	18.876625	311.7992	-248.36526	-29.19715	1.2226586	1937.4665322303772
146	125.1814	5.547339	131.2214	117.82571	150.80254	10.934303	171.33827	134.67656	400.0	400.0	160599	29.120197	18.839907	277.59814	-156.7461	-29.279976	1.1540785	1952.3514528274536
147	136.41566	4.915597	142.77255	130.8006	158.8128	19.090302	202.16473	103.23705	400.0	400.0	161699	29.240517	18.777802	122.536095	-161.9626	-29.404873	0.5807217	1965.255479335785
148	140.32527	21.144545	165.23155	113.540504	149.14737	17.119698	171.9766	112.069305	400.0	400.0	162799	29.26371	18.69461	395.16284	-286.42813	-29.409634	1.4932004	1989.0330142974854
149	146.10861	11.632286	157.7409	134.47633	138.81589	19.041138	188.05623	106.14872	400.0	400.0	163899	29.269861	18.698895	408.88904	-250.42784	-29.434128	2.0648024	2008.7891635894775
150	133.78258	19.073353	160.6699	118.47003	164.51866	15.730714	196.19206	131.59796	400.0	400.0	164999	29.4055	18.59629	152.19196	-164.29971	-29.56222	0.54375464	2021.8059420585632
151	143.87215	10.655605	157.20537	131.12427	161.88055	13.815038	191.12187	129.45903	400.0	400.0	166099	29.44701	18.591303	202.53503	-176.00896	-29.597507	0.8267559	2038.241858959198
152	146.10455	11.652773	162.38557	135.75565	157.02345	11.823431	186.90398	130.469	400.0	400.0	167199	29.51463	18.497923	181.60837	-169.19946	-29.670935	0.718041	2058.2713758945465
153	141.51233	0.07914734	141.59148	141.43318	161.0637	13.192423	191.75182	130.26578	400.0	400.0	168299	29.594374	18.473364	242.40898	-169.08987	-29.754604	0.7604044	2077.847076654434
154	132.92375	24.607508	157.1588	99.17774	140.98825	21.106152	198.28253	104.360916	400.0	400.0	169399	29.54881	18.47348	193.65791	-195.93231	-29.690176	1.6541928	2098.769230365753
155	127.01337	7.798636	137.78893	119.59001	152.49637	15.802019	187.0948	114.63237	400.0	400.0	170499	29.592888	18.379166	222.97104	-183.16064	-29.743652	1.0086426	2113.0667321681976
156	147.33147	3.0186765	149.94177	143.10085	158.34888	12.781468	183.0252	126.638336	400.0	400.0	171599	29.594322	18.391922	234.2817	-176.19028	-29.746534	1.043985	2124.879903316498
157	135.90344	2.6500778	138.55353	133.25337	149.91428	16.338032	180.19371	116.04493	400.0	400.0	172699	29.667015	18.316225	649.6429	-436.9735	-29.819801	2.822992	2144.276768922806
158	122.56345	28.398062	152.6366	84.47521	138.46552	15.330633	161.1643	93.25449	400.0	400.0	173799	29.804026	18.14367	219.28537	-261.94894	-29.971346	0.9516478	2154.6181123256683
159	134.95943	12.360694	146.56783	117.83648	149.32272	13.680159	181.0662	130.454	400.0	400.0	174899	29.855806	18.124565	199.12097	-344.77713	-30.002663	0.9899382	2170.289600133896
160	150.1248	12.309508	160.16359	132.78862	145.6609	12.451996	177.83733	122.64387	400.0	400.0	175999	29.891937	18.079235	101.527115	-180.53792	-30.037167	0.42916402	2180.784639596939
161	97.013336	31.670807	128.68414	65.34253	160.67758	11.04782	183.48387	135.18805	400.0	400.0	177099	29.906645	18.202581	753.6921	-790.5257	-30.053856	4.65099	2194.2727229595184
162	144.8373	7.4643764	151.5776	134.43141	150.98141	17.561052	180.14778	118.063126	400.0	400.0	178199	30.051085	18.14811	98.75984	-192.12254	-30.219776	0.4196062	2209.342236995697
163	111.404915	40.45927	157.0113	58.677288	114.0154	10.197004	136.1162	99.59185	400.0	400.0	179299	30.106493	18.14443	337.9225	-248.65355	-30.251228	1.713031	2224.656281232834
164	96.59534	19.853636	115.95957	69.30583	155.71913	16.766132	178.78241	127.63319	400.0	400.0	180399	30.161823	18.12642	305.3689	-294.07193	-30.308231	1.3416094	2239.026678800583
165	156.35535	1.1987076	157.55406	155.15665	148.70726	14.526607	188.25761	130.52112	400.0	400.0	181499	30.1923	18.00108	187.14453	-202.47235	-30.340029	0.5424644	2249.603075504303
166	141.99004	21.18513	171.83765	124.81797	69.244835	18.6361	101.54304	38.090813	400.0	400.0	182599	30.18057	18.092068	277.9771	-206.90837	-30.326193	1.2696265	2262.442295074463
167	131.64302	1.4859543	133.16028	129.62521	146.40895	17.585398	178.42303	96.645706	400.0	400.0	183699	30.197279	18.136417	249.49147	-211.75903	-30.338133	1.0395987	2272.492081642151
168	130.34511	27.60157	155.69565	91.96414	131.87822	11.831361	163.8865	110.82453	400.0	400.0	184799	30.255733	18.111795	359.8711	-385.74796	-30.389488	2.6304638	2282.327718257904
169	122.62457	5.396572	128.02115	117.228004	137.90126	15.662438	170.72705	102.601036	400.0	400.0	185899	30.243011	18.15402	143.22389	-221.05005	-30.387556	0.5038307	2292.3128490448
170	120.677055	20.950134	143.43858	92.8708	153.70985	10.555059	173.26562	127.92848	400.0	400.0	186999	30.256111	18.192125	234.04352	-229.40208	-30.392124	0.70772964	2302.540492296219
171	152.37129	13.222339	170.0941	138.3454	150.98929	15.891028	173.18198	123.00112	400.0	400.0	188099	30.265274	18.2078	87.85438	-227.76308	-30.401083	0.35124946	2312.4661548137665
172	138.31244	10.015727	151.1913	126.76679	154.40182	19.06256	177.4464	94.022606	400.0	400.0	189199	30.295532	18.35012	128.76022	-231.11813	-30.431889	0.61738646	2321.984625816345
173	123.187386	13.48333	136.67072	109.704056	155.88205	19.79767	203.61145	119.361244	400.0	400.0	190299	30.326208	18.47736	214.85812	-237.93446	-30.478466	1.2431922	2330.992381811142
174	111.0116	30.966148	154.3314	83.793015	148.60645	15.356553	178.65211	122.4214	400.0	400.0	191399	30.325472	18.353792	860.08075	-317.2583	-30.454197	3.1853235	2340.0074343681335
175	150.81459	6.9808197	158.43324	141.5679	158.50188	14.675407	179.66273	129.58438	400.0	400.0	192499	30.301	18.39818	82.706436	-245.81549	-30.441193	0.3420406	2348.9735205173492
176	138.62474	16.635357	161.39969	122.130516	158.01472	10.879963	175.39583	134.56842	400.0	400.0	193599	30.304533	18.550991	110.05089	-251.4507	-30.44289	0.5065285	2360.836291074753
177	132.60435	12.818172	145.42253	119.78619	154.45805	14.120013	180.70004	119.17592	400.0	400.0	194699	30.383255	18.570932	137.76976	-250.45132	-30.52279	0.5472502	2372.1186277866364
178	126.167175	28.546814	161.17783	91.2529	131.97226	15.953468	166.43753	103.22801	400.0	400.0	195799	30.287058	18.550995	349.8803	-297.78632	-30.39908	2.7018862	2382.1545543670654
179	116.415	10.856296	128.28584	102.04743	149.38606	19.780197	182.79199	104.20726	400.0	400.0	196899	30.263533	18.536032	258.13666	-256.8657	-30.407152	0.864745	2392.7043516635895
180	142.59706	19.501165	169.78035	124.974915	144.9818	15.653114	169.10524	117.506004	400.0	400.0	197999	30.320423	18.611036	148.33286	-255.67516	-30.453707	0.7786578	2400.563271045685
181	145.55734	6.5591965	152.11653	138.99814	140.74399	20.944057	178.20667	94.1718	400.0	400.0	199099	30.34515	18.65012	289.72443	-255.92508	-30.479517	0.95852184	2408.202215909958
182	140.19884	27.842508	172.33765	104.4284	158.40125	10.92549	181.0706	138.69017	400.0	400.0	200199	30.420286	18.615343	404.0856	-275.56012	-30.562635	1.9419467	2419.0709133148193
183	151.62091	16.557013	169.29381	129.48207	154.43759	15.939169	186.0394	128.50282	400.0	400.0	201299	30.476763	18.497238	101.41635	-255.48192	-30.621065	0.39220643	2431.0871062278748
184	137.34492	10.023227	144.65973	123.17239	153.98997	12.218454	182.2185	133.57642	400.0	400.0	202399	30.530912	18.555914	106.2402	-257.00378	-30.662868	0.3909706	2440.036581993103
185	137.31862	11.913235	149.23186	125.40539	144.83249	15.802418	172.86023	107.198044	400.0	400.0	203499	30.600698	18.550522	291.75415	-255.23146	-30.741306	0.8676544	2448.87527012825
186	141.85454	6.3972354	149.2864	133.67067	124.088806	27.104208	186.01247	68.86438	400.0	400.0	204599	30.636665	18.506638	141.868	-250.65125	-30.779772	1.0458958	2458.2584936618805
187	137.90385	14.057558	154.6975	120.29277	155.46065	15.685842	177.71535	116.3706	400.0	400.0	205699	30.720793	18.448391	136.66734	-253.04567	-30.862288	0.73526657	2466.8566360473633
188	116.65994	45.212185	166.06094	56.804523	156.10403	12.804133	177.0238	134.53943	400.0	400.0	206799	30.731295	18.392796	393.1176	-490.6861	-30.848513	1.8255242	2476.872043609619
189	156.09845	1.6477432	157.74619	154.4507	158.02542	12.960244	179.56638	126.794426	400.0	400.0	207899	30.74714	18.387533	80.30542	-256.05844	-30.88055	0.34009546	2485.576981782913
190	157.62892	9.566103	170.39235	147.36304	151.94801	14.133032	182.22896	131.13058	400.0	400.0	208999	30.76905	18.550419	187.51065	-255.58319	-30.900171	0.5308533	2494.4212267398834
191	140.90323	10.018218	154.84653	131.75548	149.58078	14.843084	183.08275	117.46266	400.0	400.0	210099	30.882277	18.581434	245.55762	-572.8502	-31.021109	2.2303731	2502.4769752025604
192	134.19072	17.276405	151.03421	110.44142	158.29251	9.688955	175.29593	138.97363	400.0	400.0	211199	30.93751	18.455818	454.32083	-258.137	-31.083998	1.5244144	2510.240412712097
193	155.5553	6.678665	162.23396	148.87663	157.37941	20.519907	193.2513	118.65581	400.0	400.0	212299	30.989603	18.465576	178.86588	-259.04233	-31.124752	0.58138305	2519.1014637947083
194	143.91833	8.573343	153.79266	132.88802	121.7792	18.448147	152.72878	78.694214	400.0	400.0	213399	31.091774	18.482159	261.52197	-273.49554	-31.227028	0.8032256	2527.1289932727814
195	135.10141	12.932097	151.33049	119.684715	158.44382	16.361492	187.42769	130.86205	400.0	400.0	214499	31.104393	18.462029	160.73683	-262.7478	-31.234411	0.7682181	2534.284579515457
196	141.96056	14.405946	162.23343	130.07626	155.21095	20.493494	184.34879	100.27457	400.0	400.0	215599	31.124397	18.516588	261.62936	-268.79425	-31.252827	1.3186207	2542.427342891693
197	152.39679	13.776466	166.17325	138.62032	159.73398	10.179092	181.42148	143.77885	400.0	400.0	216699	31.165585	18.54926	160.80383	-269.26526	-31.30205	0.75423837	2552.980103969574
198	152.23927	19.649376	174.62851	126.79024	154.96223	12.490081	175.94156	136.601	400.0	400.0	217799	31.242989	18.522018	314.6198	-272.60358	-31.384296	1.052287	2560.713327884674
199	152.65465	8.7676115	164.93576	145.03522	161.44135	6.9898133	171.06473	143.46997	400.0	400.0	218899	31.317684	18.454483	295.72205	-277.4975	-31.457315	0.7951771	2569.2413489818573
200	135.39928	6.837312	142.67436	126.24557	153.71814	17.197647	186.80197	125.93184	400.0	400.0	219999	31.328054	18.532204	366.14566	-282.46497	-31.461477	0.9869126	2578.432217359543
201	142.19742	0.8384171	143.03584	141.35901	147.291	20.831379	180.39256	96.06386	400.0	400.0	221099	31.440353	18.390388	228.58301	-276.66916	-31.562925	1.1477643	2588.119584798813
202	150.43079	27.494865	182.83243	115.61407	160.23828	10.257239	179.78342	138.60562	400.0	400.0	222199	31.452724	18.402178	230.14859	-284.8574	-31.579798	0.9659102	2599.1485249996185
203	150.9406	13.772335	163.31679	131.72798	159.02084	15.347673	188.40894	127.68105	400.0	400.0	223299	31.424686	18.587414	294.7714	-321.31357	-31.542957	1.2109852	2611.1801261901855
204	148.98203	6.4667745	156.59492	140.78677	149.87187	13.533268	175.30898	120.72789	400.0	400.0	224399	31.44857	18.630108	208.97499	-285.45898	-31.568224	1.1538755	2624.440081834793
205	159.06885	7.4829025	166.55176	151.58595	159.19917	15.179007	182.96146	121.78944	400.0	400.0	225499	31.459288	18.509815	91.614845	-288.9685	-31.586634	0.38895404	2633.2686817646027
206	133.12257	26.857912	164.60207	98.97624	163.51566	11.633162	186.20068	144.17921	400.0	400.0	226599	31.515268	18.391436	430.04138	-325.30484	-31.640625	1.747682	2644.0256309509277
207	114.49554	24.48884	148.47679	91.7161	165.95847	12.814564	182.91092	121.154045	400.0	400.0	227699	31.474815	18.616728	152.11961	-293.64548	-31.602781	0.7635948	2653.36376953125
208	159.98393	4.919045	166.69661	155.04631	153.17285	16.717102	175.08412	115.36215	400.0	400.0	228799	31.52572	18.636505	304.94818	-295.3393	-31.653708	0.9451178	2662.2802650928497
209	117.21264	0.28784943	117.50049	116.92479	161.89816	8.422449	182.849	148.95425	400.0	400.0	229899	31.621908	18.503738	154.61044	-297.1552	-31.75033	0.8010119	2670.822704553604
210	154.66313	19.275415	172.78804	127.967514	156.06206	18.14194	181.2152	116.565186	400.0	400.0	230999	31.611446	18.646938	214.94551	-296.9944	-31.741747	0.70621395	2680.381443977356
211	72.34169	10.555838	82.70487	57.85462	140.68771	24.504772	181.06282	101.76076	400.0	400.0	232099	31.621563	18.513533	530.19965	-321.5945	-31.737688	2.7743418	2690.7201776504517
212	141.49709	14.429297	156.06744	121.839134	152.63017	16.1172	172.3543	112.54862	400.0	400.0	233199	31.620396	18.51833	203.50081	-299.41653	-31.747879	0.4543214	2699.9556016921997
213	124.33898	29.700142	154.03912	94.63884	158.1273	11.90041	185.09662	125.15674	400.0	400.0	234299	31.641043	18.374575	556.07086	-297.8919	-31.761995	1.5858665	2711.9191539287567
214	137.37822	5.7775764	141.59222	129.20886	153.43187	12.536197	180.26947	130.39789	400.0	400.0	235399	31.687117	18.338047	240.87454	-300.5972	-31.815825	1.0982018	2720.556102514267
215	167.24762	3.384528	170.25453	162.51904	164.49857	17.028538	195.89687	124.809364	400.0	400.0	236499	31.788248	18.358994	160.17276	-301.54626	-31.916176	0.37335914	2728.89040184021
216	150.97372	6.728294	157.93056	141.87332	162.85167	17.066813	183.00987	124.528435	400.0	400.0	237599	31.818743	18.23552	186.64658	-300.70648	-31.947018	0.733807	2740.4053456783295
217	123.15722	20.76873	143.92595	102.38849	161.17575	13.804397	187.44012	130.18431	400.0	400.0	238699	31.890604	18.139767	263.02518	-298.77908	-32.00273	0.9469132	2750.8873279094696
218	146.32893	3.7997158	150.96924	141.66199	167.9302	9.683043	182.32942	139.84056	400.0	400.0	239799	31.850906	18.259445	173.9235	-306.54666	-31.978111	0.64291644	2762.19762301445
219	130.36884	29.915937	152.34181	88.07202	158.69766	12.228673	180.82344	134.75941	400.0	400.0	240899	31.884274	18.306328	200.52388	-309.99802	-32.00234	1.1047304	2775.550324678421
220	157.73834	7.677434	168.50613	151.14804	161.92264	12.875629	181.67201	138.55112	400.0	400.0	241999	31.859749	18.40279	181.56052	-318.21725	-31.986044	1.103878	2792.316043615341
221	136.28778	22.17752	158.4653	114.11026	163.6276	12.531113	182.31892	126.7289	400.0	400.0	243099	31.932375	18.296368	118.95214	-312.90033	-32.063282	0.5131747	2807.1885118484497
222	134.81743	28.789211	174.5469	107.245285	154.9653	22.025196	184.79817	108.87418	400.0	400.0	244199	31.977898	18.404596	304.1595	-438.08243	-32.07893	1.880223	2818.0397584438324
223	122.38016	31.182798	165.95581	94.72526	126.86906	37.376526	180.62225	52.638237	400.0	400.0	245299	31.871017	18.395426	306.8813	-403.1473	-31.989176	1.8482022	2827.063056707382
224	148.13515	16.391457	165.77536	126.290565	164.66435	15.982192	184.2194	130.53508	400.0	400.0	246399	31.86912	18.404743	90.78325	-321.48178	-31.995462	0.31039464	2837.7691094875336
225	146.89304	16.139336	163.03236	130.7537	163.35251	12.739246	182.14102	137.00948	400.0	400.0	247499	31.950905	18.48111	154.24582	-320.62466	-32.07441	0.6209394	2850.1788930892944
226	152.46317	23.897358	171.62018	118.77279	159.44235	13.193202	177.52332	131.5595	400.0	400.0	248599	31.920494	18.68396	261.91605	-347.06277	-32.036316	1.6274941	2867.706827402115
227	147.0778	17.695112	171.95934	132.32243	133.25273	16.293678	166.27867	98.28145	400.0	400.0	249699	31.905516	18.977787	119.62237	-338.42136	-32.026512	0.5944896	2888.522534132004
228	147.58633	8.423806	155.05219	135.81372	-3.1379194	80.37112	113.949684	-142.88344	400.0	400.0	250799	31.989582	18.711843	335.4116	-415.7141	-32.103794	1.6731564	2908.1446509361267
229	152.07205	13.164955	165.237	138.90709	169.8791	8.214295	189.48183	156.87294	400.0	400.0	251899	32.018562	18.610432	80.32765	-335.4859	-32.14117	0.32523215	2946.2923135757446
230	164.9409	16.103395	185.22607	145.83379	154.77295	12.226462	178.41484	139.64497	400.0	400.0	252999	32.057278	18.694456	312.57672	-347.9871	-32.188828	1.0833758	2969.99426817894
231	145.39658	3.7217069	150.61687	142.20502	161.56473	12.220754	177.89035	135.15485	400.0	400.0	254099	32.151432	18.604036	142.00783	-342.6244	-32.27653	0.60890406	3054.387252807617
232	151.44891	8.36123	157.57124	139.62686	168.17787	9.27256	188.4106	152.39407	400.0	400.0	255199	32.23285	18.524662	133.71068	-351.84796	-32.351467	0.5146529	3132.477293729782
233	146.43297	31.005398	177.43837	115.427574	166.51247	17.212366	199.21066	134.45067	400.0	400.0	256299	32.250313	18.704958	264.8861	-375.35028	-32.369503	0.9691303	3206.29514503479
234	142.57172	20.973858	172.22395	127.10332	167.6182	10.425565	187.7994	151.58528	400.0	400.0	257399	32.23949	18.892288	270.19516	-505.79996	-32.363815	1.9255682	3264.9750645160675
235	159.05286	9.212074	166.66594	146.09076	171.33235	10.291417	190.36449	149.84596	400.0	400.0	258499	32.365044	18.64634	115.5018	-350.40244	-32.491913	0.335555	3300.759843111038
236	139.54964	21.685347	165.55531	112.46987	163.3434	8.968747	180.19653	150.28929	400.0	400.0	259599	32.360844	18.858328	188.11295	-353.38565	-32.480015	0.8680984	3310.239842414856
237	147.18604	19.353996	166.54002	127.83203	160.03607	11.103782	178.49348	141.18585	400.0	400.0	260699	32.43066	18.609943	110.52374	-357.0842	-32.552696	0.436775	3321.2467255592346
238	156.22389	3.59861	161.23975	152.9704	-162.93517	13.561664	-143.43565	-183.69327	400.0	400.0	261799	32.393253	19.21708	264.54468	-393.33884	-32.50865	1.5206523	3338.0700192451477
239	116.931244	49.29482	155.1538	47.329903	163.95868	9.797653	186.15785	150.68164	400.0	400.0	262899	32.3796	18.783997	243.0516	-360.75705	-32.484276	0.7902471	3350.088896036148
240	130.99971	32.329803	160.22528	85.936584	140.45834	35.955368	187.12424	78.34961	400.0	400.0	263999	32.41306	19.034632	114.47802	-369.5	-32.525623	0.78577685	3358.9400911331177
241	156.54228	1.6308899	158.17317	154.91139	163.15393	9.519433	179.19035	143.86671	400.0	400.0	265099	32.421837	18.96234	197.25111	-369.40262	-32.541714	0.8976056	3369.412600517273
242	168.18689	9.936507	179.29121	155.17673	166.85101	13.450339	188.14453	142.00069	400.0	400.0	266199	32.431767	19.113518	81.84124	-369.83173	-32.550453	0.31989923	3384.4256274700165
243	153.83997	19.834972	177.07191	128.60979	161.75555	13.398148	181.04805	138.10834	400.0	400.0	267299	32.53974	19.107134	189.1476	-373.70087	-32.655148	1.0387919	3401.6924257278442
244	138.32283	17.8144	151.2003	113.13155	142.23317	20.893223	177.29726	100.91804	400.0	400.0	268399	32.538338	19.25023	270.79364	-384.81442	-32.65708	1.3916855	3415.790657520294
245	167.70978	4.381439	172.09122	163.32834	168.8045	9.745324	181.79927	139.35266	400.0	400.0	269499	32.550663	19.312292	216.96057	-382.27966	-32.67293	0.83916163	3432.512511730194
246	161.64636	12.696639	178.839	148.56487	162.86267	11.035391	189.26985	147.56546	400.0	400.0	270599	32.654297	19.08319	188.94229	-382.88834	-32.772385	0.6039417	3447.469605922699
247	163.8073	6.9624805	170.0115	154.08363	165.64645	9.233073	179.75432	143.9801	400.0	400.0	271699	32.611633	19.512356	314.7321	-425.9336	-32.715652	2.0288694	3458.669164657593
248	159.39513	9.95553	171.33046	146.95987	172.40187	9.3807335	188.21745	153.6326	400.0	400.0	272799	32.61216	19.223158	159.62482	-386.3659	-32.72625	0.5882753	3469.137752056122
249	159.96329	3.4304657	163.39375	156.53282	85.29268	13.539749	123.19946	70.947136	400.0	400.0	273899	32.623825	19.55648	528.75305	-391.6037	-32.743496	1.0268925	3480.9791662693024
250	133.68208	33.40416	159.23943	86.49595	168.11783	11.3207855	187.3434	149.73486	400.0	400.0	274999	32.64168	19.602625	183.40799	-393.5828	-32.76032	0.6172945	3488.7930059432983
