Epoch	AverageEpRet	StdEpRet	MaxEpRet	MinEpRet	AverageTestEpRet	StdTestEpRet	MaxTestEpRet	MinTestEpRet	EpLen	TestEpLen	TotalEnvInteracts	AverageQVals	StdQVals	MaxQVals	MinQVals	LossPi	LossQ	Time
1	76.0206	63.94091	160.18262	5.300002	-1.1769824	12.957813	29.430311	-17.222176	268.66666	52.0	1099	0.34615254	0.7015611	56.330692	-20.98447	-0.40017116	0.7285569	3.286471128463745
2	14.357786	38.108265	76.70409	-19.91417	4.7706156	10.198221	20.283224	-15.909215	254.5	59.3	2199	0.9624615	0.8313094	7.266906	-12.310464	-0.9974744	0.03748326	27.584660530090332
3	42.831097	42.082733	99.47632	-1.8290454	45.330162	33.128273	116.38481	2.2487535	294.6	153.05	3299	1.7396264	1.7916747	17.419008	-7.4367843	-1.7980136	0.04064768	52.03756785392761
4	38.87321	33.522274	72.481346	-15.93875	64.84395	39.700844	149.09311	-2.0953238	174.66667	173.35	4399	2.7477257	2.884543	13.803656	-4.5763073	-2.8541212	0.042214647	63.399254322052
5	68.9199	43.59253	121.33066	7.468593	89.31624	39.332325	158.07207	13.914181	188.0	180.1	5499	4.4688883	4.1883874	18.333378	-5.9518723	-4.615864	0.06916491	74.5904893875122
6	36.647358	24.631695	71.125595	4.6747317	83.94813	44.806835	154.28821	8.313911	182.42857	202.2	6599	5.9895678	5.397428	20.933788	-7.082653	-6.1589594	0.10034429	84.91428136825562
7	25.209139	52.396458	85.6687	-58.736855	55.994606	40.788773	165.77185	9.856797	237.0	147.95	7699	7.377939	6.482925	28.120935	-11.170676	-7.5669336	0.15626799	92.78121495246887
8	78.64153	102.28734	216.7342	-27.712431	65.57164	53.975357	199.10205	-2.8027422	310.0	182.2	8799	8.724279	7.783798	32.588985	-12.545313	-8.918821	0.2329663	102.2613296508789
9	52.962933	32.0964	102.99122	13.867871	92.75488	62.94684	263.19446	3.3240588	223.0	212.35	9899	9.859476	8.723739	30.068357	-13.681097	-10.053082	0.2846643	111.16299533843994
10	65.57738	78.04924	214.13206	4.178011	80.251595	72.676	278.46832	3.204498	219.8	192.6	10999	11.115763	9.612633	33.069027	-14.857645	-11.310165	0.36581331	120.19864225387573
11	69.71215	55.284527	170.3197	14.536605	78.33794	58.873177	257.8509	2.4286954	222.2	199.4	12099	12.588435	10.583244	38.59191	-20.888327	-12.787948	0.4618782	130.75716280937195
12	28.658123	37.451458	72.86781	-30.577269	105.29097	66.234764	242.53596	-1.2226526	203.6	239.25	13199	13.578827	11.674337	45.204525	-28.213984	-13.781449	0.5923071	142.77678298950195
13	69.46407	61.87794	187.56213	14.805656	81.81141	59.715477	214.51646	-5.679465	252.8	214.0	14299	14.449407	12.491867	43.959568	-28.89067	-14.658028	0.64156115	153.43156790733337
14	44.14804	28.2204	90.42512	15.921506	108.70866	74.29213	277.55585	-2.0187397	205.25	240.0	15399	15.601866	13.160934	57.719	-28.36288	-15.812679	0.6910139	170.05259799957275
15	110.04836	53.201164	158.58475	13.486438	122.654396	82.56119	287.54037	9.926173	267.8	260.85	16499	16.425035	13.699981	56.305046	-27.878128	-16.615093	0.7713943	195.95838284492493
16	86.66538	46.52783	162.98695	27.05301	113.73879	65.70811	231.41959	0.116536096	204.4	223.35	17599	17.318136	14.389352	46.538185	-27.944075	-17.499262	0.7921524	213.08560514450073
17	128.70398	98.31619	235.59872	2.23353	119.813	65.8401	234.9363	1.5156797	285.25	245.05	18699	18.292406	15.074239	53.223858	-28.185389	-18.466772	0.8799755	235.07164573669434
18	118.58264	56.438213	204.21297	30.94782	117.01332	78.0926	235.4581	11.591121	229.0	229.35	19799	19.336756	15.676465	52.766064	-28.121178	-19.511642	0.9619923	245.66914200782776
19	91.338486	55.662445	149.33887	31.538027	140.98712	58.034264	314.6872	41.615356	192.5	256.55	20899	20.21302	16.131346	54.50971	-27.894724	-20.385075	0.98791337	255.5712170600891
20	116.43334	93.51453	299.3168	1.2766585	102.607704	72.56952	262.4914	1.0689142	223.33333	198.0	21999	21.212736	16.641811	57.898335	-28.750378	-21.38302	1.1148351	265.2536606788635
21	147.30864	70.50224	204.82433	27.237028	95.48128	74.93341	259.31976	-7.812926	296.75	193.85	23099	21.978403	16.975124	59.78933	-29.438969	-22.143053	1.1304089	273.89767146110535
22	82.327774	48.600536	139.64984	8.345403	126.7197	73.86561	237.13966	7.04776	195.2	225.75	24199	22.60622	17.332691	62.62162	-30.468822	-22.768576	1.1884329	282.67801213264465
23	131.53043	32.790245	176.55472	75.81205	82.40037	61.94638	214.87717	1.2578446	246.6	181.85	25299	23.2016	17.710833	65.77838	-30.622414	-23.361103	1.1496218	293.2095203399658
24	93.65532	53.228535	190.6883	29.590588	91.87016	39.49334	168.54535	10.245678	224.4	166.6	26399	23.852386	18.21074	68.26011	-31.182034	-24.00756	1.2260269	305.7815673351288
25	153.19557	81.47567	246.73596	30.682018	127.40068	67.99947	305.17477	24.440104	272.25	221.0	27499	24.592136	18.78115	72.35357	-31.008415	-24.749802	1.3316238	317.1049199104309
26	137.76266	87.104614	272.52774	29.525362	103.97123	61.551292	243.89943	15.479499	256.0	213.4	28599	25.252214	19.226028	69.57313	-31.116747	-25.410664	1.4225175	331.13626194000244
27	153.82587	81.66191	253.55817	60.656765	125.83791	80.43456	274.73865	19.703712	280.5	225.3	29699	26.026068	19.486074	73.10777	-31.013454	-26.188637	1.4226332	343.2026135921478
28	101.48195	55.16261	168.96188	39.993126	145.10492	79.794235	293.0232	1.9766893	193.4	267.4	30799	26.774912	19.845001	70.51652	-30.800856	-26.948647	1.4422586	355.00274872779846
29	255.19556	37.018986	307.4636	226.48343	228.88664	84.7828	319.8668	36.245518	400.0	367.0	31899	27.676952	20.225677	72.20906	-30.634905	-27.854265	1.4702296	366.13091468811035
30	142.16405	61.535038	198.6831	56.597992	174.60635	111.43533	333.72733	-7.945796	365.66666	306.55	32999	28.5166	20.629625	83.799706	-30.108505	-28.69576	1.4861546	379.77345848083496
31	204.07019	20.583902	232.28871	183.76964	232.15454	77.01835	321.0533	65.79956	400.0	370.6	34099	28.978098	20.937134	81.179115	-29.698763	-29.16094	1.5474148	395.9299485683441
32	188.18121	103.88254	291.53653	46.084347	171.66997	77.39724	321.1657	12.453062	311.0	308.1	35199	29.826637	21.03488	80.587555	-29.049889	-30.012428	1.496778	411.2681486606598
33	220.85254	40.792355	274.00183	174.8514	173.01709	83.67349	301.11606	11.251669	400.0	337.2	36299	30.668036	21.309444	82.60216	-29.532417	-30.861597	1.5931234	427.10400128364563
34	181.8405	59.086594	261.8429	120.94553	196.5939	98.26461	312.85303	2.639129	329.33334	316.55	37399	31.455517	21.489155	85.13597	-30.10993	-31.648348	1.5492219	441.8918237686157
35	171.2777	107.628624	277.36182	-2.7037184	163.29745	109.43571	312.79498	-2.5229342	314.25	274.2	38499	32.127445	21.674978	89.17383	-30.953196	-32.324306	1.5514417	453.9203324317932
36	80.8708	90.87541	233.5257	-9.777453	163.66806	88.41585	321.2091	57.91244	171.6	256.2	39599	32.80657	21.852386	83.6464	-31.638132	-33.005936	1.6153767	467.081431388855
37	216.056	81.5054	295.63922	82.34441	126.03471	88.83509	337.47253	6.588559	343.0	231.5	40699	33.652542	22.05054	86.13009	-32.556072	-33.857044	1.7088863	477.7999255657196
38	184.20721	115.23701	318.45163	37.065136	181.16003	110.090614	341.74658	8.505644	291.0	260.55	41799	34.524868	22.394438	88.73085	-32.67801	-34.735	1.7245295	490.80044770240784
39	218.14516	91.53302	305.80072	91.826065	119.46928	97.06091	341.88803	-11.503097	321.0	203.7	42899	35.623	22.639317	92.85503	-33.352905	-35.834503	1.7480087	502.3287637233734
40	186.04466	67.91975	300.3235	121.75593	99.921814	85.13254	339.36716	-6.136338	332.5	177.15	43999	36.36399	22.966557	89.67846	-37.08533	-36.573853	1.7363156	513.4425492286682
41	202.02869	70.60359	282.9869	110.93707	138.4088	87.444244	344.8907	-3.268502	400.0	236.15	45099	36.993217	23.21255	91.68018	-40.173267	-37.20099	1.8742225	528.0921926498413
42	162.45026	70.25009	230.612	65.77469	129.50041	76.587234	326.4559	-1.4006847	299.0	229.3	46199	37.561935	23.340912	92.326935	-40.625732	-37.776493	1.8273504	542.4883599281311
43	139.44673	53.15155	182.34126	48.842243	160.25923	120.00375	345.52515	0.12935486	303.5	246.75	47299	38.09241	23.494274	97.64143	-40.67627	-38.314224	1.9364045	557.8916237354279
44	184.44983	92.44544	295.11636	91.41419	182.87155	103.334076	340.81464	-7.900356	279.5	284.1	48399	38.782005	23.631826	90.91015	-42.059853	-38.998074	1.9317467	571.075190782547
45	140.22827	61.94076	238.11082	84.46081	203.42726	80.139755	337.59955	71.56792	282.0	323.2	49499	39.464367	23.783958	99.103775	-41.936947	-39.67954	2.078982	585.6177003383636
46	192.19485	90.99115	317.7092	97.95304	145.23785	77.50275	342.70807	-6.6358867	298.0	266.8	50599	40.024307	23.979048	92.901054	-42.99306	-40.242622	2.0994992	597.9196710586548
47	165.0977	83.436935	283.00882	102.22933	192.52115	76.44079	343.7762	65.23128	264.33334	311.45	51699	40.777893	24.187468	95.56891	-42.184166	-40.99265	2.0753303	608.56502866745
48	177.64778	40.57301	219.73799	112.44731	187.66061	79.904625	334.29422	-9.287271	345.5	354.2	52799	41.261948	24.340958	93.3246	-42.58092	-41.476837	2.2324054	625.4077718257904
49	231.35246	96.73244	328.0849	134.62003	184.55122	92.52809	335.82367	54.21652	400.0	288.4	53899	41.677803	24.539951	104.84214	-42.79701	-41.900837	2.138402	640.4236507415771
50	238.08002	93.196	331.2322	103.35989	208.56894	71.67395	322.9419	94.47757	338.75	337.55	54999	42.681274	24.697426	100.28672	-43.303234	-42.911304	2.2874885	654.5226936340332
51	220.75822	54.61209	292.97067	160.92981	214.65549	77.91559	319.91867	13.9449835	347.66666	326.5	56099	43.22086	24.801548	106.20188	-43.06254	-43.454647	2.3501768	668.5346105098724
52	298.79556	14.010398	312.60382	279.5855	159.92787	81.70204	334.61887	32.891228	400.0	270.35	57199	44.121964	24.874273	107.05776	-42.968815	-44.372032	2.3074212	680.006534576416
53	176.55865	11.512985	188.07164	165.04567	225.18832	80.14776	341.88647	104.746666	400.0	348.1	58299	44.820866	24.961666	102.414955	-43.271423	-45.07963	2.3894203	696.2832908630371
54	207.00043	59.282486	301.4003	155.01918	187.90564	96.55976	348.24716	-3.9146168	319.0	319.95	59399	45.54876	24.91412	102.07846	-42.36744	-45.810925	2.4100904	714.2434544563293
55	210.70073	54.67891	268.46313	137.29646	210.71677	102.57457	340.36444	7.4096847	400.0	318.85	60499	46.15323	24.829294	109.20894	-42.29205	-46.410553	2.376645	730.2843599319458
56	190.89354	37.249626	243.42921	161.26363	215.64507	72.060295	323.29196	70.14589	350.0	326.55	61599	46.651268	24.901432	105.883896	-42.348904	-46.90385	2.4092634	746.9904463291168
57	234.3412	51.353333	306.81906	194.10631	210.92342	91.96434	345.89694	1.7683477	370.0	325.65	62699	47.25522	25.032465	106.709236	-42.743492	-47.520157	2.2319186	761.4669296741486
58	166.01935	66.00199	249.37325	87.962585	185.19081	89.488914	334.00702	-13.388402	389.0	295.35	63799	47.689846	25.013124	119.01329	-42.463493	-47.95167	2.3940146	780.98783659935
59	212.11357	46.92329	252.80714	146.37166	258.5358	81.90735	331.12064	82.468216	353.66666	356.35	64899	48.17717	24.974766	121.848175	-41.377316	-48.44503	2.2331638	799.3126571178436
60	245.3551	27.411171	272.76627	217.94392	247.92891	72.37101	343.38245	77.00157	400.0	380.0	65999	48.85533	24.957054	112.231	-41.846962	-49.122246	2.3636684	814.5256390571594
61	248.46448	35.094566	290.91217	204.9676	241.50081	59.562447	327.17413	138.26575	400.0	369.75	67099	49.25658	24.93507	110.495926	-41.502567	-49.51934	2.1224897	827.0167622566223
62	251.91121	10.406938	265.51254	240.24132	232.2284	66.55518	318.32376	85.89967	384.33334	366.75	68199	49.843258	24.925863	110.46144	-41.36654	-50.10836	2.2718184	844.3335340023041
63	232.44048	69.436554	300.6494	137.1575	209.66313	124.21749	345.2299	-13.964832	347.33334	316.95	69299	50.449856	24.907581	123.11804	-41.237675	-50.72288	2.3659403	860.0278587341309
64	266.00912	21.092045	288.33844	237.71663	253.76611	80.92779	334.26224	15.6579485	387.66666	365.9	70399	51.035973	24.971436	105.965645	-41.38272	-51.31578	2.2584949	875.6496846675873
65	323.51938	3.2622592	326.92566	319.12152	238.53088	80.72466	331.86884	50.53408	400.0	354.4	71499	51.792747	25.049406	109.458275	-41.819862	-52.072094	2.342236	889.6132845878601
66	294.88712	12.006027	311.57373	283.82632	298.18365	45.159782	342.7687	193.8849	400.0	400.0	72599	52.508114	25.015842	126.10132	-42.047436	-52.792828	2.3930783	902.4816195964813
67	303.86237	13.638153	317.50052	290.2242	299.23795	43.272625	339.6478	208.84769	400.0	400.0	73699	53.29835	24.924713	124.27609	-43.230396	-53.58868	2.410093	915.4725403785706
68	289.06747	7.914802	297.3155	278.39032	294.76733	41.898117	336.1301	172.92937	400.0	385.35	74799	54.031055	24.898369	119.0643	-42.162476	-54.321808	2.2846658	925.6357798576355
69	252.17754	46.593163	288.37888	186.39581	257.92752	59.594048	332.74542	104.596535	360.66666	355.3	75899	54.64411	24.822948	124.43633	-42.594368	-54.932705	2.315175	936.6095819473267
70	272.57578	16.13987	294.0981	255.2317	237.36948	86.06716	344.60425	7.8841834	400.0	339.15	76999	55.16748	24.82414	128.15761	-43.097584	-55.450684	2.2803085	948.4194996356964
71	236.20087	48.14898	296.7814	178.98505	253.02759	79.1259	342.11694	10.367683	321.0	356.45	78099	55.806858	24.75901	119.67341	-44.580708	-56.094074	2.2641675	960.4670352935791
72	223.34131	68.197556	294.93063	128.78465	287.07703	72.38907	338.4971	-11.648586	329.5	382.95	79199	56.280487	24.745386	112.19452	-44.618782	-56.56387	2.2661493	970.7826981544495
73	244.49117	63.568356	293.1672	154.69794	287.23697	74.79849	346.396	93.43489	340.0	372.7	80299	56.71153	24.77699	120.89412	-45.087837	-56.990456	2.2373958	980.301940202713
74	270.80273	75.51058	328.39316	164.12764	304.36664	35.06741	340.3206	200.5702	357.66666	395.15	81399	57.188206	24.822996	127.091415	-46.30683	-57.46843	2.359654	989.489177942276
75	271.83408	56.06315	322.86777	193.76929	262.2908	66.155365	347.54962	128.43124	376.0	364.4	82499	57.741596	24.947285	118.90164	-54.15339	-58.02741	2.2070723	999.3833892345428
76	278.62292	40.446003	319.7592	223.63568	282.59906	35.949356	331.19955	167.8921	370.66666	395.95	83599	58.26856	24.938517	118.113174	-54.648003	-58.552128	2.2636013	1008.9536647796631
77	241.61737	39.11954	295.36542	203.39134	196.36398	92.344444	318.1683	52.4719	368.0	284.0	84699	58.608685	24.935917	131.20195	-54.96345	-58.885868	2.2525434	1018.5876870155334
78	275.84146	26.31887	296.73022	238.71806	290.48944	47.146263	340.1141	152.77771	400.0	400.0	85799	58.959213	24.866293	126.175545	-55.250698	-59.24536	2.2051914	1028.7651996612549
79	280.77872	0.98825073	281.76697	279.79047	267.49158	49.267574	339.59738	153.83528	400.0	377.0	86899	59.378197	24.822731	120.10736	-53.90494	-59.6575	2.2918568	1040.671095609665
80	303.94507	13.13465	313.70163	285.3779	288.0355	40.007927	335.75058	174.12729	400.0	386.7	87999	59.83108	24.779243	124.788925	-52.251667	-60.125412	2.4050336	1054.0327615737915
81	282.4729	21.17799	310.54733	259.40073	287.4109	66.7985	339.79755	8.852653	400.0	387.25	89099	60.32793	24.711622	123.24977	-52.10062	-60.611973	2.230374	1067.697360277176
82	307.21176	16.372606	321.288	284.25232	309.4364	19.620956	332.2514	254.82158	400.0	400.0	90199	60.74964	24.714102	124.07645	-51.46087	-61.031307	2.3071578	1082.0168194770813
83	310.73166	7.435425	318.16708	303.29623	277.0554	39.50113	324.0809	173.82745	400.0	392.95	91299	61.23519	24.687044	123.19414	-51.71246	-61.522003	2.2483704	1096.3858885765076
84	286.95853	33.656685	312.937	239.42949	290.67197	35.248363	328.16776	172.97888	400.0	395.7	92399	61.666435	24.622995	136.84007	-51.738228	-61.948322	2.1696355	1111.5726244449615
85	297.5304	13.8939705	315.58328	281.7858	288.30734	57.29047	336.74683	129.36421	400.0	383.7	93499	61.981136	24.623547	122.95244	-51.46405	-62.259693	2.2842374	1128.656661272049
86	287.2549	22.794613	309.06097	255.79068	289.96503	24.572529	344.45486	242.90596	400.0	400.0	94599	62.365593	24.602945	137.24483	-50.88853	-62.648487	2.471967	1140.960048675537
87	284.69305	18.870285	303.56335	265.82278	303.57153	18.756933	336.5977	269.15225	400.0	400.0	95699	62.722538	24.53988	127.066864	-51.06069	-63.00603	2.3290985	1154.909404039383
88	273.99814	2.5255938	277.0845	270.89813	277.70743	44.56062	325.53894	130.6819	400.0	391.55	96799	63.02219	24.471579	131.65706	-52.05676	-63.30921	2.1993425	1167.182198047638
89	294.1802	13.907802	304.7182	274.5288	314.22763	18.138432	343.3545	272.4541	400.0	400.0	97899	63.399128	24.508425	124.41975	-51.42034	-63.689774	2.277217	1182.7366275787354
90	266.4136	20.963547	295.22467	245.95436	274.971	45.039276	318.5803	104.28849	400.0	390.75	98999	63.750015	24.375462	135.48883	-50.6656	-64.034004	2.2215297	1192.5362555980682
91	286.62695	11.846695	298.47363	274.78024	299.6512	22.955091	341.32227	265.37924	400.0	400.0	100099	64.010735	24.351738	123.42953	-51.238365	-64.292	2.145603	1202.5784866809845
92	305.9153	7.2450776	314.28943	296.6153	283.77838	61.71532	332.84207	98.43085	400.0	378.25	101199	64.36656	24.287912	133.73105	-51.084732	-64.64611	2.3545287	1211.8344748020172
93	283.7534	4.512761	289.216	278.1642	293.97543	61.738422	322.5589	35.042736	400.0	385.55	102299	64.692345	24.23488	127.58741	-50.12454	-64.97675	2.1625159	1220.7411482334137
94	302.8915	5.983684	310.59296	296.00394	305.93866	21.192875	333.9495	261.8224	400.0	400.0	103399	64.9986	24.205845	136.67462	-50.08668	-65.27674	2.0958622	1232.808555841446
95	257.5368	15.288879	272.82568	242.24792	268.18854	91.04126	330.3721	29.503448	400.0	361.2	104499	65.31272	24.167614	129.01805	-50.72831	-65.59997	2.3037624	1242.8328728675842
96	245.1192	74.98121	325.97668	145.27814	291.69382	41.592087	326.6172	140.65466	400.0	391.9	105599	65.63908	24.115004	136.55435	-50.05777	-65.93185	2.2146578	1253.577912569046
97	307.14444	14.735686	323.95084	288.07028	293.96283	73.08364	340.9116	39.075966	400.0	378.65	106699	65.99695	24.025276	141.6858	-49.280464	-66.286385	2.163791	1263.490329504013
98	252.95593	76.45023	309.97522	144.89404	289.4936	52.134426	333.25418	119.374344	354.33334	393.9	107799	66.31639	24.09875	135.23538	-49.475273	-66.604744	2.230796	1274.6185772418976
99	286.0936	6.5803866	293.85254	277.76425	291.67947	25.114973	333.88278	244.9525	400.0	400.0	108899	66.66664	23.970272	143.67625	-48.735123	-66.95117	2.1838844	1283.7114672660828
100	245.7427	27.67627	273.41898	218.06644	262.7295	100.83205	344.59277	16.311043	400.0	361.5	109999	66.995316	23.948828	140.84894	-50.15939	-67.285866	2.151503	1295.5272688865662
101	294.64258	28.420061	321.26984	255.25613	290.65366	41.1527	320.5407	120.356415	400.0	392.95	111099	67.28417	23.953018	136.45615	-50.31217	-67.57956	2.0859926	1310.1255819797516
102	237.81305	86.789154	300.96954	115.09216	304.59506	20.291563	337.0493	257.0051	373.33334	400.0	112199	67.73338	23.899235	127.360794	-50.41207	-68.03538	2.1081076	1324.7316689491272
103	305.51776	6.6622715	312.78082	296.68866	287.85138	61.184647	336.96844	48.199142	400.0	388.1	113299	68.03352	23.85904	121.26271	-49.91897	-68.33461	2.0499866	1338.691927433014
104	293.26666	14.473661	303.59555	272.7981	295.4158	21.73535	323.85513	237.36995	400.0	400.0	114399	68.48709	23.788988	123.121056	-51.41048	-68.774956	2.1155362	1353.005113363266
105	294.7416	20.11267	314.85428	274.62894	225.09355	94.93833	314.28653	-14.968627	400.0	354.8	115499	68.718376	23.792707	127.926346	-51.984173	-69.009476	2.143975	1368.8004157543182
106	271.71497	39.33106	312.02426	218.3674	275.87357	70.417564	330.73004	44.649193	400.0	375.85	116599	69.05421	23.692348	124.152985	-52.598248	-69.332886	2.1111329	1378.198400735855
107	269.5347	25.305967	294.8426	234.9668	263.64044	69.498474	322.82907	55.57767	400.0	375.7	117699	69.31369	23.567764	120.00838	-51.991478	-69.598885	2.1311538	1387.7489442825317
108	193.67838	126.00482	301.20068	-13.94483	267.58444	46.655895	316.61472	82.70742	303.5	388.25	118799	69.49022	23.470392	131.60153	-52.19497	-69.76943	2.0412142	1396.8704750537872
109	210.11505	31.973457	242.08852	178.1416	279.4388	25.078787	327.602	235.09795	400.0	396.8	119899	69.70165	23.310488	139.86511	-53.217495	-69.971634	2.135528	1407.8478393554688
110	251.10185	9.660298	262.8225	239.16273	298.99695	15.083571	331.52356	277.3795	400.0	400.0	120999	69.87137	23.15677	123.408264	-53.45518	-70.14946	2.0073256	1424.0571584701538
111	244.46465	38.376183	274.31412	190.28618	285.09055	19.496584	323.78418	247.32996	400.0	400.0	122099	69.946846	23.133749	129.38821	-53.88406	-70.21663	1.9847368	1438.8462495803833
112	275.61575	12.554457	293.133	264.3509	288.09247	22.659836	338.19373	253.09932	400.0	400.0	123199	70.2864	22.861382	133.18211	-54.265553	-70.57283	2.071685	1453.606559753418
113	282.58066	36.440895	319.02155	246.13976	290.53003	31.810022	338.6353	213.5085	400.0	400.0	124299	70.410225	22.787468	130.73169	-54.687977	-70.676575	1.9372216	1472.268222808838
114	294.5587	22.586365	312.77075	262.72696	284.2626	41.60377	335.1763	127.62053	400.0	390.9	125399	70.64593	22.625917	125.79197	-54.073147	-70.91468	1.9668368	1489.0445873737335
115	285.68674	9.208829	298.69788	278.69485	289.10944	34.017624	327.45142	183.40912	400.0	400.0	126499	70.8501	22.468409	125.03209	-54.46519	-71.11892	1.9978784	1513.6395018100739
116	259.22748	30.818968	286.53198	216.1548	263.295	75.12733	337.05435	55.97918	400.0	374.7	127599	71.0632	22.260967	119.49245	-54.40401	-71.344025	1.981181	1530.5154173374176
117	271.0409	7.8565216	278.8974	263.18436	285.8676	59.131462	322.51712	38.61138	400.0	385.9	128699	71.27001	22.057747	128.01006	-54.198864	-71.533806	2.004097	1543.935597896576
118	305.3165	18.748037	326.77136	281.09833	276.96243	63.789215	336.74466	31.687021	400.0	385.55	129799	71.47194	21.899702	132.5352	-54.138214	-71.741646	2.011793	1559.0041494369507
119	305.00378	10.726158	319.2081	293.29144	270.97467	53.09516	334.06027	106.09062	400.0	389.55	130899	71.61061	21.746717	135.1066	-53.417725	-71.87894	1.9331294	1574.5126202106476
120	280.12436	36.940857	320.1598	231.04097	296.21652	27.202284	341.0082	229.99156	400.0	400.0	131999	71.73997	21.636204	118.11868	-53.443626	-72.01307	1.8919871	1587.738993883133
121	266.89197	2.002182	268.89413	264.88977	256.27966	32.669582	330.9575	176.00539	400.0	400.0	133099	71.98381	21.525795	124.82379	-53.10924	-72.251755	1.8462286	1598.2613551616669
122	295.64175	13.913439	315.29047	284.91104	278.35202	54.987186	325.75226	61.212784	400.0	386.6	134199	72.204605	21.252127	126.74041	-51.98559	-72.468506	1.9917842	1611.3479261398315
123	278.20242	10.513639	289.56662	264.21695	270.74725	61.136765	327.73764	36.021896	400.0	385.4	135299	72.35083	21.161768	133.94069	-51.456974	-72.611145	1.9156938	1621.590139389038
124	262.50607	62.177834	323.89832	177.29053	285.3272	42.06623	334.2714	164.73593	400.0	400.0	136399	72.5281	21.00269	128.80266	-52.625168	-72.80098	1.8964787	1630.764943599701
125	254.81332	6.9606857	261.77402	247.85265	276.0786	15.803794	306.9185	237.78664	400.0	400.0	137499	72.5784	20.890928	119.3727	-51.410843	-72.839516	1.9530246	1639.8319029808044
126	265.26266	2.116875	267.59464	262.4709	269.43744	54.80651	332.4479	97.37602	400.0	389.5	138599	72.66528	20.85957	125.18676	-50.842052	-72.92041	1.8425044	1648.887674331665
127	242.30653	14.2203245	262.17834	229.69487	296.5133	25.020601	316.1144	204.74614	400.0	400.0	139699	72.648125	20.76116	135.57265	-51.60426	-72.89849	2.0821526	1657.995753288269
128	282.22305	49.399002	321.04282	212.51247	289.47873	30.33808	332.64423	229.2792	400.0	400.0	140799	72.76255	20.72049	144.82819	-51.607655	-73.01933	1.7893105	1667.066062927246
129	220.30612	31.53772	251.84384	188.7684	230.82272	88.272484	343.9999	31.519642	400.0	348.95	141899	72.946556	20.627884	133.1057	-52.21228	-73.21199	1.7732939	1675.4844431877136
130	273.3225	6.6278358	278.19296	263.95175	274.00983	63.01931	331.2393	92.897415	400.0	378.85	142999	73.00413	20.605362	138.15671	-51.55503	-73.25028	1.9180131	1684.1563649177551
131	274.32748	12.496445	291.38983	261.80893	294.24835	20.122845	335.49	251.19582	400.0	400.0	144099	73.11709	20.484137	139.49889	-50.902622	-73.3746	1.8516624	1694.668282032013
132	275.58182	26.01114	312.2257	254.4691	282.90314	26.157663	333.60016	233.56166	400.0	400.0	145199	73.23157	20.45421	139.37944	-51.806633	-73.490234	1.9699423	1706.315432548523
133	293.01752	17.425705	310.4432	275.5918	295.08044	28.53446	332.81754	199.8928	400.0	400.0	146299	73.441124	20.30125	131.27916	-53.375557	-73.699165	1.7226224	1718.2703080177307
134	293.49683	21.871943	314.5212	263.33636	294.05548	29.610533	335.66324	201.5457	400.0	400.0	147399	73.54224	20.2756	132.59633	-51.545677	-73.79657	1.9566699	1730.2348613739014
135	272.1254	40.927185	323.3428	223.16858	289.97067	37.115032	341.17856	209.31506	400.0	400.0	148499	73.68895	20.16727	122.75453	-53.468086	-73.93796	1.762257	1742.5740835666656
136	266.2357	18.397396	290.667	246.27216	285.83636	27.094429	330.80566	200.60306	400.0	400.0	149599	73.691216	20.18199	127.88928	-53.923702	-73.93435	1.9404796	1757.8292152881622
137	300.82648	7.3222656	308.14874	293.5042	286.10895	31.85279	335.4042	233.50626	400.0	400.0	150699	73.90151	20.032207	129.08267	-54.3117	-74.15609	1.8002559	1770.9525299072266
138	302.92392	19.448832	321.46255	276.05844	307.31448	17.795174	337.01767	268.41888	400.0	400.0	151799	74.16476	19.806648	124.93676	-52.86543	-74.425964	1.9120476	1782.3949851989746
139	302.68805	18.036318	326.8638	283.55652	297.62344	25.68388	332.97995	220.90384	400.0	400.0	152899	74.58384	19.527744	125.70073	-52.887775	-74.84994	1.8769507	1794.5694909095764
140	291.26498	6.3457856	299.28702	283.7699	257.3996	31.770306	319.3487	218.12859	400.0	400.0	153999	75.03371	19.090523	133.98416	-51.708862	-75.29753	2.0146067	1809.364691734314
141	251.50034	20.956459	272.4568	230.54387	256.27664	73.173294	317.79285	72.31423	400.0	371.4	155099	75.40443	18.709278	127.457565	-51.232834	-75.6827	1.8331645	1821.4837892055511
142	288.84372	5.06114	293.74728	281.87653	295.71658	24.752304	335.84647	243.11758	400.0	400.0	156199	75.83243	18.317478	137.89479	-50.768536	-76.11066	1.6659361	1835.0583539009094
143	279.15213	7.128317	288.73746	271.6557	276.03787	25.109514	329.2266	232.8883	400.0	400.0	157299	76.33889	17.922604	125.292946	-49.97418	-76.620735	1.6784573	1851.0293457508087
144	274.7115	35.98528	312.6463	226.36513	268.3874	19.430717	307.03867	232.07861	400.0	400.0	158399	76.8528	17.385668	131.35101	-50.438736	-77.14848	1.7132318	1864.9304509162903
145	271.581	14.307907	285.8889	257.27307	270.90717	23.31642	317.54303	228.72235	400.0	400.0	159499	77.40587	16.986866	128.72786	-49.463753	-77.707405	1.8012824	1882.8839230537415
146	275.20874	37.214256	307.8258	223.13084	298.8904	23.343569	337.18997	253.87492	400.0	400.0	160599	77.97672	16.449791	142.34517	-47.920624	-78.271866	1.5900797	1900.051395893097
147	265.1854	26.026867	300.697	239.04561	278.6502	36.747044	329.59222	199.83136	400.0	400.0	161699	78.483475	15.918583	127.72868	-47.805756	-78.77723	1.6472304	1916.2375724315643
148	253.28316	38.067535	281.88358	199.48337	293.32822	18.1135	333.22855	260.19357	400.0	400.0	162799	78.90682	15.443447	120.45282	-46.079647	-79.187294	1.4292668	1929.4951932430267
149	222.78079	5.98645	228.76724	216.79434	252.64517	58.536182	337.13406	65.25848	400.0	387.45	163899	79.33191	14.954267	120.664345	-46.211357	-79.628685	1.4985726	1942.4710454940796
150	252.60356	38.555466	307.0235	222.45445	259.32217	83.654755	335.60605	80.61065	400.0	384.35	164999	79.88621	14.521483	125.18724	-43.601707	-80.18666	1.4524351	1954.8917181491852
151	250.14583	32.663136	284.09366	206.04298	275.31107	24.796658	319.6081	224.51895	400.0	400.0	166099	80.40567	14.100386	126.134766	-41.464035	-80.719215	1.4824525	1968.3681795597076
152	194.10864	47.33324	236.79459	128.11047	281.69305	37.455666	329.2653	166.76532	400.0	400.0	167199	80.96935	13.622845	128.12517	-39.227837	-81.27914	1.5081949	1979.9631762504578
153	170.6656	74.42271	245.08832	96.2429	218.41768	89.83933	322.9925	35.810127	378.5	357.3	168299	81.41949	13.323324	120.90279	-35.341904	-81.70817	1.5267402	1992.1854825019836
154	238.32076	58.83922	295.61554	157.4138	140.09038	73.14618	283.68567	51.081985	388.66666	264.85	169399	81.69787	13.160972	126.59317	-47.172382	-81.96497	1.6606758	2002.0147483348846
155	183.21228	89.53832	247.11145	30.381163	242.32187	56.036797	318.20908	112.83056	323.0	388.4	170499	81.87121	13.126123	129.61813	-46.85855	-82.12845	1.5030767	2015.8713624477386
156	211.03496	101.15952	302.60223	70.05967	200.06197	104.08273	309.3272	16.721987	356.0	325.05	171599	81.991646	13.046346	129.97215	-42.9063	-82.23233	1.4980435	2028.5271334648132
157	259.34195	4.8645377	264.61444	252.87866	252.0679	67.643135	326.7044	82.04428	400.0	389.3	172699	82.11784	12.923287	123.43368	-41.547894	-82.34845	1.4814204	2045.5843641757965
158	291.6358	0.38604736	292.02185	291.24976	216.61087	102.64147	329.29962	26.603052	400.0	326.6	173799	82.17945	12.820591	139.33228	-39.59016	-82.39498	1.5772649	2060.80278301239
159	278.6804	14.629768	290.9563	258.11948	291.47525	20.1718	319.59686	260.02322	400.0	400.0	174899	82.23779	12.679631	130.69463	-38.092182	-82.44444	1.2983164	2075.8431675434113
160	294.68484	7.5244503	302.2369	284.41644	284.89294	25.236124	314.24356	208.13191	400.0	400.0	175999	82.3539	12.627464	120.12464	-38.065155	-82.5756	1.327339	2090.0051486492157
161	284.68454	18.05644	308.99918	265.77066	250.15572	92.918655	341.23233	42.111824	400.0	351.75	177099	82.52715	12.448932	121.985344	-36.68963	-82.75432	1.3271136	2104.1308777332306
162	285.0151	0.8010559	285.81616	284.21405	203.49152	96.14758	319.78827	33.3684	400.0	314.5	178199	82.745674	12.312547	132.8494	-33.47492	-82.983505	1.5251215	2116.443474292755
163	237.39838	84.64231	290.10202	90.87432	246.13504	94.61089	334.40738	36.050617	347.75	355.1	179299	82.99657	12.26316	136.63911	-33.9247	-83.237465	1.3719774	2128.6238701343536
164	267.08942	40.468254	302.44983	210.43806	257.83218	91.23992	321.4573	37.128643	379.0	356.4	180399	83.31042	12.193025	139.29631	-32.788624	-83.561516	1.4893279	2144.0718805789948
165	255.12714	2.099144	257.2263	253.028	276.805	53.367302	328.32156	55.90294	400.0	386.45	181499	83.609985	12.132393	118.783005	-32.399487	-83.86047	1.2283325	2159.344803094864
166	279.78604	11.186679	295.48633	270.2512	286.4523	32.80169	338.02997	213.16899	400.0	400.0	182599	83.92236	12.015813	131.1181	-31.488676	-84.184784	1.3619745	2179.7767658233643
167	271.26517	11.587202	286.49487	258.4123	283.49802	60.453297	337.57263	47.9095	400.0	385.8	183699	84.34743	11.655585	130.14018	-29.761366	-84.60202	1.5507513	2193.2226872444153
168	262.02356	17.478867	278.43576	237.80978	286.8721	60.98533	334.3987	47.70522	400.0	385.8	184799	84.64041	11.58009	127.36868	-27.897793	-84.89186	1.3984501	2207.638146162033
169	290.0681	0.19483948	290.26294	289.87326	300.05368	21.48774	338.57578	261.62378	400.0	400.0	185899	84.85754	11.53643	124.463776	-25.90216	-85.085884	1.2568271	2224.042717695236
170	292.68887	7.2783594	302.3849	284.84882	304.6802	18.000313	325.7436	253.07991	400.0	400.0	186999	84.95695	11.6436615	129.31544	-26.440191	-85.18033	1.3509306	2235.2847447395325
171	311.1669	11.919809	320.94354	294.3859	301.61658	21.96017	334.72107	259.88943	400.0	400.0	188099	85.11652	11.716679	123.30528	-24.409935	-85.338326	1.2270553	2246.1933767795563
172	281.84595	17.528484	300.56827	258.41434	308.47913	18.116287	331.27875	266.05252	400.0	400.0	189199	85.204544	11.804423	121.53934	-23.517025	-85.41179	1.2003416	2257.339141368866
173	259.71484	20.831093	280.54593	238.88374	309.96597	15.7323475	337.13425	274.233	400.0	400.0	190299	85.27682	11.772078	155.67479	-32.259235	-85.481895	1.2250545	2267.8377828598022
174	298.87143	27.967258	322.10617	259.5347	306.75513	13.941523	325.66785	268.06598	400.0	400.0	191399	85.29846	11.704057	119.793816	-21.971235	-85.50046	1.0405948	2279.383261203766
175	298.2827	6.9013424	307.80078	291.65347	305.53494	20.306353	335.17654	272.22748	400.0	400.0	192499	85.29734	11.642619	133.04784	-21.840899	-85.50044	1.1285325	2291.1240632534027
176	299.33078	7.7436724	310.2549	293.20236	303.86783	19.868383	342.55237	279.5588	400.0	400.0	193599	85.367676	11.46248	136.28127	-20.729132	-85.584984	1.074398	2302.4500262737274
177	279.00922	19.440506	298.4497	259.5687	303.96216	18.331232	334.8662	274.42596	400.0	400.0	194699	85.51314	11.153878	121.07916	-22.414408	-85.74159	1.1420304	2315.365462779999
178	305.8446	19.02042	320.98163	279.01947	302.11554	14.250797	325.34567	277.3752	400.0	400.0	195799	85.78975	10.821793	185.30229	-19.732044	-86.02037	0.959005	2327.4639880657196
179	300.4844	1.6710632	302.6114	298.52893	308.09836	18.03614	330.89862	267.37375	400.0	400.0	196899	86.031	10.492126	138.66737	-18.926233	-86.266335	1.0867172	2339.543063402176
180	306.45612	6.4142447	313.1654	297.81442	304.4491	12.783821	331.08694	279.2437	400.0	400.0	197999	86.31049	10.225291	144.4451	-20.446283	-86.55276	1.1663306	2353.0235521793365
181	290.5552	2.4100647	292.96527	288.14514	298.76984	18.769817	323.5994	239.63574	400.0	400.0	199099	86.60546	10.029217	121.574005	-20.88411	-86.85367	1.0348915	2367.094206094742
182	284.03284	8.371162	295.3492	275.36313	298.67093	25.480108	343.85504	249.07603	400.0	400.0	200199	86.91161	9.767376	122.8809	-20.098087	-87.156296	1.033873	2379.5656287670135
183	259.28073	22.764008	283.19452	228.65842	291.98367	15.291107	326.2534	258.05014	400.0	400.0	201299	87.11966	9.623206	116.33305	-20.339249	-87.351715	0.91672057	2392.145243167877
184	275.19788	18.7235	289.91464	248.77602	280.47153	20.059175	318.4532	243.02936	400.0	400.0	202399	87.27431	9.56393	120.333694	-19.35497	-87.489174	1.109628	2403.7954614162445
185	254.15363	25.024956	279.1786	229.12868	268.4868	28.749016	312.2034	199.24623	400.0	400.0	203499	87.43525	9.4541645	111.454124	-20.287018	-87.63896	0.9160594	2414.560287952423
186	239.10356	63.427464	289.29773	149.62502	275.20724	25.246265	310.74512	189.85912	400.0	400.0	204599	87.44271	9.432144	133.39206	-19.77589	-87.641	0.8861692	2427.244610309601
187	224.28198	79.874435	284.23962	111.39536	241.67728	42.06974	293.7486	156.17165	400.0	400.0	205699	87.45596	9.267459	127.00052	-19.491114	-87.63912	0.90325683	2445.2664313316345
188	281.37918	16.746468	302.3369	261.34802	279.2238	35.583263	313.66196	167.6077	400.0	400.0	206799	87.40456	9.182025	159.01099	-20.775475	-87.58518	0.9355249	2465.177850484848
189	302.02942	19.08133	321.11075	282.9481	261.83722	39.43795	310.13348	161.9557	400.0	400.0	207899	87.299736	9.1299925	112.12452	-20.908264	-87.47348	0.8648312	2482.638420343399
190	302.5829	11.4923115	317.4012	289.3925	279.589	40.665855	310.58267	164.5696	400.0	400.0	208999	87.26759	9.03741	118.03448	-22.10555	-87.44109	0.8743653	2498.88321852684
191	289.9553	2.333741	293.23224	287.97656	267.7692	48.69837	331.07523	147.995	400.0	400.0	210099	87.20432	8.949159	116.8229	-22.497086	-87.380264	0.8760902	2509.5658004283905
192	284.1969	16.743303	296.16864	260.5188	291.40436	37.421856	333.678	176.12445	400.0	400.0	211199	87.241745	8.723263	136.21495	-21.57978	-87.42348	1.0278893	2527.046424150467
193	260.02155	22.914307	282.93585	237.10724	282.05017	32.577045	336.3546	192.96834	400.0	400.0	212299	87.25122	8.508694	123.18409	-22.040922	-87.4319	0.8433842	2541.7497272491455
194	297.79822	9.738951	305.1705	284.03696	282.63315	28.967253	325.00797	175.18173	400.0	400.0	213399	87.25906	8.238063	144.47449	-21.378677	-87.426	0.89683926	2554.1848945617676
195	260.77042	25.292664	294.7806	234.17062	287.1424	30.914804	324.7648	196.45396	400.0	400.0	214499	87.24964	8.047736	115.21168	-22.40677	-87.41624	0.77325535	2566.641935110092
196	283.103	18.29331	308.95386	269.3017	283.4124	44.350735	322.341	110.000206	400.0	400.0	215599	87.20585	7.869105	131.08058	-22.042551	-87.37856	0.8103456	2591.622361421585
197	301.99295	14.79895	316.7919	287.194	221.451	64.303764	326.16843	104.57419	400.0	389.0	216699	87.196175	7.747361	120.833694	-21.248352	-87.366776	0.84025943	2607.1305367946625
198	292.68387	5.3354187	296.87912	285.15488	300.98093	18.054716	322.1703	264.24017	400.0	400.0	217799	87.15267	7.6502676	114.06611	-21.700462	-87.31698	0.77711606	2626.013932466507
199	304.94797	14.450276	323.90054	288.85236	305.37057	9.732993	323.47586	287.54626	400.0	400.0	218899	87.08538	7.570523	136.56154	-21.500612	-87.24378	0.8215476	2638.8199455738068
200	293.00027	8.536312	304.03052	283.23624	309.52203	19.405573	340.25107	267.63025	400.0	400.0	219999	87.00221	7.502409	130.52457	-22.198853	-87.164604	0.7320052	2651.607333421707
201	283.51105	0.49327087	284.00433	283.0178	309.50528	14.29639	330.33408	278.1183	400.0	400.0	221099	86.91469	7.502897	126.10297	-22.430216	-87.0773	0.8034983	2662.574735879898
202	297.97208	13.149969	316.56055	288.19342	305.6399	29.16665	328.5386	191.5912	400.0	400.0	222199	86.78908	7.4845505	143.64513	-22.60626	-86.94889	0.8197989	2674.6484684944153
203	300.395	12.958305	318.4564	288.67816	302.09625	28.94752	334.04117	231.16226	400.0	400.0	223299	86.68187	7.4525657	140.28404	-22.05695	-86.83301	0.80694234	2686.802612543106
204	304.1841	11.313385	318.81396	291.25986	305.87286	16.53319	329.7993	264.1055	400.0	400.0	224399	86.52777	7.488458	130.36118	-21.941368	-86.679634	0.7527303	2698.3594636917114
205	302.86865	4.166336	307.035	298.70233	299.7877	17.735985	338.14615	268.53262	400.0	400.0	225499	86.38918	7.494692	118.05053	-21.768446	-86.53565	0.6971653	2709.544783592224
206	276.9269	21.633392	303.485	250.49466	292.81763	33.41999	345.80118	202.68466	400.0	400.0	226599	86.22262	7.4834256	121.97195	-20.178444	-86.36852	0.71777415	2721.4002549648285
207	282.81906	30.39405	320.9756	246.60146	304.4881	16.131887	334.54852	270.17896	400.0	400.0	227699	86.06354	7.5293355	115.29049	-20.062782	-86.20822	0.76188356	2732.4060637950897
208	279.85544	3.9584684	285.3234	276.08206	308.1245	17.279829	336.18826	280.7166	400.0	400.0	228799	85.92763	7.5157876	122.055954	-18.780502	-86.07427	0.702296	2747.05854678154
209	301.62555	3.077835	304.7034	298.54773	302.4969	20.004507	335.21802	274.3837	400.0	400.0	229899	85.81685	7.479144	137.38637	-18.700916	-85.96492	0.70520294	2759.418144226074
210	280.79544	22.251194	309.39282	255.12503	303.32404	15.754135	330.45947	277.8518	400.0	400.0	230999	85.74561	7.4012604	136.23593	-18.176311	-85.88776	0.5977277	2769.480692625046
211	292.67627	8.491167	298.82578	280.66913	300.51544	18.44242	330.77567	262.3563	400.0	400.0	232099	85.60845	7.423836	126.07272	-17.401884	-85.748184	0.636992	2781.9853098392487
212	296.2515	14.829264	315.70996	279.7483	307.33823	11.755406	328.36835	280.09164	400.0	400.0	233199	85.51449	7.330099	141.30484	-17.912794	-85.66077	0.65879625	2796.3911151885986
213	295.81332	12.547546	308.36087	283.26578	303.4232	14.952963	332.0267	272.49768	400.0	400.0	234299	85.46239	7.287212	128.1089	-15.800756	-85.60982	0.5340331	2808.8498113155365
214	283.70663	24.308311	310.55804	251.69081	292.9367	25.983822	330.5177	248.42194	400.0	400.0	235399	85.416405	7.221953	121.05812	-14.898362	-85.55872	0.5838575	2820.4483659267426
215	292.8768	8.314117	304.6311	286.74716	290.89166	20.830105	329.47565	254.36945	400.0	400.0	236499	85.38281	7.1131372	127.03067	-13.606497	-85.52668	0.54012775	2833.3780641555786
216	288.98447	19.852219	310.7289	262.73206	300.71512	10.863248	321.32098	285.62173	400.0	400.0	237599	85.31791	7.0800767	132.52507	-13.2063875	-85.46026	0.6056887	2847.7919380664825
217	252.14743	8.0555725	260.203	244.09186	294.23587	19.413857	322.7872	249.36893	400.0	400.0	238699	85.27228	7.0097127	114.88544	-12.263765	-85.42123	0.5364175	2861.433819293976
218	305.93692	10.7482395	316.33527	291.13605	301.04263	12.667564	336.21927	279.9409	400.0	400.0	239799	85.24143	7.0071836	120.47105	-10.57354	-85.38482	0.56943774	2873.1086807250977
219	301.85645	3.6354704	306.35373	297.45007	310.2519	15.948886	345.86713	281.9551	400.0	400.0	240899	85.19221	6.9229555	164.26324	-19.593634	-85.33744	0.65106845	2886.4144189357758
220	298.99225	17.629519	318.71902	275.92505	299.04828	15.740089	337.37604	272.52457	400.0	400.0	241999	85.13449	6.910115	112.37234	-11.363106	-85.279655	0.56369424	2905.75071310997
221	296.66827	15.663193	312.33145	281.00507	302.24924	18.757734	329.44553	253.79665	400.0	400.0	243099	85.11629	6.808948	118.59136	-12.301397	-85.25882	0.52889156	2927.086409330368
222	290.45215	23.603413	319.5028	261.68863	307.17963	18.093054	340.1036	267.3393	400.0	400.0	244199	85.07363	6.7616687	115.84274	-13.363912	-85.21467	0.5466475	2940.9647703170776
223	293.6099	10.840721	302.44623	278.34177	311.27667	11.589596	327.479	290.72052	400.0	400.0	245299	85.02461	6.6630516	126.49715	-15.332789	-85.164276	0.57658297	2954.6733090877533
224	306.8702	3.2100687	310.6969	302.84164	292.79434	17.648943	312.81998	250.19891	400.0	400.0	246399	84.996254	6.581439	109.98135	-14.89357	-85.13771	0.5092895	2968.4066655635834
225	287.85562	9.465515	297.32114	278.3901	308.0557	17.044672	339.92258	269.22296	400.0	400.0	247499	84.92569	6.5426955	109.53333	-15.527708	-85.0633	0.51781946	2980.498812675476
226	296.62216	4.2662992	301.757	291.3112	290.97635	23.404213	332.70364	254.44986	400.0	400.0	248599	84.88864	6.4574637	140.73705	-16.286552	-85.02962	0.58989954	2993.1245427131653
227	301.3685	10.349096	315.96176	293.10593	290.94632	32.220013	326.38412	207.68768	400.0	400.0	249699	84.87499	6.408326	123.07979	-16.165905	-85.024475	0.5731584	3006.55841088295
228	291.8843	3.952696	294.96344	286.30432	279.2782	33.10902	324.4574	228.37169	400.0	400.0	250799	84.88223	6.35975	114.47273	-17.491133	-85.02648	0.47018123	3020.3195111751556
229	305.41626	9.603958	315.02023	295.81232	300.74792	30.153843	338.34647	230.36034	400.0	400.0	251899	84.86006	6.3613467	116.25029	-17.760956	-85.00059	0.50772613	3032.2409088611603
230	296.75223	17.46875	309.99612	272.06967	298.5501	18.271738	342.44226	273.5584	400.0	400.0	252999	84.85636	6.325735	115.416466	-17.6909	-84.99338	0.45467097	3046.240881204605
231	282.7168	22.74454	306.09106	251.89322	277.4743	28.122011	317.83923	229.95964	400.0	400.0	254099	84.80852	6.3488126	116.879906	-18.435093	-84.95174	0.7040908	3059.754257440567
232	298.29483	1.6542751	300.48825	296.4934	310.44672	16.10335	337.361	277.28088	400.0	400.0	255199	84.76932	6.333725	138.75731	-17.758368	-84.909454	0.48420614	3074.160076379776
233	289.38416	1.5012054	290.88538	287.88297	301.04617	20.592314	335.85526	254.96312	400.0	400.0	256299	84.79705	6.2028027	115.92462	-16.641052	-84.93419	0.5346356	3086.4334053993225
234	304.01804	5.866697	311.166	296.79614	296.75613	27.795929	334.03314	224.30916	400.0	400.0	257399	84.74304	6.2321033	125.83043	-17.76363	-84.87898	0.49238715	3097.739461660385
235	298.8101	3.845704	302.46735	293.49542	295.94073	20.396885	330.75043	246.09703	400.0	400.0	258499	84.68835	6.2699013	116.4351	-17.70565	-84.81794	0.5086043	3110.5538527965546
236	299.3121	2.138365	302.2433	297.2023	307.72247	16.88388	348.16864	259.20947	400.0	400.0	259599	84.61019	6.302505	123.52879	-17.855	-84.73719	0.4801523	3120.829670190811
237	278.79077	17.567749	296.35852	261.22302	305.8535	15.400366	326.60825	273.2218	400.0	400.0	260699	84.547966	6.2571654	112.26462	-17.37835	-84.672134	0.42543757	3130.6937844753265
238	305.2385	6.826217	314.8476	299.63113	308.16824	17.728931	339.38492	262.44666	400.0	400.0	261799	84.45808	6.2992067	123.029465	-16.205408	-84.584755	0.46718016	3141.096918821335
239	287.26163	6.2693443	292.9588	278.5297	304.2054	15.971622	322.01956	255.72845	400.0	400.0	262899	84.42179	6.20095	109.99121	-17.441982	-84.549835	0.4966504	3150.8061394691467
240	296.07175	10.619556	305.509	281.2355	308.44724	13.442299	331.3306	281.18408	400.0	400.0	263999	84.350685	6.2038474	105.64622	-17.70235	-84.47727	0.4296642	3160.767899274826
241	312.683	10.965393	323.6484	301.71762	316.8025	20.146393	350.7477	279.69003	400.0	400.0	265099	84.27367	6.258106	109.295334	-16.488821	-84.39951	0.5345636	3170.7687203884125
242	290.9329	8.112559	300.53537	280.6943	308.85065	9.777635	327.75714	281.57275	400.0	400.0	266199	84.22	6.1994658	108.87688	-16.526035	-84.34315	0.40652952	3181.0766258239746
243	291.45398	7.098653	301.03513	284.06772	317.85187	13.489212	338.0103	290.5884	400.0	400.0	267299	84.16049	6.2412753	110.44909	-17.439068	-84.28399	0.43662024	3191.7472109794617
244	300.1484	13.977148	319.42157	286.71057	290.7956	19.377827	328.09476	256.3789	400.0	400.0	268399	84.16075	6.131944	120.89138	-16.008049	-84.28928	0.41178265	3203.4454267024994
245	307.97272	5.178772	313.1515	302.79395	306.45923	16.166233	341.99152	279.9326	400.0	400.0	269499	84.162254	6.112785	118.2747	-14.968556	-84.28844	0.43074718	3215.8980791568756
246	288.95853	9.920352	300.3532	276.1731	304.99045	16.758352	331.47345	269.12683	400.0	400.0	270599	84.15881	6.0466137	115.82322	-14.665385	-84.278946	0.39283326	3226.187054872513
247	316.9396	10.377032	331.3893	307.49472	316.56952	18.575928	340.58774	250.18156	400.0	400.0	271699	84.137344	6.0201974	110.85799	-14.177757	-84.25633	0.39733088	3236.4828884601593
248	306.7186	7.794269	317.34232	298.86145	309.15488	18.942755	348.84964	274.65045	400.0	400.0	272799	84.11677	5.9834156	117.67251	-14.800552	-84.23677	0.48694503	3248.694267988205
249	282.21094	15.378799	297.58972	266.83212	305.5494	22.02533	337.34766	261.20325	400.0	400.0	273899	84.07903	5.945639	109.97414	-15.280289	-84.19422	0.4104956	3260.3448441028595
250	312.6478	12.509555	330.14883	301.65707	290.58353	23.265045	321.80865	249.40955	400.0	400.0	274999	84.01643	5.8952894	109.4672	-15.857739	-84.1305	0.37288645	3269.787965774536
