Epoch	AverageEpRet	StdEpRet	MaxEpRet	MinEpRet	AverageTestEpRet	StdTestEpRet	MaxTestEpRet	MinTestEpRet	EpLen	TestEpLen	TotalEnvInteracts	AverageQVals	StdQVals	MaxQVals	MinQVals	LossPi	LossQ	Time
1	102.0059	11.927933	113.93383	90.077965	-8.12234	15.537586	40.51769	-30.079075	400.0	400.0	1099	0.41886726	0.1911592	0.9274962	-0.13914788	-0.41119993	0.048749536	4.148731708526611
2	82.54629	13.644829	100.34821	67.19625	127.61295	82.90875	308.31277	40.89363	400.0	400.0	2199	1.395509	0.8804822	3.682339	-2.2336285	-1.5222921	0.023510735	13.997594118118286
3	80.30285	7.678498	86.96374	69.5452	141.11894	71.4827	280.90976	48.95756	400.0	400.0	3299	3.205902	1.5078472	6.9432445	-3.2870517	-3.3395336	0.027570494	23.881290435791016
4	69.92751	6.523932	78.36886	62.481888	154.98705	82.36027	282.24292	39.623344	400.0	400.0	4399	4.9783053	2.1614363	9.875613	-4.971345	-5.1314454	0.048601296	32.28069591522217
5	85.57538	1.0074196	86.582794	84.567955	166.55496	80.056175	284.04245	48.476307	400.0	400.0	5499	6.672559	2.7694173	12.383146	-5.2803254	-6.8264694	0.09165783	40.52206540107727
6	156.78554	116.365654	320.4432	60.004383	126.202576	76.8943	284.9992	53.41826	400.0	400.0	6599	8.49161	3.3590941	14.896104	-5.609795	-8.611034	0.15399736	50.28638315200806
7	97.532166	6.2099867	106.0004	91.28244	300.37415	25.281954	338.41284	255.20189	400.0	400.0	7699	10.088326	3.8614533	17.591742	-6.604328	-10.190854	0.23268579	58.56397104263306
8	84.84675	12.44335	96.343414	67.56042	289.2591	27.846178	332.4886	224.89322	400.0	400.0	8799	11.651621	4.412767	20.737362	-7.0537343	-11.810792	0.31817475	67.31294775009155
9	60.524788	1.4761982	62.000988	59.04859	293.97537	26.53975	332.87366	244.78738	400.0	400.0	9899	13.186699	5.0145583	23.925175	-7.752361	-13.364343	0.3186998	76.20288634300232
10	94.740746	35.618656	143.07133	58.281204	298.14374	24.958143	336.82193	235.36958	400.0	400.0	10999	14.897613	5.415373	26.93527	-7.984125	-15.0908985	0.2904867	84.52836394309998
11	70.92397	18.688482	91.91152	46.518654	254.02287	22.794418	297.61557	212.21579	400.0	400.0	12099	16.615755	5.780758	30.277132	-8.435963	-16.869009	0.20709841	94.14769172668457
12	148.48576	71.288574	220.7358	51.467052	276.0096	17.374168	303.09836	240.91092	400.0	400.0	13199	19.05849	6.3085966	33.89227	-9.054895	-19.405136	0.119782396	102.67421412467957
13	97.88434	2.3296204	100.21396	95.55472	275.51828	23.108133	303.59848	231.16965	400.0	400.0	14299	21.581385	6.755688	37.365128	-9.715249	-21.934587	0.096178174	110.71107363700867
14	233.7544	91.61368	343.8752	119.57839	256.18634	21.441689	300.59784	218.73979	400.0	400.0	15399	24.306257	7.3756394	40.700676	-9.673536	-24.62113	0.08257463	119.07495903968811
15	234.71346	18.943302	257.61728	211.22684	288.6962	18.971449	323.11612	232.96126	400.0	400.0	16499	26.534138	7.671929	43.831993	-8.334609	-26.81751	0.09135474	128.28015685081482
16	265.9476	22.27824	293.46313	238.8988	291.412	22.694246	333.27798	255.33514	400.0	400.0	17599	28.652298	7.866745	46.697746	-7.1498117	-28.935532	0.10929012	138.43426275253296
17	310.70966	7.249939	317.9596	303.45972	295.41284	22.555275	328.76712	231.71431	400.0	400.0	18699	31.047073	8.060449	49.37202	-6.4753284	-31.346235	0.1088505	147.21207523345947
18	258.48355	7.5406523	268.25256	249.8954	296.88184	18.895782	337.2184	261.0647	400.0	400.0	19799	33.455547	8.191227	51.710403	-5.584009	-33.748573	0.105950244	155.52297973632812
19	265.59985	13.406498	284.53345	255.2726	302.03018	21.249342	341.57004	257.96915	400.0	400.0	20899	35.499928	8.27176	53.979927	-4.1791315	-35.7748	0.103015736	163.88118290901184
20	277.91544	28.04675	305.14813	239.3248	307.0465	19.046036	332.321	257.02505	400.0	400.0	21999	37.53823	8.44726	56.12866	-2.6673381	-37.801334	0.097006485	172.53464722633362
21	307.23035	8.556793	315.78714	298.67355	292.35907	21.498066	320.50385	252.56862	400.0	400.0	23099	39.64912	8.831683	58.187744	-1.7074411	-39.913784	0.09438329	181.19321608543396
22	280.48557	4.6792173	284.27612	273.8928	298.8425	22.727058	330.85083	255.63522	400.0	400.0	24199	41.569923	8.922404	60.146065	-1.500231	-41.830215	0.09604698	189.7190456390381
23	311.9476	26.129122	344.20053	280.20358	304.671	23.957582	333.57687	262.9056	400.0	400.0	25299	43.63964	9.164772	62.01146	-0.8238534	-43.894615	0.09186426	198.6532940864563
24	258.19153	15.069817	279.42075	245.95224	287.2216	34.060684	329.54065	215.84204	400.0	400.0	26399	45.47159	9.298067	63.860947	0.710294	-45.720573	0.08738377	207.08821177482605
25	226.13297	37.42347	263.55643	188.70949	298.211	19.334969	326.98035	266.4621	400.0	400.0	27499	46.95657	9.47902	65.362434	1.6829009	-47.20034	0.08469932	219.78831458091736
26	306.80786	13.274942	316.21426	288.03427	300.76486	20.210314	331.58777	261.9765	400.0	400.0	28599	48.792603	9.687954	66.90409	2.486156	-49.029404	0.084965505	228.6269702911377
27	294.449	21.365215	321.38782	269.12912	296.8733	22.90894	334.70065	261.0603	400.0	400.0	29699	50.43058	9.674666	68.270744	3.1432018	-50.65825	0.08242085	236.75206112861633
28	275.9864	15.91245	295.74677	256.78125	302.25467	20.766153	329.42377	248.94534	400.0	400.0	30799	51.964947	9.626563	69.60057	3.6439903	-52.18459	0.081166714	244.75668859481812
29	293.90945	29.901031	323.8105	264.00842	305.1646	19.572468	336.76416	256.83823	400.0	400.0	31899	53.39381	9.616305	70.74041	4.868942	-53.61145	0.07696849	255.1883418560028
30	261.42905	17.26218	285.7764	247.71281	301.40436	17.6666	323.0452	270.16077	400.0	400.0	32999	54.74927	9.606261	71.828926	5.323527	-54.964478	0.0758772	265.5339095592499
31	279.81308	19.023811	299.50272	254.09071	299.45953	28.17092	331.7986	249.7348	400.0	400.0	34099	56.048416	9.576189	72.898575	6.2203736	-56.257835	0.0753617	273.99446725845337
32	271.95898	18.77183	294.4674	248.51459	293.1024	26.084404	339.17886	242.39078	400.0	400.0	35199	57.254925	9.552403	73.88787	7.088118	-57.459553	0.07353199	284.19559931755066
33	288.2036	6.70195	294.90558	281.50168	295.99243	28.525942	333.911	243.35916	400.0	400.0	36299	58.369556	9.470964	74.8428	8.251287	-58.568012	0.07421469	292.9499213695526
34	286.98108	27.573652	325.56302	262.78757	298.51517	25.01336	339.66254	252.86589	400.0	400.0	37399	59.4954	9.484086	75.85708	9.131727	-59.699245	0.071585886	303.18344235420227
35	321.16257	13.0537	333.34933	303.0604	302.61215	27.770546	338.4352	242.92555	400.0	400.0	38499	60.82087	9.51213	76.81382	9.918403	-61.01845	0.07633557	313.3246409893036
36	285.73166	4.9475694	292.4528	280.6866	298.8187	39.01766	341.94998	227.7394	400.0	400.0	39599	61.896152	9.5059185	77.57758	10.443242	-62.089672	0.074127704	323.30291414260864
37	287.06714	5.2547455	292.32187	281.81238	302.92865	30.053177	337.90106	239.57924	400.0	400.0	40699	62.817013	9.392232	78.35487	11.0050335	-63.00759	0.074156076	331.486279964447
38	268.18344	20.209412	283.9353	239.65468	296.96692	24.50899	336.7623	246.95573	400.0	400.0	41799	63.74765	9.377318	79.047226	12.582265	-63.932648	0.068362236	339.83875155448914
39	304.55536	18.502464	330.64032	289.726	293.00143	33.457363	340.15933	226.61726	400.0	400.0	42899	64.64755	9.261871	79.57897	13.623118	-64.828804	0.066287026	348.4076478481293
40	294.65298	28.219093	322.01605	255.81349	301.667	30.243948	344.1553	237.86281	400.0	400.0	43999	65.56867	9.241068	80.00598	14.384506	-65.74431	0.06398601	357.1920154094696
41	261.55338	23.644249	285.19763	237.90913	298.61884	28.087517	345.00293	249.39586	400.0	400.0	45099	66.30608	9.194329	80.397766	14.925689	-66.47494	0.061176565	368.17328548431396
42	278.5813	22.331911	295.43472	247.02359	309.6945	24.177671	344.2994	265.6305	400.0	400.0	46199	66.9731	9.203006	80.98013	16.373533	-67.14016	0.055842534	376.8559148311615
43	269.79153	3.4230685	274.51953	266.52716	304.95303	24.483906	341.76657	261.80173	400.0	400.0	47299	67.6214	9.09893	81.57698	16.52286	-67.78256	0.04968404	386.07069730758667
44	305.80136	22.371021	336.1131	282.7974	308.05127	24.081211	338.99673	248.18663	400.0	400.0	48399	68.225624	8.996363	82.16108	16.692749	-68.38158	0.058235087	394.6379864215851
45	325.64713	12.169128	337.81625	313.478	314.31613	21.200958	341.3376	274.66077	400.0	400.0	49499	68.92378	8.994725	82.49843	17.039642	-69.07321	0.056501642	403.89398860931396
46	273.22675	18.904219	297.30017	251.11993	305.82297	31.27599	341.3386	249.61078	400.0	400.0	50599	69.464516	8.963302	82.77498	17.290339	-69.60857	0.053797327	411.8049192428589
47	281.95663	39.392517	334.30667	239.28128	301.7048	21.867008	334.1583	259.07	400.0	400.0	51699	69.98603	8.935449	82.96788	17.910389	-70.12518	0.051235788	422.05086970329285
48	290.5692	10.375569	304.4954	279.603	304.37283	28.828268	339.16132	251.96613	400.0	400.0	52799	70.4316	8.861472	83.18696	18.220919	-70.5647	0.050584245	432.1979990005493
49	308.8598	19.979782	328.83957	288.88	308.72784	30.510504	340.43726	248.5502	400.0	400.0	53899	70.834366	8.839227	83.38348	18.943336	-70.96667	0.05545258	441.17250299453735
50	300.51285	33.668343	332.57166	253.99557	301.08353	29.049767	338.14294	247.47726	400.0	400.0	54999	71.29622	8.802079	83.56062	19.536722	-71.4256	0.050582137	450.06783652305603
51	282.1652	29.292679	323.54675	259.81137	304.16034	18.855602	335.9975	269.97565	400.0	400.0	56099	71.70775	8.852109	83.78528	20.489565	-71.83426	0.048337027	458.79366278648376
52	281.53876	25.353136	312.3989	250.30011	312.42023	20.362106	341.1862	264.1784	400.0	400.0	57199	72.08663	8.862176	83.83687	21.267168	-72.21127	0.049423646	467.46427941322327
53	273.575	2.3255157	275.90054	271.2495	303.7322	28.023796	341.69504	248.29091	400.0	400.0	58299	72.365204	8.757269	83.97971	22.327898	-72.48946	0.04938012	476.1213631629944
54	289.1432	20.916967	312.18585	261.55774	302.307	23.70196	329.84567	252.32088	400.0	400.0	59399	72.67125	8.690224	84.045944	23.07098	-72.793396	0.049040157	484.7812035083771
55	309.7884	22.615498	328.1878	277.93283	297.06488	34.733013	343.1693	232.43176	400.0	400.0	60499	73.02852	8.56291	84.201355	24.977985	-73.15361	0.04955263	493.28653860092163
56	290.4095	29.50303	323.54047	251.88046	298.35858	32.484413	342.55942	236.94487	400.0	400.0	61599	73.37292	8.564659	84.371025	26.299816	-73.49553	0.044576686	502.48181438446045
57	278.7483	12.145493	290.8938	266.6028	300.77997	28.260773	338.72006	239.63104	400.0	400.0	62699	73.722824	8.568133	84.56329	26.818598	-73.84185	0.051750522	512.8099353313446
58	275.64185	12.240411	291.33456	261.46735	298.0445	37.74384	339.49805	211.33543	400.0	400.0	63799	73.96297	8.636622	84.72957	26.500465	-74.07955	0.050560176	520.670380115509
59	293.81613	1.282997	294.74356	292.00183	303.29602	33.437786	342.81738	214.43793	400.0	400.0	64899	74.20479	8.563652	84.8665	27.054474	-74.318306	0.04723463	529.1288993358612
60	272.95065	14.001346	292.75156	263.04883	303.25153	20.781979	333.8784	255.44263	400.0	400.0	65999	74.407585	8.518752	84.93649	26.712193	-74.52005	0.045375172	537.8538181781769
61	295.33356	4.00325	299.3368	291.3303	315.95428	15.183185	341.74954	281.96652	400.0	400.0	67099	74.635925	8.494038	85.00836	26.559515	-74.7481	0.043509733	546.7392580509186
62	278.2877	31.598566	322.9139	253.95453	300.83496	29.706644	342.53775	247.31938	400.0	400.0	68199	74.83839	8.491252	85.061806	25.59088	-74.95193	0.047317415	555.4255735874176
63	280.12186	34.817818	326.49902	242.60535	304.9247	24.7888	342.8266	258.10278	400.0	400.0	69299	75.04223	8.497756	85.18631	25.986956	-75.15534	0.044645913	563.9484369754791
64	275.2801	9.217098	286.0545	263.53943	314.0859	25.689714	343.0132	246.97989	400.0	400.0	70399	75.21157	8.464692	85.15319	25.1371	-75.323456	0.046957828	572.4924955368042
65	291.37854	0.77864075	292.1572	290.5999	307.64758	23.567482	342.92197	261.80005	400.0	400.0	71499	75.411095	8.339457	85.22456	25.129526	-75.51975	0.04340104	581.2503528594971
66	311.5417	16.05629	329.75162	290.68915	303.17557	22.830648	340.5686	259.15747	400.0	400.0	72599	75.611275	8.292137	85.2989	25.32978	-75.71836	0.043629717	590.2423648834229
67	270.92636	17.498886	284.4331	246.21489	305.39963	21.82916	341.9398	275.73618	400.0	400.0	73699	75.737946	8.276753	85.42828	25.629726	-75.84205	0.04105162	600.5846588611603
68	269.82468	23.07596	300.37628	244.6141	311.15485	19.863905	334.71793	263.9298	400.0	400.0	74799	75.86975	8.231	85.52389	25.835646	-75.97376	0.046541512	609.283814907074
69	267.28333	0.33802795	267.62137	266.9453	304.9803	26.823368	337.64194	254.34113	400.0	400.0	75899	76.01401	8.194352	85.56312	25.946619	-76.116554	0.046990536	618.2426807880402
70	295.15005	8.436453	302.17252	283.28574	306.06992	24.015562	338.76114	263.46738	400.0	400.0	76999	76.24675	8.059605	85.63712	26.04108	-76.34259	0.046722196	626.768009185791
71	268.3366	4.8498745	274.64343	262.8487	297.203	21.813015	329.00302	249.66441	400.0	400.0	78099	76.44652	7.947584	85.69673	25.783422	-76.5348	0.045923058	635.3274292945862
72	267.82187	7.694357	274.62384	257.06528	306.56058	18.437733	339.47113	271.6438	400.0	400.0	79199	76.6309	7.9112487	85.68125	25.49313	-76.711914	0.045319326	643.8997085094452
73	272.90576	24.65097	297.55673	248.25479	315.54517	20.21391	337.2454	256.8977	400.0	400.0	80299	76.86009	7.758797	85.76553	25.488773	-76.93483	0.04201301	652.8745484352112
74	297.44803	21.81826	326.45682	273.83746	312.3273	15.91305	338.41116	269.05682	400.0	400.0	81399	77.05838	7.6456065	85.74034	25.281698	-77.12798	0.039946202	661.9546589851379
75	276.74216	15.466808	297.17935	259.7727	314.7065	15.995462	339.46777	290.93515	400.0	400.0	82499	77.15065	7.6576543	85.81247	25.64409	-77.214676	0.03911431	670.7383904457092
76	288.45938	6.601245	297.71326	282.7651	298.03796	21.722357	334.31778	256.9193	400.0	400.0	83599	77.314285	7.5895934	85.921364	26.38831	-77.37312	0.043724142	679.8143215179443
77	270.99298	13.204071	284.19705	257.7889	309.66837	22.814194	339.39044	262.7987	400.0	400.0	84699	77.534706	7.444	85.97877	26.482035	-77.58726	0.043281566	688.9698247909546
78	265.62585	32.502296	311.31686	238.43907	307.64078	20.307281	340.26318	262.3199	400.0	400.0	85799	77.7028	7.426787	86.03048	27.124582	-77.748695	0.039771393	696.9727895259857
79	265.77972	24.629782	300.3346	244.70624	302.02002	26.046638	335.86197	254.56154	400.0	400.0	86899	77.85693	7.423218	86.139435	26.53334	-77.89814	0.04091341	704.5170254707336
80	271.993	22.502548	288.71576	240.18364	306.60703	24.012093	341.52246	265.13348	400.0	400.0	87999	77.98299	7.452575	86.29644	25.973497	-78.02009	0.03921692	713.175523519516
81	271.4867	22.031784	293.51846	249.4549	308.61972	21.326012	341.8105	272.21637	400.0	400.0	89099	78.15145	7.385811	86.342834	25.350367	-78.18416	0.042338926	721.782422542572
82	287.50266	28.466343	327.1105	261.46072	301.16705	25.948261	334.19904	239.41576	400.0	400.0	90199	78.274666	7.3675	86.37984	25.453176	-78.30589	0.0394869	732.2054035663605
83	264.913	6.805542	274.45462	259.0507	302.31198	24.191664	341.9481	255.16301	400.0	400.0	91299	78.39082	7.3010473	86.47301	26.520714	-78.42344	0.038340833	741.222738981247
84	264.33725	17.102083	283.67987	242.0914	305.92218	23.05086	338.53485	260.221	400.0	400.0	92399	78.508705	7.2767906	86.57554	26.584396	-78.54174	0.036475055	750.2264938354492
85	254.91359	3.3013763	258.21497	251.61221	274.93704	79.837616	334.53748	43.637833	400.0	400.0	93499	78.54838	7.3694263	86.686714	26.350826	-78.57956	0.03415095	760.5229437351227
86	264.20856	18.227106	289.41135	246.92145	293.70575	41.733395	337.1039	134.67241	400.0	400.0	94599	78.63237	7.336486	86.82862	25.443636	-78.66283	0.03388591	769.3574090003967
87	282.3228	2.3878202	285.69934	280.59174	298.0102	61.953075	338.9347	38.43517	400.0	400.0	95699	78.73283	7.3936443	86.93958	25.091887	-78.76546	0.0375201	777.40371966362
88	216.64148	84.853905	295.3951	98.851166	300.3387	18.253345	332.06967	262.38556	400.0	400.0	96799	78.75176	7.67697	87.1297	24.010836	-78.788956	0.035588413	784.9462509155273
89	265.79956	4.538681	270.33826	261.2609	304.55	23.376944	333.96985	255.64554	400.0	400.0	97899	78.80168	7.7723045	87.29897	23.37755	-78.84377	0.036395375	792.70955991745
90	270.89258	14.466245	284.3369	250.8158	309.85907	25.298214	342.15897	262.63785	400.0	400.0	98999	78.919106	7.793482	87.53258	24.072672	-78.96455	0.035286825	801.7315130233765
91	303.85303	30.80634	328.98242	260.46738	306.49683	24.974714	342.85306	257.9066	400.0	400.0	100099	79.04118	7.844173	87.71334	24.818264	-79.08866	0.036637295	811.7642879486084
92	277.00793	11.899644	288.77927	260.70694	305.18884	18.96167	340.83887	270.05246	400.0	400.0	101199	79.2195	7.7765656	87.88946	24.811728	-79.26741	0.03467568	821.9051620960236
93	312.8778	21.331406	334.20923	291.54642	292.2316	24.486712	337.56973	254.44968	400.0	400.0	102299	79.48084	7.6342344	88.154335	24.923477	-79.529434	0.038254835	830.410591840744
94	293.665	25.751154	327.61514	265.27835	312.30463	22.066229	344.99286	267.0656	400.0	400.0	103399	79.63053	7.5651026	88.35066	25.68246	-79.67919	0.03532347	840.1191589832306
95	272.00073	22.424181	302.87695	250.29681	306.6891	25.160122	344.55966	260.71136	400.0	400.0	104499	79.71642	7.5761356	88.55263	25.75134	-79.765625	0.035622127	848.5588092803955
96	262.78955	7.633028	273.4428	255.95439	310.3647	20.291523	340.43402	267.54626	400.0	400.0	105599	79.81501	7.5985956	89.416664	26.56259	-79.880844	0.03430901	858.1873672008514
97	298.66394	0.2519226	298.91586	298.41202	311.74152	21.627787	341.44098	271.56085	400.0	400.0	106699	80.13165	7.751668	92.6068	27.0647	-80.23909	0.062817976	867.3238527774811
98	279.24094	3.089678	282.4541	275.07	287.6009	19.108889	325.17972	244.34892	400.0	400.0	107799	80.62567	8.116561	96.86798	24.11936	-80.78471	0.12624972	875.4514861106873
99	279.63638	40.025494	323.57355	226.76143	300.13422	21.974371	330.96732	265.46265	400.0	400.0	108899	81.401024	8.686321	99.54576	24.64085	-81.577156	0.18342756	884.1107876300812
100	269.6235	11.139329	280.15726	254.21231	296.69635	24.260902	332.0155	237.46866	400.0	400.0	109999	82.05423	8.986823	99.740204	26.067125	-82.178185	0.15706882	892.8317179679871
101	266.3884	10.541199	276.9296	255.8472	291.40277	28.592525	337.06613	239.73059	400.0	400.0	111099	82.52217	9.0503235	99.51229	27.938662	-82.63463	0.116189845	901.4087357521057
102	293.57532	10.646784	305.9773	279.98013	283.44547	23.925343	336.74765	244.45038	400.0	400.0	112199	82.9358	8.9895315	99.113434	28.897562	-83.04305	0.08990562	910.2102770805359
103	290.41284	9.816017	301.86386	277.89124	301.4628	32.9764	338.16223	241.58049	400.0	400.0	113299	83.1616	8.851844	98.63788	29.417675	-83.26779	0.06762189	919.050211429596
104	279.11575	26.370667	309.34445	245.08614	301.60858	28.631845	337.86188	247.99095	400.0	400.0	114399	83.42437	8.7479	98.04474	30.640507	-83.532074	0.06227647	927.8541302680969
105	285.31226	17.82019	303.13245	267.49207	296.55652	24.189058	336.4034	247.26175	400.0	400.0	115499	83.66789	8.729197	97.6198	30.1575	-83.754234	0.05272513	937.1518158912659
106	257.00522	10.096127	270.41415	246.05244	294.88428	31.620834	337.3908	243.43135	400.0	400.0	116599	83.74611	8.78762	97.34247	29.184711	-83.81862	0.046865463	946.1520404815674
107	265.1335	23.189034	295.51172	239.24535	301.12054	24.928234	336.83917	241.91885	400.0	400.0	117699	83.794655	8.888099	96.9877	28.468107	-83.86902	0.051394675	956.4485828876495
108	274.7456	16.940483	294.91626	253.46526	283.9074	26.598225	339.61353	246.38164	400.0	400.0	118799	83.76302	8.933062	96.57592	28.07938	-83.83456	0.055098552	965.6504328250885
109	253.97345	15.234322	269.20776	238.73912	286.7533	22.728117	339.6728	253.73857	400.0	400.0	119899	83.82078	8.88992	96.15127	27.872873	-83.8895	0.048368536	974.3338303565979
110	279.09158	8.753745	291.42508	271.9995	304.00037	22.383636	332.1438	254.86967	400.0	400.0	120999	83.85652	8.775331	95.70143	27.607431	-83.92034	0.047617216	982.9993116855621
111	313.13736	20.811844	331.34964	284.0079	296.93976	22.445175	326.97128	245.28458	400.0	400.0	122099	83.93242	8.694098	95.30527	27.411322	-83.993996	0.047172837	991.6770861148834
112	295.25784	12.984648	307.51184	277.2868	302.85773	23.863686	340.92593	257.02625	400.0	400.0	123199	83.97022	8.577575	94.81636	27.448914	-84.02838	0.047378868	1000.8107233047485
113	273.26825	21.998795	295.26706	251.26947	305.48993	22.821878	341.19553	258.61737	400.0	400.0	124299	83.91012	8.530277	94.42573	27.813976	-83.97021	0.043570492	1009.4866390228271
114	291.7091	30.031343	322.12396	250.8302	299.71246	22.727798	341.3187	257.12915	400.0	400.0	125399	83.91343	8.49586	93.95958	27.94494	-83.9776	0.044613004	1017.9693229198456
115	293.63956	20.197556	319.02133	269.60248	303.4914	23.418816	340.66476	251.91306	400.0	400.0	126499	83.95727	8.434449	93.524185	28.216848	-84.02776	0.04146609	1026.7896478176117
116	277.52457	18.742094	303.7547	261.11038	308.47394	26.615921	340.07956	262.11285	400.0	400.0	127599	84.04652	8.391465	93.14792	28.317606	-84.11865	0.03856679	1036.2077629566193
117	312.15265	20.42772	332.58038	291.72495	299.4431	24.936441	340.60474	258.47998	400.0	400.0	128699	84.10322	8.430614	93.00872	28.228376	-84.173676	0.036174122	1045.068690776825
118	292.5768	10.314444	302.1175	278.2507	293.00174	22.124802	341.68094	252.28143	400.0	400.0	129799	84.165016	8.334102	92.87361	28.34986	-84.23287	0.036526725	1053.8565075397491
119	287.28445	8.420272	295.52902	275.72095	303.4348	25.180534	342.89124	259.26837	400.0	400.0	130899	84.163284	8.253762	92.67656	28.419355	-84.230515	0.0333686	1063.9706373214722
120	306.7682	7.9006143	312.9858	295.61975	302.63287	24.06196	341.9543	253.6291	400.0	400.0	131999	84.188255	8.145018	92.457245	28.600782	-84.254295	0.03718258	1074.0990386009216
121	299.06195	12.928436	311.9904	286.1335	296.4549	24.00722	342.15158	257.7599	400.0	400.0	133099	84.237236	8.136558	92.30928	28.504398	-84.303635	0.032329373	1082.69464635849
122	288.52554	24.470642	309.91492	254.27052	298.67557	23.101654	342.5214	254.08124	400.0	400.0	134199	84.28729	8.059779	92.10406	28.73966	-84.35232	0.032751117	1091.5873231887817
123	302.94067	9.293962	315.7957	294.14078	297.21564	20.049927	341.64038	266.99255	400.0	400.0	135299	84.29022	8.075123	91.93317	28.765226	-84.35266	0.0326169	1100.6559212207794
124	285.04205	30.654284	323.77136	248.80855	300.76974	22.801884	339.46216	259.52222	400.0	400.0	136399	84.25957	8.065639	91.7906	28.705666	-84.32102	0.03097865	1110.5364439487457
125	322.56827	11.522491	334.09076	311.04578	310.12888	23.178185	342.2103	253.4913	400.0	400.0	137499	84.24329	8.04229	91.683174	28.6396	-84.303154	0.032632466	1120.6274726390839
126	286.4014	13.809022	303.85742	270.09058	304.6696	23.334196	337.30542	253.2765	400.0	400.0	138599	84.219246	8.028828	91.50345	28.42608	-84.27945	0.031582754	1130.479552268982
127	269.46793	8.43529	276.274	257.58026	300.81335	20.35192	342.29977	270.12186	400.0	400.0	139699	84.20717	8.031039	91.353	28.073492	-84.26548	0.031789824	1140.5056056976318
128	304.02155	20.181126	325.42896	276.9713	316.68036	20.444662	343.87158	267.29166	400.0	400.0	140799	84.20918	8.046876	91.1729	27.845648	-84.26797	0.03325556	1148.727310180664
129	311.9273	22.831894	334.7592	289.0954	313.88617	25.570715	343.4025	258.09613	400.0	400.0	141899	84.225876	8.005029	91.06745	27.6151	-84.284744	0.03146166	1157.8227972984314
130	300.93503	13.840927	319.78534	286.943	307.13226	24.685587	339.84167	265.02112	400.0	400.0	142999	84.206924	7.9924345	90.86347	27.28033	-84.26655	0.031868406	1166.9135808944702
131	282.36578	18.845379	297.20746	255.77423	312.34677	21.10865	341.8736	265.89908	400.0	400.0	144099	84.19208	7.912241	90.71754	27.144958	-84.25005	0.032113995	1176.1386177539825
132	298.77176	24.349913	325.47388	266.5892	311.54208	23.34009	343.1374	262.50278	400.0	400.0	145199	84.19632	7.845121	90.605705	27.33431	-84.253494	0.033649527	1185.0572671890259
133	269.9613	9.915665	279.87695	260.04562	305.84842	28.098848	342.42514	255.42288	400.0	400.0	146299	84.196335	7.875305	90.43306	27.323242	-84.25277	0.032535028	1193.634092092514
134	310.24802	32.42588	338.23206	264.7945	305.28824	25.946857	342.71295	253.72356	400.0	400.0	147399	84.14658	7.9468713	90.34015	27.711746	-84.20268	0.031144131	1203.7125511169434
135	296.46213	12.323274	311.75342	281.57584	318.86566	22.441849	342.39005	265.60333	400.0	400.0	148499	84.17449	7.891944	90.24992	27.99927	-84.23004	0.031933997	1212.2299115657806
136	302.26614	26.015438	320.66992	265.47476	294.76117	24.24625	330.58554	256.16553	400.0	400.0	149599	84.201744	7.85072	90.13915	28.096226	-84.25656	0.03302633	1220.774861574173
137	293.35547	1.243515	294.59897	292.11194	301.08148	27.303545	340.1276	257.72958	400.0	400.0	150699	84.19732	7.8370976	90.02962	28.261395	-84.25165	0.033793334	1229.2337296009064
138	261.2314	18.311209	286.3049	243.08746	302.597	23.536486	342.48306	264.21545	400.0	400.0	151799	84.16486	7.8909516	89.941376	28.153374	-84.21756	0.032912202	1237.273106098175
139	269.65283	10.397023	283.90063	259.38297	294.03668	24.40071	342.34634	260.70233	400.0	400.0	152899	84.14005	7.9156427	89.81575	27.807331	-84.19182	0.03216106	1245.6132628917694
140	281.03287	12.131023	293.44135	264.56876	305.57657	23.71691	343.19666	258.30374	400.0	400.0	153999	84.09235	7.978198	89.7161	27.754147	-84.14274	0.03392869	1254.197219133377
141	256.80283	2.5599442	259.36276	254.24287	301.0678	22.758411	342.02872	254.0659	400.0	400.0	155099	84.06293	7.9806023	89.601944	27.480648	-84.112335	0.030034846	1261.8502979278564
142	307.96338	21.406893	331.54276	279.73007	303.46454	21.566368	336.94482	252.8375	400.0	400.0	156199	84.05434	7.9550934	89.474396	27.341051	-84.10302	0.030507427	1270.5438494682312
143	304.38412	16.19402	326.36688	287.83054	309.86664	23.936964	342.0402	249.15843	400.0	400.0	157299	84.0181	7.987554	89.35997	27.434755	-84.066826	0.033391565	1279.1296739578247
144	286.6282	25.770386	310.34177	250.80438	301.96063	19.102175	342.58182	269.51843	400.0	400.0	158399	83.972046	8.061545	89.28723	27.365742	-84.0207	0.034594916	1288.4904012680054
145	259.38956	22.125519	281.51508	237.26404	313.99237	26.092804	342.40375	255.7839	400.0	400.0	159499	83.95042	8.104308	89.26199	27.264494	-83.99884	0.03096539	1297.3519327640533
146	267.61356	7.8291984	276.3148	257.33328	302.03622	21.855268	340.49875	265.64847	400.0	400.0	160599	83.90448	8.1054325	89.18977	26.994501	-83.95301	0.03189972	1306.1494987010956
147	302.9781	33.267845	337.15305	257.88742	296.33502	22.185528	341.7749	258.9956	400.0	400.0	161699	83.8928	8.099679	89.14135	26.688713	-83.941574	0.033244234	1314.995446920395
148	255.94684	24.065561	289.96625	238.07895	304.4568	22.084326	343.0426	254.88664	400.0	400.0	162799	83.87354	8.110196	89.10274	26.367393	-83.922035	0.032108355	1324.3594303131104
149	301.26447	3.8119812	305.07645	297.45248	308.48105	19.75571	345.69647	279.09296	400.0	400.0	163899	83.84267	8.097402	89.092	26.316732	-83.89101	0.033256847	1333.728633403778
150	286.08923	7.6413713	296.59265	278.6365	305.37723	26.720179	344.6654	252.0992	400.0	400.0	164999	83.83104	8.037826	89.054436	26.136065	-83.878944	0.035912663	1342.3783738613129
151	295.45447	25.111414	323.19156	262.38007	303.73178	28.64678	342.75565	250.46214	400.0	400.0	166099	83.786125	8.04238	89.02723	26.167767	-83.8336	0.035149626	1350.7958431243896
152	296.94788	23.811474	319.27402	263.9528	305.01697	21.212797	338.7305	262.9826	400.0	400.0	167199	83.82251	7.9480834	88.96663	26.13146	-83.869545	0.032331612	1360.0661764144897
153	260.6021	15.944595	276.54672	244.65753	307.4669	22.026073	342.87717	269.9529	400.0	400.0	168299	83.79184	7.9212694	88.959114	26.141932	-83.838394	0.03569418	1369.0823621749878
154	308.32285	18.499487	334.21408	292.12466	311.99655	21.773653	345.025	279.84357	400.0	400.0	169399	83.80851	7.8218822	88.92573	26.206219	-83.85538	0.03323105	1377.5951862335205
155	298.22943	33.880383	338.98846	256.036	301.3883	24.811085	342.81314	248.99297	400.0	400.0	170499	83.80268	7.791554	88.88211	26.5654	-83.85	0.0317108	1386.8450784683228
156	296.0242	5.05715	300.36743	288.93176	308.3427	21.788868	344.27344	277.3801	400.0	400.0	171599	83.87839	7.534276	88.87663	26.668594	-83.92499	0.03329701	1395.552848815918
157	260.6289	16.166039	276.79495	244.46288	317.8626	20.697008	340.96637	272.90063	400.0	400.0	172699	83.93386	7.2584453	88.81667	26.668766	-83.98062	0.03194306	1403.9773757457733
158	269.10733	20.452032	297.39655	249.74556	299.2458	22.572636	331.888	252.43942	400.0	400.0	173799	83.905876	7.285102	88.77408	26.348541	-83.95268	0.031701263	1414.1936440467834
159	299.45242	23.253668	332.25055	280.977	313.63593	23.702099	345.43112	280.09564	400.0	400.0	174899	83.89752	7.265594	88.744354	26.139465	-83.94409	0.031807784	1423.2310922145844
160	297.4404	19.283798	324.65897	282.36148	312.60886	25.539684	340.75256	256.03897	400.0	400.0	175999	83.852684	7.2613378	88.72559	25.917057	-83.89872	0.03152675	1432.4638929367065
161	268.70062	4.1382294	272.83884	264.56238	299.06436	22.069096	339.84787	260.48407	400.0	400.0	177099	83.81821	7.2800837	88.69121	25.712585	-83.86455	0.03331224	1441.1527857780457
162	328.51614	13.61745	339.45404	309.32043	315.0567	20.29998	342.06644	281.00076	400.0	400.0	178199	83.79615	7.3255167	88.61916	25.838366	-83.84159	0.03200291	1449.7543368339539
163	282.82605	43.384556	339.08936	233.501	314.5309	20.772411	343.3152	262.50836	400.0	400.0	179299	83.79007	7.340785	88.56084	25.818586	-83.835464	0.032914333	1458.5294444561005
164	296.61127	8.871636	305.6158	284.5428	304.77826	25.602318	339.4611	257.4434	400.0	400.0	180399	83.80884	7.2828603	88.533615	25.804611	-83.85349	0.029317467	1467.8115508556366
165	315.821	20.46167	336.28268	295.35934	298.97467	30.18751	344.27637	258.76035	400.0	400.0	181499	83.85448	7.2147484	88.51737	25.872076	-83.89941	0.030252617	1476.6423184871674
166	270.60696	26.924696	308.44495	247.99673	312.76764	19.711205	343.20914	266.82953	400.0	400.0	182599	83.81301	7.343727	88.50292	25.763344	-83.85734	0.032839272	1485.4383599758148
167	281.02457	12.292111	292.78015	264.0563	301.14868	26.078024	345.4956	252.67151	400.0	400.0	183699	83.80948	7.3133426	88.48152	25.831888	-83.8523	0.030070562	1495.8037445545197
168	294.90793	32.153072	338.9051	262.96365	303.54587	23.761602	336.26776	243.9195	400.0	400.0	184799	83.77933	7.273343	88.47089	26.720558	-83.8224	0.031332023	1506.075249671936
169	268.20642	9.790024	277.99646	258.4164	304.27502	22.594677	337.87897	259.55847	400.0	400.0	185899	83.7563	7.2903137	88.46623	26.505816	-83.79989	0.031444307	1515.3340871334076
170	271.63785	16.68355	294.67566	255.70811	305.81366	19.209158	342.7605	278.1776	400.0	400.0	186999	83.73198	7.2590146	88.46037	26.80596	-83.77489	0.03206667	1525.4228248596191
171	299.36185	24.971657	333.64334	274.87534	306.01617	23.221745	341.48843	259.55563	400.0	400.0	188099	83.70506	7.247582	88.417984	26.329796	-83.74759	0.02871416	1534.9893419742584
172	286.35477	4.3571024	291.75137	281.0808	300.6493	19.094084	332.34067	267.07224	400.0	400.0	189199	83.67167	7.2218018	88.31941	26.395254	-83.714226	0.029796362	1544.920214176178
173	270.8094	2.935028	273.74442	267.87436	305.7461	24.635477	344.69165	248.02399	400.0	400.0	190299	83.65585	7.1902146	88.30468	26.422388	-83.6976	0.031829506	1555.0160746574402
174	283.77393	19.816378	304.036	256.87628	301.34613	27.109783	342.60632	259.56128	400.0	400.0	191399	83.64495	7.186492	88.30737	26.81824	-83.68653	0.028777355	1565.2213864326477
175	279.67047	25.408606	315.5219	259.64688	292.5152	24.124765	333.42267	255.27724	400.0	400.0	192499	83.632095	7.1149125	88.26153	26.96627	-83.67401	0.030094653	1574.1649234294891
176	287.20975	26.338285	322.4079	259.0572	309.4521	22.422009	345.00824	259.9886	400.0	400.0	193599	83.65175	7.0558634	88.24963	27.104233	-83.69309	0.030216977	1582.6920409202576
177	306.03766	30.31569	336.35336	275.722	304.68567	21.00278	346.20667	276.57938	400.0	400.0	194699	83.650764	7.0199246	88.23977	26.666721	-83.69208	0.03177302	1592.7734830379486
178	278.30753	32.38194	303.69742	232.60652	304.86618	28.775263	343.7298	247.37425	400.0	400.0	195799	83.621735	7.0702143	88.234314	26.724312	-83.66176	0.028910488	1601.1053581237793
179	284.04037	22.935415	305.12076	252.15157	298.57877	25.046383	345.74124	256.8108	400.0	400.0	196899	83.573	7.1280465	88.22396	26.560122	-83.61271	0.026965413	1611.160368680954
180	285.69156	28.263771	325.6556	265.06372	295.0371	29.98857	342.2941	249.85175	400.0	400.0	197999	83.50867	7.174376	88.223274	26.475248	-83.54836	0.030696008	1619.9588968753815
181	286.94522	9.115967	296.0612	277.82925	311.6526	26.046997	346.4279	262.70343	400.0	400.0	199099	83.50099	7.179243	88.21789	26.317078	-83.54024	0.03121867	1628.4563388824463
182	298.84152	4.580952	305.01898	294.06256	307.44904	24.488222	344.80817	260.88904	400.0	400.0	200199	83.49204	7.1051908	88.20963	26.020248	-83.531715	0.029816201	1637.1165161132812
183	270.81522	47.660126	337.89056	231.54135	305.64465	24.084524	344.21115	265.71643	400.0	400.0	201299	83.433304	7.207584	88.22519	25.719189	-83.47327	0.030861324	1645.7663042545319
184	276.2097	17.175482	298.4263	256.59772	310.5477	18.841093	335.43478	255.81268	400.0	400.0	202399	83.43204	7.1892056	88.19792	25.307585	-83.476105	0.030409768	1653.4183547496796
185	279.55753	24.339455	303.89697	255.21806	308.35663	29.626642	345.65485	252.87244	400.0	400.0	203499	83.39302	7.221572	88.18944	25.347185	-83.43285	0.032942638	1663.7182204723358
186	297.2872	18.416843	315.78387	272.15884	304.95056	25.316875	345.3031	257.5684	400.0	400.0	204599	83.377174	7.2048974	88.19711	24.97092	-83.4164	0.03331675	1672.9223294258118
187	273.85532	15.388325	294.6816	257.97406	314.51617	23.996767	343.47208	271.36557	400.0	400.0	205699	83.327576	7.219857	88.19324	25.112534	-83.367966	0.03209691	1681.6733915805817
188	256.14746	15.094441	277.37457	243.5792	302.41476	22.947027	344.44995	256.61447	400.0	400.0	206799	83.29092	7.2495623	88.2247	24.960707	-83.33193	0.034512706	1690.5191540718079
189	269.34784	4.9169006	274.26474	264.43094	305.60056	20.624847	344.4903	264.93277	400.0	400.0	207899	83.23622	7.276326	88.262276	24.788912	-83.27808	0.03356122	1699.2128059864044
190	267.37808	11.651239	280.93936	252.49214	306.28085	20.650639	335.23596	265.74402	400.0	400.0	208999	83.190735	7.3050437	88.23639	24.854599	-83.23379	0.03244713	1708.020468711853
191	295.51364	28.526173	335.21295	269.4521	307.85406	24.888527	339.08908	263.35733	400.0	400.0	210099	83.189995	7.2587605	88.239716	25.032833	-83.23383	0.032500185	1716.781821489334
192	277.7059	29.20838	317.28397	247.67593	304.03	27.009712	343.4275	254.4818	400.0	400.0	211199	83.16835	7.2881446	88.24405	24.902721	-83.21181	0.031227972	1725.4226777553558
193	302.88226	31.013031	333.8953	271.86923	300.74176	24.063643	343.4993	259.99344	400.0	400.0	212299	83.1199	7.3686333	88.25058	25.265774	-83.16476	0.030881573	1734.0777041912079
194	265.332	12.083017	281.21405	251.93027	301.59103	24.845367	337.106	250.0571	400.0	400.0	213399	83.11574	7.3483186	88.239265	25.56521	-83.16083	0.03226645	1742.5686614513397
195	279.00558	9.007922	290.36566	268.333	303.5489	22.911222	344.38074	268.19598	400.0	400.0	214499	83.10466	7.335686	88.2319	25.384907	-83.150314	0.032150816	1751.2981822490692
196	276.64035	21.938478	299.80167	247.18204	318.61343	16.57885	343.0657	286.18854	400.0	400.0	215599	83.09383	7.3402405	88.22434	25.311121	-83.14026	0.03102043	1759.8117656707764
197	288.837	8.945496	297.7825	279.8915	308.6601	26.060476	344.00452	255.77516	400.0	400.0	216699	83.07802	7.308665	88.22507	25.815943	-83.12436	0.029624645	1768.6569616794586
198	280.04648	18.675392	301.02563	255.66223	303.5526	26.301584	345.59494	252.94962	400.0	400.0	217799	83.0329	7.3764806	88.22319	25.403812	-83.079	0.029783	1777.93971991539
199	275.629	24.657425	305.21564	244.85269	304.29004	23.503107	335.22015	259.0519	400.0	400.0	218899	83.00739	7.418709	88.249565	25.54132	-83.054276	0.031289224	1787.1922636032104
200	272.62888	8.575707	281.22546	260.92194	297.70697	26.325342	339.35992	247.84271	400.0	400.0	219999	83.01364	7.417833	88.27188	25.61779	-83.05964	0.029436152	1797.5553510189056
