Epoch	AverageEpRet	StdEpRet	MaxEpRet	MinEpRet	AverageTestEpRet	StdTestEpRet	MaxTestEpRet	MinTestEpRet	EpLen	TestEpLen	TotalEnvInteracts	AverageQVals	StdQVals	MaxQVals	MinQVals	LossPi	LossQ	Time
1	65.55316	45.541336	111.0945	20.011822	-188.2059	16.455395	-165.37468	-219.66206	400.0	400.0	1099	0.24753816	0.28076634	1.092681	-0.4407013	-0.26044977	0.07456482	3.119593620300293
2	37.69154	108.10316	170.58658	-94.20536	-112.27262	76.49393	1.1517303	-211.27194	400.0	400.0	2199	0.5990481	1.4008014	4.5191107	-2.3997524	-0.6128178	0.0123160845	12.849907398223877
3	29.092789	59.307835	98.09638	-46.700737	-80.21748	89.6867	93.05801	-186.18828	400.0	400.0	3299	1.5767319	3.2273188	7.4734235	-4.210419	-1.612809	0.01366567	22.444204807281494
4	-40.552307	61.95252	24.639824	-123.8402	-75.51442	82.713234	115.59772	-199.21742	400.0	400.0	4399	2.3001404	4.8442936	10.773128	-7.209122	-2.3673625	0.016228124	32.98526406288147
5	-16.633736	45.60545	28.971712	-62.239185	-65.98344	101.6902	111.496895	-182.27435	400.0	400.0	5499	2.7540512	6.221438	13.887034	-8.598897	-2.849693	0.022296736	43.39105725288391
6	-7.637319	67.619644	42.54082	-103.22632	-49.338055	106.928894	158.02382	-167.42732	400.0	400.0	6599	3.172978	7.2954197	16.800276	-9.688565	-3.2842147	0.024913536	52.93763732910156
7	102.73472	61.149193	187.91144	47.20298	-48.886524	66.0881	80.645905	-152.62073	400.0	400.0	7699	4.2576427	8.812109	19.611574	-10.767397	-4.377265	0.030840656	62.49033856391907
8	40.453228	55.393272	116.72119	-13.173364	-25.704931	61.965622	72.97819	-149.28346	400.0	400.0	8799	5.1944127	10.3684635	22.384857	-11.817445	-5.322356	0.0499103	72.85198950767517
9	-64.136375	64.54473	0.4083547	-128.6811	-87.36295	68.73982	47.366344	-164.97958	400.0	400.0	9899	5.545677	11.924571	25.036947	-12.7944975	-5.6812987	0.06924282	83.14576935768127
10	-29.070456	27.047043	9.04889	-50.86879	-87.45664	48.705406	-7.260268	-177.00778	400.0	400.0	10999	5.3968234	13.287391	27.555456	-13.968307	-5.539306	0.089296296	92.42085313796997
11	19.418468	53.926064	62.508125	-56.619404	-113.755714	43.82966	-47.271973	-188.01764	400.0	400.0	12099	5.635348	14.590063	30.070002	-14.799515	-5.788707	0.108933054	100.79717493057251
12	60.262573	68.06509	156.34703	7.2085853	-80.16606	49.41125	1.5498625	-159.67854	400.0	400.0	13199	5.9548483	15.9084015	32.900997	-15.481528	-6.114848	0.1228854	109.82321882247925
13	14.962149	47.81456	62.776707	-32.85241	-104.04421	43.604763	-24.415176	-182.85919	400.0	400.0	14299	6.8622656	17.068872	35.30922	-16.176453	-7.0282583	0.14177044	118.72005677223206
14	-28.319468	90.49614	99.57568	-96.32275	-69.64221	39.688686	50.967297	-137.68515	400.0	400.0	15399	7.4676642	17.953014	37.519512	-16.856913	-7.638093	0.16650435	127.7119517326355
15	-84.90806	35.764194	-44.171234	-131.23798	-79.60866	74.72469	108.57887	-184.84886	400.0	400.0	16499	7.261252	18.944443	39.823788	-17.496784	-7.4289737	0.18513209	136.8034369945526
16	-113.374054	19.918297	-86.81991	-134.7915	-121.079735	41.3891	-20.89967	-185.41354	400.0	400.0	17599	7.6529946	19.704716	41.814026	-18.228367	-7.81887	0.23086528	146.08508396148682
17	-162.17932	1.2938232	-160.8855	-163.47314	-58.996918	56.22522	109.09816	-135.56485	400.0	400.0	18699	7.6773653	20.315407	43.592712	-18.954456	-7.8345284	0.24827737	155.30588483810425
18	-58.99303	18.294247	-33.67733	-76.27209	-46.344875	61.610836	135.54118	-129.52861	400.0	400.0	19799	8.26946	20.765366	45.283382	-19.777946	-8.431912	0.2944646	164.54374814033508
19	-62.61803	49.25547	-1.2203096	-121.81061	-54.735893	41.31753	12.066465	-139.53687	400.0	400.0	20899	8.9545965	21.174469	46.860035	-21.140364	-9.171767	0.2992982	173.96487832069397
20	-1.9906718	50.252064	68.62978	-44.190628	20.366398	70.02387	142.88142	-116.58815	400.0	400.0	21999	9.473227	21.674519	48.201443	-21.760681	-9.697519	0.36203703	183.18796277046204
21	-45.1912	50.59578	5.4045787	-95.78698	-40.50737	48.177097	46.14765	-143.37689	400.0	400.0	23099	9.886908	22.049442	49.534622	-23.800789	-10.102794	0.41457754	192.69009828567505
22	-48.973698	30.529665	-12.782824	-87.459236	-4.4266305	85.28768	195.48352	-159.86731	400.0	400.0	24199	9.649404	22.407732	50.667423	-24.171757	-9.873117	0.45740378	202.1213412284851
23	-101.54957	15.485541	-87.079	-123.020546	-42.168312	44.285503	30.481806	-119.387825	400.0	400.0	25299	8.869339	22.68888	51.669617	-24.341402	-9.08214	0.53279954	212.02184581756592
24	-105.8808	58.119762	-23.87696	-151.71892	28.689972	95.195045	196.90717	-150.33131	400.0	400.0	26399	8.171675	22.89946	52.7443	-25.089357	-8.38075	0.60773104	221.44983839988708
25	-8.675153	22.790066	14.114914	-31.46522	-4.9678893	138.18211	319.34616	-136.28938	400.0	400.0	27499	7.7604556	23.21292	53.70817	-25.130224	-7.962564	0.5944907	230.0397608280182
26	82.83785	145.37242	286.05948	-45.706936	-6.3189096	98.050186	229.50128	-165.02931	400.0	400.0	28599	7.4858775	23.696106	54.73756	-25.824072	-7.6792436	0.61246383	240.96017265319824
27	30.511133	134.24207	215.25955	-99.710304	-49.363525	84.92404	268.2123	-150.08311	400.0	400.0	29699	7.677811	24.391445	55.755257	-26.491465	-7.8706465	0.6252684	251.875732421875
28	-21.953186	35.240032	19.67728	-66.49536	40.4852	157.52335	334.1647	-161.3819	400.0	400.0	30799	7.655885	24.854164	56.77545	-27.336292	-7.8560324	0.62774116	261.79223680496216
29	171.04012	85.367744	256.40787	85.67237	66.06457	174.89874	310.9021	-154.18971	400.0	400.0	31899	7.923721	25.43634	57.68	-27.753141	-8.126422	0.67068845	271.1366386413574
30	180.22557	123.32189	276.7698	6.168548	80.864456	149.20496	244.18112	-132.52678	400.0	400.0	32999	8.952635	26.359327	58.73925	-28.072582	-9.150203	0.7114302	280.28496384620667
31	14.879743	164.76186	246.8235	-120.36057	110.430374	144.4796	335.9263	-137.04758	400.0	400.0	34099	9.535654	27.164925	59.72895	-28.40799	-9.735353	0.6536949	290.6582281589508
32	169.65733	62.656513	229.52643	83.14958	182.53793	104.61431	307.5294	-66.24946	400.0	400.0	35199	9.995669	27.661154	60.65933	-28.69837	-10.201186	0.7390415	300.6054275035858
33	198.05318	22.498688	220.55186	175.55449	162.9542	121.05734	305.015	-82.92358	400.0	400.0	36299	10.957927	28.255379	61.493618	-28.600166	-11.175334	0.7014294	311.49532294273376
34	147.60103	106.2287	280.6475	20.65609	231.66849	121.03037	326.77728	-121.10268	400.0	400.0	37399	12.00765	28.88165	62.411285	-28.276335	-12.233911	0.72891724	321.4765155315399
35	289.76816	6.6020875	299.07474	284.46533	225.23935	120.38945	320.19174	-100.482956	400.0	400.0	38499	13.216427	29.748472	63.237297	-28.300156	-13.447537	0.7332437	330.83414006233215
36	266.99905	20.417585	285.52255	238.5546	253.5271	76.69567	322.63336	-56.516396	400.0	400.0	39599	14.540765	30.635502	64.11487	-28.830755	-14.772852	0.67163575	340.2501697540283
37	240.32573	7.4157715	247.7415	232.90996	264.55988	76.42799	317.43732	-46.873875	400.0	400.0	40699	15.923964	31.369335	64.99267	-29.485981	-16.156979	0.68164974	349.67121934890747
38	237.52393	19.78552	258.09027	210.81001	264.5906	70.84282	320.3429	-19.525213	400.0	400.0	41799	17.192684	31.96903	65.81642	-30.020916	-17.430305	0.6848277	359.13904333114624
39	215.71643	58.225826	294.25366	155.01659	281.99893	38.619305	319.92822	171.11487	400.0	400.0	42899	18.433783	32.476498	66.68442	-30.398943	-18.6748	0.68309945	368.4130423069
40	283.24362	26.09695	308.22067	247.22455	297.66937	36.13838	328.9057	196.38853	400.0	400.0	43999	19.82982	33.09608	67.50415	-30.727728	-20.066061	0.722854	377.13112807273865
41	289.94305	10.225876	300.1689	279.71716	280.88422	48.768272	322.60223	168.25381	400.0	400.0	45099	21.13825	33.664974	68.31853	-30.894434	-21.37987	0.7672445	385.6405806541443
42	255.31996	30.046024	293.84338	220.5307	261.92294	87.90694	327.77118	-32.8434	400.0	400.0	46199	22.395384	33.99263	69.10667	-30.887648	-22.64726	0.82164085	394.146639585495
43	209.81944	84.776344	276.40277	90.182304	273.45117	24.931433	304.54593	236.23683	400.0	400.0	47299	23.614223	34.359634	69.887276	-30.756714	-23.863928	0.83399004	402.6451053619385
44	260.6201	15.119055	278.40475	241.44875	240.99178	135.89412	316.5847	-150.53357	400.0	400.0	48399	24.5673	34.65025	70.65325	-30.719297	-24.822405	0.86610085	412.21116638183594
45	283.02484	19.623886	302.6487	263.40094	260.68002	108.18875	326.62552	-150.10141	400.0	400.0	49499	26.003796	34.934464	71.49191	-30.45595	-26.265707	0.8373484	421.8948063850403
46	291.7914	5.687389	296.26956	283.7662	199.21324	156.6504	309.11475	-152.68324	400.0	400.0	50599	27.271168	35.337925	72.301315	-30.321653	-27.52633	0.9432305	431.1994767189026
47	287.5111	6.5352783	295.22717	279.24722	272.5918	31.942516	299.07544	202.42476	400.0	400.0	51699	28.545025	35.663105	72.96645	-30.14086	-28.801905	0.9569487	440.4709198474884
48	224.77058	35.918884	275.4059	195.94614	226.86247	122.888985	294.92108	-146.76416	400.0	400.0	52799	29.803967	35.879677	73.69155	-30.709885	-30.071768	0.9243098	450.0610156059265
49	282.32446	3.6668549	285.99133	278.65762	278.83676	28.338867	329.78928	196.56952	400.0	400.0	53899	31.135557	36.13298	74.31216	-30.794567	-31.406963	0.8485117	459.63075971603394
50	279.682	1.2672648	281.2715	278.1703	232.75835	98.949005	321.77838	-149.90256	400.0	400.0	54999	32.372204	36.329025	74.87435	-30.203735	-32.64343	0.9139259	469.225359916687
51	274.37454	6.6195326	282.3384	266.13116	275.4133	37.076775	330.24704	158.41473	400.0	400.0	56099	33.59109	36.476624	75.31848	-29.281837	-33.86277	0.87635654	478.7859408855438
52	23.09641	181.85733	276.83923	-140.09393	196.26395	155.63475	317.04492	-181.19374	400.0	400.0	57199	34.449913	36.479317	77.12054	-29.678997	-34.731388	0.79936504	488.3037164211273
53	202.37137	46.61477	248.98615	155.7566	203.80313	125.12955	321.47473	-145.06332	400.0	400.0	58299	35.32876	36.379807	76.22498	-30.117256	-35.611797	0.79698396	498.24856400489807
54	207.08252	63.21423	260.5974	118.30754	88.67665	173.20284	286.18042	-188.74507	400.0	400.0	59399	36.177948	36.307247	76.590324	-30.32688	-36.462166	0.784463	507.8152093887329
55	227.2915	32.97873	271.0162	191.3754	206.39517	121.05583	312.6154	-129.90714	400.0	400.0	60499	37.30058	36.239307	77.56482	-31.059591	-37.58616	0.80444133	517.491907119751
56	34.041042	119.60767	193.12486	-95.28288	154.14581	175.77132	300.88126	-146.2157	400.0	400.0	61599	38.0936	36.04773	77.50532	-31.77845	-38.389736	0.81197786	528.0198659896851
57	275.76523	0.73669434	276.50192	275.02853	109.59365	170.19615	314.45648	-141.99237	400.0	400.0	62699	38.402847	36.120125	78.756134	-32.40879	-38.6897	0.77705157	538.1401941776276
58	247.76067	15.577703	264.97348	227.24684	230.67732	129.408	333.28958	-136.90749	400.0	400.0	63799	39.48387	36.133022	79.53417	-32.966934	-39.768715	0.704188	549.0508918762207
59	220.77289	59.604362	274.74924	137.71391	233.6303	126.0358	333.16092	-141.96262	400.0	400.0	64899	40.358837	36.12945	79.67326	-33.342552	-40.63863	0.7329603	559.9033226966858
60	234.46338	50.45595	276.9042	163.56615	258.1325	53.611473	314.55356	133.94382	400.0	400.0	65999	41.040276	36.08195	80.319145	-33.828033	-41.31064	0.75704235	570.6588580608368
61	240.785	51.017853	291.80286	189.76715	268.66583	37.075584	308.85486	173.37006	400.0	400.0	67099	41.85046	36.030777	80.8352	-34.154278	-42.116093	0.78453004	580.5362298488617
62	271.62024	24.71969	305.76846	248.06396	256.09344	63.909122	334.99005	110.15181	400.0	400.0	68199	42.59497	36.013412	81.53552	-34.10299	-42.859676	0.74634534	590.3856627941132
63	267.09616	13.848709	286.14954	253.64435	199.00961	91.04605	297.64728	-95.90149	400.0	400.0	69299	43.297176	36.00035	81.05844	-34.000786	-43.56427	0.7224041	600.323032617569
64	168.80798	136.14798	280.58176	-22.852154	182.78145	129.6223	305.61435	-135.6872	400.0	400.0	70399	43.953568	35.94365	82.220795	-34.696262	-44.224987	0.70664	609.5218555927277
65	178.8038	98.3291	277.1329	80.4747	263.3619	57.54155	303.50555	94.048	400.0	400.0	71499	44.683144	35.819202	82.965805	-35.335403	-44.94115	0.6799752	620.2905361652374
66	254.51488	48.35088	289.77988	186.14781	218.83784	100.05644	291.8611	-115.77155	400.0	400.0	72599	45.188057	35.81646	82.67647	-35.620705	-45.44551	0.6800678	630.1231904029846
67	74.81561	103.746346	197.42305	-56.277184	230.69011	69.901726	302.80292	-31.275167	400.0	400.0	73699	45.705482	35.71983	82.21556	-35.901585	-45.957577	0.63136715	640.8119397163391
68	260.51703	42.318607	293.26727	200.76146	188.86432	132.71591	282.03006	-146.91467	400.0	400.0	74799	46.01054	35.708996	82.56795	-36.36868	-46.266155	0.6634773	650.1237280368805
69	242.46085	35.97616	278.437	206.4847	244.99036	76.97503	281.83856	-86.60357	400.0	400.0	75899	46.524963	35.679672	83.01002	-37.00797	-46.785316	0.63831353	659.3226802349091
70	251.37337	44.885967	293.69125	189.23854	205.11809	132.74393	292.15744	-140.03343	400.0	400.0	76999	47.18078	35.72718	83.34653	-37.796223	-47.43182	0.60590667	667.7645704746246
71	239.75995	37.97696	288.4427	195.77507	177.35126	165.71071	298.99762	-150.05711	400.0	400.0	78099	47.571266	35.792503	83.70031	-38.376804	-47.811855	0.6566407	676.2547590732574
72	25.058863	180.40561	280.17746	-104.770485	211.16577	108.0504	301.0168	-102.41146	400.0	400.0	79199	47.696655	35.944294	83.94709	-38.869465	-47.955357	0.74645853	684.7091672420502
73	245.4122	24.866219	270.2784	220.54597	201.97617	107.477936	308.16238	-44.85576	400.0	400.0	80299	47.79041	36.09533	84.24469	-40.044785	-48.025303	0.6425978	694.10422706604
74	196.07965	81.23455	280.6744	86.46679	238.72075	87.96409	302.41455	-122.16823	400.0	400.0	81399	48.136147	36.099667	84.53504	-40.5436	-48.374462	0.62020206	703.6040856838226
75	122.39611	135.00862	269.71545	-56.447906	226.07516	43.387344	285.93765	130.03857	400.0	400.0	82499	48.34244	36.12562	84.8256	-41.274563	-48.56896	0.62204844	713.0187447071075
76	233.70764	28.192211	271.03152	202.905	267.74814	53.292645	314.15475	118.59011	400.0	400.0	83599	48.590435	36.136913	85.006256	-42.10506	-48.817986	0.593852	722.5080010890961
77	108.833694	181.98424	290.81793	-73.15054	246.15036	94.55851	312.2587	-84.05825	400.0	400.0	84699	48.727024	36.119976	85.27881	-42.620304	-48.94965	0.5837914	732.0265655517578
78	260.03778	8.99745	272.67307	252.41885	241.62415	69.22506	306.53943	32.412224	400.0	400.0	85799	48.897484	36.149567	85.490074	-43.451267	-49.1205	0.5988839	743.0218224525452
79	128.0483	168.32874	294.36804	-102.607864	238.14058	50.66502	293.8435	135.22449	400.0	400.0	86899	48.937508	36.193474	85.6874	-43.78265	-49.156174	0.6069515	752.1899192333221
80	211.66602	62.412678	274.6425	126.61952	263.96072	37.94624	319.52637	151.44522	400.0	400.0	87999	49.199142	36.176598	85.9384	-44.344723	-49.425137	0.6090037	761.658349275589
81	278.60828	7.0128326	285.6211	271.59543	255.73535	36.11452	300.44073	170.8184	400.0	400.0	89099	49.449505	36.238106	86.12721	-45.196407	-49.671772	0.606771	771.1094782352448
82	261.77936	26.309193	297.93326	236.09108	242.72476	38.529312	281.70337	156.09465	400.0	400.0	90199	49.683533	36.30795	86.349724	-45.911335	-49.91141	0.66673553	781.0113670825958
83	253.56073	8.992739	263.12253	241.51808	249.13335	28.809675	279.09592	163.79088	400.0	400.0	91299	50.161366	36.31637	86.53042	-46.499546	-50.39295	0.60916024	791.0050880908966
84	249.48096	10.447981	259.9042	235.19974	236.3593	41.39739	278.8305	121.05887	400.0	400.0	92399	50.501232	36.267887	86.87652	-46.92242	-50.7271	0.599173	801.771800994873
85	235.59299	4.951721	240.54471	230.64127	232.82529	35.246	272.1931	146.14005	400.0	400.0	93499	50.905922	36.273197	87.12114	-47.183617	-51.12837	0.60092586	811.468145608902
86	258.48984	1.6743013	260.06598	256.17148	245.20622	22.581598	269.43637	191.37744	400.0	400.0	94599	51.165253	36.285683	87.301994	-47.512173	-51.39485	0.55524236	820.7988541126251
87	251.3559	8.393324	260.98965	240.53362	253.9095	37.419014	301.4237	139.02823	400.0	400.0	95699	51.541695	36.156097	87.59747	-47.304855	-51.762	0.5653102	828.8723096847534
88	261.01376	5.781024	268.90128	255.20705	272.37488	40.776344	326.04785	148.15855	400.0	400.0	96799	51.82942	36.09148	87.746185	-47.381004	-52.0586	0.58676255	839.6511328220367
89	245.79166	3.6899414	249.4816	242.10172	277.34906	13.809418	310.52142	246.37888	400.0	400.0	97899	52.129	35.94933	87.743065	-46.97607	-52.349663	0.5746632	849.3928790092468
90	231.09187	51.489853	269.9682	158.33128	265.2493	16.861542	313.20013	233.85814	400.0	400.0	98999	52.39883	35.81944	87.74782	-46.356983	-52.626118	0.56152385	858.958089351654
91	223.84306	76.16844	278.8238	116.13246	246.53519	65.00859	291.26575	-11.302935	400.0	400.0	100099	52.760765	35.71227	87.67572	-45.164192	-53.00337	0.55483913	868.6077167987823
92	240.26335	11.663473	249.66702	223.82553	250.82756	30.207596	321.20724	174.46054	400.0	400.0	101199	53.078873	35.662487	87.66421	-44.36376	-53.313095	0.54525214	878.2620244026184
93	233.44135	22.586372	256.0277	210.85497	230.37639	37.09423	277.55045	137.24055	400.0	400.0	102299	53.413822	35.600796	87.5649	-44.247776	-53.649	0.5354804	887.8531823158264
94	261.31195	2.2472153	264.0412	258.53723	235.40227	27.11617	278.61343	181.20956	400.0	400.0	103399	53.704967	35.619537	87.32478	-43.84199	-53.929935	0.52041095	897.5753562450409
95	254.15454	2.998381	257.2983	250.11832	251.37039	23.096561	282.33835	179.02676	400.0	400.0	104499	53.981552	35.541836	87.11068	-44.477013	-54.20145	0.48314688	906.8473646640778
96	258.5795	8.80389	265.24948	246.13977	246.03271	30.625912	291.98447	171.91974	400.0	400.0	105599	54.299576	35.42142	86.98323	-44.598923	-54.520084	0.51687527	915.3274612426758
97	248.74246	19.21598	267.95844	229.52647	252.90068	17.622751	279.2703	214.72421	400.0	400.0	106699	54.423195	35.44126	86.69084	-44.566715	-54.642315	0.5258414	923.8221778869629
98	254.83455	4.312814	260.3066	249.7655	239.03874	56.69412	279.30334	7.0693893	400.0	400.0	107799	54.673504	35.269382	86.59407	-44.48679	-54.88649	0.53787875	932.3129301071167
99	214.59021	8.34338	221.37921	202.83807	241.70004	35.395447	295.7946	142.24821	400.0	400.0	108899	54.89584	35.101913	86.42639	-45.09098	-55.10427	0.4807519	940.8038778305054
100	241.018	21.214981	268.3858	216.68677	246.91731	23.225826	277.98422	175.75479	400.0	400.0	109999	55.022285	35.00733	86.11823	-45.524456	-55.23657	0.5224337	949.2893612384796
101	252.59744	4.6329346	257.23038	247.96451	221.81436	63.957504	286.58936	68.78876	400.0	400.0	111099	55.25079	34.82917	86.041	-45.490524	-55.4598	0.52138317	957.9092526435852
102	203.51509	49.468384	241.59564	133.65076	186.4596	119.06221	284.9229	-157.9156	400.0	400.0	112199	55.407085	34.695282	85.86242	-45.718716	-55.61092	0.5132381	968.832864522934
103	149.09633	86.53416	264.2207	55.58941	253.82834	14.011081	276.80682	223.84561	400.0	400.0	113299	55.48003	34.53571	85.644295	-45.755154	-55.68639	0.58135486	977.9783747196198
104	229.20581	39.300903	265.3896	174.57774	248.25005	103.37764	311.7029	-181.62039	400.0	400.0	114399	55.573803	34.49925	85.494156	-46.7284	-55.7747	0.52977014	987.1164631843567
105	252.03853	41.771072	293.8096	210.26746	256.64838	94.24883	311.78516	-112.47831	400.0	400.0	115499	55.61273	34.479843	85.26418	-48.125225	-55.811394	0.5361744	996.4695086479187
106	231.8152	69.10888	288.93924	134.57503	269.0774	24.140354	297.6664	210.2714	400.0	400.0	116599	55.899853	34.369816	85.21157	-48.76062	-56.095463	0.5202568	1006.048602104187
107	277.08823	3.325827	281.661	273.84842	230.1023	95.796974	281.58405	-160.72313	400.0	400.0	117699	55.830723	34.40038	84.89902	-48.75925	-56.030453	0.5733984	1015.6605169773102
108	261.01047	8.604657	269.61957	249.25792	277.32355	28.336819	313.0813	211.82721	400.0	400.0	118799	56.070225	34.36524	84.77402	-48.874073	-56.277565	0.52897274	1025.055170059204
109	245.10257	22.848999	267.95157	222.25357	249.27002	50.44174	300.58182	160.4316	400.0	400.0	119899	56.335922	34.31484	84.85456	-48.486393	-56.543743	0.542496	1034.309960603714
110	220.9301	28.926567	245.4477	180.31137	273.59683	22.956177	309.932	210.65842	400.0	400.0	120999	56.458736	34.32422	84.79386	-48.871872	-56.670376	0.5093181	1042.7822980880737
111	264.15292	8.932098	275.28976	253.42198	253.9133	88.14263	307.98438	-122.68802	400.0	400.0	122099	56.60766	34.359272	84.830864	-48.42775	-56.813084	0.52416635	1051.2805321216583
112	257.11093	4.7795944	260.67905	250.35515	245.45772	37.670914	315.30792	164.7482	400.0	400.0	123199	56.798817	34.28513	84.61406	-48.593037	-57.001663	0.5234026	1059.7796127796173
113	261.48312	9.111076	270.5942	252.37206	250.76167	22.63202	294.9244	208.11543	400.0	400.0	124299	57.06081	34.236496	84.53049	-48.579243	-57.26512	0.49594182	1069.5411388874054
114	215.5288	40.698006	259.54874	161.4069	245.41557	36.246803	293.21402	150.71977	400.0	400.0	125399	57.19021	34.250996	84.21397	-48.861744	-57.38921	0.48992908	1079.5193486213684
115	232.01701	34.408894	261.36182	183.72736	231.81497	15.30055	253.54617	195.31181	400.0	400.0	126499	57.31283	34.266846	84.00358	-48.739567	-57.516476	0.48555115	1089.5580291748047
116	230.48218	11.444461	240.1385	214.40546	238.31955	38.105667	302.7292	183.31245	400.0	400.0	127599	57.43468	34.261253	84.00292	-49.125675	-57.63777	0.4998422	1100.3677940368652
117	226.6109	21.427254	248.03816	205.18365	222.62007	32.162704	273.0692	164.5947	400.0	400.0	128699	57.62737	34.209587	84.035484	-49.253593	-57.82682	0.511502	1111.2134308815002
118	235.00151	29.355328	257.51688	193.53792	229.2792	22.012522	256.253	153.281	400.0	400.0	129799	57.725304	34.25154	84.16886	-49.832127	-57.929077	0.4673276	1120.9325428009033
119	247.85368	10.923789	259.9596	233.48935	241.15434	56.466923	298.36185	47.732166	400.0	400.0	130899	58.097115	34.066074	84.20956	-49.910076	-58.30101	0.44115213	1130.2261917591095
120	251.69154	3.1714697	255.79456	248.07118	229.00008	99.942276	304.21216	-163.09737	400.0	400.0	131999	58.19249	34.065228	84.088585	-49.835815	-58.40024	0.49014592	1139.7506093978882
121	241.66945	22.627335	264.29678	219.04211	242.11992	81.22124	326.80707	-36.421886	400.0	400.0	133099	58.415844	33.968822	84.27713	-49.624714	-58.625675	0.46300805	1149.4386372566223
122	135.84538	145.63927	247.48709	-69.86974	223.64278	56.08688	308.92993	144.17786	400.0	400.0	134199	58.492447	33.925583	84.52807	-50.47165	-58.699936	0.53436166	1160.23965382576
123	215.40422	18.58619	241.67844	201.61966	230.11092	47.804825	306.67026	152.05211	400.0	400.0	135299	58.6194	33.815426	84.62054	-50.47577	-58.829357	0.49671325	1170.9617133140564
124	182.08003	60.03806	231.49797	97.57765	179.54315	80.65051	271.3845	-112.69475	400.0	400.0	136399	58.829834	33.624565	84.80743	-50.609665	-59.0394	0.486061	1180.651108264923
125	35.15164	118.83292	153.98456	-83.681274	164.60196	101.00646	264.52267	-147.77116	400.0	400.0	137499	58.921417	33.513134	84.75731	-50.951183	-59.12857	0.45329157	1190.3435611724854
126	207.57375	40.65697	251.4198	153.4385	197.54082	37.045517	252.90158	117.96671	400.0	400.0	138599	58.894024	33.476124	84.8837	-51.133522	-59.098095	0.46999633	1200.0551850795746
127	241.24104	22.991156	261.67938	209.12222	236.906	37.282078	291.7723	161.35483	400.0	400.0	139699	59.04844	33.335636	84.85102	-51.451008	-59.246044	0.4654271	1209.756454706192
128	212.87465	48.40313	266.0349	148.94771	246.73721	32.355164	307.0907	169.88919	400.0	400.0	140799	59.09828	33.18688	84.696526	-51.24783	-59.294205	0.44814137	1219.4496564865112
129	229.3263	29.724915	259.0512	199.60138	212.70242	40.840553	258.1423	119.99434	400.0	400.0	141899	59.328762	32.99163	84.7803	-50.879177	-59.528126	0.48207065	1230.154634475708
130	223.74646	20.86826	252.95535	205.48737	183.0311	79.580444	251.28278	-145.39615	400.0	400.0	142999	59.212593	33.03746	84.79654	-52.064888	-59.408623	0.43969554	1239.7948081493378
131	195.51973	32.496532	237.42503	158.22707	217.91931	21.695875	268.84778	169.61334	400.0	400.0	144099	59.327896	32.902966	84.641785	-52.82057	-59.5251	0.46687305	1250.4263064861298
132	199.79651	20.933834	226.08977	174.86699	218.99057	59.775948	317.21927	8.959083	400.0	400.0	145199	59.47901	32.69687	84.248245	-53.888344	-59.67152	0.47058615	1261.0554599761963
133	239.36894	1.9904022	241.35934	237.37854	185.02057	54.644043	252.54259	2.5167203	400.0	400.0	146299	59.426414	32.699223	83.97061	-54.157555	-59.618614	0.44062138	1269.8389782905579
134	222.03632	11.38756	231.18858	205.98448	214.71823	29.366518	318.78342	164.23853	400.0	400.0	147399	59.50023	32.57197	83.75634	-54.695225	-59.684418	0.4734547	1278.2250850200653
135	225.98438	7.785175	233.52783	215.26747	194.89345	38.495914	239.81778	59.99465	400.0	400.0	148499	59.559986	32.516693	83.60794	-55.12919	-59.742237	0.4676688	1286.6562492847443
136	222.61705	0.9913204	224.01833	221.87907	173.10379	108.52296	244.9524	-128.3854	400.0	400.0	149599	59.677525	32.31261	83.48932	-55.158493	-59.862713	0.48588622	1295.0986413955688
137	218.44339	22.659386	241.10277	195.784	192.69048	86.36773	271.71527	-88.92562	400.0	400.0	150699	59.728943	32.28045	83.298874	-55.34206	-59.916294	0.43537942	1304.5139565467834
138	218.26128	13.470211	233.87851	201.00563	192.66704	73.29656	249.32976	-93.41208	400.0	400.0	151799	59.68676	32.30926	83.25061	-56.726902	-59.882656	0.4843316	1313.8620493412018
139	117.34702	124.92243	226.03893	-57.6139	205.1774	50.26867	258.9161	15.089908	400.0	400.0	152899	59.86253	32.121784	84.0553	-56.868786	-60.054787	0.45078668	1323.323706626892
140	208.04625	13.083899	223.49304	191.50072	175.7353	92.856514	231.03683	-101.355545	400.0	400.0	153999	59.79973	32.171932	83.96245	-57.06688	-59.99691	0.4703776	1332.7387490272522
141	42.701733	147.67247	190.3742	-104.97074	180.1547	31.513615	219.41742	114.943344	400.0	400.0	155099	59.783993	32.140633	83.137505	-57.05076	-59.980946	0.4488853	1342.7473893165588
142	187.16527	29.546814	208.71263	145.38667	33.375412	132.7472	275.92862	-120.53057	400.0	400.0	156199	59.825985	32.065407	83.186874	-56.61249	-60.021706	0.5069278	1353.5529334545135
143	39.568497	124.45533	209.50188	-85.09304	186.39749	52.02735	240.3351	18.451796	400.0	400.0	157299	59.740433	32.1081	83.453705	-56.744633	-59.93971	0.53148776	1362.823115825653
144	193.03874	23.311584	223.7018	167.22018	206.39087	22.310143	251.1006	160.69402	400.0	400.0	158399	59.722115	32.089684	83.55433	-57.145985	-59.91676	0.4942566	1372.0956766605377
145	197.11772	25.156006	222.27373	171.96172	188.26572	35.674652	244.74197	126.83152	400.0	400.0	159499	59.83436	31.907867	83.65668	-56.292145	-60.02446	0.52856886	1381.2876007556915
146	218.74745	23.59208	247.76213	189.9751	173.34018	27.139696	207.99495	102.068596	400.0	400.0	160599	59.846912	31.79299	83.66433	-55.020054	-60.034695	0.5431654	1390.6341407299042
147	205.44334	34.871197	253.57043	172.06113	173.4396	60.707375	270.58728	-2.1774232	400.0	400.0	161699	59.86525	31.627792	83.740944	-54.644897	-60.05125	0.47403798	1399.8313517570496
148	207.3173	35.28139	255.56245	172.17343	175.72882	56.309044	227.31458	-51.25045	400.0	400.0	162799	59.844975	31.518608	84.17153	-54.09513	-60.032757	0.5214237	1410.849524974823
149	205.42052	4.80632	210.22684	200.6142	177.58836	34.531036	227.37851	130.62381	400.0	400.0	163899	59.930897	31.307789	85.096664	-53.559635	-60.118908	0.49159613	1420.8723437786102
150	162.86334	23.543095	196.11053	144.69582	160.66252	96.41751	242.79742	-124.0585	400.0	400.0	164999	59.99628	31.054098	83.324905	-52.16939	-60.18179	0.46453777	1431.7770535945892
151	213.46283	5.3822255	217.62111	205.86246	194.61552	37.072964	233.64632	118.74097	400.0	400.0	166099	59.972523	30.876219	84.54205	-50.366306	-60.15728	0.49560964	1441.523633480072
152	205.30894	19.519402	227.31429	179.87248	177.56294	101.696236	242.76598	-147.72038	400.0	400.0	167199	60.073517	30.512634	84.6873	-47.467327	-60.25561	0.4816995	1451.4538748264313
153	209.46204	14.1074295	223.56946	195.3546	158.46638	102.5339	241.76595	-56.723293	400.0	400.0	168299	60.037834	30.356966	83.62687	-45.37358	-60.217793	0.45360196	1461.0767755508423
154	201.29468	13.730065	220.01926	187.48103	190.0983	41.026485	250.07039	99.233	400.0	400.0	169399	60.037582	30.221624	83.09506	-46.13191	-60.215668	0.4390453	1471.7573540210724
155	213.10828	20.44876	237.26987	187.26555	206.12509	22.272356	230.41544	133.3079	400.0	400.0	170499	60.148655	30.02223	81.63377	-47.29057	-60.323254	0.46025032	1481.24715924263
156	212.96912	9.221989	225.9608	205.48352	168.99686	47.06856	240.28148	76.59576	400.0	400.0	171599	60.05153	30.004116	81.57332	-48.371124	-60.229248	0.4212638	1491.797331571579
157	193.89948	0.995636	194.89511	192.90384	178.3676	40.771015	229.0606	88.6121	400.0	400.0	172699	59.967934	30.01508	81.424904	-49.204937	-60.143913	0.41957575	1500.85773062706
158	174.90033	63.47836	223.70259	85.24578	185.59836	35.35902	213.73796	77.14805	400.0	400.0	173799	60.01868	29.891464	81.025536	-49.994617	-60.18994	0.40562612	1508.8974285125732
159	104.12149	43.484726	161.16714	55.70578	192.40506	25.303776	223.16968	137.16335	400.0	400.0	174899	59.933315	29.860657	80.97607	-50.24319	-60.109657	0.40861434	1518.4942235946655
160	209.39404	11.476083	222.82785	194.79042	177.09572	52.508533	220.5286	13.527433	400.0	400.0	175999	60.023727	29.683477	80.79059	-50.650974	-60.191547	0.39217615	1529.334671497345
161	196.09448	19.70781	215.80229	176.38667	198.13394	20.168703	221.52478	158.2379	400.0	400.0	177099	59.935135	29.688126	80.56469	-50.610107	-60.097343	0.37968594	1538.6190404891968
162	207.64977	12.5955305	221.07812	190.79997	206.40742	19.751343	256.15137	171.33237	400.0	400.0	178199	59.853058	29.71968	80.466774	-50.57379	-60.018616	0.40224397	1547.8788769245148
163	195.01006	14.370046	211.73053	176.64648	206.37344	20.03765	241.36195	157.27635	400.0	400.0	179299	59.872513	29.630808	80.22035	-50.75624	-60.038254	0.37013686	1557.0362849235535
164	200.99626	3.0465817	204.87999	197.43886	206.87178	13.459376	224.34113	183.88019	400.0	400.0	180399	59.846264	29.619495	80.19212	-50.72732	-60.012363	0.3948083	1566.383192539215
165	174.88347	21.366257	196.24973	153.51721	210.63774	21.962881	247.01056	167.51768	400.0	400.0	181499	59.744514	29.651224	80.42387	-50.24026	-59.912357	0.4172422	1575.6075325012207
166	221.97704	14.428495	234.68369	201.797	213.14778	17.826319	230.02557	148.32596	400.0	400.0	182599	59.84866	29.530634	80.596466	-50.52902	-60.014786	0.4075684	1585.0258984565735
167	221.73083	9.296339	230.78589	208.94876	221.74727	21.561954	253.11592	170.97646	400.0	400.0	183699	59.794453	29.602858	80.65869	-50.426117	-59.96284	0.40128437	1594.5351662635803
168	212.56664	12.012339	227.5946	198.19229	205.12651	30.24348	258.28766	108.464455	400.0	400.0	184799	59.89915	29.470741	80.77558	-50.60269	-60.06777	0.4458356	1603.0616106987
169	193.02023	4.8366165	197.85684	188.18361	202.80864	19.548458	237.3156	166.25092	400.0	400.0	185899	59.856426	29.462543	80.71073	-50.80843	-60.023666	0.40678954	1611.5657181739807
170	198.97107	40.071136	251.27434	153.92975	202.29703	13.94793	235.17712	176.03374	400.0	400.0	186999	59.874695	29.424662	80.642075	-50.930454	-60.042572	0.4342273	1620.76717543602
171	219.77867	36.987247	264.67908	174.0895	221.49529	35.650566	287.95062	164.13348	400.0	400.0	188099	59.93716	29.307196	80.3848	-51.43623	-60.099617	0.40723664	1630.8787627220154
172	185.46272	30.020996	209.59882	143.14609	233.50932	24.626413	280.12845	184.79459	400.0	400.0	189199	59.870277	29.306198	80.226974	-51.790024	-60.032345	0.39355996	1640.9375281333923
173	214.56567	19.653557	234.21924	194.91212	242.67313	42.72357	312.1761	165.62247	400.0	400.0	190299	59.75571	29.382938	80.10263	-52.217144	-59.913742	0.3964617	1650.7186870574951
174	247.35097	8.987262	258.51767	236.51073	215.67996	45.118263	298.9161	134.47522	400.0	400.0	191399	59.73589	29.342934	79.539215	-53.037884	-59.891464	0.3997314	1660.5652902126312
175	234.93651	31.793198	275.59824	197.98701	200.9785	39.11025	309.54642	141.28563	400.0	400.0	192499	59.752625	29.225819	79.35573	-53.461082	-59.900467	0.39816478	1671.4389810562134
176	201.01154	24.244896	233.57361	175.42964	186.8949	12.387045	203.88466	153.61507	400.0	400.0	193599	59.623444	29.249233	78.70869	-53.82011	-59.767956	0.3551486	1682.089397907257
177	211.55023	6.3945694	217.94481	205.15567	213.49332	48.921425	303.39163	103.71703	400.0	400.0	194699	59.50611	29.23736	78.474365	-54.437195	-59.65091	0.3715623	1692.777109861374
178	210.8805	5.5290627	217.1637	203.70816	212.12314	46.173862	262.70105	82.12853	400.0	400.0	195799	59.49353	29.159203	78.39508	-55.025017	-59.635582	0.37178782	1702.929372549057
179	164.25806	52.827477	214.50381	91.253685	187.89066	23.088932	233.67018	142.1747	400.0	400.0	196899	59.322563	29.19702	78.43714	-55.175858	-59.467297	0.382481	1712.1273205280304
180	167.20477	3.7140813	171.8425	162.75044	208.00266	44.293198	309.32123	149.58089	400.0	400.0	197999	59.29072	29.075542	78.32891	-55.096104	-59.4339	0.3409237	1721.161104440689
181	259.74432	3.541092	263.2854	256.20322	190.31932	38.208176	272.02145	87.31482	400.0	400.0	199099	59.24416	29.039831	78.473366	-54.463013	-59.3884	0.3897833	1730.5065650939941
182	179.93225	25.35893	215.77995	161.10303	201.75577	30.49485	241.51268	105.314445	400.0	400.0	200199	59.08741	29.185827	78.271904	-53.154606	-59.23057	0.394883	1739.7772319316864
183	203.7665	10.674205	218.38203	193.18803	181.93527	31.810093	237.47675	108.11952	400.0	400.0	201299	59.028526	29.184874	78.25538	-51.489235	-59.17349	0.35635132	1749.014246225357
184	176.72438	16.173357	195.37387	155.9317	194.25742	25.93139	233.77359	134.80305	400.0	400.0	202399	59.08133	29.078955	78.22374	-51.07718	-59.225845	0.3735517	1758.2395305633545
185	197.46863	18.318153	215.78677	179.15047	196.80104	18.57354	223.04047	151.03532	400.0	400.0	203499	59.00483	29.05672	78.22075	-51.37037	-59.154995	0.3687856	1767.6591138839722
186	197.55547	8.8210125	210.03021	191.2865	187.42114	15.310528	209.52592	153.26894	400.0	400.0	204599	58.998425	29.047827	78.13437	-52.142296	-59.145985	0.35182506	1777.1581048965454
187	210.59361	12.231032	226.54599	196.82619	186.0658	22.171858	211.53526	131.4286	400.0	400.0	205699	58.964005	29.046526	78.23901	-52.945366	-59.112545	0.34576583	1786.453047990799
188	217.19702	10.326877	231.1629	206.51514	214.82019	16.073421	238.38705	170.22357	400.0	400.0	206799	59.029453	28.992296	78.26955	-53.375652	-59.18246	0.36984554	1795.8932042121887
189	214.2156	10.03521	224.25082	204.1804	210.06186	19.288809	258.211	164.54247	400.0	400.0	207899	58.998764	29.018785	78.420845	-54.07104	-59.149254	0.34709367	1805.3662807941437
190	208.74817	3.1287687	213.05061	205.70224	206.00577	21.842365	241.81049	150.74022	400.0	400.0	208999	58.94331	29.100746	78.25938	-54.488285	-59.09566	0.35713577	1814.8140122890472
191	194.37737	9.118139	206.09311	183.85402	209.70598	29.530748	262.7268	162.42572	400.0	400.0	210099	59.0681	28.94154	78.35392	-54.954372	-59.2191	0.33517438	1824.0270719528198
192	70.00768	186.23726	207.42738	-193.28722	204.90857	21.20536	253.40347	157.37534	400.0	400.0	211199	58.98639	29.012594	78.20185	-55.425175	-59.131493	0.34107628	1833.2160518169403
193	190.8724	7.0074234	197.87982	183.86497	185.63522	31.069191	234.26413	137.94485	400.0	400.0	212299	58.830914	29.171265	78.146286	-55.896572	-58.973095	0.35889232	1842.6111297607422
194	162.82867	22.204939	193.99956	143.94617	182.02097	31.368706	232.07951	129.63893	400.0	400.0	213399	58.793446	29.102135	77.99976	-56.743763	-58.935932	0.3542722	1851.8641595840454
195	185.96399	45.870018	247.74652	137.9474	199.83855	39.88311	271.28204	125.21419	400.0	400.0	214499	58.78754	29.06104	77.7618	-56.77025	-58.926277	0.35883594	1861.2459032535553
196	164.75159	35.008453	198.92595	116.64066	211.7106	26.225863	255.18747	156.22302	400.0	400.0	215599	58.72733	29.044313	77.59358	-56.707314	-58.87272	0.35947204	1870.44846701622
197	216.46976	18.785896	235.25566	197.68387	197.29713	28.165543	269.85776	150.23154	400.0	400.0	216699	58.761868	28.93448	77.412704	-56.994514	-58.906475	0.36814907	1879.7815549373627
198	217.56511	7.484239	227.46451	209.37163	188.4987	22.459003	218.83409	137.34224	400.0	400.0	217799	58.698757	29.012062	77.27001	-56.783237	-58.840073	0.36445007	1888.3518509864807
199	202.20154	15.977956	214.5635	179.63982	184.36816	43.915764	245.8908	83.63691	400.0	400.0	218899	58.636253	29.01475	77.157906	-55.977184	-58.774544	0.32953775	1896.9142060279846
200	191.72505	45.57249	245.97986	134.47142	201.22	41.979984	263.24896	74.20838	400.0	400.0	219999	58.506992	29.079805	77.309395	-55.793533	-58.64511	0.35575902	1905.1099367141724
201	175.55469	48.618473	224.17316	126.93621	230.75728	50.541862	308.43723	150.7563	400.0	400.0	221099	58.59097	28.858536	77.18528	-55.72963	-58.727882	0.36118564	1913.2627851963043
202	153.68361	27.873354	192.34697	127.700294	213.35428	43.660194	275.85046	121.38015	400.0	400.0	222199	58.482784	28.822998	77.095314	-55.82851	-58.617523	0.34806556	1921.7881240844727
203	170.34752	19.912962	198.50533	155.89139	201.44589	50.657864	276.83746	114.477196	400.0	400.0	223299	58.39915	28.77854	77.30077	-56.120117	-58.53585	0.3558342	1931.0847215652466
204	215.87953	30.884508	238.12498	172.20479	210.21243	28.606077	270.66772	165.03098	400.0	400.0	224399	58.341187	28.720074	77.783394	-55.86084	-58.477192	0.3465867	1940.5194191932678
205	192.99991	6.6048203	199.60472	186.39508	174.0938	39.3971	202.61052	13.516022	400.0	400.0	225499	58.25053	28.708511	77.715775	-56.094982	-58.381733	0.36429384	1949.8341455459595
206	211.6388	15.570202	225.80057	189.9555	200.25107	23.80356	231.11516	148.09117	400.0	400.0	226599	58.24529	28.622606	77.61134	-55.896263	-58.38028	0.34625354	1959.03915476799
207	197.5843	30.281008	221.16101	154.83609	219.79797	44.794647	302.19165	138.43062	400.0	400.0	227699	58.212242	28.516579	77.374245	-55.42426	-58.348495	0.35580954	1968.268694639206
208	229.6145	23.849586	263.13016	209.5811	190.75679	26.423271	216.20386	102.03791	400.0	400.0	228799	58.215893	28.442604	77.43473	-54.791523	-58.3558	0.3393915	1978.509768486023
209	196.26956	9.320412	205.58997	186.94914	204.12355	34.5184	241.76721	79.96697	400.0	400.0	229899	58.22654	28.340689	77.43444	-53.51024	-58.36423	0.3503971	1989.526290178299
210	206.70161	5.3665085	213.039	199.91667	188.5557	24.192804	223.05031	135.03423	400.0	400.0	230999	58.169907	28.351103	77.74361	-52.076836	-58.31092	0.34893364	2000.3172969818115
211	190.07043	16.070272	205.77934	167.99265	192.31679	22.42612	220.37569	147.46696	400.0	400.0	232099	58.240826	28.224922	78.044495	-51.569492	-58.38218	0.3302641	2010.2803831100464
212	189.42097	19.482798	205.88895	162.05656	191.69073	15.662016	216.14862	164.25868	400.0	400.0	233199	58.251133	28.11676	78.036316	-51.007484	-58.394188	0.36074913	2021.0527148246765
213	207.3129	8.293327	215.60622	199.01956	194.60043	20.72432	224.22192	148.90541	400.0	400.0	234299	58.304474	28.042912	78.093956	-51.286102	-58.44705	0.3491209	2030.1492977142334
214	208.7806	15.707856	223.05185	186.90205	190.75859	9.140364	208.70349	179.34064	400.0	400.0	235399	58.302036	28.037031	78.201485	-51.692406	-58.44721	0.34552735	2039.475649356842
215	199.66844	3.593492	204.62343	196.21326	200.92651	16.201885	220.67429	166.64027	400.0	400.0	236499	58.39969	27.920542	78.277115	-51.967495	-58.544506	0.33872524	2047.9560554027557
216	196.48242	18.12948	215.52007	172.09103	189.62448	20.767792	214.49905	138.12166	400.0	400.0	237599	58.483818	27.873102	78.27581	-52.54715	-58.630882	0.35323375	2056.084909439087
217	214.53586	2.6278763	217.16374	211.90799	183.2667	17.71284	206.09906	135.63957	400.0	400.0	238699	58.527008	27.844742	78.3748	-52.659348	-58.679417	0.32154262	2065.3679616451263
218	189.12114	25.22966	211.0707	153.7852	194.76518	10.3475685	213.9927	175.65749	400.0	400.0	239799	58.5894	27.795177	78.5388	-53.22904	-58.740574	0.33179614	2074.5691225528717
219	197.09143	8.553834	209.0732	189.65828	192.69765	20.873014	216.20778	146.19621	400.0	400.0	240899	58.674637	27.732697	78.65455	-53.50467	-58.82417	0.35429817	2083.760100364685
220	161.78023	62.742584	212.19028	73.33701	191.36429	16.518747	219.10312	136.8004	400.0	400.0	241999	58.742493	27.710543	78.65398	-54.475643	-58.895275	0.34221685	2092.920413017273
221	193.54482	10.139893	203.68471	183.40492	187.30272	11.028357	206.11923	168.53413	400.0	400.0	243099	58.780743	27.678312	78.66962	-55.110016	-58.933434	0.3480014	2102.4823558330536
222	193.4333	3.4635024	198.31078	190.60533	189.05159	17.183626	225.9265	164.8735	400.0	400.0	244199	58.921486	27.576462	78.75261	-55.514458	-59.075546	0.34850758	2111.9276735782623
223	188.75655	10.479545	197.77225	174.06198	183.38171	13.519715	207.37402	160.33667	400.0	400.0	245299	58.995705	27.438269	78.694855	-57.173523	-59.14951	0.35618865	2121.2866361141205
224	196.0285	14.2001705	212.4294	177.79185	209.82504	44.699883	323.80292	164.88496	400.0	400.0	246399	59.076447	27.402288	78.76053	-57.355587	-59.227615	0.34461513	2132.3589186668396
225	206.2471	7.204895	213.452	199.0422	193.7909	21.241804	235.01007	158.10573	400.0	400.0	247499	59.174152	27.279144	78.794655	-56.98381	-59.328312	0.3575028	2141.6994574069977
226	227.32494	17.148588	243.9225	203.71269	223.1095	40.78014	293.7107	167.11197	400.0	400.0	248599	59.24019	27.203775	78.856476	-57.24873	-59.391037	0.3470535	2151.115454673767
227	193.74483	16.327015	215.79391	176.78435	197.90895	23.499847	282.1461	163.89357	400.0	400.0	249699	59.279305	27.126375	78.83854	-57.913326	-59.43203	0.35160765	2160.3082609176636
228	203.26308	18.638094	228.90585	185.15927	195.46483	25.236702	254.51031	144.14774	400.0	400.0	250799	59.42198	26.960247	78.881615	-58.488472	-59.57069	0.34025553	2169.6908078193665
229	200.11487	9.83387	209.94875	190.281	200.00685	17.749744	239.00482	168.37622	400.0	400.0	251899	59.363964	26.96276	78.96907	-58.500744	-59.510494	0.34075075	2180.6133003234863
230	208.7157	7.320068	214.02524	198.36473	204.79486	13.666879	232.21776	179.97519	400.0	400.0	252999	59.45313	26.838844	78.96127	-59.401394	-59.595306	0.3442445	2190.4281487464905
231	179.13496	10.944158	191.40811	164.83205	211.82288	15.902604	232.34477	168.17055	400.0	400.0	254099	59.39476	26.840439	78.87076	-59.376514	-59.536636	0.34128386	2201.1972794532776
232	217.81592	6.992357	227.43565	211.02235	205.8942	21.65429	253.87212	157.22379	400.0	400.0	255199	59.413296	26.71052	78.84185	-59.40042	-59.54906	0.34016412	2211.47492313385
233	191.03741	13.836891	204.87431	177.20053	201.51286	13.641639	228.4418	170.66061	400.0	400.0	256299	59.364265	26.673855	78.767075	-59.80542	-59.50064	0.35938624	2221.5975365638733
234	204.83826	4.4323735	209.52405	198.88962	196.08002	25.769926	254.06082	125.33571	400.0	400.0	257399	59.366978	26.52564	78.87181	-60.221962	-59.499863	0.34668133	2231.508718252182
235	201.16862	6.565783	207.96083	192.28947	206.76859	24.170912	294.10562	179.8285	400.0	400.0	258499	59.261864	26.570677	78.72659	-60.360172	-59.393623	0.3454773	2242.275297164917
236	225.09003	26.567593	262.13202	201.12166	203.22684	27.605066	241.03282	129.96016	400.0	400.0	259599	59.21063	26.525175	78.63174	-60.259342	-59.34677	0.34282443	2250.288855791092
237	227.78915	24.58979	252.37894	203.19936	211.23898	32.435802	291.74643	163.67278	400.0	400.0	260699	59.25451	26.399727	78.51924	-59.26951	-59.384346	0.36149135	2260.9127163887024
238	212.27855	25.736286	247.97748	188.28706	215.70413	14.635043	237.75327	183.9998	400.0	400.0	261799	59.176655	26.334389	78.53071	-59.11436	-59.309208	0.35093242	2270.1565470695496
239	217.18935	16.723251	240.81424	204.42873	215.55188	19.537716	248.40965	172.22609	400.0	400.0	262899	59.1381	26.295694	78.392624	-58.586704	-59.272556	0.35368842	2279.2880890369415
240	194.78984	5.0662737	201.59566	189.44751	197.24098	18.289066	229.88327	158.04613	400.0	400.0	263999	59.193077	26.153412	78.37163	-58.024624	-59.326916	0.33963227	2288.387187242508
241	196.98563	12.940231	209.92586	184.0454	199.7646	17.303595	233.58275	168.72931	400.0	400.0	265099	59.151108	26.153877	78.177574	-57.876717	-59.287373	0.36661872	2297.6379952430725
242	185.09605	14.494292	195.92352	164.60912	205.78674	17.930775	226.08101	159.3127	400.0	400.0	266199	59.201176	26.025106	78.17186	-57.868633	-59.339096	0.3292917	2307.002098798752
243	214.37617	14.005869	225.47934	194.61945	198.69499	20.683107	226.57854	153.5061	400.0	400.0	267299	59.21183	25.970697	77.93901	-58.160736	-59.346786	0.34893054	2317.6619775295258
244	203.72499	2.9198081	207.71974	200.8224	187.62128	26.543299	224.03734	128.74881	400.0	400.0	268399	59.194862	25.922306	77.75575	-58.273205	-59.329918	0.32282487	2327.4802548885345
245	219.05942	2.9384232	221.99783	216.12099	201.83125	18.450632	235.80519	172.59984	400.0	400.0	269499	59.163677	25.976427	77.5721	-58.96709	-59.296917	0.3303013	2337.497721672058
246	208.55888	9.027496	219.33809	197.24475	201.3863	22.191914	233.8842	141.84264	400.0	400.0	270599	59.216938	25.878754	77.31082	-59.436424	-59.35267	0.31699622	2348.313637971878
247	197.6201	1.7973466	200.06183	195.78757	200.0336	24.189476	244.97339	141.34308	400.0	400.0	271699	59.19185	25.888155	76.93332	-60.731094	-59.328102	0.30775863	2358.179310798645
248	207.95726	17.059185	231.4286	191.38988	200.34	20.692327	233.79045	149.99654	400.0	400.0	272799	59.302296	25.684032	76.71452	-61.304092	-59.4408	0.31951433	2368.0660955905914
249	195.64914	6.326332	201.97548	189.32281	189.66971	21.290771	213.57188	142.25305	400.0	400.0	273899	59.276268	25.733576	76.34645	-61.54305	-59.41294	0.29739693	2378.5128824710846
250	192.62567	11.065053	208.07214	182.73265	183.46901	16.260351	196.61533	137.05847	400.0	400.0	274999	59.305912	25.69959	76.19073	-62.516193	-59.4403	0.31447864	2388.796578645706
