Epoch	AverageEpRet	StdEpRet	MaxEpRet	MinEpRet	AverageTestEpRet	StdTestEpRet	MaxTestEpRet	MinTestEpRet	EpLen	TestEpLen	TotalEnvInteracts	AverageQVals	StdQVals	MaxQVals	MinQVals	LossPi	LossQ	Time
1	-13.72495	17.919102	8.000465	-39.64042	-28.376007	11.273939	0.8360681	-48.80156	142.57143	57.95	1099	-0.15157923	0.4795254	2.8843477	-11.27382	0.12192337	0.10394767	1.2695813179016113
2	-28.955616	23.125414	16.613543	-71.9578	-28.259079	13.505624	-10.394145	-55.682827	107.8	93.8	2199	-0.45007995	0.9662094	8.061074	-26.98783	0.4138195	0.03763355	8.85709023475647
3	-22.58216	13.535876	2.3653398	-43.22462	-22.037401	7.2390676	-8.06873	-37.15347	97.583336	69.7	3299	-1.1976877	1.8949524	6.546671	-7.778981	1.1134691	0.10547067	16.188053846359253
4	-11.81742	11.656996	5.953617	-26.629642	-23.975199	15.507658	19.258398	-54.785088	90.75	85.65	4399	-1.5312494	2.9429674	10.485286	-9.372989	1.3936657	0.22905649	23.95290493965149
5	-13.446854	23.055227	11.973591	-47.72309	-3.0918212	11.650187	15.140863	-28.573313	115.44444	130.65	5499	-1.52332	3.9656146	13.56444	-11.064578	1.3462085	0.32047197	32.114627838134766
6	0.910568	15.678648	15.748401	-31.687073	7.958108	10.519361	29.64342	-19.343452	133.66667	140.45	6599	-1.0737048	4.7926617	14.846254	-14.070451	0.8759339	0.34983337	39.962719440460205
7	11.226516	4.966093	18.836575	1.0967426	11.51815	8.323515	29.01158	-4.7774563	150.0	146.95	7699	-0.20093885	5.411708	16.526224	-16.268688	-0.021705946	0.38377264	48.54595136642456
8	13.186782	7.7867055	22.841524	0.4905409	8.171029	14.420699	29.992323	-30.125195	150.0	143.6	8799	0.74978167	5.9497375	20.21644	-18.077034	-0.9990332	0.4035237	57.190327882766724
9	11.681386	12.702626	40.707264	-7.7239275	12.593962	10.241762	30.754324	0.24202986	131.77777	150.0	9899	1.8459384	6.3988347	27.567997	-19.065228	-2.1170073	0.4044505	64.98389983177185
10	10.402153	11.135662	26.67526	-4.6416574	6.887502	8.742206	28.523989	-4.3379245	150.0	150.0	10999	3.8388932	6.8767877	33.862827	-19.187996	-4.112232	0.43449962	73.01215267181396
11	11.419012	7.162063	20.504063	-1.6659687	14.91995	10.6280775	30.938679	-0.7623498	150.0	150.0	12099	5.7254734	7.0286794	39.26678	-19.284521	-5.984519	0.38856885	81.77927994728088
12	11.377872	15.715743	34.681786	-22.561918	16.953098	10.705147	32.036514	-4.9012647	134.22223	150.0	13199	7.5351195	6.511965	44.706673	-19.407173	-7.744563	0.33931503	89.4983971118927
13	12.26039	8.854208	28.236948	-2.5255282	16.854254	8.498492	36.23077	4.2295117	143.14285	150.0	14299	8.782753	6.0430546	42.7461	-17.006664	-8.961605	0.27015722	97.46018123626709
14	15.758102	10.381709	27.064222	-2.1987686	15.572702	9.1966505	30.750362	2.2580872	138.875	150.0	15399	10.114629	6.335506	38.937088	-18.957228	-10.296825	0.23817888	105.38288068771362
15	11.44715	9.048245	29.67312	-1.7842716	-7.614924	13.376205	16.24549	-38.79718	150.0	147.5	16499	11.035966	6.507811	42.33378	-20.16001	-11.250996	0.24183159	113.00598883628845
16	-10.067109	13.3137	1.6598547	-34.44003	-1.1227329	18.05595	26.926735	-35.391056	139.57143	125.95	17599	12.083652	6.8090343	39.495224	-20.364393	-12.275856	0.2437212	120.74614024162292
17	-3.0874221	13.242436	14.162333	-26.28398	9.306079	11.580662	27.141432	-14.984099	150.0	136.0	18699	12.7954855	7.1302943	42.64866	-6.10444	-12.959833	0.26668528	129.19717669487
18	8.800825	8.20407	23.15958	-2.0855117	10.458268	11.481654	29.307947	-11.435932	138.375	131.3	19799	13.289695	7.5084515	43.65622	-3.6569324	-13.464167	0.3467183	137.4670946598053
19	5.8966	15.760022	23.733103	-21.011608	11.025313	6.0587397	22.40212	1.6604317	125.55556	150.0	20899	13.642698	7.670648	44.80978	-8.7345295	-13.821815	0.35724172	145.2179343700409
20	5.4969254	10.914894	16.444002	-18.830616	0.45722547	14.738005	30.294832	-28.00555	140.42857	131.1	21999	13.792376	7.824574	44.95127	-8.578509	-13.961871	0.2820546	153.206157207489
21	6.940417	14.219941	32.213448	-14.739083	-1.2376078	10.480062	13.7631	-27.576605	132.77777	126.2	23099	13.729007	7.836294	46.043945	-10.525003	-13.892954	0.26622796	160.83399438858032
22	4.35213	11.079191	21.094423	-10.120205	3.961681	12.492704	24.951605	-34.53094	128.0	144.4	24199	13.981032	8.18999	46.91675	-12.332508	-14.158875	0.26842174	169.0062551498413
23	11.24499	9.881716	23.182213	-9.454213	1.1886678	27.080458	33.765274	-54.72149	140.875	146.8	25299	14.376968	8.4019165	49.90995	-6.6444826	-14.576963	0.37872788	177.3639702796936
24	10.187793	11.460334	24.134642	-7.5350156	10.3286495	18.409033	38.7925	-34.910175	141.75	143.5	26399	14.30232	8.084751	46.595642	-5.8556147	-14.480123	0.3856138	185.15917015075684
25	15.79926	8.180289	27.229551	3.0286343	9.766034	12.4096775	34.66753	-20.884045	150.0	142.25	27499	14.483803	8.266806	46.96042	-6.2227516	-14.634631	0.36969215	193.20484495162964
26	10.236193	11.461952	27.545107	-14.91072	13.795319	10.011636	28.85267	-5.066714	140.0	147.65	28599	14.291663	8.493742	50.259228	-8.496052	-14.446199	0.34872073	201.74970030784607
27	17.121012	7.274484	25.448736	4.3708863	13.746878	8.924035	30.94828	-3.364482	150.0	150.0	29699	14.379431	8.521863	47.18356	-11.081881	-14.538404	0.34016562	209.21520566940308
28	9.353287	24.081968	33.713375	-46.869423	18.417564	11.270151	36.659927	-2.6531065	148.625	150.0	30799	14.34234	8.445689	46.5709	-11.470009	-14.506797	0.33185288	217.41968703269958
29	17.09443	10.9476185	38.942036	2.8040977	12.852991	11.70315	40.0169	-13.263789	150.0	145.65	31899	14.332234	8.090295	49.949787	-12.091045	-14.459455	0.31548172	226.02672576904297
30	11.118563	12.040089	33.002804	-10.229856	16.21053	13.74374	35.31127	-19.895727	142.375	144.85	32999	14.094154	8.107765	50.471413	-14.47733	-14.209691	0.3109592	233.6242926120758
31	21.02095	3.43886	26.766426	16.528904	11.64443	12.440615	30.17337	-28.422258	150.0	145.25	34099	13.917214	8.272367	47.69241	-14.994442	-14.031955	0.27919218	242.2152078151703
32	14.171893	7.7997794	26.37896	4.0837197	15.249678	8.527825	28.869438	2.222103	150.0	150.0	35199	13.541922	8.037515	42.853764	-8.586127	-13.661698	0.27055338	250.8664677143097
33	22.971165	7.380387	32.273514	9.947758	22.303995	6.929634	43.794228	14.520944	150.0	150.0	36299	13.590066	8.134307	42.615673	-8.075463	-13.701574	0.24872376	258.6693389415741
34	15.215396	11.098765	33.75618	0.8398561	13.042168	7.7986393	33.88735	0.82000107	150.0	150.0	37399	13.730124	8.2065325	46.29407	-5.6648293	-13.830101	0.2584683	266.4832856655121
35	4.440189	9.422215	25.343252	-4.7428703	9.824478	8.183491	29.087421	-3.8906624	150.0	150.0	38499	13.729152	8.153219	50.22641	-7.0511956	-13.825498	0.31647527	274.47345900535583
36	10.091885	8.773939	20.53757	-8.727149	6.66104	11.777016	35.900047	-11.793768	150.0	150.0	39599	13.453956	7.790408	46.177223	-7.472559	-13.537728	0.27960685	282.24329948425293
37	12.75106	14.0391035	35.43237	-5.6696606	8.177416	10.001821	22.843597	-12.107154	150.0	145.7	40699	13.536581	7.4025464	46.047676	-0.10882151	-13.620844	0.22620583	290.4312570095062
38	13.594911	15.634259	36.68512	-4.926661	6.3936167	10.8663	26.299168	-16.07092	150.0	150.0	41799	13.981956	7.3455043	47.0287	2.5310886	-14.056353	0.215454	298.9742980003357
39	8.374415	7.3281755	25.567846	0.86466396	6.718862	9.185699	31.618784	-5.69329	150.0	150.0	42899	14.84472	7.467385	44.653038	-0.8196107	-14.931747	0.2192432	306.416077375412
40	9.687938	10.764266	28.524652	-2.7992268	4.77604	19.538351	31.316246	-38.28595	150.0	139.3	43999	15.489629	7.3852425	45.87582	-0.18754756	-15.579915	0.2095633	313.7631859779358
41	4.366805	6.9848514	14.497908	-4.353427	2.2992113	10.671318	24.353695	-10.387865	150.0	150.0	45099	15.715552	7.1648097	46.0003	0.60681164	-15.805695	0.19053559	321.5745303630829
42	3.8193836	8.650098	17.844631	-9.133489	9.583661	9.014064	25.192303	-14.749275	150.0	150.0	46199	15.9509945	6.7139997	44.897083	1.2805502	-16.033289	0.1728642	329.5490608215332
43	3.7556694	11.805998	26.45434	-13.204687	5.5975513	12.872287	37.114365	-15.557306	150.0	150.0	47299	16.141466	6.55665	45.15822	1.7996053	-16.22074	0.18998039	337.85147190093994
44	7.6065755	9.517753	25.531628	-6.669566	7.2071724	9.215824	23.50123	-10.680731	138.5	150.0	48399	16.180782	6.5146394	46.436188	2.7813206	-16.258938	0.173173	346.4435679912567
45	8.272578	9.502691	27.588488	-4.9758463	7.0717597	16.107935	34.702698	-26.590523	150.0	132.05	49499	15.746081	6.65948	46.715706	-0.8586911	-15.827816	0.17031322	354.41468811035156
46	2.2182684	18.600403	29.169647	-38.205044	4.7857714	17.134584	31.212927	-31.01209	131.33333	137.9	50599	14.493411	6.8275533	47.40324	-4.3045382	-14.59103	0.30025983	362.5358226299286
47	5.589953	21.900017	41.47877	-32.748634	10.608648	11.209761	28.277634	-23.009916	123.666664	144.95	51699	14.055829	7.0298758	47.06422	-5.7273216	-14.162395	0.27042997	370.22035217285156
48	2.8581343	13.496054	21.867657	-27.785301	-4.760236	19.997446	24.078434	-38.91393	137.875	121.6	52799	13.415333	7.09521	46.30907	-7.225811	-13.538849	0.2409526	378.1607828140259
49	-4.6959777	21.373981	26.087492	-44.047924	-2.9677742	22.548103	29.897818	-53.540398	124.0	133.05	53899	12.869263	7.489264	48.556583	-8.303326	-12.995663	0.38114178	386.0852310657501
50	-5.352552	19.070953	25.861689	-30.540161	-1.852033	20.124586	24.875662	-37.932228	122.888885	125.85	54999	12.549818	7.426164	45.538742	-12.483598	-12.694381	0.6689542	393.43854689598083
51	14.588903	10.575406	27.71272	-2.3268652	-3.0698483	13.943804	22.744282	-35.63866	150.0	132.1	56099	12.258361	7.326229	40.93862	-25.017418	-12.398734	0.48592386	401.46931624412537
52	5.6816554	9.464635	13.565281	-12.279865	11.874453	9.0718	27.527138	-8.592268	150.0	150.0	57199	12.276305	7.345252	39.592163	-6.294347	-12.423208	0.3724732	409.5493552684784
53	-7.4856105	12.117878	8.736733	-27.306652	5.321344	16.75067	34.524174	-31.222784	150.0	143.1	58299	12.694597	7.352831	40.391975	-6.6045485	-12.84288	0.3327062	417.25628447532654
54	-4.1740384	9.615248	3.3936791	-22.048666	-0.92311734	14.282206	24.548666	-31.221857	122.333336	141.6	59399	12.831871	7.31218	40.59009	-6.5031357	-12.975714	0.39409396	424.95841455459595
55	6.68977	12.440714	31.924173	-8.7506075	7.5376062	13.775076	30.041706	-22.47224	150.0	143.4	60499	12.688024	7.001398	40.17199	-7.42084	-12.822035	0.3549078	432.2817380428314
56	0.8662789	16.657852	23.301403	-36.330357	9.295918	12.86434	37.02908	-19.927237	141.25	147.65	61599	12.707188	6.9876127	50.97601	-6.280779	-12.85255	0.3986991	440.15707564353943
57	-1.2438986	19.376482	19.118105	-43.629425	10.924109	10.210453	34.634624	-4.1435456	150.0	150.0	62699	13.029938	7.2566876	61.184696	-8.317404	-13.15316	0.39922792	447.9439535140991
58	8.7903595	12.987622	24.562607	-17.091068	12.442428	9.359008	28.27643	-3.7804253	141.375	150.0	63799	13.294207	7.866592	61.797634	-11.09606	-13.420575	0.43882263	455.95241022109985
59	8.963816	8.350543	26.021503	-1.0969927	13.761554	7.6279793	31.33134	3.8347025	150.0	150.0	64899	12.5161085	7.8768635	62.613274	-11.8878765	-12.651194	0.5062705	464.13264083862305
60	18.229546	7.734373	31.498077	7.2288723	10.459229	10.034875	37.750416	-2.3016388	150.0	150.0	65999	12.160248	8.170464	62.028805	-12.96386	-12.300553	0.44582736	472.27394104003906
61	15.363826	3.884283	20.182905	10.053469	10.906037	9.362983	28.440735	-2.3599153	150.0	150.0	67099	11.878855	8.219373	59.834957	-13.747614	-12.015364	0.41038108	480.2883815765381
62	13.025289	12.153563	24.959135	-13.492407	12.340354	11.935086	31.026007	-5.25663	141.25	146.75	68199	12.003894	8.236551	56.62038	-12.660027	-12.13641	0.42295864	487.96695590019226
63	11.862964	11.880287	28.677563	-4.9742575	13.230438	8.609789	32.778854	-3.1753776	150.0	150.0	69299	11.810261	8.52264	53.512672	-8.754203	-11.9351015	0.35145688	496.7648096084595
64	12.054385	11.643762	37.245163	-0.56596243	9.623302	9.835535	27.629293	-11.204893	150.0	142.3	70399	11.308864	8.578756	49.64363	-9.034683	-11.426446	0.30912054	504.3165774345398
65	7.5653186	17.90545	26.503916	-35.075092	-1.2034074	10.131784	15.21642	-28.147982	131.44444	127.7	71499	11.271887	8.461944	64.27994	-1.5876907	-11.394461	0.5469973	512.2040026187897
66	-10.226144	15.552438	13.656504	-37.171547	7.7437897	9.201927	24.998579	-12.397667	112.6	144.3	72599	12.203879	8.877747	46.152813	-3.2716928	-12.334597	0.76911527	520.418356180191
67	5.9588656	13.733037	19.653982	-25.618286	10.315042	9.685217	23.628313	-7.1130714	134.5	146.4	73699	12.2567625	8.722786	42.462574	-7.9698467	-12.394482	0.528922	527.935581445694
68	13.523277	10.162295	29.128666	-3.3030496	5.2202125	11.790921	25.814947	-20.331118	141.0	139.7	74799	12.436344	8.904192	45.268047	-7.0952516	-12.595406	0.5701598	535.1627888679504
69	12.118356	6.4778585	22.735092	0.5918571	9.17087	9.604291	27.299475	-5.5880227	150.0	139.0	75899	12.18498	8.794734	45.0354	-8.218865	-12.347651	0.4210665	541.8836753368378
70	6.85728	8.246521	21.086357	-4.73453	9.28145	10.351023	29.24378	-6.797611	150.0	142.5	76999	12.095593	8.740264	49.45689	-11.40188	-12.255076	0.40126425	549.4162344932556
71	16.283112	7.7299356	23.730545	-1.2954433	5.3821254	12.863915	27.116467	-26.48497	150.0	143.9	78099	12.150208	8.609665	47.084225	-13.713394	-12.298912	0.36475506	556.1412377357483
72	4.8064	14.164889	26.733242	-21.280434	8.179765	12.2894335	40.28516	-9.17874	150.0	150.0	79199	12.315247	8.434332	52.243214	-14.626491	-12.476575	0.41835278	563.3468475341797
73	2.5263445	18.0854	30.200405	-29.828465	11.208713	9.846045	28.585886	-8.257785	150.0	150.0	80299	12.994749	8.790821	57.137825	-14.897833	-13.141065	0.3848909	569.8168313503265
74	6.981255	20.755125	35.680016	-36.08847	-0.12735061	19.020584	29.137793	-55.02424	150.0	148.55	81399	13.847079	9.309121	55.941147	-15.167661	-13.972864	0.36148584	577.1276433467865
75	-6.5273976	11.147814	18.588541	-18.875792	-9.099361	12.191998	10.502004	-29.531744	149.71428	150.0	82499	14.797314	9.541185	54.70265	-12.889155	-14.922768	0.3653306	583.3485910892487
76	-2.3066535	16.561075	16.965334	-32.008904	7.727127	8.0416155	22.128426	-12.17811	150.0	150.0	83599	15.852153	9.890099	46.86655	-7.32187	-15.9760475	0.3839376	589.8574590682983
77	2.4751642	16.453154	19.522552	-35.16068	0.21064477	14.8629875	17.03391	-44.867195	138.875	144.45	84699	16.160383	9.739302	50.13177	-7.614119	-16.273104	0.44374987	596.1772232055664
78	-0.9081795	10.1694	15.903191	-14.992789	-10.141482	19.405409	26.627663	-42.05846	140.875	137.65	85799	16.443455	9.516032	50.00935	-6.7162447	-16.57712	0.7323226	602.9174375534058
79	3.13884	17.81816	23.392681	-28.948969	3.1597524	12.862162	25.177464	-25.457703	146.42857	146.6	86899	16.839523	9.744111	51.60727	-9.538078	-16.986984	0.7794711	609.6638424396515
80	5.487922	18.318075	42.44004	-23.80202	6.996971	13.246203	23.316435	-25.735195	150.0	146.7	87999	16.001806	9.650445	53.678406	-11.531962	-16.146118	0.68362707	616.3232426643372
81	4.8796096	19.85447	26.358631	-27.353823	5.610143	10.409856	21.849724	-25.436874	142.42857	146.7	89099	14.974041	9.381377	49.290016	-12.37563	-15.113049	0.5718365	622.0133287906647
82	7.755673	15.454569	29.938631	-23.39665	6.9935713	6.829466	15.784731	-7.743473	149.0	145.15	90199	14.077541	8.94694	49.56144	-12.924547	-14.213109	0.49399987	628.4610078334808
83	9.974219	11.306567	34.334236	-4.8031526	6.15719	10.689728	27.843626	-10.659497	150.0	150.0	91299	13.228099	8.352915	49.11276	-14.908337	-13.360587	0.38116542	635.4704763889313
84	11.573174	14.760213	25.757286	-23.32605	4.957321	9.614541	21.799658	-9.098072	138.0	150.0	92399	13.084059	7.983448	49.224483	-14.768955	-13.216618	0.41196045	641.7793142795563
85	9.627241	10.949572	27.533577	-6.2817497	9.570576	5.709696	21.911507	-0.3589106	143.5	148.05	93499	13.346049	7.706574	43.616886	-14.634741	-13.471012	0.4586291	648.6049344539642
86	7.047946	7.9283266	19.066385	-2.6157467	9.087327	10.083643	24.685305	-17.901299	136.625	148.15	94599	13.373962	7.387709	42.4416	-14.507777	-13.484993	0.38918817	655.6310396194458
87	-1.3703116	15.402257	18.142101	-35.14287	6.375982	9.212946	25.526236	-17.639542	132.5	147.6	95699	13.1106	7.4319077	59.499474	-16.734705	-13.218297	0.54509366	663.5425453186035
88	1.0907047	12.6565275	23.458342	-22.024946	3.4976246	16.116835	29.96492	-31.727125	139.625	134.65	96799	13.2571745	7.3845806	56.756004	-18.105228	-13.38117	0.515886	672.0237128734589
89	-6.641366	15.377934	20.99491	-29.469221	-11.325008	13.24496	5.185411	-38.486702	125.77778	115.8	97899	13.57924	7.621519	56.936775	-16.903816	-13.735128	0.48209694	680.7593421936035
90	-7.529318	9.232029	7.7831583	-22.627565	-3.9921174	15.214209	15.222417	-36.49683	127.0	134.15	98999	14.029742	7.759878	55.57387	-11.789448	-14.193728	0.55698293	689.1145868301392
91	-2.4115386	11.038067	9.419125	-24.638	0.76793754	11.049318	25.755175	-18.8229	129.375	128.35	100099	13.75977	7.6251616	51.83319	-11.534815	-13.930019	0.68572605	697.690372467041
92	-8.950667	25.60237	20.903664	-54.783295	12.110434	12.788155	31.908785	-26.992176	127.44444	147.35	101199	12.975467	7.7644563	46.826813	-10.892883	-13.141218	0.6403822	706.8143587112427
93	6.5759063	6.317066	18.567741	-2.3204136	10.643918	10.291492	35.413307	-0.9266318	150.0	150.0	102299	12.353926	7.906866	43.97833	-10.232526	-12.502905	0.8093718	715.1760451793671
94	8.232742	11.313341	23.220087	-7.5653186	13.421971	13.475768	38.971878	-5.802043	150.0	150.0	103399	11.578852	7.7039766	39.49594	-12.946184	-11.720872	0.6506127	723.1220817565918
95	11.409259	10.913666	22.50588	-8.799858	5.9889784	17.435663	28.734657	-52.189766	150.0	149.15	104499	11.15764	7.654992	39.779675	-18.567478	-11.2991085	0.5448506	731.2600588798523
96	0.63998026	11.725046	12.068939	-25.00968	7.7749243	11.217645	25.580265	-13.383378	141.28572	147.7	105599	10.88821	7.5893326	39.25031	-22.159222	-11.024432	0.44928545	739.6365706920624
97	15.391031	10.705086	33.85044	-4.1065946	1.2907298	11.434091	19.715494	-22.733324	150.0	145.2	106699	10.699998	7.4105225	38.676853	-10.716153	-10.830752	0.3898732	747.9105226993561
98	3.5844154	10.595095	23.967943	-7.870016	4.362528	11.936643	38.862564	-20.9079	150.0	150.0	107799	10.831266	7.5404353	36.998463	-8.509588	-10.947008	0.32895175	755.8533220291138
99	0.48837042	14.484212	22.92451	-22.696852	3.6460636	16.49193	28.800705	-41.15018	142.75	150.0	108899	11.137541	7.8484135	46.44302	-13.540014	-11.247138	0.3333473	763.6909227371216
100	3.6013653	5.397868	12.785309	-2.6977544	-0.3533813	12.780084	30.40303	-33.885155	150.0	145.1	109999	12.066485	8.114358	38.66499	-12.477644	-12.162214	0.23777993	771.742161989212
101	-6.9297233	18.313036	31.200188	-31.830835	-5.926299	15.507999	18.02895	-31.535337	127.55556	121.35	111099	13.179506	8.308159	59.86041	-10.989113	-13.275727	0.4115413	779.599054813385
102	1.9851123	12.238207	17.557121	-19.873241	-14.351662	17.467983	14.990702	-38.770252	137.375	134.6	112199	14.249433	8.249536	40.49273	-10.764356	-14.355193	0.27783042	787.5898640155792
103	-9.947263	21.423935	20.920225	-53.753967	1.4609458	13.854634	44.934837	-16.258575	144.14285	145.5	113299	14.777359	8.2747	42.192997	-8.246388	-14.874569	0.3106073	795.2969219684601
104	1.4776318	12.448284	19.913416	-13.205289	0.3077809	12.148469	28.236149	-20.781878	150.0	150.0	114399	15.297169	8.098039	42.307686	-7.0360208	-15.393645	0.26585457	803.3179168701172
105	5.1216536	8.286155	19.903658	-5.389585	6.155919	9.999909	30.829914	-8.577939	150.0	150.0	115499	15.240369	7.714012	43.047344	-9.105658	-15.333434	0.23475467	810.9849832057953
106	4.775567	7.7722387	16.84496	-7.016874	7.06258	10.38076	24.287476	-16.616926	150.0	150.0	116599	15.431078	7.144401	38.179466	-14.725124	-15.531921	0.25814337	819.2093622684479
107	13.49886	11.269775	33.0175	0.8836285	4.780536	18.399918	34.55304	-33.963383	150.0	142.4	117699	15.169911	7.0780597	39.300583	-24.740906	-15.266161	0.23333882	826.9560122489929
108	7.9652367	10.55406	23.538956	-5.1165843	6.116039	17.33538	26.511559	-41.498882	150.0	144.65	118799	14.34658	7.3320603	40.309143	-28.929024	-14.44241	0.29226384	835.6004779338837
109	5.8443565	11.006581	20.941143	-9.583902	11.864914	12.38866	26.089418	-22.040644	138.75	147.25	119899	13.071857	7.5042224	39.098278	-24.357529	-13.16011	0.2443108	843.4624445438385
110	8.122631	17.001926	27.130943	-32.65134	-0.7477547	22.056763	28.58539	-48.155594	139.5	139.2	120999	12.254339	7.4049172	41.313812	-20.936731	-12.3533535	0.3257013	851.1716554164886
111	12.9594345	12.890567	36.690002	-3.2779653	5.4207354	15.58783	27.884386	-25.559584	150.0	135.05	122099	11.650032	7.2664857	39.874733	-2.0512183	-11.745202	0.25842962	858.672726392746
112	5.0262156	10.915017	26.533417	-14.908565	5.302592	14.101267	22.091648	-43.064976	138.5	142.1	123199	11.080381	7.294681	52.34699	-17.84539	-11.168444	0.2991254	866.7001848220825
113	-2.423048	16.043234	16.800203	-37.738888	12.70492	11.880762	34.119003	-10.635947	142.0	145.25	124299	10.083545	7.2862325	38.770504	-15.292376	-10.155084	0.27948707	874.1660232543945
114	6.09194	12.989207	19.509703	-21.24924	6.5426826	9.888573	26.742552	-13.081394	132.375	150.0	125399	9.667965	7.6942987	39.563587	-13.097145	-9.753637	0.31383696	882.0151197910309
115	8.18792	13.263412	32.291264	-12.785692	5.464385	15.765611	28.5425	-33.379814	138.5	147.7	126499	9.417452	7.7243137	39.709736	-15.226409	-9.520978	0.32828912	889.6801669597626
116	-4.8336525	14.27572	16.073298	-31.844677	1.1367307	12.318186	22.386963	-24.061077	149.0	150.0	127599	9.604216	7.971358	42.03229	-16.695463	-9.73455	0.3315568	897.7964701652527
117	15.591199	10.744825	31.287365	-0.31624532	-2.1085403	10.182938	14.761666	-25.598469	150.0	142.4	128699	10.017648	8.460823	43.57884	-21.114801	-10.156903	0.33998817	905.8236396312714
118	-6.6813426	12.628978	5.2887506	-34.99941	-1.5177826	14.324585	25.552364	-29.402752	150.0	130.35	129799	9.898141	8.599894	45.41214	-23.05716	-10.039102	0.2937138	913.767169713974
119	-1.2774466	11.270543	12.304955	-19.852404	1.7959862	12.638998	23.36375	-24.289139	139.75	137.55	130899	10.578245	9.25718	62.749523	-23.424519	-10.718061	0.29731008	921.7570803165436
120	4.170989	12.990705	24.02231	-23.24102	1.8276678	10.40079	31.364185	-10.533093	143.875	136.9	131999	11.568316	9.991485	63.925217	-12.735901	-11.710321	0.42408893	929.6919703483582
121	3.9217432	7.7966146	16.50702	-5.755134	7.1634474	5.8071046	21.259993	-5.7701693	139.125	150.0	133099	11.984424	9.547933	63.51612	-14.816019	-12.145769	0.37153727	937.8225810527802
122	5.1001663	9.690943	19.510597	-9.613397	10.93665	11.257619	31.795168	-7.3853908	130.25	145.85	134199	12.035545	9.322091	61.780224	-15.581155	-12.199268	0.4536235	945.6511011123657
123	12.682411	9.761166	33.87508	4.9236045	16.765406	13.5198965	38.84509	-5.5558157	150.0	150.0	135299	12.6988535	9.256228	60.507717	-15.233106	-12.86766	0.45418867	954.3261494636536
124	8.062115	10.5700655	27.4165	-4.9954963	8.738844	11.37427	30.88332	-7.527379	150.0	146.35	136399	12.508916	9.13998	57.495132	-11.599506	-12.669414	0.45735186	962.3312652111053
125	1.4118809	11.851797	18.049978	-16.808666	9.568461	12.869298	31.425232	-12.977893	150.0	150.0	137499	11.99896	9.279522	53.925583	-13.633399	-12.163324	0.48981056	970.6226341724396
126	3.609465	10.389429	21.194689	-6.4004693	6.3687487	10.858645	33.388092	-13.822762	150.0	150.0	138599	11.683704	9.3936405	50.481934	-15.724977	-11.843775	0.5402571	978.4593238830566
127	1.6315749	6.749265	12.631619	-10.398724	6.677766	12.6076145	27.020844	-12.45978	150.0	141.25	139699	11.048287	8.5061245	44.8205	-17.349695	-11.184975	0.49533263	986.1793277263641
128	8.823005	9.375418	22.10097	-4.3603587	4.2202396	10.458787	26.125872	-13.253621	150.0	145.4	140799	10.941672	8.206484	47.940105	-17.930447	-11.060224	0.46552828	993.8321385383606
129	-2.9978783	15.142445	13.674916	-28.278975	6.275808	8.241416	28.104624	-12.101924	130.55556	150.0	141899	11.096007	8.386931	61.307552	-16.743977	-11.218056	0.5119933	1001.7059843540192
130	-0.27873912	13.077585	18.261347	-20.734629	-1.4761941	16.485336	24.854046	-38.845505	150.0	150.0	142999	10.923333	8.522476	54.517414	-12.487471	-11.033169	0.36482978	1009.1976323127747
131	3.0995712	18.67401	25.611605	-35.551563	10.543774	14.749472	26.2595	-42.88624	150.0	150.0	144099	11.811971	10.104057	56.69526	-10.949506	-11.91787	0.3473366	1017.2216150760651
132	13.018339	12.982065	28.082556	-9.4909525	6.9924064	10.475619	26.547604	-10.633498	150.0	150.0	145199	12.941349	10.325573	58.0753	-11.376873	-13.040177	0.35776258	1025.3434126377106
133	10.211701	9.955878	20.172098	-7.112088	5.264196	9.166154	25.635994	-15.396275	150.0	148.9	146299	13.174995	10.013573	52.531113	-13.924505	-13.281796	0.30268157	1033.4436385631561
134	2.5537167	7.4193068	18.291115	-5.262185	4.3972764	13.670576	23.902002	-23.175444	150.0	130.8	147399	13.2057	9.747945	49.53965	-15.698475	-13.305971	0.29731095	1041.004644870758
135	6.9757767	11.513568	21.78496	-13.300804	-4.2496543	17.577555	25.070448	-36.405113	150.0	127.75	148499	13.377959	9.656655	50.290066	-13.97782	-13.48755	0.28728038	1048.4959168434143
136	6.312851	14.393841	38.355324	-9.420922	4.327386	14.649795	28.767204	-28.927906	150.0	138.2	149599	13.805754	9.694636	48.032173	-9.829805	-13.911906	0.3014208	1056.8517677783966
137	11.831887	12.534587	33.19823	-7.3796177	1.9666277	13.2701845	36.921818	-23.295523	150.0	137.2	150699	13.848378	9.601331	47.012936	-7.0145516	-13.939575	0.23827076	1066.5876450538635
138	7.972408	13.476005	25.668766	-15.453512	3.1211267	12.531834	37.104164	-22.677717	150.0	139.55	151799	13.868573	9.054063	50.790546	-5.7428794	-13.959423	0.2781325	1075.9740779399872
139	1.2512127	16.730757	22.373755	-27.181534	6.230367	13.947761	24.51151	-28.956974	138.14285	138.1	152899	13.988157	9.718953	67.46891	-3.6110811	-14.122646	0.40130538	1086.85879611969
140	4.5979652	13.691942	28.516396	-17.042156	5.5516863	16.671757	32.94469	-22.845177	120.1	119.55	153999	14.197511	10.692485	78.707825	-2.2610207	-14.348048	0.5939887	1097.8678524494171
141	5.2761645	14.277603	24.661055	-22.200985	7.30108	13.907532	24.075768	-23.579025	117.44444	130.85	155099	14.104434	11.412836	84.98521	-1.7402207	-14.252697	0.4989514	1108.6657135486603
142	2.0657344	7.5071063	10.336191	-10.338033	3.635613	14.290167	21.57978	-42.502808	128.88889	134.95	156199	13.71294	12.263456	89.10932	-5.55435	-13.862093	0.48664817	1118.758001089096
143	13.138009	5.461904	21.320057	6.0519834	12.2127495	11.681066	28.178473	-18.046051	150.0	141.25	157299	12.576407	12.68098	88.77326	-8.803604	-12.752817	0.48271835	1128.1745913028717
144	2.983252	20.456112	30.78079	-33.487564	9.099024	14.685749	32.293495	-29.756004	137.75	142.2	158399	13.015608	13.447091	84.77365	-9.251612	-13.2014475	0.770962	1137.2995405197144
145	12.587551	16.03405	33.06029	-22.309345	5.5544534	16.567036	27.139647	-41.415077	139.375	144.55	159499	13.038119	14.010988	79.88207	-9.633027	-13.228313	1.0440594	1146.2242839336395
146	9.94723	6.1572437	18.266714	1.3164107	-4.7038646	16.001564	15.963331	-41.104916	150.0	132.85	160599	12.33112	12.891393	77.240364	-9.469931	-12.523804	1.1838725	1154.8920876979828
147	-13.5671425	16.804747	8.806873	-34.510742	-15.604441	17.527306	22.290737	-42.796047	133.33333	121.6	161699	12.794785	12.018171	68.72758	-8.304295	-13.017955	1.4462298	1163.432550907135
148	-0.40176725	19.00027	22.551758	-42.796467	-25.846292	20.193241	15.016278	-51.46467	136.75	117.1	162799	14.293526	12.105591	66.32588	-7.0841765	-14.5171995	1.5201277	1171.8474850654602
149	-28.578722	19.639128	5.6753573	-51.28401	-14.800253	14.470383	12.222662	-38.967102	109.666664	125.65	163899	16.10913	12.012677	73.02947	-9.227138	-16.380241	1.5851548	1180.6582033634186
150	-13.77499	18.335928	14.450597	-45.67296	-8.100554	15.401417	27.965372	-33.744713	128.55556	126.5	164999	18.426014	12.245256	80.94018	-7.0088844	-18.741531	1.3337802	1189.2365970611572
151	-32.604546	11.734656	-15.72702	-59.039085	-22.326242	13.315144	-2.9365144	-43.97034	101.09091	123.65	166099	20.03246	12.572351	94.35359	-9.432676	-20.361095	1.9569986	1197.3589890003204
152	-22.9787	19.935793	-1.021514	-58.19088	-24.674961	10.705254	-8.116383	-47.566105	124.888885	120.9	167199	20.776152	12.905151	92.22504	-13.828723	-21.132803	2.0866983	1206.5105292797089
153	-20.805172	14.558888	6.707768	-37.7508	-20.239256	16.197927	10.96906	-47.006874	121.666664	98.15	168299	21.844395	13.127781	84.797874	-16.052141	-22.29081	2.1960125	1215.2412927150726
154	-9.2670965	11.332572	9.170832	-25.850412	-23.814426	15.738157	13.709433	-48.146076	125.333336	89.6	169399	22.886108	12.978159	81.321434	-14.355473	-23.334385	2.2004678	1223.2276721000671
155	-21.248083	15.370522	-1.2368249	-46.564335	-13.704547	15.445042	14.334598	-43.46343	111.2	138.4	170499	23.721395	13.134246	108.40808	-14.221586	-24.220037	2.3730795	1231.200130224228
156	-18.150494	9.705466	-6.135692	-33.758865	-14.477945	13.811704	17.015724	-36.84105	150.0	149.35	171599	24.903238	14.675334	75.26491	-16.675457	-25.465244	2.3053024	1239.679608821869
157	-13.05318	15.011642	9.541277	-29.806932	-18.341208	13.751688	12.875479	-34.121914	150.0	149.95	172699	28.803926	17.394165	74.128456	-18.621424	-29.365005	2.1521919	1248.2116351127625
158	-13.870619	8.3626995	1.004751	-26.076765	-14.643509	12.538931	9.545782	-36.498264	140.375	142.35	173799	32.06726	17.779882	73.90504	-19.097115	-32.597878	1.975913	1257.110494852066
159	-13.814657	8.983495	3.8110015	-25.359665	-10.326921	14.580227	17.457663	-31.069244	150.0	146.05	174899	35.141533	17.13399	72.699326	-19.053375	-35.59782	1.4528544	1265.3405373096466
160	-12.97751	6.2839904	-3.3202894	-21.374998	-10.191916	11.536894	7.4618587	-33.16498	150.0	145.0	175999	37.825108	15.858202	72.30344	-19.78046	-38.228226	1.2174712	1273.778056383133
161	-10.571662	8.937147	2.8681037	-19.398743	-11.698809	9.547468	9.406009	-25.808067	150.0	146.25	177099	40.076225	13.892874	71.7593	-18.62307	-40.46955	1.1010276	1281.9324371814728
162	-5.810252	12.526197	21.187124	-21.402222	-9.843718	13.430677	18.224222	-44.162205	150.0	141.8	178199	42.10473	11.552341	70.104935	-10.988804	-42.45254	1.0779718	1290.3431985378265
163	-6.5779004	9.277576	6.0827527	-22.670149	-5.626853	10.581773	12.645535	-21.969421	150.0	150.0	179299	42.949406	8.617138	68.48246	-2.1077456	-43.29596	0.9500042	1298.7648899555206
164	-3.2808404	9.621599	8.539444	-24.924486	-5.620538	8.944733	7.440639	-22.596975	136.5	144.5	180399	42.3368	7.8089547	70.63209	-1.8686955	-42.645	0.9533756	1307.5519788265228
165	-7.54982	6.9654427	4.988741	-15.9039	-4.088794	13.587719	15.0533	-29.765987	150.0	137.05	181499	41.56614	6.921533	69.19892	-6.0402975	-41.831505	0.669738	1315.4664027690887
166	-12.804441	10.873806	7.6978297	-24.472683	-2.5815856	11.589411	19.61045	-17.83	136.5	141.25	182599	40.80638	6.336905	105.97616	-4.3456583	-41.04706	0.60955876	1323.642412185669
167	-2.5379663	15.078091	22.162374	-29.334827	0.13180299	11.93862	31.408417	-19.661135	145.75	150.0	183699	39.416924	6.7042723	83.71708	-6.3615966	-39.660603	0.5411966	1333.020822763443
168	0.43030494	7.571071	13.034422	-9.87189	-3.8763416	10.94775	17.231415	-21.21787	150.0	150.0	184799	38.0897	6.9293475	91.15485	-3.838647	-38.306538	0.51287425	1341.1166021823883
169	-4.332151	11.71773	13.823336	-17.628675	4.0136538	15.763188	33.658043	-17.397049	150.0	145.6	185899	36.42318	6.9398766	79.01535	-3.5255306	-36.59365	0.41644633	1350.181086063385
170	-8.941162	5.2638407	-0.28678936	-15.727879	-2.1646304	11.729224	27.574625	-20.550608	150.0	150.0	186999	34.246845	6.795101	66.94476	-3.224646	-34.380077	0.35862818	1358.2304186820984
171	6.6298914	7.480916	20.237303	-1.2927214	1.2164109	12.305066	25.569311	-20.157	150.0	147.45	188099	32.511925	7.119199	69.34471	-2.5856946	-32.63527	0.3772806	1366.3330500125885
172	-0.6494773	8.68751	14.7301655	-13.126371	-4.2349873	10.408234	13.744319	-27.640287	150.0	148.9	189199	31.400225	7.8095174	73.29061	-3.2411633	-31.501286	0.3874764	1375.2151436805725
173	3.7147493	14.879154	20.511564	-20.04565	0.39522332	7.3465743	14.15258	-13.159402	150.0	142.9	190299	30.357069	8.523473	68.53502	-5.8400965	-30.467064	0.40917912	1383.2106413841248
174	-3.8379502	14.489613	25.81626	-20.5652	-5.3840857	10.925483	20.419962	-22.073	134.0	141.3	191399	29.325846	9.06471	63.610294	-3.694117	-29.448502	0.45970178	1391.1899192333221
175	-6.8624854	9.79755	7.2868843	-24.807856	-5.084243	8.384544	13.707009	-21.704988	124.0	143.1	192499	29.382185	10.449361	96.75329	-6.5931215	-29.523088	0.54181343	1399.5348846912384
176	-6.5020423	10.430971	13.013297	-18.646877	-12.87381	13.07172	7.9021225	-37.865013	138.75	141.25	193599	30.027754	11.843815	95.81998	-12.389483	-30.215858	0.7259461	1407.7408194541931
177	-13.678696	11.4252615	6.8605375	-29.495535	-12.606436	10.27576	13.098199	-32.963356	125.0	144.95	194699	31.068043	12.509356	91.759796	-12.974023	-31.342077	0.8384741	1415.8580584526062
178	-6.262101	7.7513113	8.827043	-17.924433	-4.7505026	9.492606	13.078824	-25.384686	150.0	150.0	195799	32.374916	12.831871	91.14786	-15.439039	-32.64748	0.88893855	1424.0683763027191
179	-1.5366279	11.446427	13.7319145	-17.494545	0.27766004	11.483055	21.551107	-14.502998	150.0	150.0	196899	32.854206	12.487389	89.75634	-19.690493	-33.127415	1.0545732	1432.2109594345093
180	-2.5083482	15.332828	23.108835	-18.71676	-3.6182284	8.097604	13.85734	-12.801904	150.0	150.0	197999	33.220142	12.066745	87.426254	-23.653782	-33.50721	1.1923264	1440.5961034297943
181	0.9429207	11.347617	23.580214	-14.485608	-3.5177016	8.906132	12.735272	-18.408072	150.0	150.0	199099	33.495056	10.875817	84.76359	-27.424469	-33.756138	1.1443293	1448.821897983551
182	0.6488228	6.4727445	8.148831	-11.286684	0.4736902	8.997459	16.992693	-13.355122	150.0	150.0	200199	32.88915	9.468568	78.35298	-35.76807	-33.06409	0.953748	1456.9593620300293
183	-4.9630117	9.504266	14.93007	-15.981281	-0.395502	8.963828	12.475151	-14.864268	150.0	150.0	201299	31.598797	8.235843	71.1309	-38.411266	-31.74806	0.84228903	1464.9589912891388
184	13.156048	10.844908	33.73653	2.1034036	6.3871107	11.82834	28.811947	-16.77246	150.0	150.0	202399	30.539469	7.736087	64.51655	-41.37224	-30.679873	0.7545684	1473.0711102485657
185	0.18772066	14.456622	30.992052	-22.917198	-7.399226	16.289452	19.311987	-41.43033	141.0	138.15	203499	29.497513	6.6724114	77.62376	-10.20642	-29.65625	0.7670578	1481.1846351623535
186	-4.8322525	20.183733	20.046524	-40.24508	-9.331256	15.027978	19.500195	-39.87489	126.0	122.45	204599	29.258673	8.189777	76.01318	-6.0271397	-29.41902	0.8903781	1489.984501361847
187	-7.703476	14.654196	12.271807	-35.304718	-10.096379	16.649134	14.253971	-39.034554	126.888885	103.25	205699	28.771696	8.50209	73.33117	-14.007338	-28.930796	0.8837625	1497.6933121681213
188	-16.3176	27.169968	18.785667	-52.198956	-19.956654	26.045088	13.079095	-75.8119	117.55556	119.25	206799	27.330765	8.488728	69.27531	-15.943441	-27.494457	0.875423	1505.6464095115662
189	-26.755877	23.403862	11.373938	-60.07048	-6.2089143	15.4855995	27.997309	-37.278816	134.125	140.2	207899	25.999693	9.298844	67.03389	-17.134195	-26.202173	0.73402756	1513.8426711559296
190	-6.0062847	11.427251	8.647356	-25.90778	-8.672133	22.325996	21.060303	-47.510506	143.25	126.7	208999	25.432932	10.561925	74.30674	-18.956331	-25.665565	0.78199565	1521.8330178260803
191	-12.333185	17.18996	17.96165	-33.190163	-9.2762	20.35171	23.205532	-50.458744	130.44444	135.45	210099	25.935278	11.833588	79.719925	-20.942812	-26.206215	1.0454448	1529.7401330471039
192	-6.9638915	21.039253	16.15948	-40.00592	-2.612192	13.490659	23.99556	-32.351616	137.14285	150.0	211199	27.093027	13.098117	76.40768	-21.242073	-27.403326	1.8282125	1537.9440956115723
193	-6.8599825	22.424088	30.762306	-29.57023	-10.146263	15.513963	19.131979	-35.005543	150.0	145.85	212299	28.023428	13.265837	77.794586	-20.402502	-28.336796	1.4935616	1546.2443611621857
194	-10.933771	14.313182	10.176829	-36.780056	-16.005556	14.401518	12.500557	-42.46764	150.0	139.45	213399	28.992338	13.115921	80.73319	-18.763096	-29.31496	1.4180079	1554.010086297989
195	-23.821037	21.811392	25.80415	-47.426147	-13.207957	22.961037	29.881691	-47.24686	141.625	140.75	214499	30.295174	12.725994	81.63773	-19.0553	-30.589638	1.3944867	1562.0056035518646
196	-10.728943	17.67775	12.222649	-36.34276	-18.378605	13.775036	-0.7913127	-53.73458	140.375	145.85	215599	31.634663	11.378229	81.81407	-8.502459	-31.88102	2.0319705	1570.1407713890076
197	-27.814552	13.332911	-9.973448	-46.30677	-14.881571	15.022059	28.205154	-35.950684	130.125	150.0	216699	32.166073	9.934932	81.35597	-28.824223	-32.403656	1.9377191	1578.1185541152954
198	-21.556387	14.425166	4.9212565	-36.16177	-16.662014	15.007643	7.9933786	-41.224907	150.0	150.0	217799	32.02639	9.432064	71.07183	-25.661652	-32.284718	1.5634235	1586.5584642887115
199	-13.940867	15.426737	9.19417	-32.1358	-17.468044	16.573431	15.716862	-41.906033	150.0	150.0	218899	32.21578	9.980573	80.56312	-17.666336	-32.453358	1.2352204	1594.8607132434845
200	-23.235636	10.720814	-7.289673	-38.55564	-18.905437	13.372616	12.528866	-39.60864	150.0	150.0	219999	31.766825	10.246555	79.98805	-13.983362	-31.987116	1.0785599	1602.96914935112
201	-13.7330065	7.021883	0.5834489	-24.310846	-14.099719	12.909425	9.672672	-36.460503	150.0	150.0	221099	31.018305	10.412308	79.45738	-13.192881	-31.226967	0.94236016	1610.9696185588837
202	-15.322246	12.625427	1.4008323	-33.189236	-16.056656	15.056106	7.7705193	-46.959625	145.125	132.25	222199	30.064146	10.231994	76.66018	-11.828194	-30.271406	0.88117397	1618.8879783153534
203	-11.89856	9.524788	2.4562032	-27.275372	-17.534576	8.820792	5.7120914	-35.124477	145.625	142.65	223299	30.27331	10.543471	75.73054	-11.136736	-30.48124	0.765745	1627.6583726406097
204	-15.055539	18.924	20.794554	-42.900543	-10.112914	13.844149	9.299348	-42.477913	138.71428	146.85	224399	30.090193	10.806755	75.36804	-10.036012	-30.278107	0.6948248	1635.5961186885834
205	-0.86741114	15.630028	23.856905	-17.905455	-6.270175	14.497473	16.056152	-38.329617	150.0	146.9	225499	28.995792	10.6501	73.06563	-10.670519	-29.170307	0.76095694	1643.8211469650269
206	-1.3845456	14.390072	24.92061	-17.92306	-1.1964157	8.609485	11.677842	-15.727825	150.0	150.0	226599	27.742682	10.534096	70.35286	-17.772884	-27.936255	0.80339587	1651.9306230545044
207	-0.7927319	12.8235035	13.88814	-27.651215	-3.0436554	16.457779	22.364025	-43.658985	149.75	131.35	227699	26.598717	10.097756	69.99433	-28.57466	-26.792387	0.77060634	1660.2127742767334
208	-10.545362	22.96869	19.285177	-45.89824	-3.4012775	16.822136	19.965544	-59.994892	133.0	145.25	228799	25.817137	10.177258	71.46188	-32.41798	-26.011099	0.9386449	1668.739333152771
209	5.670725	10.452737	19.420582	-11.547522	-2.9115708	12.359153	16.14532	-42.052032	130.5	147.3	229899	25.937366	10.717399	74.35133	-29.207584	-26.16393	1.4202198	1677.4133021831512
210	3.6472309	6.354014	13.176499	-5.4823403	-2.1422155	7.401083	12.766049	-19.59431	141.25	126.4	230999	26.144478	10.952414	67.60157	-23.88871	-26.435791	1.3562553	1685.2600359916687
211	3.2919123	8.762505	13.9820385	-11.72968	2.25136	13.7691765	26.154934	-24.643194	140.375	139.95	232099	25.971287	11.230138	62.83496	-18.033537	-26.278326	1.1730638	1693.473387002945
212	-0.6945399	10.45187	17.475777	-18.178831	1.1471599	9.177846	26.080807	-11.565212	142.125	150.0	233199	26.617025	11.382063	69.128365	-14.782518	-26.93337	1.1404116	1702.0677621364594
213	3.5847862	7.5649047	13.23098	-11.188688	-2.3851898	9.195281	20.367435	-11.912307	138.14285	143.55	234299	26.102013	11.46966	69.85699	-16.815512	-26.44101	1.4447014	1713.9135570526123
214	-4.9669275	6.319563	6.4894986	-11.182811	4.3403788	8.367754	22.022236	-7.8847446	141.75	146.9	235399	26.211704	11.849485	67.18441	-35.032845	-26.578915	1.2387143	1725.2501232624054
215	1.5970616	10.146278	22.734182	-10.10046	-2.2356496	8.40869	14.132427	-15.703183	150.0	147.35	236499	27.367258	12.422033	68.838165	-34.160828	-27.71597	1.0458606	1734.8395807743073
216	-8.297797	8.276321	2.70549	-20.41598	-0.22408147	10.674381	21.216013	-24.24449	142.14285	146.0	237599	27.63446	11.620602	71.33084	-31.404102	-27.938934	1.0500863	1742.9078681468964
217	3.6273677	14.242332	25.072441	-21.060238	-1.5437973	13.842118	23.07681	-31.24335	133.0	141.6	238699	28.41904	11.475561	78.5842	-23.750307	-28.680597	1.0173837	1751.4355001449585
218	-0.31040043	15.773666	21.257708	-27.450127	-0.07254682	13.129033	24.912554	-31.652374	138.71428	139.75	239799	29.10899	10.588709	76.85933	-18.415066	-29.385317	1.143646	1759.6189637184143
219	-2.4218054	11.544189	11.842202	-24.27425	3.752819	10.137556	20.151329	-15.066232	148.75	150.0	240899	29.609503	9.662328	75.24392	-8.516173	-29.898739	0.9474796	1768.2785165309906
220	0.15076602	9.453397	14.727215	-16.666157	-6.839048	10.862247	11.709523	-31.774998	140.5	150.0	241999	29.988338	8.7490635	72.93619	-16.202705	-30.212667	1.1496688	1776.9459261894226
221	-10.644694	13.49796	4.1899476	-36.936092	-3.6258247	10.710036	13.364559	-27.696373	142.28572	146.1	243099	30.058765	8.444984	70.48138	-17.227837	-30.265608	0.9818881	1785.334344625473
222	-6.7573166	16.297983	16.33663	-28.959473	-5.584201	12.425708	22.617834	-28.2387	149.25	140.85	244199	29.73246	8.117193	68.45071	-17.531815	-29.945349	0.74299836	1793.341323852539
223	-1.0857128	7.2903237	9.673291	-12.7537985	-6.5204287	8.687498	5.814978	-24.132992	150.0	135.3	245299	29.556654	8.415551	67.33493	-17.287146	-29.778791	0.71101874	1802.0688996315002
224	-8.045952	9.432644	6.8883348	-28.003798	-3.1586945	12.120865	29.830175	-28.24483	141.25	145.7	246399	29.197203	8.447409	66.710945	-13.66161	-29.420856	0.6991554	1810.683607339859
225	-6.8145175	7.8518505	3.308117	-18.780287	-3.3875835	15.856827	34.08917	-26.253386	150.0	146.95	247499	28.595089	8.387839	59.924812	-11.508859	-28.807802	0.6473103	1819.154506444931
226	-7.7246456	11.674564	11.651199	-31.394707	-17.566843	19.438599	14.400214	-49.21228	150.0	123.3	248599	28.075304	8.747828	66.71471	-9.815751	-28.281372	0.62131906	1827.6929244995117
227	-6.6849723	14.3871155	11.399369	-27.385527	-2.2323306	21.878721	24.372297	-41.02891	145.42857	145.1	249699	28.245304	9.537319	67.74563	-9.016383	-28.477884	0.6407475	1836.0974402427673
228	8.224291	9.334241	25.43039	-3.4834812	-0.48845157	17.993689	33.29551	-41.108612	150.0	135.45	250799	28.330036	9.895492	66.40826	-10.352469	-28.541876	0.60393053	1844.6320714950562
229	-3.3669858	26.492722	36.469154	-40.272213	2.752379	14.74381	27.785635	-38.868954	131.22223	144.9	251899	28.183777	10.583597	65.15519	-10.556665	-28.380205	0.6862572	1852.9487788677216
230	4.1518717	11.599988	24.802998	-18.56617	-1.0897086	17.07775	29.035927	-39.937717	143.625	140.4	252999	28.174072	11.02602	65.16674	-13.6391735	-28.371756	0.6685814	1861.4394414424896
231	3.7549846	9.795675	19.617657	-11.625169	-10.132387	26.371977	26.79206	-54.055298	150.0	141.1	254099	27.796814	11.163484	64.62154	-17.453518	-28.001993	0.86596143	1870.047411441803
232	-20.280254	18.822685	11.312351	-44.440495	-6.6636057	23.278008	32.191135	-51.514587	150.0	140.6	255199	27.788988	11.806314	64.97979	-18.852648	-28.015919	0.87722915	1877.7931463718414
233	-7.592113	20.549574	11.5905485	-53.56581	8.277929	8.207569	27.474966	-10.484974	136.625	150.0	256299	29.22803	12.225809	91.96587	-20.01924	-29.485004	1.0902625	1885.9936447143555
234	-7.150456	15.221913	19.107779	-25.53708	-0.43390745	12.782371	19.169277	-23.715021	134.0	146.15	257399	30.359385	12.003009	81.26292	-21.93503	-30.596746	1.0862321	1894.8568263053894
235	1.8714548	15.3815155	18.988592	-26.908121	-8.695234	10.39802	9.83577	-24.38416	143.14285	134.75	258499	31.22261	11.499328	75.23152	-21.632977	-31.479248	0.9232392	1903.2525508403778
236	-6.9774885	4.8435693	3.3597288	-11.4265	-5.180025	13.799991	22.757296	-22.07333	141.5	146.95	259599	32.004765	11.306737	70.81969	-21.43207	-32.310177	0.88373345	1911.982187986374
237	-5.745024	12.483033	20.289145	-24.064835	-8.179781	12.495565	22.594551	-23.580793	150.0	147.2	260699	33.130108	10.960048	69.86685	-20.952639	-33.470825	0.76705605	1919.7069246768951
238	-4.994498	14.544763	20.182636	-25.68759	-5.35639	12.558816	18.923632	-21.110043	150.0	150.0	261799	34.846935	10.638126	67.45968	-19.940928	-35.196712	0.7879521	1927.6635735034943
239	-10.0701475	9.708364	5.756545	-23.49877	-10.960806	8.874969	9.5120325	-24.852558	150.0	150.0	262899	35.82322	10.145406	63.78131	-21.92639	-36.135303	0.69586337	1935.8261818885803
240	-13.526978	10.496711	11.829562	-20.434605	-7.8960633	10.5448265	10.8532915	-26.497202	150.0	141.9	263999	36.460075	9.231151	59.88824	-21.852905	-36.730015	0.6439289	1944.1952621936798
241	-11.054781	8.391111	2.0350459	-19.931356	-12.824651	9.717815	13.833159	-25.47684	150.0	145.85	265099	36.72845	8.352253	57.798153	-19.274298	-36.962643	0.5576056	1953.9643959999084
242	-0.76742077	10.746066	16.331491	-16.64657	-10.748597	7.1182675	4.444415	-24.35289	130.625	142.55	266199	36.821774	7.505989	60.154655	-20.739635	-37.01873	0.5509637	1962.6912188529968
243	-11.84659	12.819973	6.6064725	-32.746708	-13.3166275	11.351962	21.10931	-28.261076	150.0	146.6	267299	36.31913	7.440888	62.771587	-17.140415	-36.51611	0.5218081	1971.440930366516
244	-9.381117	12.155309	16.085651	-22.755146	-5.2821536	16.477726	25.730558	-33.218494	150.0	145.35	268399	35.994156	6.7257037	56.982334	-12.632353	-36.18826	0.53414154	1980.703712940216
245	-4.03271	18.288698	23.102995	-27.443357	-0.37524	19.402142	31.43441	-32.88861	150.0	149.95	269499	35.111176	6.9534836	55.783676	-12.691084	-35.293358	0.495261	1989.0894858837128
246	0.62842643	14.680858	22.86577	-18.870884	11.297005	13.953779	34.89487	-21.47593	150.0	150.0	270599	33.6923	7.2886906	63.532627	-13.774189	-33.866734	0.44651422	1998.23606467247
247	8.907999	11.035661	30.683115	-5.0451064	19.70568	8.099969	39.431965	0.33793673	150.0	150.0	271699	32.70283	7.5313144	61.22265	-13.030825	-32.876118	0.38258463	2006.540125131607
248	19.274181	9.126091	34.961308	7.0634537	13.355505	12.224509	44.63353	-6.817052	150.0	150.0	272799	31.38937	7.8011613	63.944973	-12.973877	-31.566946	0.3956248	2014.8538963794708
249	9.527657	7.43857	24.476017	2.4528415	15.973691	8.641657	32.36862	2.9583025	150.0	150.0	273899	30.214413	7.626551	64.410255	-13.562002	-30.39827	0.37919918	2023.5961165428162
250	12.962193	11.772547	28.238068	-1.4628975	13.268448	12.148895	43.929455	-1.8713493	150.0	150.0	274999	29.22416	7.112719	63.86099	-6.1792517	-29.39906	0.33831757	2032.01748752594
