Epoch	AverageEpRet	StdEpRet	MaxEpRet	MinEpRet	AverageTestEpRet	StdTestEpRet	MaxTestEpRet	MinTestEpRet	EpLen	TestEpLen	TotalEnvInteracts	AverageQVals	StdQVals	MaxQVals	MinQVals	LossPi	LossQ	Time
1	49.482666	13.533323	63.01599	35.949345	111.1111	23.172205	149.55914	73.58627	400.0	400.0	1099	0.048263162	0.051539905	0.23968545	-0.18725775	-0.05035116	0.051361937	4.633020401000977
2	16.49161	65.69287	104.7552	-52.749626	174.10895	103.96417	334.78214	50.546116	400.0	400.0	2199	0.371704	0.6162608	3.0282423	-0.93500483	-0.38415766	0.023073994	21.198347091674805
3	70.814064	96.20762	173.24356	-57.95714	200.13345	87.85262	314.92444	59.607704	400.0	400.0	3299	1.0538726	1.6703453	6.197208	-1.1937052	-1.2230695	0.0035683303	33.64800000190735
4	66.57128	41.32539	114.503914	13.647605	172.8013	103.30925	328.9083	34.257145	400.0	400.0	4399	3.0148275	2.656968	9.089777	-1.148929	-3.2059367	0.0029012528	46.30765175819397
5	37.63041	100.46052	138.09093	-62.83011	255.3575	77.50148	330.63345	54.45709	400.0	400.0	5499	4.383711	3.5898952	12.037423	-1.6838284	-4.5852427	0.0027326995	59.818092823028564
6	88.81779	70.47116	153.1023	-9.278257	221.92838	89.11066	325.29547	45.47729	400.0	400.0	6599	6.33814	4.549338	14.863714	-1.6691484	-6.5474935	0.0062715746	74.08431363105774
7	26.421509	59.39804	101.71289	-43.48247	243.83817	76.8259	330.73322	55.69715	400.0	400.0	7699	7.7651143	5.4246655	17.487211	-1.5243778	-7.9790854	0.009089124	86.35866022109985
8	9.194705	52.69601	49.580376	-65.23882	223.11943	90.21963	326.40698	42.6066	400.0	400.0	8799	8.883176	6.17227	19.93999	-1.3877549	-9.102224	0.010992959	98.8929054737091
9	31.576662	79.9806	111.55726	-48.403934	217.92708	108.99285	334.20074	38.272038	400.0	400.0	9899	9.728794	7.0387635	22.119875	-1.2985245	-9.954071	0.014048592	112.98523306846619
10	53.992107	45.105976	89.480934	-9.656897	232.79092	90.1273	344.48557	38.381935	400.0	400.0	10999	11.16217	7.690962	24.283768	-1.1581521	-11.395506	0.017038057	126.36676406860352
11	15.174823	55.662945	92.10782	-37.732265	245.54028	45.10426	304.3849	149.39345	400.0	400.0	12099	12.449715	8.2569475	26.29475	-1.075634	-12.690393	0.018124757	138.7314212322235
12	-29.180883	40.615814	27.8522	-63.603977	215.39856	69.33635	279.7233	39.135944	400.0	400.0	13199	12.936616	8.975521	28.177212	-0.9721297	-13.1818285	0.02048229	152.01004672050476
13	-27.953018	18.02467	-9.9283495	-45.977688	225.75308	59.002605	289.54807	62.30927	400.0	400.0	14299	13.560169	9.532133	29.985453	-0.9114487	-13.808944	0.02190741	165.49570894241333
14	29.211325	115.955086	193.01642	-59.346233	196.5808	59.622604	271.3254	56.442924	400.0	400.0	15399	14.117174	10.120612	31.71858	-0.78911555	-14.364693	0.021914162	179.31733107566833
15	212.09724	26.38869	247.44162	184.05075	202.54115	72.60794	277.80875	35.48484	400.0	400.0	16499	15.746103	10.892343	33.44883	-0.6738838	-15.98275	0.023751922	192.79700326919556
16	205.84319	37.721138	257.51575	168.52711	229.60986	43.676964	293.65796	119.18354	400.0	400.0	17599	17.380339	11.532817	35.142834	-0.52675176	-17.606123	0.023341222	205.16245484352112
17	266.23737	4.658203	270.89557	261.57916	232.61922	56.252464	302.48676	96.29283	400.0	400.0	18699	19.29267	12.28496	36.83642	-0.37952876	-19.507383	0.02659819	217.7661838531494
18	208.64769	68.90127	262.7544	111.41296	219.36414	66.14335	305.89694	96.93422	400.0	400.0	19799	21.08049	12.94621	38.412136	-0.2114526	-21.287367	0.026385425	229.95656514167786
19	286.5436	27.043903	324.68478	265.0239	257.0389	48.132565	325.49057	142.14534	400.0	400.0	20899	22.718988	13.547177	40.117558	-0.05973041	-22.91773	0.03222539	243.0092830657959
20	237.1552	47.944286	273.71838	169.42331	254.9672	49.41333	319.62653	157.80225	400.0	400.0	21999	24.427029	14.137927	41.83379	0.06480253	-24.620539	0.033458598	256.1409041881561
21	278.9968	14.024536	293.02133	264.97226	256.67706	50.32635	314.88025	120.39243	400.0	400.0	23099	26.040192	14.685081	43.523113	0.19865358	-26.229536	0.03060783	266.05610728263855
22	242.98328	28.472025	270.99142	203.92642	261.58282	57.664444	325.10507	117.17432	400.0	400.0	24199	27.658289	15.18467	45.247227	0.30662632	-27.84513	0.033486538	276.52722334861755
23	263.79953	23.116392	296.47452	246.56184	264.65033	44.295597	326.27127	144.09125	400.0	400.0	25299	29.298582	15.656976	46.879684	0.4150281	-29.4851	0.037616313	291.0683739185333
24	259.11523	17.732578	276.61118	234.80817	249.58261	57.747528	310.52856	73.46129	400.0	400.0	26399	30.945309	16.0998	48.374714	0.5198034	-31.133913	0.0400345	301.9127342700958
25	252.73898	2.5320892	255.27107	250.2069	236.67798	65.7549	313.25946	66.08744	400.0	400.0	27499	32.594177	16.454247	49.82249	0.65371084	-32.782963	0.04198238	313.06166982650757
26	252.93492	55.675503	303.62726	175.41254	246.27048	49.487686	314.4773	139.30836	400.0	400.0	28599	34.110886	16.80982	51.182842	0.80672574	-34.298065	0.044968825	324.4800794124603
27	252.39178	65.834946	310.60483	160.3584	249.30502	63.498314	323.8107	89.39817	400.0	400.0	29699	35.529053	17.155935	52.501125	0.9124954	-35.714535	0.04610966	335.0847885608673
28	258.50912	43.86802	291.19818	196.50092	258.34402	58.9596	318.88483	74.97181	400.0	400.0	30799	37.01839	17.391272	53.753056	1.0041568	-37.203068	0.04175716	346.75825333595276
29	296.6231	5.6315765	302.25467	290.99152	251.9711	54.803593	308.2606	122.72288	400.0	400.0	31899	38.46849	17.597258	54.973953	1.0617692	-38.649956	0.045626573	357.96054339408875
30	295.8464	10.693377	310.58096	285.53094	269.70895	47.514206	320.80774	164.96077	400.0	400.0	32999	39.94228	17.762005	56.150616	1.1008399	-40.1183	0.049215484	371.42573285102844
31	247.67903	31.867105	292.3848	220.39511	261.99088	50.857727	328.60175	148.99203	400.0	400.0	34099	41.231266	17.905472	57.2452	1.1566358	-41.40306	0.047289394	383.3337643146515
32	255.74994	46.42292	314.0095	200.40948	282.5429	39.96009	319.83203	200.88965	400.0	400.0	35199	42.40862	18.05161	58.31858	1.224884	-42.57582	0.04699814	396.0306820869446
33	229.9332	9.259926	239.19313	220.67328	278.8398	47.436115	320.69064	141.65399	400.0	400.0	36299	43.660114	18.093853	59.3327	1.2864788	-43.82332	0.04541456	408.9836630821228
34	270.46158	19.290276	290.10663	244.24619	256.6809	55.98265	337.08173	167.09251	400.0	400.0	37399	44.78363	18.169992	60.26945	1.2999806	-44.94424	0.045670126	421.7896537780762
35	240.54161	28.11061	270.7044	203.03336	265.82867	37.14449	318.9654	188.87077	400.0	400.0	38499	45.78723	18.276201	61.212112	1.3777666	-45.943924	0.04739079	433.40279722213745
36	290.51083	21.03081	312.94733	262.38416	260.77658	57.19308	325.4577	116.78594	400.0	400.0	39599	46.933598	18.321745	62.10478	1.4428973	-47.08775	0.046193495	444.99834060668945
37	298.84125	18.74533	317.58658	280.09592	271.49405	40.504642	335.9786	158.6723	400.0	400.0	40699	48.072742	18.3215	62.992584	1.4781578	-48.22291	0.046842277	457.3135795593262
38	248.13422	51.782745	316.29684	190.86731	279.54205	43.00793	335.1199	194.27122	400.0	400.0	41799	49.05477	18.36343	63.826714	1.4999707	-49.20282	0.04979959	468.29211688041687
39	289.0679	27.65942	328.0855	267.1538	291.05133	31.809113	341.67993	219.63857	400.0	400.0	42899	49.935146	18.428082	64.6422	1.528122	-50.08092	0.0462354	478.5257294178009
40	290.39584	23.409952	323.35605	271.2217	293.4281	33.92719	345.55145	222.43947	400.0	400.0	43999	50.992912	18.372429	65.40701	1.4929342	-51.137672	0.049120143	489.039489030838
41	254.68741	42.320282	297.0077	212.36713	261.55252	54.594345	337.95804	142.91205	400.0	400.0	45099	51.776627	18.407784	66.1309	1.4591594	-51.919365	0.05232585	501.65112495422363
42	249.6095	28.255692	272.46796	209.79552	285.77652	50.35504	339.9334	191.19987	400.0	400.0	46199	52.618584	18.372665	66.850006	1.4232697	-52.75998	0.04780524	513.8603796958923
43	282.60745	45.92558	317.9291	217.74467	284.53986	41.079933	330.95297	197.2069	400.0	400.0	47299	53.444798	18.321259	67.50007	1.5127656	-53.58478	0.050477073	525.0884985923767
44	303.3838	19.682447	319.94733	275.72845	278.58588	39.442596	335.7006	173.3575	400.0	400.0	48399	54.32171	18.293081	68.12606	1.5847709	-54.459587	0.04849384	536.2182743549347
45	291.8481	24.580719	316.42883	267.2674	285.79315	37.085846	341.3013	219.85722	400.0	400.0	49499	55.118492	18.261333	68.738	1.6338317	-55.253876	0.04941447	550.060399055481
46	280.05826	31.02396	323.78427	255.07164	278.20502	43.904102	336.84647	186.74881	400.0	400.0	50599	55.966007	18.155775	69.34703	1.6910989	-56.098953	0.045478314	563.4374089241028
47	292.23737	21.905392	312.7334	261.8721	266.34055	36.588326	322.10608	199.83595	400.0	400.0	51699	56.672306	18.146341	69.92703	1.7016988	-56.80402	0.04683869	573.78271484375
48	308.72745	7.506715	319.32266	302.8532	280.85153	37.745575	338.07147	216.58817	400.0	400.0	52799	57.403984	18.135435	70.436615	1.6969512	-57.534256	0.04830964	583.7758595943451
49	273.3422	39.007347	312.34955	234.33485	277.58722	42.26708	337.3734	183.16554	400.0	400.0	53899	58.092712	18.07734	70.97437	1.6937575	-58.22056	0.04493466	594.5528099536896
50	224.92847	27.054049	262.19464	198.79161	289.90912	42.847065	338.0286	192.79535	400.0	400.0	54999	58.646507	18.07947	71.4424	1.7602632	-58.772976	0.04528952	606.6934242248535
51	296.46945	14.444127	316.63684	283.57394	289.82834	38.897614	340.69095	205.49985	400.0	400.0	56099	59.27692	18.04917	71.916885	1.9817696	-59.40124	0.047404576	617.0306632518768
52	267.89716	3.8969905	273.2414	264.05923	279.50098	51.97518	337.5968	160.63094	400.0	400.0	57199	59.828445	18.045023	72.349594	2.3567383	-59.95179	0.043794252	626.0474619865417
53	295.87173	10.869446	306.74118	285.0023	268.2091	49.61924	321.78772	142.69029	400.0	400.0	58299	60.45569	17.927933	72.78773	2.660221	-60.576748	0.047012743	636.4803085327148
54	292.52872	16.467001	305.68005	269.309	271.84784	41.387238	333.57196	177.90137	400.0	400.0	59399	60.979115	17.914042	73.216965	2.9668853	-61.099007	0.04513515	646.0457632541656
55	257.60074	30.349483	290.1753	217.10994	289.06863	25.701328	329.36526	215.55672	400.0	400.0	60499	61.5344	17.833628	73.61538	3.4772146	-61.652565	0.04576185	657.6410391330719
56	217.4269	45.515705	253.8683	153.25473	244.21773	52.007706	338.21158	131.24844	400.0	400.0	61599	61.826263	17.915535	73.96786	4.164214	-61.9441	0.045977753	666.9769885540009
57	295.58978	3.1225433	298.71234	292.46725	272.79422	35.555054	317.2221	182.79875	400.0	400.0	62699	62.31375	17.845102	74.35148	4.6721125	-62.428535	0.04552348	675.873776435852
58	233.23268	25.956272	268.3539	206.42726	305.16318	27.727463	335.517	246.32791	400.0	400.0	63799	62.68941	17.846851	74.69197	5.0633564	-62.802963	0.04396066	684.0379817485809
59	259.469	33.1904	291.8686	213.85655	277.74115	55.691322	336.0215	147.54767	400.0	400.0	64899	63.168503	17.743185	75.03071	5.3716135	-63.281094	0.04430731	692.4464979171753
60	256.30933	28.35444	283.50354	217.1913	277.6789	47.296734	337.81775	161.36006	400.0	400.0	65999	63.505993	17.737091	75.36469	5.8156886	-63.617996	0.044496812	701.2268359661102
61	271.84955	14.264053	286.1136	257.58548	282.91077	44.69725	339.28012	185.58884	400.0	400.0	67099	63.903286	17.711107	75.68191	5.9356165	-64.014786	0.041620124	710.5018618106842
62	260.27017	33.897594	306.31683	225.69917	290.44	45.21779	339.33102	187.31927	400.0	400.0	68199	64.279526	17.634855	76.002625	6.1523685	-64.39064	0.041770414	720.042427778244
63	288.7023	16.852283	309.67004	268.40698	287.51047	35.286884	338.505	232.1959	400.0	400.0	69299	64.664406	17.561956	76.31097	6.146344	-64.77324	0.043209568	731.0399804115295
64	277.90695	14.141396	290.11694	258.08496	286.6944	36.87183	324.56747	171.33492	400.0	400.0	70399	65.05344	17.508562	76.59667	6.385001	-65.16054	0.04216552	740.565318107605
65	306.20343	4.254776	310.45822	301.94867	304.58673	26.161554	339.00613	242.09152	400.0	400.0	71499	65.39888	17.457304	76.863106	6.4519854	-65.505844	0.04541637	749.447783946991
66	265.22812	63.54893	322.7548	176.66751	263.38925	49.989044	341.18933	189.45471	400.0	400.0	72599	65.77067	17.377647	77.12667	6.619809	-65.87684	0.04544213	759.6103549003601
67	211.10088	33.53639	254.00644	172.14471	275.38617	51.393913	336.69553	168.24834	400.0	400.0	73699	65.93654	17.472456	77.35812	6.6383696	-66.04056	0.045854896	769.1256709098816
68	311.91022	5.408195	319.51575	307.4076	279.95367	51.54663	336.00446	139.36462	400.0	400.0	74799	66.25719	17.411777	77.55894	6.7147245	-66.35902	0.046972316	778.524838924408
69	234.39603	13.974762	248.37079	220.42126	282.1642	49.287518	332.32025	184.32025	400.0	400.0	75899	66.523964	17.437046	77.76402	6.634347	-66.62436	0.045795694	787.4760994911194
70	306.4672	5.1583233	311.83353	299.50452	291.4792	41.335117	339.88895	193.29945	400.0	400.0	76999	67.11811	17.180857	77.970505	6.896996	-67.21244	0.04672304	796.4776639938354
71	311.2684	4.672667	316.00455	304.9094	289.7662	46.934338	338.87662	187.74881	400.0	400.0	78099	67.88169	16.712175	78.20695	7.017068	-67.96901	0.04499524	807.3820934295654
72	276.0659	33.952923	316.5467	233.46078	284.19794	33.74909	336.73254	208.46733	400.0	400.0	79199	68.257515	16.631433	78.38943	7.038691	-68.33991	0.048396003	815.5058698654175
73	321.33185	0.6485901	321.98044	320.68326	280.5061	46.000515	328.1466	161.34865	400.0	400.0	80299	68.81684	16.34036	78.61483	7.162479	-68.893654	0.04589316	824.120388507843
74	298.7561	25.931253	320.65863	262.3322	267.11893	45.992043	326.34155	142.83723	400.0	400.0	81399	69.25616	16.10645	78.79515	7.262983	-69.32852	0.0461892	832.8148691654205
75	213.91101	49.70327	283.15448	168.81888	274.79507	57.178776	333.45197	141.9534	400.0	400.0	82499	69.566635	16.08504	78.94023	7.429902	-69.63406	0.046822704	841.4011113643646
76	265.9661	44.10256	305.67154	204.4581	279.96658	47.76415	340.36682	186.00974	400.0	400.0	83599	70.03774	15.834513	79.162445	7.590644	-70.09977	0.047886275	849.2094345092773
77	245.07266	73.89463	318.9673	171.17802	291.1441	49.76875	338.6537	168.9889	400.0	400.0	84699	70.793144	15.082094	79.30099	7.697524	-70.850685	0.04615313	860.0015008449554
78	251.80652	40.291107	308.2374	216.75536	277.4748	48.932514	339.50726	168.48404	400.0	400.0	85799	71.160545	14.940512	79.48792	7.754293	-71.21242	0.04548325	870.3498528003693
79	292.4957	24.404528	322.18933	262.41446	304.0715	30.366203	340.51425	227.13416	400.0	400.0	86899	71.57474	14.807927	79.67655	7.95292	-71.622284	0.043965213	880.1423897743225
80	238.23872	38.812054	285.41812	190.3562	299.7611	33.84526	341.5864	218.33723	400.0	400.0	87999	72.298874	14.053093	79.81996	7.9771314	-72.341064	0.044579938	889.5649812221527
81	274.36447	33.113647	307.47812	241.25082	278.28876	54.84716	341.06793	147.86928	400.0	400.0	89099	73.008156	13.159527	80.013275	10.410973	-73.04611	0.04539919	898.7893030643463
82	256.08142	51.224243	300.5071	184.31403	286.57355	39.625134	341.1483	197.34114	400.0	400.0	90199	73.74623	12.159017	80.13699	10.447706	-73.77898	0.04607707	908.245596408844
83	277.68893	36.283176	305.85672	226.46161	286.69302	45.399673	336.68445	152.15244	400.0	400.0	91299	74.07911	11.830211	80.29939	13.45198	-74.10972	0.04400091	918.3975274562836
84	247.4425	35.73213	297.18793	214.87416	286.9266	38.80189	343.2066	186.31732	400.0	400.0	92399	74.33929	11.8000555	80.48551	13.447105	-74.370056	0.045185816	928.0634996891022
85	284.02557	35.99623	320.02182	248.02936	293.53214	48.998726	344.8762	189.95648	400.0	400.0	93499	74.50855	11.874944	80.64058	13.536393	-74.54158	0.046918772	938.083952665329
86	286.32178	22.124374	317.3327	267.21445	303.1589	28.91463	344.26846	237.13428	400.0	400.0	94599	74.73255	11.791003	80.78549	13.4272	-74.76591	0.045408577	949.3082232475281
87	247.2835	6.9339395	256.57108	239.91483	296.7106	38.900333	343.79724	204.08597	400.0	400.0	95699	74.94588	11.703732	80.94021	13.074921	-74.97937	0.046243913	958.1284604072571
88	288.4419	7.87928	297.1984	278.0956	287.66464	39.023296	344.02728	199.86742	400.0	400.0	96799	75.12014	11.651425	81.03388	12.961447	-75.15332	0.0480013	966.4213988780975
89	296.42072	3.6128082	300.0335	292.8079	285.11496	41.15609	335.95795	198.7444	400.0	400.0	97899	75.33987	11.540783	81.15885	12.663555	-75.37273	0.048879948	975.5410420894623
90	267.81656	19.713665	292.0431	243.75552	277.68622	39.904095	343.10254	208.43304	400.0	400.0	98999	75.48653	11.499354	81.2795	12.879368	-75.52	0.046270177	986.2486131191254
91	280.6174	4.1192718	285.4752	275.4039	297.2972	41.208477	344.662	210.3024	400.0	400.0	100099	75.682724	11.435366	81.38745	12.961784	-75.71853	0.050010473	995.2128419876099
92	279.41956	32.51741	318.80368	239.16682	292.21332	38.12244	340.2614	201.00473	400.0	400.0	101199	75.85353	11.353082	81.50391	13.097698	-75.89112	0.045514133	1005.6914989948273
93	305.6822	10.417786	316.09998	295.2644	278.45627	37.37043	341.88788	208.91861	400.0	400.0	102299	76.0451	11.2460575	81.62779	13.6854	-76.0859	0.044700198	1016.1662051677704
94	238.13702	33.31422	284.9007	209.79286	292.79852	31.743267	337.67328	216.62509	400.0	400.0	103399	76.16567	11.182292	81.76134	14.074278	-76.20827	0.0461025	1026.4612441062927
95	266.30545	47.327732	308.67307	200.24837	280.6598	21.863358	314.8509	238.75763	400.0	400.0	104499	76.35305	11.003695	81.8766	14.48291	-76.39479	0.04529727	1035.4048130512238
96	287.0392	1.6323857	288.9261	284.9439	285.82684	36.036312	328.78186	216.11581	400.0	400.0	105599	76.50495	10.878459	81.97581	15.101822	-76.54778	0.046086904	1045.516092300415
97	300.1236	2.8154144	302.939	297.30817	295.454	28.834269	340.46243	229.92288	400.0	400.0	106699	76.7225	10.68804	82.08866	15.970409	-76.764336	0.044974796	1055.5570492744446
98	281.82425	34.134335	325.36914	242.00711	295.97687	32.366364	334.2024	220.16827	400.0	400.0	107799	76.79857	10.681744	82.19439	16.620556	-76.8398	0.04253763	1065.5488035678864
99	259.6372	20.17635	287.955	242.44437	299.3851	34.018925	341.2685	226.2259	400.0	400.0	108899	76.9583	10.578529	82.293144	17.282444	-76.99745	0.04248695	1074.853304862976
100	274.14795	38.34205	320.71716	226.8082	288.57666	27.484972	324.94272	223.54655	400.0	400.0	109999	77.10097	10.481946	82.36905	17.733429	-77.13881	0.040177494	1084.8116397857666
101	286.1798	22.54535	308.72516	263.63446	291.77777	72.982704	341.77676	-1.3087957	400.0	400.0	111099	77.21256	10.45575	82.47746	18.522787	-77.2505	0.040346418	1093.296122789383
102	278.0549	26.73563	314.76804	251.86893	303.20306	24.249172	330.78287	239.97041	400.0	400.0	112199	77.31925	10.44557	82.54323	18.582443	-77.35771	0.042672932	1102.1729905605316
103	274.4111	17.130178	298.2336	258.688	291.70825	29.40682	343.08914	234.8143	400.0	400.0	113299	77.49569	10.324086	82.619896	18.842344	-77.53386	0.04347276	1110.1454105377197
104	299.20645	23.017736	319.14948	266.95422	294.69177	25.663467	331.17007	247.2902	400.0	400.0	114399	77.57022	10.331742	82.70272	18.894413	-77.606575	0.039689537	1120.2652900218964
105	259.75195	22.966797	282.71875	236.78516	294.31256	40.814026	342.61884	220.20381	400.0	400.0	115499	77.60603	10.386531	82.7766	18.991482	-77.64267	0.037641484	1128.592025756836
106	274.98413	26.124655	309.51248	246.33615	292.99542	39.965405	341.97745	217.5973	400.0	400.0	116599	77.66074	10.39274	82.83594	18.95903	-77.69687	0.04190278	1137.9581844806671
107	308.44717	17.447166	325.55142	284.4941	303.95163	28.16693	341.12527	241.09215	400.0	400.0	117699	77.849884	10.232902	82.87302	18.89928	-77.88534	0.041246295	1145.9395949840546
108	284.76895	11.701793	298.76358	270.1224	315.4693	24.681217	343.8147	239.54285	400.0	400.0	118799	77.90142	10.248856	82.94184	18.671604	-77.936806	0.040778726	1154.2664082050323
109	292.57208	21.955292	314.52737	270.6168	300.07642	27.080507	339.65848	241.05612	400.0	400.0	119899	77.98298	10.223324	83.024734	18.815388	-78.01804	0.037789796	1163.2506136894226
110	304.03204	19.189053	321.23502	277.2544	308.802	25.508358	345.57532	249.44772	400.0	400.0	120999	78.13712	10.124988	83.078255	18.153482	-78.17135	0.03951437	1170.909645318985
111	292.30032	25.002954	316.7736	257.9613	307.95282	25.449665	339.01428	257.99478	400.0	400.0	122099	78.252945	10.050314	83.10697	18.715025	-78.28687	0.037879318	1179.2393450737
112	293.47647	7.9931374	304.68762	286.61877	292.13977	45.98265	339.73172	198.91899	400.0	400.0	123199	78.27547	10.074758	83.15053	18.739828	-78.30927	0.0405325	1187.642995595932
113	310.14117	17.260284	327.40146	292.8809	307.79242	29.823286	342.12585	230.97903	400.0	400.0	124299	78.30328	10.110277	83.168015	18.746881	-78.337326	0.03997027	1196.6325528621674
114	259.96127	38.535393	303.70584	209.94162	299.12604	36.26931	340.18732	196.79752	400.0	400.0	125399	78.31071	10.202918	83.19675	18.63137	-78.34463	0.041549563	1206.6556000709534
115	277.10886	26.23436	297.13925	240.04832	296.8061	37.574417	339.75647	204.27602	400.0	400.0	126499	78.3526	10.244405	83.252556	18.687384	-78.38639	0.040142428	1215.510503768921
116	296.18192	16.58394	319.46002	282.06543	301.88263	40.54756	341.58917	215.28717	400.0	400.0	127599	78.38262	10.263708	83.287155	18.684116	-78.41675	0.039781984	1223.8477125167847
117	319.34113	4.905136	324.24625	314.43597	307.3698	34.564285	340.07172	217.5766	400.0	400.0	128699	78.43002	10.258535	83.303665	18.814999	-78.46425	0.04087935	1234.0646359920502
118	295.9191	8.727032	304.5423	283.96082	302.99506	39.144737	344.29846	219.14	400.0	400.0	129799	78.5963	10.071763	83.35688	18.44038	-78.63151	0.038917776	1242.3825051784515
119	248.65102	22.878569	279.1909	224.1274	289.76035	37.669765	337.9374	213.4884	400.0	400.0	130899	78.62809	10.096119	83.39468	18.925032	-78.66398	0.036174938	1251.037650346756
120	305.7617	29.171782	327.1282	264.51547	307.65854	29.194687	342.45068	242.30362	400.0	400.0	131999	78.65529	10.125457	83.43568	18.835424	-78.691505	0.035077155	1259.9665758609772
121	249.49942	9.368378	258.8678	240.13104	287.8083	33.768925	338.97748	217.31679	400.0	400.0	133099	78.6794	10.163266	83.46033	18.815939	-78.71495	0.036804628	1268.3145933151245
122	260.31802	31.872282	305.38516	237.09358	313.28543	25.459984	340.7559	238.65727	400.0	400.0	134199	78.684586	10.193316	83.50792	18.57277	-78.72055	0.03298924	1277.1111898422241
123	297.1843	39.181576	326.636	241.81065	294.72247	40.10605	343.89948	206.43729	400.0	400.0	135299	78.72347	10.214555	83.54741	19.07237	-78.759094	0.034015894	1285.6105089187622
124	270.25024	38.458576	311.25226	218.8022	296.75238	32.665363	337.67807	227.48892	400.0	400.0	136399	78.872925	10.055858	83.593285	18.822264	-78.90872	0.036166765	1295.62166929245
125	269.9704	33.011337	302.98172	236.95905	293.33234	29.216553	326.76868	222.52423	400.0	400.0	137499	78.928505	10.034444	83.625854	18.892807	-78.96361	0.034072675	1304.0044038295746
126	300.2643	23.206354	329.6545	272.9215	293.92365	32.85882	334.12286	205.1408	400.0	400.0	138599	79.043236	9.937428	83.655136	18.844929	-79.07806	0.031921428	1312.3082735538483
127	323.2962	1.5652537	324.6773	321.1075	284.97162	33.142017	322.35785	202.22212	400.0	400.0	139699	79.13553	9.885882	83.66973	18.859476	-79.16932	0.03328561	1320.5918724536896
128	275.6101	26.08393	312.45532	255.64456	272.1881	36.628048	333.602	218.95935	400.0	400.0	140799	79.23486	9.819846	83.72273	18.898369	-79.2682	0.032110285	1329.0783462524414
129	274.9076	6.9939423	281.90152	267.91364	296.9433	35.64631	341.818	213.63046	400.0	400.0	141899	79.27668	9.77855	83.766365	18.690365	-79.31027	0.034949686	1337.8677384853363
130	267.03476	13.727799	284.37186	250.8	296.09714	39.98134	343.48087	201.98213	400.0	400.0	142999	79.31162	9.81426	83.82213	18.373995	-79.34621	0.035800036	1347.7708938121796
131	269.6907	20.232191	295.3136	245.85144	290.46246	35.932747	343.19983	215.69852	400.0	400.0	144099	79.33908	9.819957	83.89055	18.581112	-79.37433	0.032343514	1356.9493508338928
132	306.86777	14.176932	321.38242	287.63248	295.87006	26.819475	337.85513	237.8457	400.0	400.0	145199	79.37038	9.8372555	83.93978	18.543924	-79.4066	0.032810934	1367.1034145355225
133	302.43738	0.7010803	303.13846	301.7363	303.70102	24.571272	345.25208	248.47398	400.0	400.0	146299	79.40571	9.819779	83.99335	18.634811	-79.44209	0.03413639	1375.4171125888824
134	299.65945	17.663458	324.57904	285.69724	282.4489	31.93643	325.01602	201.81325	400.0	400.0	147399	79.48792	9.750613	84.01709	19.015728	-79.523926	0.03360663	1383.7730114459991
135	288.00467	21.994034	306.80515	257.14487	298.7704	27.061985	343.11975	245.34164	400.0	400.0	148499	79.653915	9.474527	84.04692	17.513157	-79.69029	0.0348856	1392.1594331264496
136	307.4893	14.036835	326.95825	294.39792	303.6004	27.968113	341.62326	232.77115	400.0	400.0	149599	79.77086	9.323271	84.075005	19.500572	-79.806595	0.035882596	1400.5168750286102
137	248.4986	36.946236	285.44482	211.55235	285.38803	38.649563	341.04184	203.91315	400.0	400.0	150699	79.7891	9.32046	84.10346	19.516884	-79.82483	0.034126233	1410.5145571231842
138	303.87842	19.176533	326.18512	279.36777	269.93433	46.668144	342.1347	189.87602	400.0	400.0	151799	79.85355	9.299667	84.121956	19.992294	-79.889854	0.03599647	1418.9334788322449
139	285.2494	25.546276	315.08804	252.69035	304.78925	28.439701	342.68518	235.43225	400.0	400.0	152899	79.84246	9.340721	84.144295	19.915592	-79.879295	0.034248516	1426.9168045520782
140	305.0032	25.857634	323.43057	268.43536	290.92703	34.859425	335.22348	225.91386	400.0	400.0	153999	79.90626	9.300284	84.171524	18.638607	-79.942024	0.036003757	1434.9779982566833
141	284.77106	23.05516	307.82623	261.7159	303.79126	27.591227	337.13544	255.21323	400.0	400.0	155099	79.899796	9.321811	84.19455	20.385246	-79.935394	0.036072847	1443.280630350113
142	273.45764	29.29963	313.35513	243.82155	313.17596	20.392075	337.97662	265.9093	400.0	400.0	156199	79.926605	9.2900505	84.22061	20.509125	-79.96208	0.034938034	1451.634736776352
143	303.049	5.209404	307.28967	295.71146	296.9643	36.922867	343.64594	215.66774	400.0	400.0	157299	80.01521	9.099735	84.232895	20.70512	-80.04988	0.036931902	1459.8868434429169
144	268.93427	23.251448	291.84872	237.05302	305.22958	31.851976	342.3095	236.89914	400.0	400.0	158399	80.1308	8.916882	84.29408	20.50424	-80.16432	0.036356293	1468.277042388916
145	268.59726	19.573326	288.1706	249.02394	295.54987	29.849634	337.1017	219.0034	400.0	400.0	159499	80.1094	8.951265	84.31557	20.771439	-80.14222	0.035134792	1477.2610914707184
146	280.95117	27.183056	309.38254	244.32742	283.7584	29.43434	345.09354	223.92503	400.0	400.0	160599	80.25939	8.663859	84.35926	21.042551	-80.291275	0.0374983	1486.3217813968658
147	291.1226	2.903875	295.17514	288.5206	300.10916	36.19294	342.93692	215.38135	400.0	400.0	161699	80.26225	8.704608	84.438644	21.122648	-80.29425	0.036631584	1495.0067963600159
148	304.76743	7.2049603	310.01053	294.57953	295.32568	33.13834	343.1005	238.77596	400.0	400.0	162799	80.32333	8.614781	84.49257	21.294094	-80.3552	0.039932325	1502.7799611091614
149	284.9639	1.4937744	286.45767	283.47012	286.03976	33.24336	341.48074	223.0307	400.0	400.0	163899	80.427956	8.46879	84.57189	21.06205	-80.460625	0.03794293	1512.849663734436
150	309.91885	15.84082	329.60986	290.82156	291.1168	28.848103	335.12915	232.57318	400.0	400.0	164999	80.4677	8.425303	84.62993	20.579502	-80.50058	0.040527545	1520.9616205692291
151	303.07742	11.941365	319.0031	290.24902	289.74405	31.569174	337.86224	225.2586	400.0	400.0	166099	80.572365	8.257862	84.6625	20.609556	-80.60436	0.038541775	1530.993899345398
152	293.5724	15.2126	313.03738	275.9045	308.9368	29.468079	338.0707	218.3074	400.0	400.0	167199	80.61423	8.204603	84.667946	20.488705	-80.647255	0.03790571	1540.8332211971283
153	282.20325	19.986603	302.18985	262.21664	309.73932	22.396313	340.85074	238.13629	400.0	400.0	168299	80.680305	8.068943	84.68514	20.408587	-80.716576	0.040042493	1549.1736102104187
154	293.49704	6.7016973	302.57275	286.59427	308.9666	30.12949	349.03067	250.33577	400.0	400.0	169399	80.74138	7.9686213	84.68278	19.950401	-80.777885	0.041971233	1557.353214263916
155	276.97287	13.152058	288.1637	258.51126	288.82043	37.227913	344.17557	201.43898	400.0	400.0	170499	80.805954	7.874912	84.65932	19.614065	-80.84172	0.04029723	1565.2125279903412
156	286.703	30.819887	315.3947	243.94258	284.3022	39.11467	336.92566	212.90218	400.0	400.0	171599	80.831955	7.853188	84.65199	20.925938	-80.86671	0.03953478	1573.5423498153687
157	249.99911	42.68679	292.6859	207.31233	299.5616	38.829556	341.82858	194.43918	400.0	400.0	172699	80.81711	7.896456	84.63574	21.286465	-80.851074	0.039396122	1581.8953886032104
158	272.71994	20.406998	293.21286	244.87523	301.06244	30.36227	347.01453	235.65193	400.0	400.0	173799	80.80842	7.9580464	84.62322	21.670364	-80.84136	0.041034415	1590.064902305603
159	298.52524	20.104927	316.55515	270.47076	285.49918	41.202995	332.339	202.92711	400.0	400.0	174899	80.82751	7.9483333	84.60963	21.877363	-80.859825	0.035888687	1598.8229146003723
160	283.4066	17.91262	308.0919	266.1375	301.07465	31.722427	339.36316	207.42055	400.0	400.0	175999	80.83763	7.95911	84.59377	21.741684	-80.870415	0.038640283	1607.403729915619
161	259.13425	33.451836	292.5861	225.68242	296.5565	35.53454	345.9893	200.30254	400.0	400.0	177099	80.828224	7.9864717	84.6029	22.02348	-80.86138	0.036559366	1615.790965795517
162	296.03262	23.299286	323.9073	266.87894	286.04605	41.64166	343.60208	216.96815	400.0	400.0	178199	80.86983	7.891645	84.60742	21.492277	-80.903755	0.038838062	1624.848124742508
163	274.5328	52.379543	315.04227	200.56905	288.73624	43.186832	339.9372	188.19142	400.0	400.0	179299	80.91582	7.826151	84.62533	21.577621	-80.949684	0.03789401	1633.6734600067139
164	211.03389	113.16303	323.78162	56.299625	225.16223	112.89039	340.79614	67.64071	400.0	400.0	180399	80.8754	7.902234	84.632904	21.692223	-80.90917	0.037454154	1642.151980638504
165	318.62067	5.8394012	324.46005	312.78125	246.01904	97.14294	337.77856	78.49573	400.0	400.0	181499	80.73833	8.258325	84.65176	20.316341	-80.77032	0.03620785	1651.2638227939606
166	210.24992	97.198715	324.7863	87.16037	283.2698	62.66369	339.4995	118.31628	400.0	400.0	182599	80.66684	8.459301	84.65328	20.305674	-80.69912	0.038558323	1660.0197958946228
167	269.75925	32.513435	314.9327	239.74261	304.58	34.887794	344.08905	208.3653	400.0	400.0	183699	80.557335	8.656336	84.66596	20.491302	-80.589836	0.037320267	1668.0142588615417
168	295.8641	26.982628	323.10974	259.10367	284.76984	40.219936	345.49347	188.94348	400.0	400.0	184799	80.56562	8.735484	84.67733	19.720442	-80.598015	0.039996594	1676.5200788974762
169	318.67926	5.2700043	323.94925	313.40924	302.5097	34.187508	344.86145	204.05359	400.0	400.0	185899	80.618645	8.696784	84.70857	20.576162	-80.651245	0.038839776	1685.026659488678
170	299.60214	28.688692	322.4686	259.14468	307.4604	21.050814	339.46405	266.52454	400.0	400.0	186999	80.64912	8.714831	84.748116	20.498781	-80.68206	0.03910761	1693.5971093177795
171	314.53247	4.275678	320.4736	310.58752	310.99973	25.272614	344.24857	255.16255	400.0	400.0	188099	80.70211	8.69919	84.77085	21.258846	-80.735245	0.038924444	1702.2460370063782
172	289.60788	14.27851	308.15622	273.42117	292.33728	45.360146	344.77643	193.86989	400.0	400.0	189199	80.743095	8.679675	84.816055	22.087688	-80.77615	0.033578426	1712.587055683136
173	293.06378	31.30754	324.37134	261.75626	306.8415	29.909267	345.46036	225.8301	400.0	400.0	190299	80.74122	8.735903	84.83939	21.339687	-80.774315	0.0385536	1721.0741498470306
174	266.02502	59.198654	319.94922	183.60252	310.6056	20.964384	341.80417	269.19345	400.0	400.0	191399	80.7406	8.8344555	84.86748	16.532955	-80.77354	0.038364537	1729.6399228572845
175	280.8481	27.936752	307.01822	242.13033	301.2193	30.199871	342.5691	249.99953	400.0	400.0	192499	80.699585	8.952962	84.87904	16.468931	-80.73263	0.039344396	1737.7929861545563
176	300.9275	4.8070383	305.18002	294.20792	301.16165	34.90087	340.38693	210.95589	400.0	400.0	193599	80.71882	8.962675	84.92047	17.5388	-80.75201	0.03471252	1747.847983121872
177	259.75006	15.563538	275.3136	244.18652	301.62274	33.69199	339.22665	224.13322	400.0	400.0	194699	80.71251	9.0126295	84.944664	17.767378	-80.745415	0.036781866	1756.2211241722107
178	256.57935	25.49935	284.0319	222.60231	289.58566	37.801704	344.62457	225.78378	400.0	400.0	195799	80.66338	9.113889	84.95491	18.585518	-80.69615	0.03918361	1764.6939458847046
179	300.04993	18.341803	319.4185	275.4232	303.12912	34.339634	339.50674	217.50089	400.0	400.0	196899	80.656	9.160215	84.9986	18.84708	-80.68916	0.036314353	1773.2710342407227
180	299.37683	12.85769	315.46655	283.9957	298.9087	32.590225	339.96106	219.43333	400.0	400.0	197999	80.67931	9.156651	85.0139	18.962538	-80.71257	0.033495713	1781.6903767585754
181	275.6524	44.44258	320.09497	231.20981	304.94266	30.954124	342.722	208.94626	400.0	400.0	199099	80.68136	9.18746	85.0314	19.551899	-80.71483	0.034765556	1790.3878812789917
182	275.22916	22.326895	305.77563	253.03354	290.06696	43.01345	342.34293	201.397	400.0	400.0	200199	80.67484	9.219244	85.052315	19.752089	-80.70852	0.033651263	1798.4965670108795
183	304.4215	12.938114	318.48837	287.25473	302.24902	33.719868	339.64136	227.54231	400.0	400.0	201299	80.74236	9.146028	85.071	19.720697	-80.776634	0.032147486	1807.412652015686
184	290.18417	37.95217	324.763	237.3451	287.19672	36.389874	336.97302	213.49588	400.0	400.0	202399	80.755424	9.156613	85.09044	19.82159	-80.7898	0.03375148	1817.3022289276123
185	281.54376	0.20939636	281.75314	281.33435	306.6555	34.305164	338.86194	206.98047	400.0	400.0	203499	80.75112	9.200524	85.138466	19.866848	-80.78493	0.033374157	1825.3868339061737
186	265.59915	34.60587	303.1023	219.61736	283.7168	39.45084	338.04245	204.07394	400.0	400.0	204599	80.700134	9.328137	85.15413	19.299868	-80.73447	0.03328186	1834.4711842536926
187	296.8248	12.906608	309.7248	279.19162	303.9798	28.377018	337.32327	224.20653	400.0	400.0	205699	80.72385	9.324122	85.203156	19.075174	-80.75794	0.035216898	1842.913740158081
188	272.7826	34.98384	301.27036	223.50815	302.82083	27.312857	341.5644	243.64095	400.0	400.0	206799	80.795685	9.230701	85.21245	18.698177	-80.83008	0.034781788	1851.5292720794678
189	307.45007	13.131699	320.58176	294.31836	291.30002	42.857594	339.98978	200.48894	400.0	400.0	207899	80.79452	9.265941	85.27832	17.509539	-80.828835	0.035854228	1861.545678138733
190	273.96436	23.8613	291.00793	240.21997	297.26172	35.451954	339.45517	224.15402	400.0	400.0	208999	80.85338	9.226833	85.33069	17.703018	-80.88726	0.03584205	1871.42436170578
191	290.3291	24.738132	320.39816	259.80743	301.63583	38.501545	340.77975	221.72401	400.0	400.0	210099	80.85652	9.243107	85.37471	17.47808	-80.89024	0.038802464	1881.2250072956085
192	299.35147	13.097488	317.72934	288.16074	292.05057	33.559944	335.14084	217.93369	400.0	400.0	211199	80.91019	9.151242	85.410385	17.164001	-80.943184	0.036476657	1889.4399490356445
193	308.693	4.70607	313.39905	303.9869	285.75507	37.86414	336.7621	206.08376	400.0	400.0	212299	80.97289	9.07979	85.454834	17.17922	-81.0058	0.0377199	1898.0492749214172
194	314.38828	0.86644584	315.59192	313.5876	296.97394	27.397163	331.23392	223.99152	400.0	400.0	213399	80.99176	9.107313	85.48728	17.218794	-81.02479	0.03120379	1906.4620752334595
195	282.67953	36.01834	309.4503	231.76448	301.5635	31.327429	338.4069	227.93697	400.0	400.0	214499	80.989456	9.123586	85.538155	17.049192	-81.02174	0.0320399	1914.6621234416962
196	256.2422	38.39971	302.92328	208.87117	304.3864	26.162535	337.153	231.71312	400.0	400.0	215599	80.92603	9.271401	85.54674	16.618237	-80.95878	0.037873372	1923.339498758316
197	309.75378	13.788605	323.5424	295.96518	295.88568	38.865475	341.54654	212.95749	400.0	400.0	216699	80.96326	9.285857	85.56006	16.523846	-80.99547	0.03796967	1931.7286400794983
198	293.81628	31.372763	319.00626	249.59103	315.89157	27.359058	340.41	225.4636	400.0	400.0	217799	80.98443	9.288847	85.58727	16.527344	-81.01608	0.035674743	1941.710313796997
199	293.39835	20.660393	321.22137	271.76108	303.97144	23.054705	341.38712	241.35039	400.0	400.0	218899	81.02537	9.261924	85.61127	16.324318	-81.0567	0.035346437	1950.0078818798065
200	278.03015	18.03049	303.50888	264.41138	310.459	24.601274	339.796	253.78558	400.0	400.0	219999	81.05223	9.242403	85.65116	16.390926	-81.08375	0.035615485	1958.9356226921082
