Epoch	AverageEpRet	StdEpRet	MaxEpRet	MinEpRet	AverageTestEpRet	StdTestEpRet	MaxTestEpRet	MinTestEpRet	EpLen	TestEpLen	TotalEnvInteracts	AverageQVals	StdQVals	MaxQVals	MinQVals	LossPi	LossQ	Time
1	99.45693	123.241585	222.69852	-23.784649	-149.85603	17.3496	-121.20231	-179.6895	400.0	400.0	1099	0.37406215	0.77749026	29.428894	-5.056048	-0.425475	0.38512927	2.5893712043762207
2	103.62909	94.24469	216.80919	-13.918249	124.66685	60.964157	288.98026	36.373096	400.0	400.0	2199	1.3360418	1.3061429	19.87715	-4.5135365	-1.4012506	0.022628859	7.79907488822937
3	64.191505	33.410587	111.27856	37.25561	156.70119	88.09595	319.21222	16.429386	400.0	400.0	3299	3.6077082	2.665326	8.519486	-1.814486	-3.7782946	0.008942907	13.030616521835327
4	67.628716	42.016376	126.99993	35.85548	152.83066	76.06702	251.1037	8.29062	400.0	400.0	4399	5.4247994	3.8447106	41.39994	-34.194313	-5.6299396	0.034929615	18.608779430389404
5	156.41412	14.828087	171.24222	141.58604	94.1644	63.192528	178.50499	-57.861294	400.0	400.0	5499	7.4289436	4.941966	46.091156	-27.46225	-7.6366825	0.031723946	24.069282054901123
6	75.9394	117.25114	218.71754	-68.47395	82.993744	53.84384	215.09612	12.166943	400.0	400.0	6599	9.660065	6.0744863	31.59313	-10.860523	-9.873455	0.030060917	29.548776865005493
7	92.07548	113.854904	236.87108	-41.31482	107.14638	49.5935	220.55675	23.39343	400.0	400.0	7699	11.375697	7.5976987	43.01334	-47.70261	-11.583113	0.070824735	35.55619692802429
8	-2.4797885	52.5274	67.551155	-58.953163	113.440186	35.75356	190.61969	31.347273	400.0	400.0	8799	12.255296	9.137778	53.180782	-6.6272063	-12.468478	0.07076953	41.348756551742554
9	60.987503	28.131392	89.1189	32.856113	98.17928	25.873106	149.3123	23.158474	400.0	400.0	9899	12.801753	10.659293	40.87943	-17.284779	-13.019731	0.069325246	46.95531392097473
10	70.91992	29.363375	111.52444	43.08329	103.33925	35.246243	164.17784	38.13588	400.0	400.0	10999	14.021876	11.719933	44.476265	-17.321697	-14.244503	0.08244068	52.809102296829224
11	127.328514	61.16869	188.25452	43.682537	126.95011	27.98849	172.46754	69.60901	400.0	400.0	12099	15.754691	12.561641	48.935127	-17.233643	-15.980185	0.12196009	58.701777935028076
12	-25.286951	25.206747	6.8746834	-54.682877	119.888954	24.06943	156.2786	49.960094	400.0	400.0	13199	16.41648	13.480833	43.544147	-17.223015	-16.646818	0.122856334	64.47850513458252
13	34.991684	52.642967	87.63465	-17.651283	117.77124	37.521873	172.7089	49.365524	400.0	400.0	14299	16.82601	14.489386	50.770233	-17.706467	-17.064667	0.17117262	71.30366158485413
14	142.25694	95.3628	256.90622	23.428205	114.13949	39.851143	178.93694	32.098118	400.0	400.0	15399	17.981308	15.42724	48.62063	-17.924881	-18.228287	0.17676026	78.35672926902771
15	90.575096	42.186737	142.81783	39.501698	91.01546	36.836857	148.01488	17.601118	400.0	400.0	16499	18.802454	16.409227	49.9807	-18.40676	-19.037176	0.20900394	84.57011604309082
16	81.08652	22.878036	106.49098	51.033012	107.499405	20.750753	145.47873	65.00306	400.0	400.0	17599	19.206524	17.281185	54.664886	-19.042847	-19.42519	0.25645944	90.40592336654663
17	102.26112	22.952007	125.21313	79.30911	99.52423	35.022923	153.19064	29.243147	400.0	400.0	18699	19.39711	18.0433	82.34084	-27.21353	-19.60103	0.2590557	96.27147889137268
18	71.807526	24.45951	105.93827	49.871777	106.978615	31.437115	147.07217	45.43665	400.0	400.0	19799	19.516384	18.754147	66.93821	-21.641756	-19.716555	0.26398712	102.51599216461182
19	80.12211	36.072674	108.00368	29.183744	99.36937	25.513939	144.37224	56.065163	400.0	400.0	20899	19.63026	19.305159	58.537453	-21.953302	-19.822739	0.29732963	108.36120009422302
20	104.58237	3.9082582	108.41217	99.21621	91.43317	31.956661	147.23181	24.34031	400.0	400.0	21999	19.942678	19.89057	76.42934	-23.74571	-20.125383	0.33302644	113.96591830253601
21	56.032883	20.59202	76.6249	35.44086	87.39989	29.839016	136.75734	41.01586	400.0	400.0	23099	20.10176	20.425085	62.743614	-25.858383	-20.275927	0.3763754	119.62509369850159
22	116.00143	24.63772	145.95161	85.60668	111.82479	36.785667	160.16241	21.495888	400.0	400.0	24199	20.313656	21.05461	63.340633	-26.246393	-20.483213	0.32535377	125.27069044113159
23	109.95255	37.25042	156.22282	65.00717	112.505295	39.703945	208.01352	17.105185	400.0	400.0	25299	20.551949	21.69048	104.96883	-38.709225	-20.7176	0.47511974	130.93147945404053
24	112.51346	35.594666	162.01619	79.85134	118.80049	36.451473	161.62785	24.697084	400.0	400.0	26399	20.543497	22.192062	73.06043	-37.99645	-20.706097	0.3975432	138.16791415214539
25	141.37398	14.919907	156.29388	126.45407	106.96062	32.802536	146.6128	40.78717	400.0	400.0	27499	20.77026	22.79429	89.11135	-48.74219	-20.92983	0.4545031	145.29303193092346
26	112.769264	29.111845	135.76059	71.69661	114.186874	40.561962	206.66702	28.910978	400.0	400.0	28599	20.74224	23.409588	77.45719	-48.437782	-20.90003	0.41025892	151.54537415504456
27	131.01701	5.989445	137.93289	123.32373	116.74717	27.073853	183.42628	56.118744	400.0	400.0	29699	20.801426	24.033102	71.8721	-46.579983	-20.960817	0.46105754	157.47776746749878
28	141.41388	38.97406	186.38503	91.33006	131.67499	41.13952	197.09924	30.51722	400.0	400.0	30799	20.995203	24.747952	90.370384	-55.972504	-21.153671	0.49015826	163.20413184165955
29	114.394905	42.678337	157.07324	71.71657	134.43544	28.264828	192.41557	50.46971	400.0	400.0	31899	21.02925	25.266882	79.0363	-54.99361	-21.186169	0.56841856	170.18461656570435
30	127.797424	9.87111	139.19727	115.11961	116.633705	35.129696	168.01575	28.236753	400.0	400.0	32999	21.336662	25.553713	77.38777	-53.422966	-21.492102	0.5399484	177.27781295776367
31	144.01018	14.716587	162.88739	126.98177	126.36565	31.93066	176.33429	38.09885	400.0	400.0	34099	21.713366	25.731066	90.67567	-51.736515	-21.86748	0.5752258	184.35514116287231
32	121.48344	12.496242	136.7049	106.09682	114.52541	43.375748	174.16124	41.063602	400.0	400.0	35199	21.884172	26.068459	88.97112	-49.799477	-22.037691	0.6534907	190.20200729370117
33	113.25638	40.98558	154.24196	72.2708	94.11313	40.579517	175.37613	33.487267	400.0	400.0	36299	21.96586	26.239103	94.92476	-47.80515	-22.124699	0.6499558	196.06566095352173
34	92.03561	32.597748	119.82019	46.28531	116.66008	46.911186	203.78	13.330138	400.0	400.0	37399	22.075815	26.377682	82.821785	-45.53927	-22.234545	0.68770146	201.74926042556763
35	88.871124	25.308651	108.53619	53.13964	107.87709	44.46154	225.05945	42.261505	400.0	400.0	38499	22.20206	26.529799	102.51586	-43.57733	-22.357912	0.6861464	207.3379945755005
36	90.03839	15.218355	109.01801	71.760635	113.14536	64.94725	252.83736	3.4214754	400.0	400.0	39599	22.1077	26.646942	96.49089	-41.562874	-22.264381	0.7175281	214.50699090957642
37	73.91454	56.25507	130.16962	17.659473	121.575035	40.6404	186.71584	23.294739	400.0	400.0	40699	22.048489	26.806929	87.23277	-76.06466	-22.208216	0.82556474	221.5842034816742
38	104.53475	46.575745	163.05975	49.09844	157.08861	41.836277	226.32928	63.9019	400.0	400.0	41799	22.065165	26.797052	97.737915	-75.31605	-22.233496	0.6809247	227.24942064285278
39	-72.848015	62.193596	-9.423582	-157.334	170.0236	86.47599	322.922	27.785769	400.0	400.0	42899	20.190632	40.05823	782.1304	-987.44385	-20.328562	11.190556	232.8184642791748
40	57.619755	181.48978	300.37708	-135.93558	111.01091	68.247375	240.16365	-45.32477	400.0	400.0	43999	20.024729	41.923073	894.90656	-805.28033	-20.232386	5.4869604	238.41426038742065
41	80.72908	69.359276	150.08836	11.3698015	103.4843	93.24506	310.65912	-68.41003	400.0	400.0	45099	20.223795	42.324787	442.7373	-809.68176	-20.444677	3.1824577	243.9624047279358
42	14.590851	143.35704	208.59634	-133.38509	106.20372	126.13848	299.6761	-123.94029	400.0	400.0	46199	20.592047	42.082302	659.21497	-820.4512	-20.822403	7.303703	249.67884969711304
43	48.365032	7.0275836	56.732876	39.53732	44.224636	92.00958	242.44083	-124.46052	400.0	400.0	47299	20.597948	42.911774	195.1378	-780.2307	-20.838703	1.1463406	255.37822198867798
44	81.52195	57.01294	161.7503	34.46001	67.59482	76.239365	242.94981	-59.870354	400.0	400.0	48399	20.97654	42.51718	744.28516	-854.1456	-21.172052	6.3611493	261.37572169303894
45	124.622635	74.78215	199.40479	49.84049	59.139137	74.418755	186.00742	-82.704956	400.0	400.0	49499	21.562038	41.801712	397.85336	-801.7303	-21.743025	4.4268947	267.65598940849304
46	56.546097	70.7397	150.59793	-20.006886	115.51445	92.19607	310.80713	-115.51073	400.0	400.0	50599	21.5413	42.42376	323.56342	-759.8974	-21.709488	1.9992261	274.7878358364105
47	65.99966	43.987167	100.743774	3.9404514	90.314896	87.20859	261.53067	-126.58826	400.0	400.0	51699	21.718971	41.509407	310.27274	-746.99066	-21.890133	2.3365781	281.96229362487793
48	48.95219	62.518066	134.35823	-13.552837	119.10954	67.91008	278.7145	16.905699	400.0	400.0	52799	21.708603	41.242355	198.56166	-741.3908	-21.879013	1.2849258	289.0826098918915
49	46.88522	34.56075	81.44597	12.324472	118.77787	96.99607	260.37064	-36.186512	400.0	400.0	53899	21.542994	40.98415	677.3012	-762.0123	-21.699219	4.722323	296.13704466819763
50	63.926037	35.28642	113.828125	38.792915	50.662746	77.5438	261.52457	-55.0371	400.0	400.0	54999	21.497183	40.65082	339.65073	-742.3453	-21.650082	3.2185872	301.6086494922638
51	48.932735	71.93621	125.81805	-47.20492	116.097374	75.51647	256.66675	6.03085	400.0	400.0	56099	21.1387	40.79174	529.86414	-745.4704	-21.276083	3.0098398	307.1174488067627
52	17.605967	65.68823	107.098465	-48.721195	103.282104	47.399868	189.50871	4.954198	400.0	400.0	57199	20.727203	40.565105	1046.124	-754.6545	-20.841576	8.496898	313.03283309936523
53	204.8359	30.32064	235.15654	174.51526	131.781	50.057716	253.36111	14.425163	400.0	400.0	58299	20.731163	40.44564	150.40668	-718.816	-20.88152	0.82220143	319.80836391448975
54	96.62919	49.677364	161.88263	41.458027	127.17177	62.200344	267.92902	16.220692	400.0	400.0	59399	20.894321	40.498787	378.94568	-719.11096	-21.038157	2.0574005	326.51617097854614
55	131.4178	68.90393	227.6412	69.986145	156.17676	88.554794	308.41107	18.761786	400.0	400.0	60499	20.97837	40.37753	382.44086	-704.58905	-21.129852	2.0254872	333.1979703903198
56	71.598305	24.000416	103.38446	45.39697	246.48772	57.31937	325.85947	111.34392	400.0	400.0	61599	20.993738	40.691586	314.3564	-731.06	-21.136917	2.2968614	338.7999794483185
57	35.10572	201.18521	236.29094	-166.0795	171.03897	97.59108	289.0499	-7.1263447	400.0	400.0	62699	19.959387	43.937656	1141.1478	-1178.7684	-20.091381	10.514919	345.44909286499023
58	158.78821	16.288528	181.5903	144.55476	121.47418	96.00201	267.19373	-62.606125	400.0	400.0	63799	19.911955	45.21862	209.15623	-700.07684	-20.059986	1.1389947	351.08315896987915
59	215.26599	71.05817	265.5993	114.77462	127.448044	65.27467	297.69424	-0.74607885	400.0	400.0	64899	20.3433	44.765697	126.23719	-680.1495	-20.488857	0.9334677	356.7048523426056
60	107.48051	102.213776	205.56635	-33.51816	158.22035	70.23324	300.89862	34.750275	400.0	400.0	65999	19.974379	47.438004	278.47308	-676.55334	-20.130863	1.7001446	362.37342143058777
61	115.49543	50.63691	166.13234	64.85852	167.62903	68.30359	272.24753	59.767437	400.0	400.0	67099	20.291763	47.900013	528.0917	-661.72845	-20.43502	3.833763	368.0420837402344
62	177.30687	60.327152	243.98573	97.87519	203.95865	61.901436	290.74606	62.416454	400.0	400.0	68199	20.496761	47.56672	285.69467	-674.07367	-20.65154	1.651594	373.73613572120667
63	174.50008	50.3556	242.29836	121.731	269.42984	28.426752	304.55566	200.01645	400.0	400.0	69299	20.98494	46.49218	321.70972	-667.63306	-21.134596	2.5145698	380.4433083534241
64	149.63283	62.770763	232.31477	80.30926	144.89505	55.731712	274.99655	44.04288	400.0	400.0	70399	21.322369	46.427643	542.71136	-680.4833	-21.477692	3.8602397	387.56375432014465
65	90.23855	45.712364	135.95091	44.526188	191.23715	101.13644	313.86563	-13.274061	400.0	400.0	71499	21.644382	45.94155	236.39078	-653.36285	-21.780516	2.2542617	394.5010802745819
66	18.983574	120.62086	159.2723	-135.20477	96.785576	42.93964	217.60086	23.479355	400.0	400.0	72599	21.270489	45.11682	297.5165	-659.28125	-21.425537	3.1410718	400.73360800743103
67	52.38802	27.30866	83.19264	16.812689	108.68129	31.294544	164.05026	35.447586	400.0	400.0	73699	21.335632	45.006824	475.89017	-640.7143	-21.472706	2.456214	407.8002014160156
68	62.302486	72.42943	118.150604	-39.984024	77.50666	36.88711	144.88654	9.538974	400.0	400.0	74799	21.365774	44.470722	621.37054	-631.8902	-21.486532	4.5594025	413.65341901779175
69	70.292336	28.994898	99.28723	41.297436	96.22015	27.977188	172.15616	26.940838	400.0	400.0	75899	21.17224	43.985867	305.09976	-613.4882	-21.32756	1.3408399	419.58245062828064
70	136.80408	61.82617	216.87045	66.34484	104.9786	75.8798	286.61084	-28.039347	400.0	400.0	76999	21.484415	43.63713	352.24796	-608.23663	-21.643024	2.5957794	425.53648233413696
71	97.980934	64.15223	157.46434	8.913383	90.11879	65.268036	260.0416	-49.21638	400.0	400.0	78099	21.428673	43.47337	805.2842	-685.44556	-21.58096	4.5993104	431.45124769210815
72	155.93376	77.67195	265.39276	93.23908	85.25545	50.58288	141.16502	-59.23437	400.0	400.0	79199	21.820765	42.735214	296.43692	-593.7055	-21.974056	1.4425268	437.33815002441406
73	106.05604	2.5566788	108.61272	103.49936	226.77927	80.62268	318.61288	45.231686	400.0	400.0	80299	22.020176	42.334843	240.38303	-588.8368	-22.173857	1.0389359	443.23254132270813
74	146.01173	82.99725	208.66846	28.727468	97.934685	69.26008	289.40436	5.4602733	400.0	400.0	81399	22.278423	42.24627	444.1392	-598.69	-22.40836	2.8581035	449.132844209671
75	139.16766	89.14095	263.96338	61.320328	107.62343	55.0956	192.75595	12.336342	400.0	400.0	82499	22.425179	41.780643	204.13539	-587.4783	-22.56599	1.1553335	455.05829644203186
76	96.65853	27.419268	121.16822	58.38099	152.85164	52.296326	290.79742	33.826286	400.0	400.0	83599	22.433905	41.179333	397.50345	-593.2236	-22.542986	3.8719983	460.96614956855774
77	48.99328	62.821007	111.814285	-13.827729	-37.74662	53.235424	55.347004	-145.75925	400.0	400.0	84699	22.231192	41.044083	555.2695	-582.8611	-22.36581	2.4223843	466.8893060684204
78	132.4971	44.612457	189.29707	80.31204	-95.47722	24.709064	-43.337517	-134.10577	400.0	400.0	85799	22.385872	40.366066	303.04236	-576.4004	-22.511595	1.7589774	472.8289783000946
79	176.09157	81.37529	291.17148	117.94513	132.67131	60.274994	311.26447	31.001678	400.0	400.0	86899	22.477673	40.345848	148.02254	-567.7952	-22.605288	1.2843224	478.829909324646
80	63.5706	16.305561	82.576195	42.75862	128.61763	57.793285	267.5845	20.892677	400.0	400.0	87999	22.734095	39.89336	755.2745	-1352.8812	-22.820948	8.174559	484.77858781814575
81	67.40546	43.98346	111.388916	23.421997	127.07259	58.826885	328.40408	17.013262	400.0	400.0	89099	22.671753	39.528603	167.58122	-558.3202	-22.805676	0.83867085	490.404159784317
82	110.35868	46.870754	176.51123	73.65178	99.908485	36.39152	152.7228	-2.9372306	400.0	400.0	90199	22.6598	39.10546	123.55042	-542.2824	-22.799446	0.89369863	496.4295651912689
83	68.59086	32.120354	111.663574	34.55924	141.32877	61.06396	287.8526	0.23800409	400.0	400.0	91299	22.73167	38.794926	521.3565	-548.6555	-22.825928	3.9660432	503.648255109787
84	127.165344	74.77343	224.93098	43.382534	195.90639	78.78936	305.83197	68.344925	400.0	400.0	92399	22.63061	38.644196	696.4751	-616.597	-22.73075	4.7484746	509.62414264678955
85	81.91727	22.777042	104.69431	59.14023	124.55858	58.041367	228.10016	-27.557085	400.0	400.0	93499	22.646542	38.608643	165.02292	-523.69995	-22.779428	0.943651	515.6191244125366
86	169.56738	73.95418	241.55467	67.86831	142.73068	86.021194	315.91992	-35.268486	400.0	400.0	94599	22.82288	38.03444	262.86044	-572.11743	-22.958202	1.8244524	521.6055901050568
87	173.90474	114.52724	292.85757	19.231684	142.60315	49.82374	270.07162	40.621826	400.0	400.0	95699	23.323168	37.48725	153.42041	-516.49084	-23.457613	1.050007	527.4081103801727
88	127.262085	19.66178	141.6563	99.46198	235.68953	74.928566	322.14456	54.183376	400.0	400.0	96799	23.441925	37.039642	324.4687	-503.34674	-23.57237	2.0703094	533.1805412769318
89	265.91083	46.67092	312.58176	219.23991	106.774	78.87026	209.423	-35.045925	400.0	400.0	97899	23.582327	37.205948	476.6679	-529.9248	-23.709099	3.5380988	539.140234708786
90	50.69237	141.52089	248.3117	-75.54349	180.58524	86.51782	280.26196	23.838963	400.0	400.0	98999	23.399767	36.90717	268.81882	-513.454	-23.468658	2.4441006	546.3852272033691
91	125.904854	111.96353	284.1735	42.64381	57.050194	42.91704	120.104416	-12.323962	400.0	400.0	100099	23.522226	36.78241	385.7277	-759.4591	-23.618814	5.4452887	553.309243440628
92	94.572754	30.178501	132.6019	58.78168	210.028	70.97709	276.00775	-21.327131	400.0	400.0	101199	23.32372	36.724346	350.417	-493.57947	-23.373014	2.9386094	559.0255835056305
93	109.92301	46.718346	156.64136	63.204666	142.4219	93.06513	298.33835	-36.192547	400.0	400.0	102299	23.275862	36.434948	194.52849	-482.40616	-23.388046	1.332136	564.9788725376129
94	127.24874	105.2775	204.34865	-21.604107	215.98686	71.3625	302.18546	63.839256	400.0	400.0	103399	23.59015	36.592415	426.24243	-491.32718	-23.710041	1.8230284	571.8408696651459
95	234.3468	71.87084	296.58182	133.63597	164.26193	81.7693	303.79462	46.51652	400.0	400.0	104499	24.189453	36.225704	212.26613	-480.04672	-24.31072	1.8719225	579.0378520488739
96	76.38179	127.0073	214.9916	-91.85124	82.47658	90.35621	291.16278	-25.52681	400.0	400.0	105599	24.042662	36.711205	879.77136	-512.98975	-24.16641	8.639563	584.5486407279968
97	88.01373	52.65552	140.66925	35.35821	205.42664	75.62683	306.0391	38.074898	400.0	400.0	106699	23.961006	36.86609	545.1375	-480.83603	-24.083012	2.8289826	590.088573217392
98	83.96398	42.582417	143.6915	47.439796	204.78378	68.68986	297.9332	52.87092	400.0	400.0	107799	23.973413	36.5552	234.35641	-449.2165	-24.096144	1.3986951	595.64923787117
99	131.34537	83.16235	199.3044	14.238585	174.67365	86.883194	302.34875	41.912125	400.0	400.0	108899	24.209282	36.324764	239.98837	-447.1516	-24.334293	1.6268151	601.729341506958
100	186.13753	79.40711	298.25708	124.587685	154.03574	74.36579	298.6934	27.744576	400.0	400.0	109999	24.556011	36.002773	352.61868	-436.3984	-24.678833	2.4618292	607.7083337306976
101	118.31113	54.488552	172.79968	63.822575	-137.16257	17.192411	-113.2832	-170.81354	400.0	400.0	111099	24.696898	35.873577	1348.6653	-519.4817	-24.824772	6.721214	613.6899971961975
102	57.473133	19.270098	77.45098	31.432135	103.13444	79.18239	247.51283	-43.91299	400.0	400.0	112199	24.482643	35.93599	193.26744	-419.1246	-24.569094	2.2876132	619.3018307685852
103	63.80844	55.650803	142.27115	19.26486	123.956375	73.88465	241.29874	-25.34104	400.0	400.0	113299	24.496706	35.504765	189.39687	-412.69608	-24.621819	1.3458545	625.053769826889
104	92.86521	57.57168	167.09926	26.787397	119.81034	41.413822	206.69441	15.02538	400.0	400.0	114399	24.747263	35.302444	187.77133	-403.58478	-24.880657	1.0465356	632.2872378826141
105	59.401146	22.807816	82.20896	36.59333	130.92378	63.629574	253.60199	38.35513	400.0	400.0	115499	24.688467	35.247486	187.43652	-402.35025	-24.821672	1.4066671	639.4374063014984
106	97.24181	66.6855	189.25461	33.328205	55.53473	51.582962	156.15967	-32.53718	400.0	400.0	116599	24.856834	34.992912	1031.4789	-429.1195	-24.990831	3.9444766	645.5293157100677
107	44.30096	154.58089	262.78168	-71.4593	41.282154	85.66642	243.5659	-66.72934	400.0	400.0	117699	24.61815	35.452305	442.6838	-418.46185	-24.69516	6.5852284	652.6868929862976
108	148.74913	90.07542	267.3131	49.127243	76.23834	88.48963	247.31851	-86.74976	400.0	400.0	118799	24.660818	35.687813	197.8043	-377.30743	-24.787045	1.1618418	658.6451237201691
109	106.2672	47.460773	153.72797	58.806423	76.637566	89.04005	306.6445	-63.281925	400.0	400.0	119899	25.043064	35.545254	640.14185	-599.66516	-25.193356	4.87508	664.6006162166595
110	70.400505	83.682495	134.64969	-47.794834	104.02095	100.30048	202.58601	-86.228134	400.0	400.0	120999	25.402056	35.30817	358.79218	-645.4983	-25.55199	3.427318	670.2993977069855
111	169.13196	36.11475	220.14305	141.4325	83.73905	99.126785	250.57098	-70.39897	400.0	400.0	122099	25.671444	35.297955	169.6051	-362.34824	-25.815693	1.0609218	675.9733242988586
112	19.617918	21.933428	50.343006	0.5689678	41.547855	67.673515	148.58957	-102.84071	400.0	400.0	123199	25.853903	35.08008	168.93054	-392.7853	-26.00297	1.3143698	681.9505643844604
113	219.42818	9.592163	229.02034	209.83601	51.27762	85.215385	216.28769	-56.764168	400.0	400.0	124299	26.015	34.885258	393.5167	-384.5568	-26.1604	2.860229	687.934163570404
114	16.429216	57.363113	61.001858	-64.55762	112.75608	92.86835	229.20564	-79.185524	400.0	400.0	125399	26.160946	34.765026	162.20555	-340.34552	-26.310547	1.1353688	693.8638892173767
115	49.59953	79.63342	125.224884	-60.48228	120.93132	54.19238	171.70683	-65.76443	400.0	400.0	126499	26.217201	34.78688	724.0836	-567.7049	-26.342487	6.4778795	700.9924204349518
116	34.40089	67.22432	127.83238	-27.532637	79.35747	84.54402	272.16882	-75.812874	400.0	400.0	127599	26.179089	34.671818	225.04396	-332.92804	-26.336636	1.6911567	708.2231628894806
117	17.771675	29.22372	46.995396	-11.4520445	142.93515	69.9423	262.38385	2.0158672	400.0	400.0	128699	26.295158	34.642937	409.90997	-786.5229	-26.445284	4.1709986	715.3626563549042
118	151.12323	85.4571	245.68848	38.668262	114.95858	91.25882	308.51816	-37.30771	400.0	400.0	129799	26.519255	34.40758	166.4057	-325.7099	-26.669172	1.2439098	721.088859796524
119	161.06805	78.90437	269.88818	85.26907	143.24072	80.92385	277.2599	-2.9934533	400.0	400.0	130899	26.847786	34.101048	193.9278	-347.56052	-26.995167	1.7311945	727.0780079364777
120	193.1615	47.39262	241.67654	128.8564	209.59921	54.928944	283.16614	96.06196	400.0	400.0	131999	27.115032	34.18103	170.68303	-320.766	-27.264664	1.7033583	732.666232585907
121	194.23427	8.938278	203.17255	185.29599	155.9109	55.90101	243.73354	36.943806	400.0	400.0	133099	27.396753	34.18235	379.5758	-308.56448	-27.54884	3.157669	738.2107152938843
122	32.71078	59.343575	96.35933	-46.48581	204.06783	50.079384	279.99268	90.157265	400.0	400.0	134199	27.46949	34.064754	335.56573	-306.34573	-27.602905	2.6192844	743.7624173164368
123	156.62285	85.86728	248.99675	42.171112	134.70773	97.16318	257.47885	-42.299557	400.0	400.0	135299	27.48746	34.392586	387.37836	-384.8685	-27.63435	4.032222	749.3332784175873
124	248.54686	33.535324	281.41122	202.50256	203.1164	86.86178	285.90903	19.533121	400.0	400.0	136399	27.766645	34.251003	318.87482	-314.3702	-27.92722	2.1923063	754.9139034748077
125	-23.86478	9.375557	-14.4892235	-33.240337	122.974144	71.87766	224.20914	-27.504042	400.0	400.0	137499	28.075758	34.200706	369.8893	-298.84238	-28.22494	2.654493	760.5443096160889
126	127.84971	86.75023	249.3673	52.478893	194.8167	78.74876	276.1064	-10.1732855	400.0	400.0	138599	28.08239	34.302776	167.959	-304.74658	-28.241112	1.6240971	766.1255984306335
127	182.66661	94.95764	270.3696	50.74371	133.3967	55.96548	197.84785	27.294493	400.0	400.0	139699	28.262718	34.171196	343.42432	-613.52045	-28.438002	4.6675863	771.906952381134
128	205.26917	97.224556	282.30777	68.12071	187.28943	89.51703	317.74356	13.120213	400.0	400.0	140799	28.704739	34.00149	168.5844	-277.34943	-28.85989	1.300725	777.8388028144836
129	124.47732	69.877365	194.35468	54.599957	156.10036	57.878666	216.44633	48.29399	400.0	400.0	141899	28.825687	34.012756	362.40744	-378.237	-28.987688	2.899727	783.8482372760773
130	153.46431	125.76334	252.94856	-23.956282	222.72017	94.50233	304.54877	-10.251615	400.0	400.0	142999	29.04916	33.85768	180.97447	-271.18036	-29.221897	1.6774042	789.8684780597687
131	211.43324	53.921684	281.5079	150.34828	35.530773	37.952114	122.71815	-34.965424	400.0	400.0	144099	29.503012	33.828068	215.59814	-272.66385	-29.671038	1.8772681	797.0184769630432
132	185.8189	88.401024	253.62973	60.95537	222.61465	65.701965	307.7425	86.39365	400.0	400.0	145199	29.850649	33.697758	278.5395	-280.72647	-30.016325	2.7657902	804.184796333313
133	271.96082	28.907326	300.86813	243.05348	-89.58939	29.280174	-16.254517	-125.72582	400.0	400.0	146299	30.161642	33.75414	1110.726	-384.2171	-30.333527	4.159035	811.2950091362
134	193.78398	90.21401	296.96475	77.20785	255.10739	51.792557	307.77432	83.99277	400.0	400.0	147399	30.60288	33.785698	458.92874	-519.8949	-30.79673	3.5747895	816.8237962722778
135	284.8167	28.255661	308.55557	245.10983	263.6443	65.61667	327.92972	36.76852	400.0	400.0	148499	30.937346	33.775112	119.84214	-253.77489	-31.117046	0.98810536	822.5029311180115
136	207.93102	57.61361	263.36273	128.49973	-28.388067	75.254585	107.66361	-153.37955	400.0	400.0	149599	31.550669	33.84317	372.26025	-449.96417	-31.74152	4.5448484	828.1564099788666
137	240.42967	50.507217	290.9369	189.92245	259.93707	38.973278	328.29227	158.97198	400.0	400.0	150699	32.040154	33.751347	214.10983	-257.1764	-32.236866	1.6276118	833.8388030529022
138	271.157	8.476286	278.68066	259.3133	251.69414	103.91842	322.94968	-99.201454	400.0	400.0	151799	32.482094	33.823235	292.9393	-274.71252	-32.665257	2.202246	839.5231533050537
139	262.80637	4.601621	267.54636	256.5748	254.82564	27.180672	319.7897	207.93076	400.0	400.0	152899	32.910786	33.854874	158.2164	-244.71294	-33.10072	1.6258088	845.4261469841003
140	203.85529	40.780903	247.9176	149.59825	255.49622	78.5049	324.41382	-60.122456	400.0	400.0	153999	33.33515	33.936832	326.65985	-266.83002	-33.550396	3.2514012	851.1909084320068
141	237.63	4.12117	241.75117	233.50883	268.6303	64.826096	311.5806	8.525786	400.0	400.0	155099	33.922256	33.857986	200.60164	-248.20236	-34.12015	1.8148475	857.1828322410583
142	249.8293	13.10429	263.229	232.04254	278.8045	25.589508	318.42743	227.28639	400.0	400.0	156199	34.19908	33.849228	223.66472	-277.24475	-34.389404	1.72805	863.2320849895477
143	184.03984	64.52801	257.53003	100.4419	286.80167	21.686195	323.30777	234.0504	400.0	400.0	157299	34.611584	33.904087	231.11606	-277.84668	-34.80051	2.8673275	869.2339267730713
144	275.98642	25.923895	300.01834	239.9929	275.1645	41.3086	320.89352	166.18483	400.0	400.0	158399	35.006695	33.887554	168.04045	-241.21211	-35.201214	1.5174564	875.1030580997467
145	231.91162	17.34336	249.25499	214.56827	268.5485	39.86641	336.09747	159.07416	400.0	400.0	159499	35.403934	33.949505	377.29077	-510.03836	-35.593403	4.87121	882.3605864048004
146	244.6507	22.205948	270.34885	216.1696	282.26746	31.44398	328.68094	230.10777	400.0	400.0	160599	35.7296	33.915527	199.79913	-239.6949	-35.944828	2.156156	889.5608403682709
147	88.155266	147.17673	296.24753	-19.723846	273.67764	25.547602	321.31824	220.29958	400.0	400.0	161699	36.08482	33.991074	657.3314	-534.2738	-36.271603	5.887229	895.4756095409393
148	283.94653	16.50814	306.1262	266.546	254.6052	40.706287	313.9773	159.31407	400.0	400.0	162799	36.289658	33.899853	160.5064	-230.02618	-36.490467	1.1508037	901.4265596866608
149	261.13327	28.365059	289.49832	232.7682	267.1008	54.297085	314.61557	57.18559	400.0	400.0	163899	36.694942	33.91335	172.00359	-227.34659	-36.88636	1.3309792	907.3947274684906
150	259.8413	9.678444	273.514	252.45622	276.2746	29.85359	321.6529	220.40419	400.0	400.0	164999	37.01388	33.882687	349.64688	-263.40738	-37.195553	3.2497602	913.3204481601715
151	264.98645	32.068897	292.99014	220.09018	225.9871	60.41978	290.42957	107.36761	400.0	400.0	166099	37.391457	33.886883	209.03441	-252.16057	-37.597267	1.8152399	919.2551047801971
152	250.68916	17.623922	269.95053	227.3598	275.49057	28.692408	318.09436	214.301	400.0	400.0	167199	37.82349	33.82879	221.66447	-238.21175	-38.03003	1.634769	926.4898233413696
153	269.735	15.913834	285.64883	253.82117	261.18546	92.31016	311.01846	-114.55347	400.0	400.0	168299	38.186913	33.9271	188.30223	-227.81769	-38.38289	1.5141712	933.6780436038971
154	212.11324	85.58472	278.67923	91.28686	300.77032	27.602827	330.75916	238.20776	400.0	400.0	169399	38.489643	33.998966	716.91364	-387.00098	-38.70363	7.3847775	939.3734939098358
155	275.61868	20.003616	303.9011	260.9327	269.6027	50.377502	329.2593	129.99805	400.0	400.0	170499	39.022392	33.880413	126.35905	-218.639	-39.2403	1.2073158	945.2621355056763
156	251.54945	66.07345	312.03348	159.62428	252.17009	46.764114	313.5902	140.24405	400.0	400.0	171599	39.29445	33.877735	255.3926	-266.13425	-39.495987	1.9063365	950.8813500404358
157	268.909	10.233566	279.14258	258.67545	247.91508	85.7647	316.21518	-92.489105	400.0	400.0	172699	39.584957	33.784397	132.035	-218.96284	-39.774918	1.2608377	956.5128490924835
158	137.71638	113.459076	239.03354	-20.694542	285.4061	31.825523	323.59256	182.25134	400.0	400.0	173799	39.780296	33.914864	730.0707	-907.7117	-39.967304	8.686124	962.2012836933136
159	282.2334	23.314747	315.17545	264.54465	258.93802	61.20958	324.01047	147.92575	400.0	400.0	174899	40.07544	33.89944	236.57008	-221.83296	-40.30115	1.5767332	967.9977626800537
160	221.57649	70.26013	287.92947	124.347755	267.9147	21.295568	315.82587	232.18138	400.0	400.0	175999	40.407524	33.85056	344.30356	-291.634	-40.62098	2.4395223	973.6476023197174
161	279.96756	5.2090454	285.1766	274.7585	285.00275	25.838089	329.54453	233.45142	400.0	400.0	177099	40.833046	33.748264	312.14148	-301.8207	-41.05122	2.8977096	979.3235676288605
162	259.7162	17.329899	277.65176	236.2838	279.19876	19.305056	332.89883	245.90225	400.0	400.0	178199	41.13085	33.799385	800.6061	-276.3021	-41.337963	4.1831775	984.9339108467102
163	214.49878	53.668797	257.64853	138.8491	268.0783	26.954742	307.85422	178.64468	400.0	400.0	179299	41.475082	33.761696	194.94722	-222.78975	-41.68122	1.5161442	992.1740260124207
164	212.55125	57.412304	273.1599	135.45802	264.64575	78.53779	331.82104	-58.01955	400.0	400.0	180399	41.675823	33.71841	444.68222	-498.519	-41.859634	3.7753134	997.7595815658569
165	218.85794	26.536385	245.39433	192.32156	228.5896	72.40138	315.79138	-50.373695	400.0	400.0	181499	41.787785	33.623375	199.65808	-219.55269	-41.997353	1.4759601	1004.9258255958557
166	260.0261	30.406775	281.6655	217.02473	247.18613	40.844006	283.1823	97.966064	400.0	400.0	182599	42.064926	33.614437	388.73764	-460.74387	-42.2451	3.2218788	1010.8507318496704
167	132.881	162.13857	255.34254	-96.235886	174.46307	81.009544	303.98605	44.315704	400.0	400.0	183699	42.046345	33.626415	255.47475	-239.71313	-42.245995	2.2130046	1016.6351017951965
168	183.34016	17.504267	204.76907	161.89256	271.53375	48.73042	328.71063	146.44862	400.0	400.0	184799	42.111465	33.756023	286.58313	-358.49893	-42.301353	3.3428738	1022.5378563404083
169	82.328995	198.35905	280.68805	-116.03006	279.78204	33.223763	323.3963	178.88754	400.0	400.0	185899	42.080296	33.824802	227.0364	-234.70647	-42.291294	1.9056871	1028.4697694778442
170	257.67245	42.854183	291.59723	197.21808	204.12057	112.88229	313.65692	-79.21258	400.0	400.0	186999	42.336082	33.79367	283.89166	-221.9582	-42.528225	2.447108	1035.6645140647888
171	230.80083	30.369612	263.9771	190.59128	162.28139	88.97957	334.62445	-2.3764138	400.0	400.0	188099	42.5281	33.76771	395.52582	-696.6926	-42.709	5.258547	1041.5815234184265
172	218.96858	54.616325	270.9228	143.49417	265.40033	40.210155	312.26978	123.20064	400.0	400.0	189199	42.63935	33.73994	317.90457	-228.47505	-42.84518	2.3477745	1047.454400062561
173	135.53549	132.36655	267.90204	3.16894	254.37048	62.033237	317.19595	74.6589	400.0	400.0	190299	42.762066	33.753605	563.6584	-215.77823	-42.970787	3.1112494	1053.4199438095093
174	241.07892	65.23908	302.73105	150.80988	75.36829	96.878235	201.68323	-115.33703	400.0	400.0	191399	42.95952	33.687973	341.93262	-287.67892	-43.16525	2.8003824	1060.6708691120148
175	30.71253	174.31609	277.02603	-101.18458	238.45573	96.71748	309.9602	-109.65795	400.0	400.0	192499	42.9719	33.67745	216.90495	-219.13818	-43.183857	1.7311791	1067.1876347064972
176	179.85591	83.74142	240.58698	61.44075	242.915	95.40685	323.9236	-116.26977	400.0	400.0	193599	43.093754	33.83668	380.52203	-326.5947	-43.28743	2.9122791	1074.0363874435425
177	158.83936	147.01141	305.85077	11.827949	212.30923	113.311264	310.6773	-72.14242	400.0	400.0	194699	43.26074	33.693634	358.81787	-213.13145	-43.474113	2.958062	1079.799233198166
178	170.60269	131.18585	273.37683	-14.547972	262.39963	24.75928	308.877	220.60313	400.0	400.0	195799	43.304413	33.82357	792.2409	-361.00064	-43.490612	3.3767848	1085.7409825325012
179	269.33197	26.817434	304.88516	240.12122	248.15039	85.26023	328.93045	26.822489	400.0	400.0	196899	43.47576	33.710125	504.29828	-227.36005	-43.674202	2.2817852	1091.7119364738464
180	171.184	76.517685	274.918	92.63595	234.11723	78.84872	323.5936	50.475986	400.0	400.0	197999	43.560623	33.90981	615.9892	-569.269	-43.761684	4.4502497	1097.4972732067108
181	192.81076	82.11799	274.92874	110.692764	217.57071	101.63499	330.85245	-91.280106	400.0	400.0	199099	43.758053	33.69452	159.5573	-215.08504	-43.952923	1.1820213	1103.2394816875458
182	285.25073	24.057821	315.3876	256.5077	-132.91144	19.794025	-102.05825	-167.1665	400.0	400.0	200199	43.846775	33.70548	440.49518	-261.26004	-44.041683	2.9177425	1108.9904961585999
183	89.09548	88.79551	174.797	-33.243645	246.87527	111.1637	336.39236	-101.95278	400.0	400.0	201299	43.74569	33.634274	232.534	-227.42464	-43.917686	1.9535489	1115.0078558921814
184	244.79854	7.815931	250.78612	233.75833	230.67331	88.817024	335.40512	86.27132	400.0	400.0	202399	43.970924	33.554787	470.26654	-216.20639	-44.157127	2.432612	1120.9866342544556
185	271.6907	15.872108	287.5628	255.81859	231.65413	91.97223	332.10547	40.532307	400.0	400.0	203499	44.03055	33.560715	216.17024	-216.91507	-44.2098	1.9518716	1126.7810580730438
186	151.63744	116.47859	285.6974	1.7108992	242.17012	54.71613	305.42987	134.28065	400.0	400.0	204599	44.077927	33.567574	300.34915	-265.36755	-44.26311	1.882862	1132.543827533722
187	254.20448	45.365757	287.37338	190.0601	235.3189	104.4205	310.72803	-120.6237	400.0	400.0	205699	44.116734	33.57367	251.71404	-219.5202	-44.308685	1.9474075	1138.2999081611633
188	121.811455	128.24455	293.72626	-14.18567	264.36316	61.642803	314.6965	35.742764	400.0	400.0	206799	44.32306	33.52031	571.29926	-317.1984	-44.523216	4.3431478	1143.9206669330597
189	176.66724	91.033295	267.70053	85.63395	256.03674	98.64419	326.9252	-12.911368	400.0	400.0	207899	44.25392	33.52814	278.65897	-228.73857	-44.43465	2.0178535	1149.9530110359192
190	260.61792	12.02815	276.82016	248.03015	243.34932	88.064896	306.91306	24.376104	400.0	400.0	208999	44.398438	33.480743	205.67851	-214.78944	-44.567398	1.8136466	1155.7383134365082
191	156.3243	114.57379	263.1428	-2.5983942	283.92188	25.315035	322.75336	244.23157	400.0	400.0	210099	44.500443	33.398235	498.13495	-313.56317	-44.69395	3.434632	1161.5071048736572
192	264.36465	20.651295	284.6932	236.04063	255.69624	12.485361	276.65195	227.24232	400.0	400.0	211199	44.483105	33.47139	168.67194	-214.51372	-44.653263	1.0526671	1167.4656736850739
193	247.3682	38.716072	286.08426	208.65211	236.2377	63.62947	316.26532	-10.96904	400.0	400.0	212299	44.528362	33.40262	476.76294	-240.30421	-44.701626	2.1476183	1173.502834558487
194	206.98653	37.2262	238.99724	154.7849	265.42267	38.410217	308.30685	162.5015	400.0	400.0	213399	44.694237	33.38856	368.52225	-228.11337	-44.88498	3.4204626	1179.5753858089447
195	241.67395	29.009638	275.9973	205.0503	232.7188	28.299257	278.90256	170.91571	400.0	400.0	214499	44.703896	33.594387	359.59317	-747.2256	-44.878025	4.0799694	1185.6156849861145
196	199.97656	108.86982	303.2854	49.45647	302.14374	21.512104	333.6475	262.32697	400.0	400.0	215599	44.876923	33.523758	247.19499	-218.55682	-45.08167	1.9449188	1191.8716731071472
197	211.70273	40.908997	252.61172	170.79373	279.18762	35.98574	329.5969	176.34885	400.0	400.0	216699	44.92371	33.557064	253.18932	-224.33765	-45.093983	1.8671788	1197.8264870643616
198	240.87434	27.319529	275.09366	208.23041	270.477	98.474525	327.1199	-19.2313	400.0	400.0	217799	45.09152	33.456745	531.1025	-255.53062	-45.266174	2.6982355	1203.6426463127136
199	271.81192	28.431	311.73257	247.69972	279.13284	65.960526	329.3369	34.0776	400.0	400.0	218899	45.16407	33.54805	158.48631	-220.61942	-45.335064	1.2395495	1209.6837289333344
200	249.62685	34.964878	284.98544	202.01193	296.258	22.606869	327.13403	233.5775	400.0	400.0	219999	45.18418	33.57133	634.93945	-266.9275	-45.352474	4.3587832	1215.7384300231934
201	249.1805	64.69765	313.87814	184.48285	282.28055	42.41392	330.55408	192.69019	400.0	400.0	221099	45.488464	33.393932	183.00777	-220.88083	-45.66613	1.2118546	1221.7590336799622
202	211.33264	77.7141	290.48102	105.721535	291.76254	32.438564	326.07312	214.93048	400.0	400.0	222199	45.5675	33.473583	321.53455	-242.73807	-45.753674	2.946542	1227.7822048664093
203	272.17297	27.389158	297.2914	234.07855	278.27808	33.374012	312.61984	173.03835	400.0	400.0	223299	45.65599	33.440475	194.56177	-218.93738	-45.818104	1.3934895	1233.788756608963
204	151.39458	168.47264	290.59262	-85.66331	73.9807	177.30383	282.74796	-146.35529	400.0	400.0	224399	45.704067	33.477196	600.2652	-618.04926	-45.864452	5.16227	1239.7712738513947
205	242.60606	28.626297	271.23236	213.97977	275.2542	40.03683	320.55716	154.72704	400.0	400.0	225499	45.818962	33.29306	217.5452	-219.50626	-46.00603	1.3825158	1245.5093820095062
206	171.77028	162.3924	309.24982	-56.285103	286.48645	33.282013	318.66302	205.91965	400.0	400.0	226599	45.812138	33.353436	651.2889	-457.33777	-45.96992	3.7416744	1251.4893052577972
207	270.12463	16.719196	293.4019	254.891	277.2875	50.503574	327.78305	133.48123	400.0	400.0	227699	45.881107	33.282253	229.80132	-228.9069	-46.069	1.4846876	1257.5126008987427
208	273.67624	21.91442	297.49362	244.59454	300.34125	27.675968	333.47855	218.95555	400.0	400.0	228799	46.018314	33.222538	315.95477	-243.25069	-46.201183	2.7051446	1263.2639083862305
209	137.91321	155.89966	293.81287	-17.986448	286.12912	39.885147	333.17957	175.34998	400.0	400.0	229899	46.21862	33.194878	434.2331	-309.45316	-46.40855	3.8800142	1268.927258491516
210	275.9161	23.16202	304.44327	247.71088	288.2791	20.34085	330.67038	255.20117	400.0	400.0	230999	46.315903	33.15593	167.65668	-244.50826	-46.48608	1.4067514	1274.6076319217682
211	243.8133	33.76029	291.23355	215.29431	302.86523	38.148323	343.4567	215.82161	400.0	400.0	232099	46.39501	33.141064	360.98294	-385.90054	-46.54097	2.9989233	1280.3939113616943
212	154.3586	154.49042	289.51483	-61.88199	244.05643	20.03363	286.92374	209.75632	400.0	400.0	233199	46.36638	33.158413	639.9248	-629.90063	-46.54934	6.060838	1286.1883563995361
213	238.9443	46.519104	285.4634	192.4252	225.73347	39.043194	295.65005	147.3613	400.0	400.0	234299	46.676426	32.90742	195.14218	-245.61221	-46.853943	1.7247689	1292.1551027297974
214	261.69778	53.74253	309.23923	186.57294	286.54608	13.75473	303.8777	258.57718	400.0	400.0	235399	46.749504	32.921402	183.25139	-232.63496	-46.91321	1.2824349	1298.0509345531464
215	286.30344	18.825586	306.0602	260.97006	288.89548	23.514433	327.13885	220.00444	400.0	400.0	236499	46.808266	32.923717	676.7679	-714.4088	-46.966335	5.8582015	1304.196664571762
216	294.4647	11.699948	305.08023	278.16528	295.54642	24.750639	329.23163	240.22433	400.0	400.0	237599	46.8922	32.859394	199.07254	-246.85689	-47.07516	1.569935	1310.215891122818
217	250.63954	19.16417	269.8037	231.47537	227.1304	83.08117	333.50424	-93.41994	400.0	400.0	238699	47.039295	32.712757	181.51842	-253.52971	-47.197704	1.6678656	1315.938871383667
218	225.19612	62.770187	295.93253	143.37993	279.07953	30.345072	322.53445	219.94958	400.0	400.0	239799	47.072582	32.743347	258.02676	-243.91068	-47.234623	2.3039443	1322.3957035541534
219	267.35336	32.278484	307.29044	228.23741	285.3498	38.555244	329.6893	179.22176	400.0	400.0	240899	47.11782	32.74287	380.57535	-250.00418	-47.278545	2.6510773	1329.520825624466
220	195.77498	63.3973	280.5196	128.05333	252.51465	42.553246	337.9911	172.40973	400.0	400.0	241999	47.15404	32.67347	436.49933	-375.18008	-47.317917	2.36189	1335.1128768920898
221	187.04651	42.322296	229.3688	144.72421	195.48181	33.220657	271.5193	155.10622	400.0	400.0	243099	47.279133	32.539845	288.22348	-251.3043	-47.451763	2.4144652	1340.7345435619354
222	282.04984	10.935464	296.94772	271.007	286.11313	52.41715	327.29453	138.81627	400.0	400.0	244199	47.373016	32.48101	291.5225	-250.13641	-47.530952	1.8057353	1346.3556060791016
223	254.65193	34.27489	279.54065	206.18582	286.52185	45.67917	322.6332	155.84122	400.0	400.0	245299	47.554783	32.43641	687.07367	-295.38547	-47.731216	4.21093	1352.3443372249603
224	284.82748	8.598308	296.74463	276.77542	291.34567	42.852875	324.66498	131.29625	400.0	400.0	246399	47.633457	32.364113	252.7189	-239.80132	-47.795258	1.9051975	1358.3300340175629
225	271.20184	1.4888153	272.69067	269.71304	284.02078	26.400583	327.6486	249.04413	400.0	400.0	247499	47.76513	32.454185	424.2167	-384.9409	-47.932487	3.0862586	1364.330857515335
226	197.49629	113.321884	301.43256	39.88389	297.97006	21.155441	334.50772	259.52505	400.0	400.0	248599	47.679985	32.53936	1285.8232	-415.53754	-47.86059	6.776539	1370.358315229416
227	199.13892	42.295143	258.6522	164.19127	295.57843	27.580856	325.14127	230.94054	400.0	400.0	249699	47.882557	32.324776	190.50708	-256.2194	-48.048985	1.3932009	1376.403272151947
228	284.85217	22.953518	308.007	253.57231	283.14542	36.44837	323.0925	202.23764	400.0	400.0	250799	47.972805	32.377872	239.14928	-265.6832	-48.142746	1.527073	1382.5200898647308
229	234.61096	16.281357	250.89232	218.3296	284.2186	34.99719	324.30408	167.65863	400.0	400.0	251899	48.093502	32.26514	192.11221	-254.4428	-48.260406	1.5525049	1388.3393895626068
230	258.26788	38.93935	313.2473	228.06601	285.2088	42.16883	329.33643	163.55823	400.0	400.0	252999	48.311222	32.299343	200.99753	-258.09222	-48.482002	1.6159712	1394.1436200141907
231	266.98508	51.519875	308.8868	194.41417	291.59854	22.150814	321.07877	236.2686	400.0	400.0	254099	48.368107	32.251717	417.23477	-308.936	-48.54272	3.1064825	1401.14142203331
232	281.2088	9.284335	293.70087	271.4614	237.66586	43.025925	283.0942	111.30888	400.0	400.0	255199	48.547585	32.19072	417.9758	-315.73035	-48.72334	1.669639	1407.4522950649261
233	162.79051	64.48225	227.27277	98.308266	287.37717	24.372112	329.5324	252.14001	400.0	400.0	256299	48.7762	32.22161	618.4283	-853.0857	-48.978523	7.052251	1413.4427938461304
234	181.09973	128.2926	279.35715	-0.118340716	276.41205	56.14226	321.5573	96.37212	400.0	400.0	257399	49.019485	31.998058	256.69806	-270.34314	-49.210823	2.037557	1420.4083757400513
235	227.09021	69.13438	285.05075	129.92068	105.242355	66.97506	170.51855	-52.128384	400.0	400.0	258499	49.125507	31.980518	201.41002	-237.2703	-49.315098	1.3983332	1426.1641335487366
236	297.9904	4.5329885	303.81766	292.76285	295.22244	38.78238	331.87952	189.6158	400.0	400.0	259599	49.351837	31.948719	540.9134	-240.51637	-49.534504	2.0003977	1431.906953573227
237	270.06512	14.557541	284.62268	255.5076	292.79065	20.553005	320.18372	220.30492	400.0	400.0	260699	49.563026	31.923277	201.29568	-267.08	-49.74348	1.8030765	1437.6353688240051
238	248.1733	67.484535	310.40155	154.39359	254.06084	56.871544	324.50354	96.212364	400.0	400.0	261799	49.62579	32.08241	399.69968	-261.85968	-49.80503	2.2522535	1443.6019399166107
239	260.58392	50.44948	303.8051	189.81367	252.82248	51.38197	313.71603	145.58357	400.0	400.0	262899	49.743595	31.954657	322.3068	-601.85657	-49.91992	3.243552	1449.7971918582916
240	260.90817	37.268425	294.58185	208.95772	285.00513	34.168236	324.78036	193.055	400.0	400.0	263999	49.93156	31.882048	211.46713	-229.05319	-50.108868	1.1240417	1455.884775876999
241	67.524704	192.27193	259.79663	-124.74723	294.59995	23.154644	328.04257	255.5062	400.0	400.0	265099	49.995007	31.865505	600.96533	-539.9133	-50.18462	3.85278	1461.9758377075195
242	272.9975	52.438583	316.1909	199.1949	283.55502	19.610165	319.02823	251.87228	400.0	400.0	266199	50.09032	31.836054	482.19705	-241.55162	-50.272354	2.3733404	1468.0628125667572
243	288.15283	13.77673	307.60208	277.43185	293.0137	22.512474	325.97012	253.47937	400.0	400.0	267299	50.281147	31.727646	233.61028	-244.65625	-50.45556	2.0013325	1474.1752133369446
244	282.87183	9.549134	296.30176	274.92947	43.672005	94.93909	155.49983	-97.79658	400.0	400.0	268399	50.315075	31.836025	257.48615	-235.77188	-50.495647	2.0423265	1480.26029753685
245	224.33064	66.63039	290.96103	157.70026	289.2835	31.207489	320.72937	199.42232	400.0	400.0	269499	50.413284	31.687077	519.73804	-573.01807	-50.578884	5.228937	1486.5485553741455
246	273.41852	18.30193	286.75458	247.53973	283.65573	27.99678	328.25827	222.77716	400.0	400.0	270599	50.66808	31.46657	222.47597	-240.35469	-50.84754	1.1127928	1492.6502180099487
247	249.77458	50.63014	319.75244	201.65399	279.6368	43.8682	312.81924	105.05846	400.0	400.0	271699	50.684025	31.532705	236.95123	-234.18831	-50.86038	1.4717036	1499.5784738063812
248	202.24931	102.71268	292.4705	58.548946	291.14456	26.649752	327.5645	217.58034	400.0	400.0	272799	50.935837	31.366238	441.8213	-258.6632	-51.11085	3.1285033	1506.858013868332
249	191.16306	91.31704	282.4801	99.84602	271.9406	30.603857	313.4761	161.71034	400.0	400.0	273899	51.046383	31.407064	418.91913	-777.4304	-51.225163	3.0524886	1514.032862663269
250	272.1019	11.338929	287.2266	259.9255	292.0656	37.39289	319.63992	180.61177	400.0	400.0	274999	51.201912	31.261448	487.61804	-438.85605	-51.394062	2.62921	1520.2739639282227
