Epoch	AverageEpRet	StdEpRet	MaxEpRet	MinEpRet	AverageTestEpRet	StdTestEpRet	MaxTestEpRet	MinTestEpRet	EpLen	TestEpLen	TotalEnvInteracts	AverageQVals	StdQVals	MaxQVals	MinQVals	LossPi	LossQ	Time
1	136.91661	49.435776	186.35239	87.480835	108.01524	38.58275	167.31099	52.676575	400.0	400.0	1099	0.2845697	0.22263879	0.85277176	-3.2802734	-0.42143232	0.042803437	4.997111558914185
2	112.3272	34.26984	160.79207	88.086624	32.4123	49.312744	132.18697	-24.823189	400.0	400.0	2199	1.4361945	1.0600666	11.859425	-14.232058	-1.5193751	0.010976405	18.194526195526123
3	56.883343	49.824448	121.72424	0.5786544	41.95669	56.461967	199.96744	-23.03864	400.0	400.0	3299	3.0685818	2.2003548	48.055027	-34.47868	-3.1736298	0.028337354	30.893694400787354
4	102.31397	58.944847	178.22551	34.528328	66.19327	73.43921	188.08182	-30.136515	400.0	400.0	4399	4.8584156	3.0951905	9.42201	-24.6764	-4.95546	0.020687236	40.9236626625061
5	93.26657	51.92859	145.19516	41.337982	27.998545	59.35368	173.999	-33.787125	400.0	400.0	5499	6.5542893	4.029724	11.659888	-24.259733	-6.6593447	0.022599602	53.82806444168091
6	79.5122	16.219471	102.44932	67.89075	52.985638	66.89796	198.96407	-24.807705	400.0	400.0	6599	8.04039	4.706154	24.58238	-31.189802	-8.104212	0.05036544	64.23036217689514
7	131.59515	73.62707	184.0675	27.471834	27.037222	72.648094	196.79977	-49.76628	400.0	400.0	7699	9.544964	5.049357	14.885233	-18.624763	-9.595713	0.038695153	74.6736307144165
8	118.78463	36.800564	170.67282	89.35712	21.479282	66.286194	165.82602	-43.955753	400.0	356.45	8799	11.1904545	5.3358827	16.74988	-19.279808	-11.332752	0.06147411	83.95090246200562
9	104.47129	16.952965	121.424255	87.518326	6.0816803	64.40723	179.17122	-73.43054	400.0	286.1	9899	13.059248	5.3941045	18.633886	-15.535887	-13.2067795	0.07355069	92.99363446235657
10	102.68094	27.138721	140.92558	80.7701	0.6537325	51.19126	96.11831	-64.13809	400.0	299.2	10999	14.857786	5.4657254	22.780586	-20.997675	-15.026705	0.08140923	105.89985990524292
11	85.92291	64.90545	166.69159	7.770968	5.004043	57.59722	141.90501	-98.78822	400.0	341.6	12099	16.406525	5.7259355	22.453941	-11.011878	-16.57801	0.10974152	115.95895910263062
12	91.48165	62.334877	179.57484	44.580772	8.450759	80.1179	232.4809	-73.11535	400.0	329.5	13199	18.01483	5.783305	24.35538	-11.303072	-18.194729	0.10634349	126.18425941467285
13	125.94983	8.996555	134.94638	116.95327	48.77349	97.94277	240.0715	-73.469734	400.0	358.7	14299	19.721916	5.8753567	26.47986	-11.073491	-19.94643	0.08682706	136.20333051681519
14	76.65218	50.49931	142.84918	20.342953	79.20595	73.09516	227.79982	-25.031645	400.0	385.65	15399	21.403496	6.05316	30.650274	-11.471591	-21.664978	0.093698256	146.8673415184021
15	83.055244	64.7544	144.5702	-6.452827	45.262196	58.947678	176.08557	-47.00378	400.0	384.75	16499	22.976042	6.1328444	32.60236	-9.38459	-23.177357	0.08908422	156.66138362884521
16	-49.702045	20.411825	-30.402231	-77.94232	67.14913	53.230206	163.61768	-46.32106	400.0	400.0	17599	23.558195	6.9235497	36.36559	-11.205121	-23.709675	0.09711098	166.21297550201416
17	-5.4857597	76.74606	71.2603	-82.23182	0.9106968	71.20629	207.234	-112.5299	400.0	180.6	18699	23.857635	7.830851	32.871605	-8.596226	-23.999329	0.08398144	174.75103998184204
18	0.73305476	72.72466	144.88031	-47.47172	6.2219915	84.56719	230.6934	-98.31207	207.0	265.45	19799	24.408794	8.189642	34.091866	-11.16228	-24.555038	0.111225024	183.82835245132446
19	21.836697	102.049965	195.2672	-64.160126	23.913443	93.72372	198.82053	-80.317635	284.25	316.1	20899	24.560509	8.467054	34.1249	-10.117427	-24.641638	0.13373543	193.15582466125488
20	7.6070657	81.04345	112.35549	-85.052216	85.9661	88.69837	198.34106	-118.40994	400.0	370.0	21999	24.35631	8.799899	34.135586	-10.4743395	-24.421223	0.1340586	202.63198161125183
21	20.209068	107.8158	158.80627	-104.13029	54.60959	117.52759	215.638	-150.31201	400.0	400.0	23099	24.882671	9.056683	35.749115	-8.81937	-25.036158	0.14201452	212.23400783538818
22	61.05896	24.872128	83.91382	26.476063	11.847748	89.314224	221.68253	-109.365425	400.0	388.8	24199	25.316175	9.272538	36.498985	-11.705347	-25.492456	0.13786751	222.3525812625885
23	65.284836	57.895638	123.18047	7.389196	15.715222	64.03957	127.53588	-136.67207	400.0	400.0	25299	25.838322	9.359915	37.68956	-8.106072	-26.038181	0.14297898	230.97181510925293
24	40.841778	51.853104	113.905716	-1.1089113	108.75203	93.62881	232.9165	-122.704254	400.0	400.0	26399	26.445797	9.540662	39.00968	-9.455717	-26.631535	0.1375837	239.82008123397827
25	77.816414	51.93356	115.67761	4.383156	129.57866	88.3984	246.94077	-101.04683	400.0	400.0	27499	26.976326	9.793526	40.22414	-10.048343	-27.169884	0.13356182	249.45328831672668
26	156.59386	11.285818	167.98804	141.21771	128.42258	57.226162	196.89255	-11.4404545	400.0	400.0	28599	27.677456	9.916082	41.44025	-9.543919	-27.88343	0.13542248	259.4606394767761
27	97.99299	88.41917	186.41216	9.573823	105.93386	87.732376	207.39961	-95.33797	400.0	385.5	29699	28.425991	9.964255	42.32665	-9.695449	-28.637241	0.11163973	268.67486023902893
28	35.249928	137.59877	179.08374	-118.20157	98.85688	104.35152	223.77449	-170.65587	354.0	373.5	30799	29.048418	10.104925	43.77509	-10.84454	-29.271349	0.12237435	278.08296036720276
29	162.1883	42.312614	204.50092	119.87569	106.38926	97.18575	214.26074	-96.70278	400.0	377.9	31899	29.631435	10.631498	44.28776	-11.396153	-29.851133	0.16343334	287.54484367370605
30	112.13156	74.111404	167.50972	7.379549	114.46379	113.03398	228.74316	-90.02955	400.0	359.5	32999	30.554476	10.724567	45.183876	-11.500368	-30.784765	0.18058982	298.29143595695496
31	-17.685455	119.9142	145.302	-139.7432	115.768295	92.7442	215.60252	-92.38334	400.0	353.3	34099	31.134382	11.049463	51.22531	-10.18235	-31.359808	0.18591315	307.49656558036804
32	133.96669	109.04085	211.07452	-20.240345	64.159515	91.296234	176.81552	-162.87808	296.33334	334.2	35199	31.968988	11.220942	47.077812	-10.957973	-32.235134	0.20712043	315.69142723083496
33	76.460236	58.89799	129.90483	-22.35483	74.37529	90.21555	202.39838	-109.570915	315.25	314.8	36299	33.00951	10.901192	48.277916	-12.023039	-33.27965	0.22145905	326.0934979915619
34	98.21528	69.3883	183.37988	13.415139	105.64574	80.73505	216.06456	-44.940266	400.0	334.35	37399	33.75021	10.9110985	66.69714	-13.6427555	-33.988514	0.23579535	334.7875328063965
35	115.51654	45.576305	161.09285	69.94024	92.74111	84.24984	203.92308	-80.98923	400.0	369.95	38499	34.423668	10.976104	49.615227	-12.74272	-34.677692	0.20971876	344.9731686115265
36	166.7902	8.745914	177.36522	155.94722	148.2621	57.954094	220.89659	-11.770543	400.0	400.0	39599	35.263103	10.981922	60.061493	-12.427315	-35.52677	0.21405274	356.20428347587585
37	99.23453	117.371056	214.02054	-61.99526	91.109985	111.64509	204.07611	-153.92986	400.0	400.0	40699	36.11902	11.0905	51.756927	-11.723483	-36.406704	0.22985412	365.5359172821045
38	50.831875	93.987274	127.14833	-81.5721	88.669334	95.884964	180.54477	-156.86781	400.0	383.45	41799	36.917736	11.346432	52.451347	-9.920001	-37.189316	0.23133886	375.388263463974
39	142.0214	5.3952713	147.41666	136.62611	141.89606	65.646965	207.24661	-28.251562	400.0	383.4	42899	37.597466	11.528969	69.53605	-7.562194	-37.828705	0.24253069	386.1568112373352
40	54.252228	94.60592	152.7469	-47.839714	113.66521	82.31022	226.15414	-33.302563	242.83333	350.85	43999	38.045803	11.683971	57.000027	-7.1721973	-38.260326	0.24749956	394.09913778305054
41	48.13311	25.516495	73.649605	22.616615	36.505287	117.9884	223.33015	-198.34407	400.0	320.95	45099	38.33626	12.018183	54.462116	-10.186914	-38.552338	0.27669978	403.50673174858093
42	25.01132	41.659763	80.34716	-20.17124	89.67893	62.655983	185.89067	-32.783497	400.0	400.0	46199	38.63719	12.284507	64.91405	-13.232551	-38.858715	0.30551603	414.22897267341614
43	74.64979	65.7795	167.66817	27.091179	30.903336	94.775406	206.64381	-103.84099	400.0	339.75	47299	38.96835	12.544328	56.029823	-14.996616	-39.19453	0.3023701	423.18548583984375
44	43.539124	101.31046	174.40741	-72.40081	103.67759	89.50887	214.34335	-60.155506	311.33334	400.0	48399	39.320755	12.844998	56.42855	-16.185162	-39.536545	0.32480353	432.55894136428833
45	134.47176	37.2188	184.11403	94.498314	81.33705	91.56764	188.35828	-70.886055	400.0	370.75	49499	39.7128	13.034525	56.863167	-19.357613	-39.929005	0.3315513	441.54822731018066
46	20.803003	94.89906	152.42287	-67.720535	90.66667	90.46272	227.88814	-40.865353	400.0	385.6	50599	40.118195	13.093324	57.156555	-19.525833	-40.335598	0.32503626	450.6063244342804
47	-9.95961	28.31704	18.35743	-38.27665	93.55144	85.11455	224.00258	-61.36891	400.0	400.0	51699	40.25764	13.24796	57.446907	-14.826007	-40.49207	0.30577636	460.00346088409424
48	120.998566	110.529335	202.92625	-35.251842	141.61118	58.445343	218.0778	22.67012	400.0	400.0	52799	40.686024	13.330371	59.35214	-13.704552	-40.953636	0.3166843	468.8247039318085
49	2.9478617	16.896461	26.364344	-12.881899	114.73509	60.78269	209.70836	-5.1392365	400.0	400.0	53899	41.17822	13.430593	58.568657	-10.748992	-41.442955	0.32458803	477.72678422927856
50	60.971935	73.898125	158.49416	-20.323187	151.14389	48.1916	206.24002	44.62586	400.0	400.0	54999	41.607487	13.429779	61.686295	-10.195736	-41.891514	0.3254463	486.9216721057892
51	198.28896	21.225739	219.5147	177.06322	141.85771	39.59191	228.36319	56.7379	400.0	400.0	56099	42.323296	13.348644	62.772964	-9.583216	-42.619526	0.28190228	497.53751254081726
52	160.51747	18.8373	183.56561	137.4239	161.94547	36.92583	220.04785	90.094444	400.0	400.0	57199	43.12003	13.316129	63.58253	-9.761477	-43.43965	0.30169	506.6623041629791
53	91.50875	47.31576	138.88602	26.896797	133.8436	42.71037	223.16786	69.79467	400.0	400.0	58299	44.00602	13.095727	63.701584	-11.203744	-44.353577	0.29384807	516.1173858642578
54	158.82913	24.724207	191.55322	131.80031	107.41697	63.937088	212.42198	-38.357372	400.0	400.0	59399	44.93859	12.913616	64.632195	-9.183216	-45.276436	0.28371507	525.4911098480225
55	47.174606	51.825027	98.99963	-4.6504226	128.38263	61.27876	206.3319	-6.2629533	400.0	400.0	60499	45.767742	12.724693	66.78746	-10.087867	-46.066917	0.33017123	535.5326490402222
56	73.26009	71.48705	168.3917	-3.938157	143.01761	61.680782	227.51646	-26.201075	400.0	383.75	61599	46.298286	12.533072	67.08233	-10.522739	-46.585285	0.33838052	544.4705801010132
57	115.57114	42.751854	172.37784	69.24209	131.1477	28.33132	166.54126	69.62124	400.0	400.0	62699	46.809223	12.376185	67.71453	-11.296575	-47.090744	0.32290605	554.1257789134979
58	152.82506	30.165682	185.06934	112.512375	123.986374	56.200836	206.72421	23.292967	400.0	400.0	63799	47.20427	12.248487	69.58228	-11.071142	-47.48815	0.32956558	563.1041040420532
59	90.10835	16.529133	106.63748	73.579216	111.71901	83.21146	220.38625	-29.22744	400.0	353.65	64899	47.655785	12.092109	71.8404	-10.395646	-47.932457	0.31438792	573.274905204773
60	105.90136	91.59914	195.5129	-27.20748	101.11719	76.48765	204.60231	-58.7068	320.75	384.45	65999	48.149353	11.992273	71.67431	-8.353649	-48.42419	0.34548932	582.7347931861877
61	118.98179	60.832523	202.98323	60.896526	127.23142	61.21793	219.90732	-22.386719	400.0	384.4	67099	48.490482	11.775589	69.86806	-7.7314887	-48.764214	0.31855044	591.7615973949432
62	103.72384	91.511986	192.68204	-22.15855	112.67937	65.469666	201.15907	-29.966194	296.33334	384.2	68199	48.831688	11.640819	67.70485	-9.843756	-49.12321	0.3173387	602.1735610961914
63	64.45252	68.793724	147.09196	-4.6820335	145.6775	66.259094	223.6827	-40.413063	316.75	386.65	69299	49.319756	11.528617	68.27284	-9.65825	-49.601986	0.33210346	611.0108244419098
64	186.45245	34.256607	234.54228	157.32832	88.770706	88.162605	220.62752	-98.22234	400.0	369.1	70399	49.71924	11.380758	69.135574	-9.0105505	-50.008945	0.33064854	625.1552817821503
65	-25.377144	62.661263	37.28412	-88.03841	61.333447	102.69595	198.96074	-145.597	400.0	400.0	71499	50.048344	11.245918	69.58936	-9.418535	-50.336624	0.32790455	634.4379737377167
66	86.845634	89.039604	195.16048	-22.926504	94.47918	111.80371	213.27199	-175.25406	400.0	400.0	72599	50.35141	11.093593	69.80089	-8.881336	-50.639355	0.3110334	643.2939414978027
67	161.03023	15.174438	182.48997	150.23222	101.752884	80.49231	211.20123	-72.11028	400.0	400.0	73699	50.574326	10.950456	69.20191	-7.86915	-50.84974	0.30247048	654.0231206417084
68	52.172565	42.65883	100.18369	-3.4694037	79.05374	108.503235	210.97345	-180.23149	400.0	384.95	74799	50.70047	10.898993	69.303314	-7.691104	-50.94957	0.3074661	663.0190715789795
69	160.24945	3.2990494	163.54851	156.95041	102.846436	129.54756	218.9975	-194.47336	400.0	400.0	75899	50.731667	10.95204	68.258934	-9.72228	-50.968777	0.29516384	671.1628618240356
70	29.241835	42.1086	84.77674	-17.143	140.74289	45.86403	215.09927	29.866552	400.0	400.0	76999	50.70017	11.099942	67.67674	-13.159977	-50.94369	0.30640104	679.3352582454681
71	114.83651	45.920635	148.93823	49.92271	117.72414	101.74118	197.06409	-188.49004	400.0	384.1	78099	50.637455	11.325219	67.40171	-18.02663	-50.872078	0.30527863	688.4242041110992
72	127.37604	51.175056	195.03981	71.3059	155.63597	35.572803	207.36232	89.87843	400.0	400.0	79199	50.635468	11.589181	67.156	-17.956593	-50.883244	0.31293327	697.8562119007111
73	174.85669	7.453079	182.30977	167.40361	140.86014	44.150803	189.27856	-12.681077	400.0	400.0	80299	50.798286	11.753107	71.65557	-20.228687	-51.067047	0.32503623	707.9596796035767
74	147.62917	23.953472	173.83218	115.934525	153.72153	48.505516	242.59254	61.79497	400.0	400.0	81399	51.10365	11.966817	75.06152	-19.231499	-51.373653	0.34448123	716.7445611953735
75	163.64406	47.48514	197.66109	96.491844	172.24232	50.895435	229.84961	50.203136	400.0	400.0	82499	51.422775	12.119929	78.289696	-19.297825	-51.686207	0.33784854	726.3105492591858
76	104.83472	38.436752	133.07079	50.490833	152.53018	44.189518	241.08585	21.53392	400.0	400.0	83599	51.60681	12.191633	78.452095	-18.875008	-51.85206	0.36530435	735.0739026069641
77	166.61166	11.047264	177.65892	155.56439	134.56985	78.19051	213.18773	-86.88177	400.0	400.0	84699	51.71751	12.129781	77.55063	-15.410098	-51.950867	0.37306258	744.1161613464355
78	125.63926	52.790817	195.02881	67.08818	135.25584	63.45805	226.93507	-10.842531	400.0	400.0	85799	51.895393	12.113036	75.66995	-13.535964	-52.164494	0.39256468	752.1844413280487
79	152.06302	30.276882	177.5363	109.52087	137.4328	49.94088	217.42656	51.964546	400.0	400.0	86899	52.162437	11.992607	72.09795	-14.230674	-52.41807	0.4075785	761.3118937015533
80	182.75203	11.603743	199.02824	172.80177	180.7918	31.965063	238.36511	105.56459	400.0	400.0	87999	52.30527	11.819896	69.15072	-14.394165	-52.548607	0.41261607	770.6497194766998
81	211.13446	33.95646	245.09093	177.17801	157.02095	72.534035	234.3407	-31.10275	400.0	400.0	89099	52.506725	11.580409	68.293945	-13.668956	-52.759552	0.45089638	781.469012260437
82	189.96461	29.398983	226.6622	154.692	144.2321	75.42762	222.22162	-94.66621	400.0	400.0	90199	52.69086	11.429066	68.444214	-17.02459	-52.9575	0.41820648	792.1795208454132
83	160.1953	22.908272	191.88103	138.50487	164.42981	79.277336	249.74751	-131.48602	400.0	400.0	91299	52.980797	11.306744	68.555626	-17.175331	-53.25042	0.46289557	800.2511475086212
84	83.845955	85.23246	203.03192	8.668158	169.16031	34.747	244.2263	101.18211	400.0	400.0	92399	53.152397	11.236242	70.484406	-13.05767	-53.407207	0.42225423	810.8729846477509
85	195.10506	30.911743	226.0168	164.19331	180.83728	48.42375	229.98103	34.281654	400.0	400.0	93499	53.24799	11.302031	68.45608	-8.342398	-53.514263	0.42824203	821.7389583587646
86	172.0946	16.302134	188.11111	149.72519	153.17111	80.89487	232.41869	-47.49268	400.0	400.0	94599	53.463493	11.360705	68.6166	-7.577705	-53.733585	0.4294243	830.8139533996582
87	53.725132	120.44701	211.54544	-80.689835	109.46627	77.64929	243.2112	-95.39487	400.0	400.0	95699	53.725567	11.390297	68.335075	-7.967866	-54.006165	0.4121241	839.8354077339172
88	107.55136	102.01994	212.59068	-30.625526	110.34271	89.220604	206.96791	-101.940216	400.0	400.0	96799	53.910244	11.468924	71.502426	-7.7061357	-54.17399	0.3844223	848.9196076393127
89	172.27075	14.748589	187.01935	157.52217	173.07016	29.994375	239.6647	128.7932	400.0	400.0	97899	54.086617	11.617488	70.501	-7.3065834	-54.351482	0.39063352	857.6719748973846
90	198.87889	14.243235	214.0804	179.83304	136.5315	61.074642	226.4631	11.351342	400.0	400.0	98999	54.304577	11.687199	71.25589	-7.812032	-54.582314	0.37080005	868.2421071529388
91	115.67746	65.963005	185.8591	27.364653	121.51897	57.814735	217.56696	24.587929	400.0	400.0	100099	54.61046	11.809274	71.21939	-9.899919	-54.875156	0.3876714	877.7245666980743
92	178.53638	51.4081	221.8157	106.306564	122.40849	71.406494	229.73792	-9.79431	400.0	398.85	101199	54.74651	11.72315	70.47572	-13.918608	-54.99275	0.3814943	886.8613183498383
93	173.27348	0.68144226	173.95493	172.59204	146.36606	47.348785	234.30756	84.245	400.0	400.0	102299	54.884464	11.616782	69.30328	-17.72703	-55.145	0.3670434	895.9745965003967
94	128.0708	67.952835	216.57278	51.386326	132.97038	50.07764	208.69821	38.51473	400.0	400.0	103399	55.016533	11.5790415	71.16791	-18.416727	-55.268356	0.39113584	905.3640584945679
95	188.89775	28.626867	218.6436	150.24174	150.59097	49.798653	240.68956	34.855167	400.0	400.0	104499	55.222763	11.433006	71.287186	-14.03601	-55.48417	0.3906869	914.8972189426422
96	167.58722	6.4701157	174.27417	158.83476	182.60574	27.43598	226.37662	123.59543	400.0	400.0	105599	55.38003	11.281413	71.15731	-11.750847	-55.6394	0.38201344	923.5373077392578
97	183.35358	24.608955	207.96254	158.74463	151.50186	38.13071	236.86821	94.51751	400.0	400.0	106699	55.5893	10.985897	70.11322	-10.530851	-55.865524	0.3616476	932.8033375740051
98	158.65947	37.38343	200.70963	109.88336	170.66241	33.96935	231.81876	97.02001	400.0	400.0	107799	55.837254	10.863502	70.80271	-12.490545	-56.11314	0.35934094	942.5814974308014
99	171.16057	21.110676	187.57967	141.35701	164.46077	36.523083	217.05487	90.517876	400.0	400.0	108899	55.994823	10.788001	71.180374	-11.33305	-56.239853	0.37166977	951.9188003540039
100	170.62462	29.87953	202.68579	130.75624	180.90634	36.98462	225.66501	97.257706	400.0	400.0	109999	56.04531	10.661751	70.63162	-16.160227	-56.27535	0.34157917	961.4066588878632
101	178.12068	24.007004	202.12769	154.11368	164.54443	36.550587	246.49089	68.238335	400.0	400.0	111099	56.047222	10.617362	69.55204	-15.014109	-56.285748	0.3600143	970.6062633991241
102	163.94777	37.053364	213.92125	125.30762	156.05107	46.866302	211.88083	61.794888	400.0	400.0	112199	56.131073	10.545714	69.42538	-17.303474	-56.36402	0.35373396	979.8369472026825
103	182.07167	23.151756	200.18127	149.39406	164.27388	47.883102	227.5098	68.7194	400.0	400.0	113299	56.110466	10.5241	69.87723	-24.892046	-56.3326	0.35185707	988.9777204990387
104	155.54564	38.515263	185.93642	101.20387	157.93495	31.720896	211.96478	104.35945	400.0	400.0	114399	56.073517	10.462837	69.86886	-27.562618	-56.28274	0.3527622	997.5265245437622
105	144.10326	19.02966	163.13292	125.0736	154.26389	42.972336	237.98405	62.033432	400.0	400.0	115499	55.920223	10.490571	68.807755	-28.060171	-56.127274	0.33632636	1006.8095066547394
106	169.74644	34.8417	211.34981	126.08024	142.03983	55.68304	206.75238	-13.9392395	400.0	400.0	116599	55.81911	10.515421	68.29476	-26.636555	-56.025764	0.3272047	1015.7406094074249
107	141.12721	29.38265	170.10849	100.847534	157.91864	36.80532	222.59407	89.186554	400.0	400.0	117699	55.704506	10.525307	67.791885	-21.687742	-55.900185	0.30192003	1025.396325826645
108	170.16957	13.3163595	182.05481	151.57611	169.63737	27.576769	216.96364	104.79126	400.0	400.0	118799	55.558327	10.536437	67.52545	-16.270973	-55.750134	0.28971437	1034.7599301338196
109	107.40408	6.264141	113.66822	101.13994	158.99792	41.76965	232.45358	79.436966	400.0	400.0	119899	55.36454	10.622667	67.02161	-13.184005	-55.54698	0.29987127	1045.6156527996063
110	160.79405	22.760115	186.92561	131.45282	155.92761	41.236565	211.62444	50.58105	400.0	400.0	120999	55.1956	10.6514015	66.55697	-8.57714	-55.372765	0.29435816	1056.2880935668945
111	169.24016	24.138569	187.93279	135.15631	138.10083	89.04203	221.00201	-118.95589	400.0	400.0	122099	54.94842	10.689406	66.19153	-10.830713	-55.12071	0.2875475	1066.0120084285736
112	163.4976	42.56139	218.56128	114.913414	175.40622	32.114555	211.1326	88.99736	400.0	400.0	123199	54.76993	10.676925	65.87402	-12.361135	-54.939236	0.29581288	1075.3753054141998
113	208.6601	6.552513	215.21262	202.10759	171.68523	20.091835	199.1924	121.58199	400.0	400.0	124299	54.588787	10.719763	65.913795	-14.139306	-54.755848	0.3220473	1084.2235674858093
114	197.7809	15.946497	217.46205	178.40485	181.53873	30.093885	226.46866	118.68321	400.0	400.0	125399	54.422646	10.752275	65.95656	-20.345282	-54.594162	0.32479918	1094.825077533722
115	182.74815	24.319805	211.84543	152.319	168.56871	34.604614	228.1197	119.15765	400.0	400.0	126499	54.27635	10.790393	65.91831	-23.234762	-54.449863	0.3146916	1103.6359550952911
116	172.62183	20.910994	187.94174	143.05571	185.47766	16.931168	210.3229	148.79579	400.0	400.0	127599	54.201004	10.817868	66.442	-25.66443	-54.375546	0.33679077	1112.9548771381378
117	160.02217	30.658493	190.68066	129.36368	160.26355	28.198809	194.23016	92.20979	400.0	400.0	128699	54.055225	10.865614	66.141174	-27.419653	-54.22766	0.32359287	1121.2395045757294
118	168.45795	23.49653	193.03748	136.80287	166.15671	22.03949	212.37	130.29613	400.0	400.0	129799	53.96662	10.924888	66.08938	-29.15111	-54.142635	0.2950229	1130.510600566864
119	125.505104	30.046738	161.48886	87.94063	172.67368	26.717821	215.80368	108.11722	400.0	400.0	130899	53.820545	11.053992	66.27864	-32.14516	-53.99312	0.30883387	1140.4425382614136
120	184.08655	20.686884	200.65118	154.92049	183.80063	21.30547	218.67581	135.09036	400.0	400.0	131999	53.749428	11.188096	66.2947	-27.254715	-53.92206	0.30180997	1151.3382096290588
121	179.82237	5.2173767	185.03975	174.605	160.81618	28.691273	196.14226	74.00266	400.0	400.0	133099	53.679897	11.29819	66.45477	-29.826494	-53.85045	0.3266031	1162.2355451583862
122	183.88586	14.379152	201.579	166.35858	185.25925	17.965155	218.2973	135.2988	400.0	400.0	134199	53.59689	11.473161	66.44803	-27.684742	-53.766083	0.3200166	1172.559448003769
123	159.80475	40.177876	200.02304	104.93558	181.49184	26.242134	252.94878	121.38976	400.0	400.0	135299	53.521137	11.626206	66.55712	-24.880836	-53.684574	0.33035368	1182.3603191375732
124	189.45088	24.583315	220.29634	160.13832	179.10558	35.187138	232.47588	111.67528	400.0	400.0	136399	53.46282	11.744667	66.74518	-22.067215	-53.63301	0.31789958	1191.523422718048
125	156.12482	8.162895	164.2877	147.96191	163.37349	34.29586	210.20154	93.045784	400.0	400.0	137499	53.527428	11.874454	66.7464	-22.257492	-53.70643	0.3167946	1200.6131746768951
126	175.35075	37.050983	221.99687	131.35724	176.37677	32.76971	228.1436	103.58576	400.0	400.0	138599	53.572964	11.985005	66.57976	-21.93986	-53.75486	0.30820847	1209.679630279541
127	169.27971	21.240477	185.17879	139.25867	171.32248	35.358643	214.77887	67.231316	400.0	400.0	139699	53.662277	11.969923	66.51822	-19.876501	-53.838352	0.30045	1218.400800704956
128	163.37218	16.764523	184.20131	143.15025	181.91531	21.204811	215.26718	134.63274	400.0	400.0	140799	53.683353	11.978624	66.669	-21.483925	-53.865917	0.30522576	1227.0967710018158
129	167.52875	18.626984	186.15573	148.90176	169.7849	32.142696	231.20505	83.102356	400.0	400.0	141899	53.781525	11.9966755	67.29123	-23.992512	-53.972378	0.3160407	1236.288696050644
130	198.62415	23.658485	221.09009	165.91917	174.99426	37.799896	217.39633	79.9135	400.0	400.0	142999	53.95729	11.974497	68.065254	-27.72693	-54.149918	0.3140027	1245.5263934135437
131	133.55743	29.167234	174.33711	107.7959	171.92494	35.188522	221.06345	77.65875	400.0	400.0	144099	54.05152	11.96786	68.70416	-27.713726	-54.24157	0.32059932	1256.2579216957092
132	163.42375	34.44431	196.24098	115.84003	176.91202	36.61367	222.2698	94.145584	400.0	400.0	145199	54.169388	11.92261	69.272705	-26.877237	-54.352142	0.3125485	1265.5115718841553
133	155.3954	26.169662	181.56506	129.22574	181.05081	35.27518	242.60826	99.206375	400.0	400.0	146299	54.18861	11.929544	69.60464	-21.167486	-54.364887	0.32854617	1275.199944972992
134	159.0427	24.25932	176.22133	124.73485	188.28891	29.158327	216.53493	111.53322	400.0	400.0	147399	54.1876	11.926266	69.8869	-26.38749	-54.360477	0.34573007	1284.5727581977844
135	129.19891	41.095287	187.17424	96.6927	183.2985	30.655212	227.38792	107.64324	400.0	400.0	148499	54.153152	11.929419	70.16336	-32.304295	-54.31669	0.3515116	1295.08571767807
136	195.41658	12.778414	205.68517	177.40407	178.47878	34.524277	243.06125	105.955315	400.0	400.0	149599	54.13648	11.929749	70.17583	-31.854406	-54.29526	0.3653968	1304.062097787857
137	171.07545	31.408157	202.48361	139.6673	176.53804	31.839426	218.77748	99.88858	400.0	400.0	150699	54.04755	11.925145	70.12678	-36.454746	-54.20555	0.36935535	1313.2862632274628
138	182.69354	34.141556	216.33759	135.8794	180.00552	22.193274	214.53003	125.24499	400.0	400.0	151799	54.04968	11.794798	69.98865	-41.263035	-54.211166	0.3718407	1322.6604416370392
139	192.43309	4.3505096	197.33194	186.7601	183.09756	30.013845	221.80835	85.235115	400.0	400.0	152899	54.015575	11.735158	70.06644	-36.71238	-54.179737	0.3755423	1331.5557289123535
140	180.87901	8.005725	186.68631	169.55847	186.60484	29.463797	224.98041	105.8744	400.0	400.0	153999	54.040524	11.638991	70.54568	-37.974293	-54.19865	0.3544242	1340.795949935913
141	120.287994	25.260075	145.54807	95.027916	187.8771	21.023132	219.00287	146.76134	400.0	400.0	155099	54.044266	11.568152	70.598076	-38.10808	-54.202385	0.35722527	1350.0663540363312
142	195.29155	13.936551	214.65022	182.40715	179.45787	34.44283	227.50114	105.433266	400.0	400.0	156199	54.026054	11.473859	70.3556	-33.209545	-54.187885	0.35287026	1359.2972586154938
143	172.53932	18.867771	199.07933	156.87973	181.0892	28.052612	217.32869	116.718094	400.0	400.0	157299	54.08731	11.333118	70.081116	-30.951307	-54.25326	0.3385338	1368.2601914405823
144	178.89178	18.22984	194.88289	153.38327	175.73282	23.280916	209.89604	112.19834	400.0	400.0	158399	54.100727	11.234107	69.90093	-23.499498	-54.26376	0.3540701	1377.6142876148224
145	210.56209	11.5121	222.07419	199.04999	178.52348	27.816917	213.97205	111.146965	400.0	400.0	159499	54.127552	11.0671015	69.45543	-21.745188	-54.290024	0.35697195	1386.290320634842
146	166.9482	44.88582	206.02113	104.086395	177.96289	28.94097	222.24956	94.84164	400.0	400.0	160599	54.158794	10.930732	69.17983	-17.279493	-54.32335	0.35985	1394.481900215149
147	176.3097	16.981745	191.5503	152.61574	176.66371	24.093996	219.68666	131.29726	400.0	400.0	161699	54.163498	10.758449	68.67866	-16.13666	-54.321465	0.34659678	1403.8729603290558
148	163.52258	12.283062	180.7394	152.91501	182.04047	17.704172	219.76826	145.38239	400.0	400.0	162799	54.136505	10.669404	68.22624	-14.030136	-54.287457	0.3564861	1413.7370331287384
149	166.16443	3.5968857	169.76132	162.56755	171.83463	21.162699	209.24205	124.4143	400.0	400.0	163899	54.088737	10.62289	67.944885	-13.760011	-54.237892	0.3517365	1423.018921136856
150	172.64372	19.041952	192.04343	146.76881	168.49617	27.030539	199.90327	112.8625	400.0	400.0	164999	54.014267	10.698886	68.40331	-9.52759	-54.17064	0.3367786	1432.3541386127472
151	167.8663	33.66074	199.86964	121.345665	182.00818	17.448206	219.45946	151.7695	400.0	400.0	166099	53.993153	10.732805	68.74677	-4.9541903	-54.140236	0.3164064	1441.8224775791168
152	162.75548	50.062805	221.1464	98.88579	173.11398	19.47803	200.9361	119.915726	400.0	400.0	167199	53.92657	10.799585	68.27497	-5.6457043	-54.0692	0.32746893	1450.8422541618347
153	171.54385	8.818924	180.36278	162.72493	183.02524	22.638378	245.7635	152.42519	400.0	400.0	168299	53.871433	10.798737	68.07076	-8.630072	-54.008175	0.30620918	1462.636974811554
154	149.95213	16.586525	173.07016	134.95264	175.5062	25.446981	218.52681	127.25946	400.0	400.0	169399	53.736042	10.935487	67.58874	-9.0600395	-53.874672	0.33507788	1472.1322944164276
155	158.68646	22.20197	186.38965	132.03677	181.6137	23.206097	224.0911	128.19394	400.0	400.0	170499	53.705437	10.993331	67.430756	-9.378396	-53.842705	0.30473387	1480.9050233364105
156	148.6851	42.78389	188.13156	89.22933	176.082	24.401188	223.27795	123.18765	400.0	400.0	171599	53.652596	11.08791	67.50211	-8.829925	-53.791454	0.3129723	1490.1098704338074
157	169.55664	44.80474	214.36139	124.75191	190.33255	23.28338	225.6853	147.17467	400.0	400.0	172699	53.591442	11.225438	67.43037	-9.022645	-53.72858	0.30963838	1499.2071800231934
158	170.52534	30.104286	212.99579	146.72153	185.687	37.81232	254.15562	110.633606	400.0	400.0	173799	53.608112	11.297423	67.29962	-6.6672573	-53.75041	0.32306993	1508.489531993866
159	183.63713	27.650524	208.54344	145.07681	181.96388	28.647503	232.95663	125.03225	400.0	400.0	174899	53.63476	11.382306	67.456314	-6.223129	-53.781143	0.29492387	1518.3954870700836
160	177.52635	17.622713	194.82652	153.34024	174.75215	25.363705	213.39836	99.26093	400.0	400.0	175999	53.66341	11.462573	67.529564	-6.0230875	-53.81601	0.29565474	1527.9327640533447
161	163.46867	29.733215	193.20189	133.73546	179.30519	27.508217	226.45248	119.620056	400.0	400.0	177099	53.71805	11.534518	67.59121	-5.328611	-53.8707	0.30769986	1538.9258334636688
162	170.07426	42.826088	228.42215	126.83781	169.17844	29.430693	229.37881	125.589676	400.0	400.0	178199	53.803787	11.574111	67.62494	-4.8329906	-53.956932	0.29905656	1548.2051451206207
163	191.72632	14.920412	211.90382	176.2916	172.04665	37.90493	228.59703	92.46517	400.0	400.0	179299	53.86643	11.686499	68.23348	-6.033148	-54.026516	0.29893985	1557.1897823810577
164	143.191	48.116356	186.14359	76.008224	159.92007	49.40408	224.1539	51.468662	400.0	400.0	180399	53.923206	11.811852	68.80735	-6.3809023	-54.08161	0.31397212	1566.3253736495972
165	117.71098	53.819027	171.53001	63.891956	168.25554	36.86562	226.9525	73.989204	400.0	400.0	181499	53.969734	11.894767	68.8681	-7.453708	-54.119724	0.3178713	1575.2097804546356
166	175.53343	46.666634	219.27017	110.86336	187.23477	26.238832	227.36372	130.3562	400.0	400.0	182599	54.01859	11.931957	68.475075	-8.286545	-54.16913	0.34279552	1585.1030740737915
167	199.94768	4.4461846	206.19484	196.20567	182.52107	27.416502	228.00021	131.9393	400.0	400.0	183699	54.09416	11.925333	68.187	-10.681868	-54.24434	0.36407915	1596.026347875595
168	178.78133	19.26571	205.06625	159.42772	175.33476	24.822237	223.93315	119.61226	400.0	400.0	184799	54.153625	11.956141	67.87016	-11.716225	-54.310062	0.37579802	1605.724104642868
169	177.08652	22.018776	199.10529	155.06773	181.72534	19.497623	218.50732	144.18842	400.0	400.0	185899	54.26333	11.953137	67.959625	-11.233543	-54.421627	0.3674059	1614.7206573486328
170	191.23743	32.801037	220.99536	145.54108	173.06595	36.279808	224.7258	79.07007	400.0	400.0	186999	54.362434	11.929729	67.61687	-9.434726	-54.519863	0.37717345	1622.8878285884857
171	177.87569	20.694304	203.10345	152.41458	174.099	37.424824	234.19434	111.51015	400.0	400.0	188099	54.43503	11.90127	67.32011	-8.334657	-54.591763	0.3886189	1631.8755912780762
172	181.21584	19.7638	204.8258	156.4556	186.47365	24.725628	223.23874	130.23987	400.0	400.0	189199	54.52204	11.823339	66.88403	-6.95753	-54.680916	0.3741061	1641.2734620571136
173	167.78171	36.359413	204.14113	131.4223	167.75514	24.213652	205.84447	114.19382	400.0	400.0	190299	54.625927	11.706525	66.97978	-5.657381	-54.78506	0.36046728	1652.2121579647064
174	174.66994	6.9851637	181.63844	165.12196	172.92044	30.751133	220.30167	112.07206	400.0	400.0	191399	54.68335	11.626832	66.95268	-7.0658855	-54.84545	0.37261745	1661.535451889038
175	189.88977	8.563138	200.12552	179.16716	175.09244	32.049667	218.20059	107.37174	400.0	400.0	192499	54.76188	11.491162	67.393654	-9.294377	-54.923424	0.3782266	1670.4751236438751
176	186.78859	8.269828	197.31198	177.10776	177.62387	31.41716	230.80951	116.74696	400.0	400.0	193599	54.822464	11.384311	67.46903	-10.28817	-54.987625	0.38107437	1679.992380142212
177	182.43	14.350639	196.78064	168.07936	199.53171	25.199476	239.4633	138.58325	400.0	400.0	194699	54.94888	11.211197	67.391945	-10.467524	-55.11002	0.35951948	1688.8885810375214
178	170.10498	24.450188	194.05302	136.53036	180.0523	21.48865	209.56493	136.30772	400.0	400.0	195799	55.01502	11.118295	67.307434	-8.31239	-55.17382	0.35248154	1698.2873718738556
179	165.77577	18.268507	188.16107	143.41257	179.79596	35.088863	224.26389	118.086815	400.0	400.0	196899	55.05583	11.114533	67.06031	-9.171673	-55.215576	0.35085678	1707.1268315315247
180	163.02779	37.96399	207.1256	114.45655	177.96173	35.376854	226.69237	94.46146	400.0	400.0	197999	55.105377	11.088249	66.68591	-10.722109	-55.257324	0.3655711	1716.4365317821503
181	203.4801	13.387474	216.86758	190.09264	174.93166	32.6921	220.39868	110.68435	400.0	400.0	199099	55.153008	11.066278	66.69726	-11.108904	-55.301846	0.37552324	1725.650137424469
182	232.60393	17.480246	257.27722	218.94081	193.0922	24.772322	225.97488	137.02905	400.0	400.0	200199	55.17846	11.079157	66.34251	-11.70402	-55.331173	0.40913358	1734.923436164856
183	194.71735	10.514449	209.40724	185.37596	186.25351	29.000353	223.62178	115.312294	400.0	400.0	201299	55.226627	10.998945	66.1827	-13.251385	-55.375996	0.41417614	1743.2955424785614
184	176.02954	30.797167	211.98575	136.76619	182.55533	32.912426	230.05162	94.69867	400.0	400.0	202399	55.232327	10.90443	66.09764	-11.866057	-55.377808	0.40523455	1752.721931219101
185	190.0629	0.9244995	190.9874	189.1384	172.94202	35.052193	235.70721	116.96562	400.0	400.0	203499	55.26243	10.783298	65.999344	-7.5862336	-55.409237	0.4122452	1761.8379077911377
186	208.06029	20.74165	237.38191	192.68817	186.36353	33.728676	225.11815	97.895325	400.0	400.0	204599	55.255795	10.686704	66.04563	-6.3097844	-55.40061	0.39485708	1771.7199184894562
187	155.21324	30.32525	183.45784	113.14253	180.56319	35.06851	233.30467	92.267426	400.0	400.0	205699	55.214256	10.63877	65.96047	-6.7500567	-55.35717	0.40147632	1781.4265954494476
188	197.94768	8.417053	207.34679	186.92256	181.96365	30.588943	227.68443	97.48376	400.0	400.0	206799	55.218582	10.537167	66.681274	-9.169361	-55.362835	0.39849484	1790.961091041565
189	191.82394	14.982071	206.80602	176.84187	192.40498	24.367418	226.43481	125.6731	400.0	400.0	207899	55.25093	10.487631	68.00149	-13.569281	-55.3981	0.386268	1800.935019493103
190	192.23274	6.1250424	200.7344	186.54468	180.6583	33.74971	237.84418	98.66921	400.0	400.0	208999	55.264477	10.418572	67.96431	-13.565477	-55.411263	0.3748771	1810.7817232608795
191	165.07005	22.288992	196.41821	146.538	171.49681	33.294662	226.37265	118.0961	400.0	400.0	210099	55.257164	10.357375	67.96561	-17.089466	-55.402485	0.35063428	1821.479050397873
192	156.24554	8.574976	167.2655	146.35199	184.00592	50.94303	244.73932	66.834755	400.0	400.0	211199	55.28604	10.28009	67.831604	-21.523138	-55.42532	0.33872104	1830.8442814350128
193	226.94736	19.989609	246.93697	206.95775	188.78775	27.056938	231.38182	144.83456	400.0	400.0	212299	55.268127	10.299108	67.69745	-27.823994	-55.407127	0.33773094	1840.2334864139557
194	196.43272	16.587996	212.19725	173.50545	173.66843	26.341873	225.5978	132.07948	400.0	400.0	213399	55.25001	10.325791	67.756966	-27.009624	-55.394135	0.34742847	1849.5361528396606
195	163.1267	27.602566	200.81888	135.48703	168.5008	36.328896	224.02434	81.87976	400.0	400.0	214499	55.26595	10.296026	67.732445	-27.847118	-55.412632	0.3202695	1858.9303469657898
196	163.87848	44.37553	218.16899	109.47177	165.0655	42.5322	225.21089	88.10675	400.0	400.0	215599	55.31608	10.253575	67.46758	-29.008232	-55.464348	0.32881236	1867.9332673549652
197	188.97635	28.225517	217.20186	160.75082	186.97437	27.373278	233.94331	104.521515	400.0	400.0	216699	55.3327	10.261309	66.9656	-31.666044	-55.476315	0.3502039	1878.9177601337433
198	159.98463	30.608913	187.28932	117.24279	168.8636	55.80712	227.47166	-29.985405	400.0	400.0	217799	55.354237	10.218515	66.56167	-28.99261	-55.492622	0.32025725	1888.365888595581
199	160.99675	20.758287	189.04478	139.4667	191.87418	26.455988	237.19899	138.31282	400.0	400.0	218899	55.29436	10.258682	66.11975	-27.312433	-55.433247	0.30674055	1898.374611377716
200	132.65279	71.44618	211.17857	38.325287	148.31824	71.4404	210.79213	-54.438713	400.0	386.85	219999	55.27676	10.281068	66.181755	-28.301144	-55.417645	0.3346486	1907.6373453140259
201	162.54291	6.663147	169.20605	155.87976	153.88629	69.566216	237.83362	-21.176785	400.0	400.0	221099	55.300762	10.286981	66.30532	-25.059425	-55.442253	0.35060886	1917.5794785022736
202	157.24446	32.657055	199.70598	120.281906	156.72487	49.377785	202.09941	1.2510754	400.0	400.0	222199	55.302116	10.3269205	66.45587	-25.108097	-55.438046	0.33799317	1928.7552688121796
203	170.68555	12.043856	181.81728	153.95523	166.82213	20.053154	211.65355	133.5443	400.0	400.0	223299	55.270977	10.364442	66.71485	-21.967148	-55.411285	0.342769	1937.8666241168976
204	102.98025	109.6175	210.53575	-47.48182	177.4744	24.609226	225.69675	122.6614	312.33334	400.0	224399	55.30215	10.38963	66.78037	-17.918474	-55.440575	0.35547432	1948.942642211914
205	188.49498	11.66526	202.33157	173.79665	168.99387	18.895485	202.97935	126.41534	400.0	400.0	225499	55.255775	10.511781	66.85369	-16.807886	-55.394127	0.36445552	1958.4625644683838
206	177.9674	31.269712	211.34526	136.15614	173.70413	26.16644	215.72127	130.40417	400.0	400.0	226599	55.287125	10.569207	67.148865	-16.367508	-55.426373	0.3377376	1967.9755022525787
207	143.67065	15.940166	159.61082	127.73049	171.93813	34.031204	227.20885	94.65254	400.0	400.0	227699	55.27275	10.685149	67.511444	-13.056327	-55.40828	0.36022368	1978.83549284935
208	155.05394	28.38318	180.06482	115.35936	180.98785	28.367243	222.22063	115.51926	400.0	400.0	228799	55.262737	10.761487	67.6504	-9.917558	-55.40111	0.3583905	1988.3911707401276
209	174.76546	23.33182	207.55447	155.17392	181.99062	16.338438	210.03488	156.86398	400.0	400.0	229899	55.24614	10.808513	67.71239	-10.961009	-55.3774	0.37633595	1999.1893060207367
210	180.80855	14.14498	191.37965	160.81554	177.19267	25.933039	226.732	123.347145	400.0	400.0	230999	55.25083	10.842191	67.68291	-10.288582	-55.379517	0.4142082	2009.436562538147
211	185.4965	23.14183	208.63834	162.35468	180.19972	21.230856	216.9578	140.8515	400.0	400.0	232099	55.232426	10.866206	68.21756	-10.403187	-55.359943	0.39289317	2018.8316431045532
212	148.34462	35.33784	197.40387	115.56651	177.46126	22.296532	216.30608	122.8947	400.0	400.0	233199	55.27232	10.874695	68.41646	-12.891707	-55.403606	0.40719584	2028.093591451645
213	159.21492	19.243387	183.04742	135.92015	188.0244	29.251738	221.59297	122.13446	400.0	400.0	234299	55.260254	10.901361	68.68921	-14.526251	-55.386227	0.38678825	2037.8381986618042
214	181.54126	16.619331	201.17648	160.53674	172.54445	31.374912	218.86424	123.45831	400.0	400.0	235399	55.26283	10.8717575	68.7338	-27.494555	-55.389816	0.39839077	2047.1227352619171
215	182.79077	17.225471	200.01625	165.5653	184.40277	28.352852	215.32127	116.5226	400.0	400.0	236499	55.27043	10.901918	69.0739	-24.21275	-55.40721	0.37978822	2056.095189332962
216	175.92802	14.197944	191.11595	156.96007	177.50607	34.159008	247.43759	67.20558	400.0	400.0	237599	55.378902	10.876705	69.10867	-27.531282	-55.518543	0.40127644	2065.909846305847
217	168.75032	7.160624	176.6733	159.327	186.47873	27.988874	224.33533	110.401855	400.0	400.0	238699	55.44928	10.890049	68.80438	-35.03953	-55.595142	0.39320907	2076.883109807968
218	139.18315	53.860165	185.98232	63.737873	177.95908	33.343216	226.75232	96.05183	400.0	400.0	239799	55.512344	10.919492	68.4457	-30.023062	-55.65418	0.41104054	2087.6135714054108
219	185.24988	0.88155365	186.13144	184.36833	168.27133	46.49572	209.7351	57.128094	400.0	400.0	240899	55.578186	10.966629	68.286446	-28.174305	-55.716717	0.4038013	2097.303703546524
220	199.69518	8.354651	209.06621	188.77763	171.99628	31.03755	212.74539	87.88464	400.0	400.0	241999	55.648827	10.948273	68.03747	-28.857895	-55.7842	0.42389858	2108.152414083481
221	165.65163	46.395836	199.46924	100.0485	194.55582	20.010803	219.2709	139.02156	400.0	400.0	243099	55.682156	10.885219	67.750496	-21.101376	-55.811253	0.3947732	2117.3299472332
222	181.43922	43.61597	237.47197	131.08951	181.15517	38.35052	236.97806	80.15248	400.0	400.0	244199	55.674335	10.851111	67.43427	-22.169558	-55.806515	0.3865323	2126.7236700057983
223	142.91702	23.56636	166.48338	119.35066	166.949	37.32556	217.36267	71.304756	400.0	400.0	245299	55.672142	10.843136	67.18364	-21.886868	-55.80021	0.39019585	2136.286283969879
224	196.39948	10.132421	210.23448	186.25035	175.92131	33.621796	225.36821	101.22118	400.0	400.0	246399	55.672733	10.817586	67.08805	-30.227839	-55.797264	0.37016913	2147.2078409194946
225	195.34148	2.9508338	199.32243	192.26698	170.92801	41.569893	222.0596	76.63412	400.0	400.0	247499	55.681812	10.835873	66.999565	-41.827415	-55.809277	0.405155	2158.0089020729065
226	185.88878	19.409143	207.12617	160.21013	173.49033	44.185787	216.20535	14.96187	400.0	400.0	248599	55.67339	10.845874	67.19464	-46.32756	-55.803226	0.39603734	2167.3019864559174
227	168.61275	25.721085	194.33383	142.89166	173.15227	33.715584	229.76678	98.46288	400.0	400.0	249699	55.71012	10.818498	67.6401	-48.221878	-55.844303	0.41910377	2175.6634781360626
228	158.44774	37.4619	200.3645	109.42996	182.20685	35.325485	220.17934	52.06449	400.0	400.0	250799	55.754696	10.797846	67.93993	-52.9424	-55.89356	0.41553733	2185.033144712448
229	170.12228	41.986088	203.49864	110.904564	171.5518	37.04646	217.44836	76.247215	400.0	400.0	251899	55.830193	10.761649	68.210106	-54.305008	-55.979233	0.4051108	2193.845341682434
230	173.12376	3.193015	175.56514	168.61328	185.10574	32.422596	231.45467	123.313866	400.0	400.0	252999	55.94996	10.667168	68.4068	-60.52918	-56.092506	0.42667496	2202.9265472888947
231	182.20674	7.3690033	189.57574	174.83774	173.08147	26.620066	241.31923	129.06032	400.0	400.0	254099	55.97213	10.646646	68.51909	-65.53456	-56.103268	0.4040033	2211.5945992469788
232	163.09113	11.635375	178.95529	151.37498	188.62523	21.657358	233.70047	156.29552	400.0	400.0	255199	55.97598	10.696111	68.59712	-65.81572	-56.107937	0.43013895	2220.948822259903
233	186.13045	12.456216	195.15894	168.51656	170.47021	32.29025	250.09773	93.9429	400.0	400.0	256299	56.004803	10.729441	68.54948	-59.38332	-56.14466	0.4052825	2229.8468539714813
234	151.81105	23.642653	185.16965	133.16566	180.91945	18.437176	211.79126	137.9471	400.0	400.0	257399	56.076435	10.701126	68.42	-55.320965	-56.21328	0.41001886	2239.112971305847
235	178.5737	19.359901	197.9336	159.21379	167.17116	34.79266	207.6753	46.375145	400.0	400.0	258499	56.126324	10.659689	68.200325	-60.352448	-56.26257	0.40344438	2248.3978321552277
236	154.22765	12.0627165	166.16438	137.70468	166.17546	37.757935	248.60295	77.039925	400.0	400.0	259599	56.1624	10.726035	68.06263	-69.69811	-56.304226	0.42662588	2257.6944336891174
237	152.54726	83.4298	219.1191	34.89939	161.82141	72.48774	219.49199	-127.00186	400.0	400.0	260699	56.196743	10.726727	67.72696	-73.869064	-56.327946	0.39558116	2267.0063548088074
238	204.84705	33.125744	241.34608	161.16452	159.68929	39.038216	206.62779	51.763397	400.0	400.0	261799	56.180023	10.756747	67.61505	-73.5432	-56.313644	0.39091554	2276.654450416565
239	117.17347	24.695015	141.86848	92.478455	146.88683	80.38215	226.51115	-80.735794	400.0	400.0	262899	56.249207	10.746366	67.69584	-77.112816	-56.38273	0.36583647	2287.7397434711456
240	74.12772	165.59917	204.8324	-159.51556	169.66185	32.26029	223.53822	111.51395	400.0	400.0	263999	56.218925	10.747273	67.87129	-73.25889	-56.34701	0.36586654	2296.9729402065277
241	146.91428	20.069386	163.21948	118.64264	177.78702	56.744404	256.9863	-34.465477	400.0	400.0	265099	56.19344	10.742511	67.68061	-66.5615	-56.311653	0.37298685	2305.973237514496
242	218.23741	5.182498	223.56271	211.21376	183.82175	29.33837	228.24792	134.6508	400.0	400.0	266199	56.164047	10.699498	67.5529	-55.724754	-56.279224	0.36001647	2315.2733035087585
243	125.22016	12.841484	138.06165	112.37868	178.88455	26.992533	223.86902	133.2353	400.0	400.0	267299	56.07288	10.726191	67.52151	-40.2982	-56.19087	0.37153402	2324.025464296341
244	187.9361	14.160138	207.95149	177.37878	185.90999	17.800123	216.16939	161.02058	400.0	400.0	268399	56.04975	10.729475	67.68593	-31.997986	-56.168247	0.37428173	2334.809867620468
245	184.79228	26.204662	209.87752	148.62605	188.68375	21.246037	222.23872	147.42236	400.0	400.0	269499	56.021206	10.724712	67.88463	-29.022228	-56.140797	0.3963133	2344.4931654930115
246	166.3186	4.082466	170.92888	161.00368	175.82944	28.189001	222.18643	122.911606	400.0	400.0	270599	55.992672	10.750792	67.96931	-29.153507	-56.11704	0.38521457	2355.3011763095856
247	209.90965	9.472229	219.38188	200.43742	183.76526	26.465376	218.67114	119.58586	400.0	400.0	271699	56.023243	10.660361	68.18124	-21.30069	-56.15024	0.379887	2364.6096653938293
248	158.52208	33.286083	205.55217	133.25417	171.98259	37.294666	211.26224	59.823097	400.0	400.0	272799	56.034733	10.607135	68.315544	-18.825506	-56.162624	0.38298577	2373.9021661281586
249	184.86714	19.187548	201.37442	157.96208	136.00845	58.478416	200.87994	38.255623	400.0	400.0	273899	56.02766	10.5994625	68.40119	-16.17237	-56.154774	0.38765898	2383.441436290741
250	182.70946	6.7717013	191.73312	175.42023	185.96481	21.755987	215.9035	127.57006	400.0	400.0	274999	56.073112	10.482203	68.59435	-21.866411	-56.205006	0.37685668	2392.64697265625
