Epoch	AverageEpRet	StdEpRet	MaxEpRet	MinEpRet	AverageTestEpRet	StdTestEpRet	MaxTestEpRet	MinTestEpRet	EpLen	TestEpLen	TotalEnvInteracts	AverageQVals	StdQVals	MaxQVals	MinQVals	LossPi	LossQ	Time
1	-69.2313	28.115044	-32.293404	-100.52851	-34.782707	13.299703	-11.079993	-68.27209	201.6	97.55	1099	-0.23722403	0.32102415	1.1156524	-1.2309142	0.21711786	0.0312513	1.8718979358673096
2	-106.12854	31.675388	-60.63577	-160.14325	-30.466284	20.937174	-12.579795	-117.21055	234.8	71.95	2199	-1.3184592	0.9535988	1.2597697	-4.5856614	1.281824	0.015597778	8.972906112670898
3	-96.45081	43.010227	-51.15693	-154.25693	-24.576723	7.913158	-11.212428	-39.11159	327.33334	65.45	3299	-2.7137938	1.6269618	2.0729225	-7.171521	2.6705997	0.040811207	16.03586745262146
4	-116.92344	35.406776	-76.986824	-174.43446	-27.93396	6.240622	-15.248964	-38.614704	241.0	62.5	4399	-4.2329335	2.5803785	2.6806905	-11.045462	4.180087	0.09278317	22.494948863983154
5	-81.2124	29.128868	-44.80101	-138.96935	-24.890873	5.99075	-14.394154	-36.39026	180.66667	59.15	5499	-5.955634	3.1265733	3.283742	-13.377625	5.891078	0.18518075	29.37448000907898
6	-124.91429	38.88099	-83.86273	-188.90761	-21.184343	4.5245786	-14.24257	-31.233007	221.8	60.25	6599	-7.700252	3.6776052	3.732478	-16.06657	7.627776	0.30056402	36.870776414871216
7	-73.33577	45.051727	-35.744396	-150.17166	-23.224075	7.281319	-9.981431	-37.722942	249.5	57.4	7699	-8.953179	4.348232	4.126835	-18.789698	8.859286	0.4192673	44.21222901344299
8	-104.06418	17.686804	-83.17229	-131.99059	-27.943735	9.1057825	-10.4997835	-46.39769	275.75	67.75	8799	-9.795594	5.033192	4.444413	-20.946398	9.688456	0.5365347	50.87226223945618
9	-136.33902	51.93235	-67.64062	-213.94637	-33.33927	8.904274	-15.633504	-47.96605	300.75	74.95	9899	-10.689595	5.485947	5.0268054	-22.81285	10.557108	0.56896347	57.661765813827515
10	-103.44061	41.818016	-56.328606	-157.75992	-27.015263	8.204632	-8.200946	-38.334084	224.25	66.45	10999	-11.434527	5.805333	5.6429896	-23.736267	11.257713	0.55921686	64.87939810752869
11	-116.220215	71.804565	-20.159714	-212.40353	-24.85658	8.216623	-4.5670347	-36.465885	309.75	65.8	12099	-11.804905	6.1456656	6.3243036	-24.830845	11.656686	0.520257	76.97147679328918
12	-91.280075	42.69742	-35.7265	-133.19089	-22.222143	6.643213	-9.825069	-34.057533	239.5	65.25	13199	-12.285989	6.618287	6.795542	-25.98018	12.153833	0.5437541	85.72087287902832
13	-116.05916	51.1869	-56.931496	-197.36479	-30.458065	9.958403	-13.030582	-52.81036	266.2	65.4	14299	-12.9490385	6.9336348	7.274124	-27.57747	12.827948	0.5530013	93.43206548690796
14	-56.276707	35.436085	-23.213215	-119.843765	-33.672634	20.227844	-8.111844	-99.03679	122.333336	67.5	15399	-13.56617	7.317759	8.124989	-29.064672	13.456263	0.6064864	100.96636867523193
15	-30.412304	14.091312	-6.9154363	-58.343052	-27.864395	9.843034	-7.1165185	-53.462807	73.2	66.75	16499	-14.133314	7.6256695	8.837262	-29.979567	14.015388	0.7085535	108.81752729415894
16	-26.862417	7.043606	-14.109119	-44.72433	-28.350666	11.799546	-7.7699823	-59.87547	69.666664	70.45	17599	-14.378356	7.9054213	9.262135	-31.34164	14.244682	0.7899955	116.24812960624695
17	-24.39656	9.933766	-9.110163	-51.14666	-23.754421	8.709076	-3.4672322	-38.286125	68.6875	70.35	18699	-14.370668	8.18554	9.937691	-32.745323	14.21057	0.84317243	124.65658068656921
18	-29.389587	13.46962	-9.99635	-54.704975	-20.876966	12.58365	4.2830815	-40.05509	87.38461	91.15	19799	-14.184916	8.450536	10.694302	-33.790607	13.994732	0.89205825	132.79966235160828
19	-43.703247	23.947252	-16.935625	-108.01556	-29.051712	16.796085	-3.894025	-56.06901	112.3	109.2	20899	-13.830048	8.685288	11.573402	-34.77152	13.627284	0.9069414	142.14000821113586
20	-25.90638	15.743316	-5.272882	-57.22361	2.0028887	55.534935	135.75099	-87.126045	117.44444	279.15	21999	-13.484468	8.900062	12.42963	-35.700275	13.27166	0.8845072	151.85183215141296
21	-10.498663	21.790066	18.648737	-41.095898	63.62622	50.791363	135.42113	-55.925507	270.75	383.15	23099	-12.780902	9.379559	13.324874	-36.216053	12.5570345	0.89954716	161.09073996543884
22	-18.13587	26.990795	11.843772	-53.587128	42.10853	57.472984	135.8732	-40.851192	287.33334	280.8	24199	-11.939989	9.978251	14.231863	-36.35149	11.709947	0.8876577	168.88287019729614
23	12.614155	27.948196	58.962326	-15.299046	30.564413	47.078705	115.17969	-36.666054	265.5	334.05	25299	-10.972387	10.659693	15.37435	-36.38393	10.733554	0.90792656	177.4254539012909
24	64.34879	46.844772	119.85755	5.277766	11.181026	45.20331	110.55963	-65.432014	400.0	338.4	26399	-9.866863	11.457064	16.342318	-36.407635	9.619635	0.8843496	185.41631937026978
25	36.560467	84.6037	129.16333	-52.97917	15.748158	52.879734	137.90257	-49.884914	328.0	350.7	27499	-8.744919	12.157293	17.707825	-36.4411	8.488288	0.89696985	192.93973851203918
26	40.25918	3.2399807	43.499157	37.019196	21.702633	54.437454	123.05348	-62.55522	400.0	336.2	28599	-7.6395783	12.774098	19.38554	-36.720306	7.3751764	0.91517514	201.27215909957886
27	50.733593	58.848404	125.70645	-18.041887	42.79639	43.939144	120.91278	-55.21689	400.0	384.25	29699	-6.454323	13.38299	20.785633	-36.856018	6.185698	0.9362922	209.35763883590698
28	32.98672	30.14348	60.37819	-8.997257	26.26972	38.507904	70.76229	-51.772728	400.0	382.9	30799	-5.318954	13.84623	22.090193	-37.032967	5.0531616	0.94236404	216.85009384155273
29	35.534153	10.176653	45.008446	21.414858	20.489504	50.361485	161.41556	-48.61803	400.0	383.75	31899	-4.234761	14.275171	23.309006	-36.643353	3.9733007	0.91501135	225.02739000320435
30	45.36566	94.61257	124.41121	-87.651276	11.550969	35.32873	65.4283	-48.58932	324.0	384.25	32999	-3.175867	14.676762	24.534151	-36.31105	2.9209766	0.90067995	234.61173272132874
31	17.572119	35.901157	77.62725	-17.346766	20.448359	48.93238	138.19684	-47.678093	314.25	383.85	34099	-2.2587562	15.031486	25.522514	-36.19797	2.0042129	0.891266	242.27319407463074
32	69.67818	37.451027	107.1292	32.22715	39.268433	44.02411	148.97606	-46.180428	400.0	400.0	35199	-1.3199093	15.306472	26.432411	-36.03715	1.0694516	0.9279705	250.1718134880066
33	0.07574018	18.521126	26.268555	-13.044201	36.76632	40.000923	108.10412	-53.71602	400.0	384.95	36299	-0.4159349	15.527648	27.139738	-36.34045	0.16062458	0.8889616	257.9311637878418
34	44.848984	3.1915865	47.71107	40.395412	49.345287	42.54711	132.44655	-19.28161	400.0	400.0	37399	0.44398043	15.70871	27.959793	-36.374474	-0.6966519	0.88729423	265.83904337882996
35	16.384047	36.988316	50.783485	-34.943554	49.019287	36.720562	128.67972	-10.661357	306.0	400.0	38499	1.256344	15.904389	28.671665	-35.75403	-1.5103695	0.8413347	273.43154191970825
36	32.580177	24.686829	67.16644	11.163709	41.27063	51.196823	161.44646	-63.448036	400.0	400.0	39599	2.0783842	16.080814	29.62795	-35.386467	-2.3227832	0.8273561	282.5879123210907
37	37.85026	16.433533	52.491405	14.898979	13.564562	76.35905	133.69815	-188.6322	400.0	400.0	40699	2.7877154	16.201704	30.069368	-34.99084	-3.0247753	0.84527284	291.6030042171478
38	-67.26641	81.34664	14.08023	-148.61305	46.104385	54.21312	166.11066	-43.86265	400.0	400.0	41799	3.32409	16.25406	30.561512	-34.635414	-3.553975	0.8166416	300.42343282699585
39	60.0844	29.279743	99.18849	28.737965	23.763514	44.588634	93.534836	-60.852398	400.0	400.0	42899	3.870423	16.39742	30.924473	-34.1053	-4.0975533	0.8038433	307.72142791748047
40	111.578125	38.634724	166.03	80.45245	44.512962	51.429424	164.09485	-48.758514	400.0	400.0	43999	4.581165	16.547947	31.416653	-33.515823	-4.807214	0.81579787	315.26479482650757
41	16.881506	42.963097	77.639984	-13.714178	1.6679935	60.773857	149.26033	-105.38518	400.0	400.0	45099	5.2361856	16.733814	31.792427	-33.32163	-5.464863	0.82302654	323.0574288368225
42	65.578804	31.060816	96.63962	34.517986	39.608025	50.945995	145.94772	-57.570007	400.0	383.1	46199	5.8417864	16.828936	32.399963	-33.053143	-6.070702	0.8201812	330.3081405162811
43	60.69183	14.940861	73.02376	39.666973	10.3626	51.699528	95.40104	-99.63346	400.0	400.0	47299	6.467915	16.90136	32.77472	-32.660664	-6.6933985	0.758207	337.98347425460815
44	20.654196	45.857212	84.47893	-21.21451	30.328272	45.310406	108.003944	-84.416336	400.0	400.0	48399	6.974908	16.974037	33.227455	-32.627327	-7.2029357	0.7984017	346.97270345687866
45	23.112612	10.675987	38.20876	15.352791	51.89686	35.060226	115.546616	-8.255737	400.0	400.0	49499	7.538232	16.979128	33.62047	-32.78313	-7.7672086	0.76586366	355.0288782119751
46	32.459282	2.7622623	35.221542	29.697018	54.09239	50.94431	132.73668	-70.36883	400.0	368.15	50599	8.071697	17.012503	33.90746	-33.027336	-8.300317	0.7406794	363.5740849971771
47	57.442795	13.319256	75.97687	45.265438	37.207367	52.574978	107.21018	-102.06209	400.0	380.95	51699	8.635776	17.043955	34.224648	-32.594162	-8.862674	0.7355122	370.7976212501526
48	50.60506	20.19496	67.83589	22.264574	41.204723	40.45366	104.77186	-37.867348	400.0	383.1	52799	9.187857	17.010284	34.52638	-32.622105	-9.41789	0.7462031	378.11631894111633
49	16.905304	25.167677	39.867565	-18.127235	66.55599	43.308643	145.24971	-36.260105	400.0	383.1	53899	9.652478	16.95636	34.800343	-33.237415	-9.885236	0.7538619	386.87090945243835
50	70.42496	12.233555	82.658516	58.191406	57.93349	42.431957	136.76582	-41.640503	400.0	385.25	54999	10.204836	16.912205	35.105247	-33.355137	-10.4393215	0.7376248	395.39584708213806
51	20.165182	58.34261	79.35336	-75.9536	34.49478	38.880436	91.44272	-72.06947	336.75	373.45	56099	10.695701	16.857618	35.373253	-33.691204	-10.932461	0.74173504	401.8568811416626
52	50.375473	35.465714	85.000275	1.6374861	34.045387	46.840084	81.20307	-93.97337	400.0	373.7	57199	11.176296	16.806927	35.54848	-33.500877	-11.414853	0.7334303	408.91579246520996
53	43.293953	2.7248955	46.01885	40.569057	44.8318	45.08098	117.336975	-65.121284	400.0	369.7	58299	11.686435	16.73398	35.89755	-33.38295	-11.922528	0.70494574	416.2737352848053
54	33.15245	39.901314	65.32379	-35.198223	33.008007	66.13476	117.97493	-106.84385	316.0	400.0	59399	12.094548	16.713842	36.047836	-33.060894	-12.32888	0.7139477	423.4408965110779
55	16.120314	51.266525	67.32517	-53.93357	49.31803	58.134903	146.16344	-54.710987	294.66666	384.25	60499	12.544963	16.665462	36.21939	-33.55913	-12.776818	0.7078046	432.1300435066223
56	59.575764	7.283365	67.77839	50.079193	44.097603	52.458355	167.47644	-102.05854	400.0	373.45	61599	12.930541	16.6728	36.26802	-34.109623	-13.159433	0.7062955	440.48812913894653
57	58.00603	35.785572	87.25129	7.6140456	29.7503	60.564415	99.90243	-110.68226	400.0	349.25	62699	13.293682	16.67168	36.440178	-34.585934	-13.524173	0.69074726	447.72228026390076
58	16.95412	40.659325	66.100235	-46.131428	29.251984	50.74152	103.15894	-49.649128	320.75	326.05	63799	13.682962	16.661825	36.466934	-34.50911	-13.912796	0.69884264	454.9651734828949
59	37.980747	60.97277	86.163284	-48.04073	42.661983	59.82475	157.94	-105.99102	300.33334	370.35	64899	13.965717	16.669619	36.604256	-34.474842	-14.192274	0.70575684	463.35781168937683
60	93.75907	17.06028	111.519356	70.73648	48.140602	46.14816	107.741585	-41.82306	400.0	353.85	65999	14.382247	16.693401	36.645245	-34.60533	-14.6109495	0.722266	471.1368200778961
61	32.86919	45.01566	79.987885	-27.764215	40.980495	45.751766	113.15689	-54.93765	400.0	372.5	67099	14.765055	16.711636	36.70477	-34.152435	-14.988878	0.6908698	478.3914816379547
62	42.189926	9.969063	52.15899	32.220863	44.0546	44.080402	122.91077	-59.355125	400.0	385.6	68199	15.045949	16.697283	36.757633	-33.833447	-15.269345	0.6811132	486.97524404525757
63	56.199383	34.482	84.65546	7.6755567	35.294846	44.979805	117.51015	-45.58188	400.0	350.8	69299	15.382962	16.720562	36.83847	-33.76154	-15.602568	0.6903058	494.3232398033142
64	98.96494	18.943382	121.42961	75.09213	65.71373	26.832115	103.19911	-3.356108	400.0	400.0	70399	15.687247	16.765825	36.978493	-33.994343	-15.90803	0.681518	501.6213312149048
65	86.20858	38.97896	131.31664	36.213955	56.7065	41.730446	147.42357	-10.784204	400.0	400.0	71499	16.040155	16.784058	37.236794	-34.577873	-16.259275	0.6845875	508.59853076934814
66	78.98647	8.587181	87.573654	70.39929	67.708336	32.323147	117.33252	-7.2264147	400.0	400.0	72599	16.370749	16.808811	37.49709	-34.79992	-16.589056	0.6797425	515.5917184352875
67	99.05439	41.615215	151.32094	49.492596	72.98313	42.91402	160.89716	-43.373886	400.0	384.0	73699	16.693008	16.8447	37.45615	-35.439415	-16.91356	0.6991286	522.7438898086548
68	48.437164	61.67496	115.82506	-50.144474	54.958996	62.524853	136.20007	-79.72083	324.25	387.45	74799	17.018492	16.908472	37.845654	-35.932423	-17.238808	0.7235214	529.2952172756195
69	45.87455	0.8792515	46.753803	44.9953	46.830547	52.056362	122.21128	-45.249626	400.0	367.8	75899	17.34743	16.919107	37.96119	-35.85827	-17.570417	0.7253435	536.5740053653717
70	66.909546	3.3283565	71.35555	63.348	55.552074	53.03549	127.535614	-56.262444	400.0	368.7	76999	17.749094	16.877907	38.405945	-35.768646	-17.97241	0.70060205	544.2528584003448
71	79.27823	25.812775	112.474594	49.529	50.149162	45.742996	129.99805	-44.03039	400.0	400.0	78099	18.092497	16.859274	39.180492	-35.715656	-18.314405	0.69476455	552.9671261310577
72	65.78381	61.259678	152.29861	18.587593	46.358833	76.44146	149.90001	-90.3484	400.0	387.4	79199	18.3983	16.848959	39.65578	-35.442112	-18.619457	0.68299514	560.2618374824524
73	46.367287	41.809563	88.17685	4.55772	47.25863	49.748043	142.66083	-31.099157	400.0	400.0	80299	18.628372	16.865948	40.099365	-35.25375	-18.853868	0.6887907	567.5566561222076
74	9.507721	44.168777	59.26242	-48.03997	55.42156	46.021984	137.23352	-55.441742	320.5	400.0	81399	18.959059	16.86573	40.952618	-34.848698	-19.182695	0.67245877	574.7743289470673
75	63.05171	29.862604	96.189384	23.809462	66.174225	41.866272	138.54054	-49.826786	400.0	383.9	82499	19.20716	16.912373	41.06603	-34.71582	-19.428432	0.6836593	582.2589225769043
76	84.30927	53.972237	138.28151	30.337034	42.694386	50.232853	122.582085	-54.359352	400.0	400.0	83599	19.53907	16.903185	41.033398	-34.26397	-19.76108	0.70124424	589.4402251243591
77	14.715848	54.457508	72.17043	-58.426067	45.95617	56.86241	116.50246	-67.78824	400.0	400.0	84699	19.808605	16.850231	40.879974	-34.066185	-20.031078	0.6595246	596.8510942459106
78	56.85138	12.50089	74.49494	47.061707	48.84837	50.085518	122.8899	-57.172874	400.0	385.4	85799	20.027258	16.851053	41.238388	-33.615402	-20.245352	0.69311506	604.1500742435455
79	55.22354	18.850878	77.15226	31.129753	58.45803	46.24722	106.967155	-45.756348	400.0	382.6	86899	20.271387	16.816113	41.01972	-32.963398	-20.483597	0.67201924	611.7703983783722
80	58.138092	1.3856945	59.52379	56.7524	56.957386	46.20144	138.92413	-50.96374	400.0	400.0	87999	20.49516	16.810177	40.84797	-32.55139	-20.704287	0.6721704	619.4238731861115
81	70.97867	21.914728	96.12343	42.715885	53.404255	50.240112	109.67591	-71.13892	400.0	383.15	89099	20.720758	16.78434	40.546326	-31.872269	-20.927511	0.6524815	626.4449548721313
82	85.856895	13.611247	95.91892	66.61442	44.9358	40.633636	108.27554	-41.394093	400.0	400.0	90199	20.893991	16.783298	40.586163	-30.711668	-21.100906	0.6590845	635.03098320961
83	80.84802	12.853093	95.43076	64.15927	35.73756	34.965656	117.44339	-17.30411	400.0	400.0	91299	21.143526	16.781527	40.45068	-30.48055	-21.34939	0.6627961	642.2744648456573
84	16.441444	4.3388247	20.78027	12.10262	38.261612	24.10918	82.23598	-25.70087	400.0	400.0	92399	21.310427	16.731333	40.49862	-30.511486	-21.517143	0.65567094	649.751259803772
85	34.286163	63.981236	124.57957	-15.932348	33.619064	26.556688	75.11361	-41.70721	400.0	383.35	93499	21.394985	16.743996	40.51884	-31.11139	-21.600712	0.6658821	656.934937953949
86	39.42461	14.38341	57.308743	22.089565	42.550007	27.065285	115.115326	-8.94931	400.0	400.0	94599	21.59475	16.694221	40.593204	-31.25346	-21.803753	0.66974413	664.4716956615448
87	31.05308	14.8936615	49.597073	13.131112	27.95014	39.05	93.392456	-47.07437	400.0	349.7	95699	21.746975	16.699684	40.77352	-31.354713	-21.960947	0.65411586	671.4407715797424
88	49.342262	16.296478	65.63874	33.045784	53.983765	34.208527	124.46897	-8.457661	400.0	400.0	96799	21.966688	16.630117	40.914326	-31.52613	-22.179571	0.65670675	678.642040014267
89	51.81323	35.76345	100.26452	15.022114	30.494059	27.466257	87.08793	-17.462984	400.0	400.0	97899	22.19616	16.577333	41.26964	-31.724371	-22.410255	0.64578557	686.1036996841431
90	46.09728	16.59355	67.76973	27.466988	46.234577	38.970306	140.16534	-3.4134574	400.0	400.0	98999	22.41401	16.53541	41.748142	-32.31528	-22.62567	0.6534797	694.839010477066
91	33.971066	13.275067	47.545166	15.952409	39.262325	31.504887	90.91268	-35.709316	400.0	383.8	100099	22.599243	16.543703	42.05643	-32.939808	-22.810072	0.6672058	702.2222816944122
92	28.23471	11.828648	40.06336	16.406063	40.118187	36.789753	95.92327	-40.024128	400.0	391.1	101199	22.768803	16.470556	42.441353	-33.58246	-22.984436	0.6452565	710.1204359531403
93	32.162853	40.316998	81.82109	-29.383446	42.18412	33.923954	127.35216	-23.419813	354.25	390.75	102299	22.932959	16.464832	42.792706	-34.245796	-23.146847	0.6462511	717.6399109363556
94	56.914406	17.119255	74.03366	39.79515	47.06866	45.651154	133.11377	-36.015263	400.0	400.0	103399	23.101028	16.424765	43.214146	-34.753242	-23.315928	0.66356546	724.5709822177887
95	33.23903	31.3453	77.46608	8.523996	45.30665	32.419533	105.73818	-11.5728245	400.0	400.0	104499	23.269543	16.394945	43.51659	-35.453587	-23.48182	0.6782759	731.703314781189
96	77.59074	11.968166	91.48382	62.272087	42.697887	48.140682	121.70958	-69.19985	400.0	385.65	105599	23.498148	16.319046	43.689415	-35.745243	-23.70701	0.64483136	739.304486989975
97	48.600216	29.635345	89.48005	20.159681	56.104706	37.083984	102.37036	-33.619038	400.0	382.9	106699	23.66979	16.291937	43.82011	-35.68192	-23.879719	0.63004947	746.4620594978333
98	101.298874	0.8250084	102.123886	100.47387	38.299973	35.74672	99.73446	-40.049194	400.0	384.0	107799	23.802021	16.242443	43.852932	-36.06179	-24.009348	0.63895077	754.9750876426697
99	43.132248	57.3434	96.78468	-36.357624	42.657715	36.93626	102.999985	-31.201422	400.0	382.35	108899	23.941362	16.182	44.019184	-35.762707	-24.149353	0.6213357	761.3377776145935
100	44.441402	48.216022	86.949165	-22.986012	59.2105	37.427654	104.59554	-33.94616	400.0	400.0	109999	24.067326	16.132729	44.151756	-35.67858	-24.274311	0.62150776	769.051673412323
101	71.166176	47.59625	108.65241	4.00622	47.639404	36.799225	94.16695	-30.109907	400.0	383.1	111099	24.179028	16.087187	44.451824	-34.915	-24.386648	0.6242762	775.9149694442749
102	94.715485	28.142189	122.85767	66.573296	41.78692	54.62926	143.06248	-61.93901	400.0	351.65	112199	24.307856	16.036634	44.609863	-33.506836	-24.517458	0.6167405	783.0274305343628
103	39.545044	62.550797	99.613686	-43.33499	49.946312	49.23819	134.57913	-37.413155	270.2	383.65	113299	24.457952	15.926778	44.816986	-32.2497	-24.665943	0.62218314	790.64244556427
104	70.1154	22.220358	92.33576	47.895046	76.591934	34.327557	147.5355	15.977792	400.0	400.0	114399	24.60751	15.894015	45.100285	-31.0485	-24.816399	0.62943685	798.1130056381226
105	-2.396024	32.244045	37.456512	-41.514717	47.321293	44.300312	131.502	-26.98788	400.0	400.0	115499	24.722086	15.831556	45.352436	-30.386053	-24.934727	0.6091939	806.6270399093628
106	60.82613	49.603542	101.201836	-9.041884	68.082436	40.6784	143.54082	8.242057	400.0	400.0	116599	24.86806	15.728514	45.65573	-30.243004	-25.080374	0.62164074	813.8881335258484
107	87.21392	47.644085	140.60179	24.921673	37.459026	45.814026	120.28575	-41.888115	400.0	400.0	117699	25.00829	15.660178	45.784473	-29.630709	-25.220991	0.62415797	820.9883396625519
108	53.5399	57.361088	110.900986	-3.8211854	52.501625	41.07221	129.73717	-17.47129	400.0	400.0	118799	25.175774	15.596356	45.935116	-29.306103	-25.383785	0.62089396	828.4601984024048
109	51.40626	28.448666	86.87965	17.231228	61.657124	42.88082	152.84468	-21.629484	400.0	400.0	119899	25.264536	15.527716	46.236305	-29.223133	-25.47076	0.6289259	836.5887849330902
110	57.50371	22.363096	86.84906	32.6183	50.020664	37.94001	119.61998	-44.4971	400.0	383.8	120999	25.321356	15.446948	46.508793	-29.484184	-25.528765	0.62065995	843.9488599300385
111	42.37882	55.597694	115.61589	-19.016806	37.52438	32.26497	114.156136	-26.03171	400.0	365.95	122099	25.418737	15.40313	46.68102	-30.283895	-25.622545	0.62923026	852.5085380077362
112	41.42844	54.74439	85.6636	-35.71513	53.33391	36.1697	130.13512	-3.311141	287.33334	400.0	123199	25.466099	15.357631	46.66304	-29.822334	-25.666237	0.5996531	859.7825055122375
113	57.95242	33.332703	105.04931	32.667408	43.03618	34.550533	128.36935	0.9572687	400.0	400.0	124299	25.583242	15.272255	46.780384	-30.051086	-25.78087	0.60187775	866.3446588516235
114	14.953635	10.500397	26.641691	1.176795	59.4033	33.960293	130.85313	5.272045	400.0	400.0	125399	25.656122	15.190526	46.834743	-30.787022	-25.854769	0.6249154	873.6556944847107
115	74.76431	14.73724	89.50155	60.02707	48.198288	46.107407	103.23927	-44.42659	400.0	349.2	126499	25.721155	15.134446	46.82999	-31.446526	-25.916159	0.6375192	882.0133383274078
116	85.09768	21.995922	115.398994	63.855747	59.931225	24.945942	128.16504	31.456976	400.0	400.0	127599	25.812515	15.055753	46.726013	-31.648466	-26.011663	0.6297907	889.3966505527496
117	70.18488	28.064753	109.07492	43.87552	59.416016	42.409542	134.33302	-30.535522	400.0	400.0	128699	25.854658	15.052879	46.76982	-32.55681	-26.05083	0.62827194	896.5615520477295
118	63.419346	16.65012	84.99552	44.46479	67.48804	29.407959	122.54659	18.970987	400.0	400.0	129799	25.928421	15.06251	46.77883	-33.558964	-26.127987	0.63439375	903.8456723690033
119	26.869736	88.853615	116.659096	-94.15543	63.361267	39.750843	118.83588	-48.393345	313.66666	400.0	130899	25.965868	15.068911	47.02452	-34.11441	-26.168484	0.6540701	911.1804091930389
120	44.00115	32.50036	86.15587	7.060477	43.51028	37.65513	107.06506	-19.663044	400.0	400.0	131999	26.150429	14.980822	47.155983	-34.614807	-26.351938	0.64266235	919.8357837200165
121	45.526836	30.327576	82.45933	8.175779	27.696354	55.79514	129.79416	-75.32585	400.0	362.15	133099	26.183075	14.969068	47.181686	-35.09075	-26.386293	0.64437234	927.0801067352295
122	-36.786575	27.128721	-9.657854	-63.915295	30.965122	42.01202	120.361465	-74.07034	400.0	393.1	134199	26.259789	14.895074	47.32635	-34.9887	-26.46561	0.6441757	934.3335409164429
123	44.30334	22.07775	62.935112	13.28991	39.855335	50.264336	129.445	-49.545807	400.0	376.3	135299	26.324276	14.839669	47.61765	-35.857155	-26.532265	0.6451665	941.5245780944824
124	58.27687	19.769098	83.968575	35.882298	49.78949	46.746082	132.96269	-67.05594	400.0	388.35	136399	26.398046	14.778507	47.6026	-35.7594	-26.606617	0.64551413	949.7368969917297
125	43.150173	33.535717	88.28671	7.972932	34.688763	41.046833	90.90562	-43.77322	400.0	373.25	137499	26.489393	14.722396	47.691334	-35.99609	-26.698254	0.6346832	957.5641012191772
126	24.51063	27.435324	51.945953	-2.9246943	24.100073	47.443474	97.12818	-64.72986	400.0	387.7	138599	26.60861	14.622194	47.635586	-35.45063	-26.819695	0.6304531	964.8882598876953
127	53.188766	21.486853	83.33237	34.792847	33.07323	35.391747	97.38336	-24.286274	400.0	400.0	139699	26.643383	14.584162	47.589615	-34.69539	-26.85468	0.6537306	972.5573618412018
128	76.4905	26.00564	102.590576	41.001	43.357838	52.481678	143.03699	-37.400032	400.0	400.0	140799	26.805765	14.474992	47.45185	-33.948013	-27.01924	0.64424944	982.3116047382355
129	72.92349	29.54957	102.62997	32.616184	37.329002	57.637672	163.16028	-37.403458	400.0	353.15	141899	26.931879	14.373052	47.182434	-33.844868	-27.14359	0.66276425	989.9952886104584
130	78.27989	19.946703	98.22659	58.333187	30.302282	35.40445	119.55298	-29.659618	400.0	385.45	142999	27.089804	14.304751	46.912968	-32.67832	-27.29828	0.67096543	999.3856554031372
131	76.145424	80.092705	147.13664	-35.786083	44.750145	50.00946	130.01917	-26.26369	400.0	400.0	144099	27.121977	14.2829075	46.63517	-32.24496	-27.335249	0.68460214	1007.3848612308502
132	73.63695	61.771606	130.36826	-12.259272	39.8455	43.599712	126.5017	-30.614988	400.0	386.25	145199	27.303398	14.217556	46.412876	-30.57989	-27.515959	0.6653579	1014.7824442386627
133	49.248325	57.89851	110.744354	-28.318861	62.114735	52.85707	122.28114	-39.93303	400.0	356.0	146299	27.357674	14.203635	46.1968	-30.074326	-27.567184	0.6673917	1022.9361054897308
134	98.94547	16.904839	115.85031	82.040634	35.22411	46.77952	114.75198	-47.88378	400.0	400.0	147399	27.465622	14.159724	46.042007	-29.335588	-27.673182	0.6721963	1031.176822423935
135	86.84348	11.442984	102.65145	75.94052	39.483147	43.482162	121.49884	-32.530346	400.0	369.1	148499	27.528177	14.175056	45.840862	-29.0302	-27.734282	0.65957373	1039.6017451286316
136	-12.406001	7.184941	-3.489415	-21.084002	44.141632	62.529938	118.500435	-71.624344	400.0	356.0	149599	27.594866	14.10438	46.005478	-28.407902	-27.801025	0.6881252	1049.3695991039276
137	26.889025	45.46456	72.608185	-35.12229	51.026623	44.562572	116.09647	-40.092953	286.0	367.8	150699	27.672436	14.0865345	46.12449	-28.126974	-27.876535	0.688478	1058.519779920578
138	44.67133	32.2185	87.471	9.736781	37.740448	54.201027	120.10233	-38.611427	400.0	335.8	151799	27.699207	14.1172495	46.495285	-27.913795	-27.904127	0.7082307	1067.3141179084778
139	60.018707	17.913914	75.40853	34.896015	46.19781	51.60925	116.14013	-32.95152	400.0	350.6	152899	27.708057	14.168292	46.94751	-27.791414	-27.910042	0.722114	1074.6337220668793
140	75.46261	35.04997	106.020164	26.384016	2.564718	47.474327	93.0785	-72.03165	400.0	293.8	153999	27.823309	14.131076	47.331	-27.73711	-28.026655	0.70557	1082.8598816394806
141	79.729805	33.918655	113.64846	45.811153	18.191284	67.76962	121.33022	-127.35112	400.0	337.2	155099	27.885359	14.12366	47.559288	-27.658388	-28.087643	0.6664503	1089.7853591442108
142	-10.695039	40.466515	40.300564	-58.68494	30.88519	53.586704	124.73181	-50.18848	400.0	314.6	156199	27.957174	14.059178	47.949837	-28.027084	-28.162342	0.72425437	1096.4426839351654
143	100.96621	11.024009	114.33717	87.33766	30.172913	48.54199	105.61571	-33.13377	400.0	348.0	157299	28.054586	14.006704	48.326653	-29.473574	-28.258942	0.67627794	1104.7596156597137
144	46.10426	59.039165	106.17882	-34.14975	49.22881	54.314922	113.01409	-49.222492	303.66666	353.9	158399	28.170029	13.985368	48.56877	-30.787588	-28.372263	0.6916841	1111.4800984859467
145	40.487846	61.01855	106.4135	-47.265415	42.905724	43.65469	104.922264	-30.090324	290.4	332.55	159499	28.203623	14.002285	48.920563	-32.529964	-28.403385	0.6959526	1118.8024837970734
146	47.48746	55.46879	98.91893	-29.524305	47.269203	47.006687	117.00647	-34.24248	289.0	368.7	160599	28.267828	13.94563	49.169014	-34.55594	-28.465466	0.7136516	1125.8703727722168
147	45.083374	29.85047	73.21758	3.7596107	42.901527	56.178436	113.97556	-70.73646	400.0	359.25	161699	28.290188	13.920216	49.36626	-34.717484	-28.487635	0.7121522	1133.0876245498657
148	66.48654	18.88745	93.197426	53.128456	65.77865	32.35051	107.43031	-34.936947	400.0	383.5	162799	28.32636	13.908421	49.908936	-34.062695	-28.522465	0.670245	1140.508982181549
149	33.89725	53.392654	88.79467	-38.449883	63.20714	39.49251	128.34659	-31.389849	315.33334	366.6	163899	28.327616	13.967871	50.305042	-33.110767	-28.5228	0.6807005	1148.6972098350525
150	94.74064	9.458745	105.64537	82.57881	50.36809	40.712826	105.899185	-38.264404	400.0	371.45	164999	28.423296	13.932266	50.6847	-33.684402	-28.620039	0.71188045	1155.9327385425568
151	41.6598	63.48194	93.19892	-47.77077	59.07824	45.882587	120.82014	-59.91836	352.66666	387.55	166099	28.501856	13.915785	50.863506	-33.78928	-28.694014	0.67259055	1163.14528298378
152	-16.597797	22.842289	25.046328	-33.93449	55.88738	35.525944	104.29184	-26.722054	240.0	382.95	167199	28.461077	13.945875	50.994934	-34.145477	-28.655174	0.68200827	1171.4639716148376
153	54.70465	4.890671	59.59532	49.81398	32.96772	41.39504	102.03509	-35.01997	400.0	352.05	168299	28.470846	13.974033	51.0638	-33.967747	-28.663765	0.66999036	1178.220257282257
154	38.57434	25.72034	58.280895	2.2438543	34.354908	28.63122	81.65892	-18.962858	362.0	400.0	169399	28.468983	13.983237	51.40973	-33.72637	-28.65889	0.6510852	1186.6880400180817
155	67.65955	39.214592	120.13163	25.877224	33.992073	39.423393	85.463844	-78.8611	400.0	395.35	170499	28.546036	13.971404	51.552757	-33.02514	-28.734783	0.635189	1193.455496788025
156	39.015354	31.544798	67.07779	-5.0489516	43.11316	28.738531	94.188705	-19.855518	400.0	400.0	171599	28.599726	13.963037	51.848785	-33.09215	-28.7861	0.61662334	1200.2005324363708
157	10.355077	29.720966	52.373016	-11.588408	36.862724	33.083958	87.23695	-67.4718	400.0	391.3	172699	28.588045	13.95229	51.765514	-32.776882	-28.776268	0.6186334	1207.4878103733063
158	37.02295	16.588308	53.61126	20.43464	45.977448	31.979103	95.87917	-21.903261	400.0	400.0	173799	28.542301	14.008495	51.8836	-31.129345	-28.72805	0.6173662	1214.3736827373505
159	44.130604	14.425567	55.797287	23.803751	51.868004	49.19535	136.18024	-76.80237	400.0	392.15	174899	28.56807	13.996739	51.97045	-30.982735	-28.75559	0.59604365	1221.11656665802
160	62.816265	13.356879	79.85408	47.23379	49.915592	19.713596	82.202255	4.925642	400.0	400.0	175999	28.596972	14.022293	51.70903	-30.398024	-28.784101	0.6170768	1227.9290928840637
161	92.90542	39.595882	136.85358	40.878544	57.84851	35.10462	128.5401	-18.410275	400.0	400.0	177099	28.622232	14.039414	51.69843	-30.783577	-28.807703	0.61664045	1235.0019714832306
162	62.09225	13.626957	75.71921	48.465294	48.909203	24.037504	90.67625	2.5467775	400.0	400.0	178199	28.61359	14.133844	51.750153	-30.879055	-28.80118	0.5868145	1241.8329513072968
163	57.863598	11.451099	73.94853	48.19397	41.560997	34.659557	94.68189	-30.509632	400.0	383.05	179299	28.701954	14.149393	51.57576	-31.374063	-28.889475	0.61289495	1248.8310227394104
164	68.233246	10.683584	82.54616	56.88586	64.684265	31.381592	116.466324	-26.461845	400.0	400.0	180399	28.723694	14.170074	51.54946	-31.579468	-28.913399	0.61176944	1255.5609078407288
165	55.30081	8.261668	62.908844	43.81753	47.587757	33.299755	93.93765	1.5275129	400.0	400.0	181499	28.796532	14.195898	51.25525	-32.22858	-28.98637	0.6198788	1262.7744300365448
166	88.31783	0.8100281	89.12786	87.507805	54.48944	49.832573	111.35567	-62.137436	400.0	389.55	182599	28.885065	14.194162	50.963646	-32.32921	-29.073406	0.60693	1271.8554456233978
167	50.025455	33.627262	91.74646	9.398627	46.029686	51.98991	134.50537	-79.92829	400.0	386.5	183699	28.940397	14.120743	50.68513	-32.345146	-29.125769	0.6229773	1278.980542421341
168	104.49445	7.0689173	114.2353	97.67688	68.45883	36.583828	135.19592	6.5750065	400.0	400.0	184799	29.01318	14.112625	50.629627	-32.3968	-29.196743	0.63220584	1286.5986723899841
169	57.0947	14.704746	77.8516	45.61729	46.50315	59.23857	164.63623	-54.420345	400.0	369.5	185899	29.039015	14.1233835	50.365616	-32.752495	-29.22168	0.632193	1293.8901476860046
170	23.441132	18.407822	41.848953	5.0333114	50.455254	57.163235	138.31691	-71.35622	400.0	371.95	186999	29.04258	14.112297	50.1614	-33.32055	-29.22619	0.6396692	1301.4055399894714
171	16.099594	24.04728	51.62061	-11.85034	37.371162	60.739094	131.3695	-64.144966	355.25	352.4	188099	29.09154	14.062646	49.663986	-33.719868	-29.272242	0.5893204	1309.2139282226562
172	22.452253	58.62894	73.63185	-59.63105	50.32504	39.387306	115.7127	-28.17266	341.66666	384.45	189199	29.054653	14.043079	49.18587	-34.267254	-29.233358	0.614036	1317.515090227127
173	68.087715	30.900698	110.386856	37.432007	29.548594	45.75527	108.50493	-53.951786	400.0	356.5	190299	29.073786	13.980025	48.849506	-35.465923	-29.247156	0.6244234	1325.1898918151855
174	39.114532	58.93029	89.4849	-43.57098	28.43306	51.97209	94.57114	-57.199318	342.0	333.85	191399	29.006992	14.0125065	48.5724	-35.6344	-29.17749	0.61919546	1332.021366596222
175	47.78946	46.944145	110.079254	-3.24551	34.693367	40.343166	109.595146	-24.94153	400.0	383.65	192499	28.95934	13.972147	48.00205	-34.776066	-29.129004	0.6148766	1339.3113267421722
176	18.606108	35.997322	61.783367	-26.338545	43.74779	46.07304	97.593575	-66.105286	293.0	377.45	193599	28.919365	13.907911	47.412212	-33.07149	-29.087984	0.6092651	1347.234078168869
177	43.779957	13.316683	62.066982	30.739058	55.40069	26.513578	100.46218	8.113135	400.0	400.0	194699	28.866152	13.830194	47.481117	-31.770863	-29.031958	0.6458703	1354.9736833572388
178	35.196194	18.86217	54.641525	9.65956	53.585823	41.624245	121.46728	-20.937769	400.0	383.35	195799	28.798538	13.7830305	47.167126	-30.101889	-28.965382	0.629847	1361.4975867271423
179	44.47625	1.8814487	46.357697	42.5948	57.600075	31.370642	131.42677	7.4850216	400.0	400.0	196899	28.74766	13.727745	47.014675	-29.545761	-28.91433	0.6313415	1368.9469285011292
180	78.4989	7.766348	86.215355	67.87189	42.129288	32.466137	106.839584	-27.986189	400.0	400.0	197999	28.69626	13.707408	46.955135	-29.764069	-28.863338	0.6205527	1376.2052865028381
181	76.041405	24.14394	108.99973	51.835255	55.031372	30.508375	104.8768	-4.712693	400.0	400.0	199099	28.630503	13.660911	46.937103	-30.25245	-28.79885	0.597522	1383.5277371406555
182	30.796738	18.70655	46.238094	4.472943	62.185265	33.85054	112.74821	6.626033	400.0	400.0	200199	28.615524	13.575384	46.767838	-29.516268	-28.782309	0.6082824	1390.9627254009247
183	64.36851	67.376114	121.435555	-30.246962	58.07015	36.245857	115.10211	-44.54305	295.33334	385.8	201299	28.55407	13.556786	46.694878	-30.006073	-28.722858	0.6181934	1397.9076392650604
184	72.84382	10.335016	84.19891	59.19663	45.140244	42.04333	122.17053	-33.062057	400.0	367.4	202399	28.518652	13.541163	46.60534	-29.820621	-28.683786	0.60594594	1405.068331003189
185	55.493427	26.969936	85.36401	20.01848	51.225807	37.79621	105.26394	-36.93615	400.0	370.45	203499	28.506	13.498582	46.107853	-30.0701	-28.67194	0.63860255	1412.001748085022
186	93.98456	18.979126	112.963684	75.00543	38.59175	37.324795	108.624916	-41.442215	400.0	352.1	204599	28.508062	13.421418	46.2848	-30.827421	-28.672422	0.6283506	1418.767749786377
187	49.22705	24.836641	73.53425	15.11535	31.608759	38.83852	99.159904	-41.320858	400.0	335.75	205699	28.465555	13.404824	46.207047	-30.061184	-28.630976	0.6140447	1425.6223814487457
188	44.908554	47.91994	113.981445	-18.545216	66.920265	31.521952	122.4564	10.24223	314.5	400.0	206799	28.456623	13.334037	46.20553	-30.337297	-28.622627	0.62453645	1433.523289680481
189	14.766004	44.33463	59.10063	-29.568624	35.192734	45.223984	104.71143	-39.51737	400.0	338.75	207899	28.423414	13.33009	46.11707	-31.551079	-28.59192	0.6134459	1440.34667801857
190	62.866047	20.180214	88.965126	39.817	52.02392	35.62698	97.63921	-30.343906	400.0	368.5	208999	28.388573	13.308344	46.07016	-32.50323	-28.555153	0.59994304	1447.2093069553375
191	11.058888	34.545048	48.513683	-34.832718	52.915535	40.354015	115.889656	-34.133595	400.0	384.25	210099	28.402266	13.243371	46.0736	-33.006664	-28.569633	0.59614915	1454.2608726024628
192	56.165485	29.551115	90.73642	18.544325	36.391163	47.594982	134.95703	-72.229576	400.0	355.55	211199	28.4136	13.189985	45.93009	-33.308075	-28.580988	0.61611515	1461.5613951683044
193	19.06118	55.58085	90.8586	-37.94009	50.235657	35.98776	102.72026	-29.077602	247.25	383.8	212299	28.372715	13.15768	45.704006	-33.257572	-28.539062	0.6063785	1469.0632302761078
194	28.989029	17.172762	41.950356	4.721891	33.970528	42.15166	93.483536	-103.01319	400.0	384.05	213399	28.384779	13.101806	45.585815	-40.596703	-28.55303	0.61285377	1477.356148481369
195	56.543015	33.296135	89.83915	23.246878	45.618607	32.056538	121.45005	-2.3168414	400.0	400.0	214499	28.359549	13.091618	45.66966	-35.85304	-28.527176	0.58707875	1484.4481391906738
196	92.567955	14.696537	110.6538	74.656044	41.47761	35.825558	100.81995	-74.176506	400.0	400.0	215599	28.407406	13.021003	45.522465	-35.457096	-28.574272	0.59023905	1491.452701330185
197	49.87178	45.421715	111.956085	4.5519347	42.349403	25.227749	97.954956	1.3435357	400.0	400.0	216699	28.440886	12.96061	45.637985	-29.148804	-28.608913	0.5841636	1498.5630233287811
198	45.8343	23.330742	67.25713	13.390833	45.07151	33.54154	106.694084	-9.023241	400.0	400.0	217799	28.390568	12.979062	45.630833	-29.397343	-28.556019	0.5935844	1505.7011144161224
199	60.748993	40.346237	101.09523	20.402758	43.349377	30.37531	84.00158	-48.441387	400.0	386.85	218899	28.431578	12.92087	45.686977	-29.387197	-28.595304	0.6002025	1513.805900335312
200	25.686928	39.807083	81.973434	-3.338243	43.80011	28.708002	85.9675	-17.457132	400.0	400.0	219999	28.39364	12.902345	45.71193	-30.707544	-28.557348	0.58967227	1521.7921977043152
201	67.38741	28.908812	96.60358	28.012598	37.484097	34.712303	87.03479	-50.18078	400.0	388.0	221099	28.366257	12.888277	45.53215	-32.130634	-28.530987	0.5750536	1528.8215870857239
202	33.74243	12.837225	46.054207	16.032034	28.793346	24.508242	66.666176	-30.37851	400.0	382.8	222199	28.397593	12.849787	45.270443	-34.58777	-28.561201	0.58365554	1535.5026557445526
203	65.219086	5.0133343	70.23242	60.205753	48.27901	36.16804	104.75925	-38.38118	400.0	400.0	223299	28.399485	12.84254	45.083538	-33.3354	-28.564991	0.5698985	1542.1641385555267
204	17.996002	17.739977	34.997253	-6.482051	19.79754	31.383095	67.98439	-41.836502	400.0	333.85	224399	28.398003	12.846946	44.91674	-33.514275	-28.565199	0.56798416	1550.2359247207642
205	30.452372	14.965939	45.902504	10.199773	40.18989	28.571342	101.66766	-18.60548	400.0	400.0	225499	28.37406	12.839459	45.16386	-33.18999	-28.540764	0.60053784	1557.552464723587
206	25.531946	36.10672	71.45792	-16.760988	30.898703	28.10185	86.48791	-30.100084	400.0	382.7	226599	28.382599	12.827751	45.539253	-33.16864	-28.549547	0.58522826	1564.7398052215576
207	23.140095	18.014816	41.15491	5.125277	36.551723	26.386543	107.0071	-28.928272	400.0	383.8	227699	28.435802	12.74331	45.888706	-32.40568	-28.604015	0.5902456	1571.429372549057
208	36.965115	28.497808	74.50514	5.496779	38.81471	25.892836	77.86139	-33.50853	400.0	383.75	228799	28.419771	12.767515	45.97473	-30.810911	-28.587593	0.61098987	1579.3027927875519
209	39.649235	23.487663	67.11226	9.736184	50.95028	33.0572	100.82088	-25.18392	400.0	383.5	229899	28.448658	12.724929	46.13206	-28.30251	-28.61673	0.61004585	1587.191283941269
210	54.038086	10.101899	67.88616	44.073383	44.7437	32.167927	121.24839	13.038921	400.0	400.0	230999	28.477604	12.68618	46.321636	-28.09444	-28.646912	0.6005502	1595.2540364265442
211	59.29882	32.32688	91.6257	26.971937	38.288765	33.580555	116.670586	-30.775404	400.0	382.4	232099	28.525072	12.678949	46.595127	-27.605839	-28.69495	0.62613755	1602.2290036678314
212	39.60257	11.449087	55.604977	29.46487	34.401844	21.971441	69.60881	-19.986052	400.0	400.0	233199	28.557499	12.595994	46.71012	-26.759218	-28.727646	0.6251657	1610.3110830783844
213	51.34081	34.868435	95.40811	10.142962	44.14558	25.855015	79.97755	-17.264101	400.0	400.0	234299	28.56466	12.61205	46.54904	-26.236637	-28.732283	0.63597226	1618.4564340114594
214	27.693207	25.952797	54.27106	-7.5168214	39.77797	35.07628	94.74845	-41.634186	400.0	371.3	235399	28.604475	12.554797	46.51873	-26.789452	-28.771414	0.62248623	1624.3655109405518
215	45.63228	10.395514	56.027794	35.236767	36.56638	25.366848	96.4936	-8.349318	400.0	400.0	236499	28.544521	12.551933	46.47137	-26.739935	-28.708292	0.59359384	1631.1651740074158
216	44.73241	3.1630728	49.1683	42.014763	49.491573	36.938465	118.20605	-24.352625	400.0	384.9	237599	28.582714	12.514085	46.30821	-33.125725	-28.746445	0.6052891	1639.009020805359
217	49.979015	18.381855	65.48526	24.156408	35.46705	19.537872	74.07864	1.2070246	400.0	400.0	238699	28.56636	12.496037	46.135586	-30.329006	-28.730585	0.6325801	1645.5670211315155
218	76.75885	0.9195063	77.674675	75.50145	46.718307	43.57825	138.3542	-33.844242	400.0	369.0	239799	28.57242	12.464075	46.316338	-31.436546	-28.73833	0.6012417	1653.4694910049438
219	37.19426	22.383774	57.563267	6.0245786	39.80113	37.951355	107.330376	-23.809797	361.0	382.65	240899	28.59941	12.444039	46.60133	-29.909159	-28.76353	0.59176344	1660.594800710678
220	13.24752	23.166534	40.397423	-16.208065	52.534557	34.43821	115.24807	-0.54193836	400.0	400.0	241999	28.561691	12.481396	47.00039	-28.418556	-28.729645	0.6008032	1667.4988043308258
221	65.90013	10.882332	76.78246	55.0178	54.004425	49.112423	131.76668	-34.102432	400.0	347.75	243099	28.573656	12.444237	47.03188	-28.892193	-28.74188	0.62690926	1674.1643059253693
222	12.1162405	30.36896	42.665287	-29.301685	52.562977	35.550346	117.78373	-5.487717	338.66666	400.0	244199	28.597084	12.431742	47.234306	-29.1768	-28.765299	0.6079572	1681.0067291259766
223	54.666126	23.660812	85.76619	28.423073	48.328117	31.455105	95.63921	-9.067769	400.0	400.0	245299	28.617954	12.4285	47.49295	-29.179104	-28.789846	0.5779197	1687.9617631435394
224	64.17161	18.91895	89.32724	43.70167	46.261593	37.90177	105.31888	-16.54132	400.0	400.0	246399	28.69258	12.423354	47.617233	-27.921988	-28.866644	0.58158433	1694.7808227539062
225	24.110407	29.62479	56.33358	-15.189382	49.463806	27.253597	114.66189	3.4783578	400.0	400.0	247499	28.749632	12.44276	47.76279	-27.150799	-28.920965	0.5650514	1701.5463964939117
226	80.59811	30.22706	110.825165	50.371044	45.287228	31.985947	105.324425	-16.225832	400.0	400.0	248599	28.780174	12.434224	47.878384	-27.976837	-28.95299	0.5639584	1708.454106092453
227	77.46097	16.000225	89.88549	54.870842	57.339973	22.736624	102.31648	19.944035	400.0	400.0	249699	28.817299	12.469509	47.818707	-28.82125	-28.989595	0.56775963	1715.7857491970062
228	51.043804	21.998964	81.88099	32.056908	56.81056	29.635378	110.41728	-1.679023	400.0	400.0	250799	28.85297	12.527279	47.981743	-29.327023	-29.027945	0.5818739	1722.9716913700104
229	65.05833	0.72581244	65.820206	64.08169	56.548695	35.79332	123.67631	-35.219738	400.0	382.85	251899	28.942324	12.533852	48.034737	-29.546106	-29.116596	0.5805075	1730.8546278476715
230	66.5211	1.7249184	68.24602	64.79618	51.37658	26.224133	94.21641	-35.155697	400.0	384.0	252999	29.02141	12.57267	47.9789	-28.649246	-29.194748	0.575426	1739.136352777481
231	56.580933	13.584025	75.532074	44.379673	63.06083	38.657772	153.81496	-10.049163	400.0	400.0	254099	29.024273	12.641187	47.962196	-29.19964	-29.198193	0.57630295	1746.0996084213257
232	61.702824	16.829039	75.28713	37.986584	59.73839	36.129658	143.63698	-34.58735	400.0	383.3	255199	29.106909	12.671201	47.952137	-28.221539	-29.279608	0.58409566	1752.5633120536804
233	46.711987	14.741673	62.473125	27.01341	39.737038	24.291454	79.97163	-19.787758	400.0	400.0	256299	29.132185	12.699056	47.7247	-27.871807	-29.304604	0.5723479	1759.6946420669556
234	70.18536	7.558708	77.74407	62.626656	63.083027	27.698135	144.59492	17.25953	400.0	400.0	257399	29.179968	12.679755	47.592567	-28.459608	-29.351559	0.5777881	1767.750779390335
235	74.180855	27.813545	107.09341	39.070816	45.873203	33.16537	102.92455	-23.871622	400.0	382.8	258499	29.226559	12.689152	47.566193	-28.83056	-29.39818	0.55861807	1774.6172542572021
236	86.371895	18.63855	106.6484	61.648006	67.93388	36.13475	126.553185	-14.311489	400.0	400.0	259599	29.28232	12.652201	47.553738	-29.284996	-29.452894	0.5575108	1781.5720913410187
237	30.471937	28.866173	70.73216	4.492067	67.49352	32.241093	118.849	14.780134	400.0	400.0	260699	29.290777	12.653797	47.400578	-28.698914	-29.459936	0.5675538	1788.8842370510101
238	45.934998	37.243332	83.17833	8.691667	67.89789	34.75914	124.40845	-4.6419487	400.0	400.0	261799	29.356543	12.549295	47.485565	-27.680859	-29.526997	0.57805943	1795.611622095108
239	42.645393	51.413612	93.41663	-31.634233	34.225956	40.207848	123.36127	-31.886328	317.0	365.55	262899	29.374166	12.535274	47.289406	-27.089449	-29.5399	0.5804817	1802.4505817890167
240	59.822926	9.368058	73.011986	52.143387	55.99052	34.98152	130.22018	-43.417442	400.0	384.35	263999	29.373821	12.492358	47.43982	-27.888948	-29.538237	0.56287885	1809.5221056938171
241	63.30006	16.008238	75.01633	40.665688	48.656807	37.827213	103.48009	-50.26896	400.0	368.5	265099	29.386936	12.4355135	47.600704	-27.837458	-29.550125	0.5767605	1816.2419271469116
242	36.80552	1.4062386	38.211758	35.39928	41.881042	28.049576	82.91184	-14.465565	400.0	400.0	266199	29.382122	12.381618	47.638554	-28.999588	-29.547155	0.58916396	1823.13454079628
243	58.977844	19.15318	76.75014	32.38928	49.106	23.281425	106.007416	9.3538265	400.0	400.0	267299	29.412819	12.335801	47.5034	-27.8406	-29.578382	0.57387	1829.745448589325
244	71.47022	33.43384	116.80268	37.16532	48.358036	37.80857	129.35194	-19.045044	400.0	400.0	268399	29.436592	12.294828	47.76025	-28.21524	-29.603168	0.567658	1836.7612862586975
245	31.376196	8.322769	37.649307	19.614746	46.824856	24.705736	96.87523	0.18833086	400.0	400.0	269499	29.427265	12.299336	47.702877	-27.82383	-29.594397	0.5921962	1843.803682088852
246	44.317608	45.57553	89.893135	-1.2579222	42.58112	24.577148	101.9545	5.8917675	400.0	400.0	270599	29.442942	12.301162	47.54482	-27.848059	-29.608711	0.58812934	1850.8480937480927
247	39.56543	24.151016	66.31019	7.7961535	52.810413	33.64145	121.31373	-13.281545	400.0	400.0	271699	29.462404	12.292325	47.40485	-26.855825	-29.628345	0.6070764	1857.910814523697
248	35.89365	42.88501	88.67542	-29.617397	33.24478	26.073572	87.879295	-27.088333	325.5	400.0	272799	29.472025	12.2977915	47.168842	-26.477457	-29.63841	0.60652715	1866.1462225914001
249	45.784595	32.407566	78.19216	13.377032	33.27952	23.088625	112.553116	-2.6034539	400.0	400.0	273899	29.485249	12.297716	47.151913	-27.435558	-29.65112	0.6122323	1873.0816316604614
250	27.671915	15.000779	46.230385	9.491983	31.727718	25.432007	72.258804	-34.18997	400.0	400.0	274999	29.487984	12.345431	46.857082	-27.978354	-29.656788	0.58740723	1881.3647232055664
