Epoch	AverageEpRet	StdEpRet	MaxEpRet	MinEpRet	AverageTestEpRet	StdTestEpRet	MaxTestEpRet	MinTestEpRet	EpLen	TestEpLen	TotalEnvInteracts	AverageQVals	StdQVals	MaxQVals	MinQVals	LossPi	LossQ	Time
1	-56.743015	23.81144	-21.396996	-86.13625	-25.479366	12.535827	-2.6762128	-52.52191	149.0	73.65	1099	-0.023537254	0.63346684	20.321177	-24.242138	-0.0073370086	0.29109895	0.8360812664031982
2	-35.444267	19.503584	-16.581488	-82.01615	-29.215857	14.401755	-12.300803	-66.210815	89.916664	81.8	2199	-1.1360688	0.95008785	6.2990317	-7.658981	1.1054629	0.044508886	5.44764518737793
3	-34.69317	26.473186	-1.0261148	-86.93628	-22.016567	11.143053	-6.4268765	-52.943058	86.30769	70.9	3299	-3.0725188	1.6967304	1.4359336	-10.848416	3.0012221	0.19404283	9.970544576644897
4	-28.142717	18.231949	-8.500944	-59.333813	-25.778605	10.900061	-12.417065	-50.48104	84.61539	79.3	4399	-4.195027	2.2420359	2.4379222	-13.977529	4.110625	0.36123922	14.148255348205566
5	-29.291674	17.477306	-4.6836205	-72.11229	-28.69931	17.064577	-13.0266285	-73.26514	78.07143	75.0	5499	-5.1595206	2.7144556	1.5503893	-16.10138	5.071948	0.56280154	18.090566873550415
6	-22.343725	7.043027	-11.86746	-39.289143	-26.262562	6.120623	-17.379389	-45.567196	66.0	62.75	6599	-6.0668297	3.0728717	0.91473055	-19.368128	5.9668612	0.87309176	21.92976450920105
7	-21.792614	6.5732956	-10.651903	-34.902325	-25.284521	8.854097	-7.552606	-47.324352	61.764706	60.9	7699	-6.7624664	3.3334699	1.2220137	-20.344067	6.641213	1.1225973	25.90516471862793
8	-27.549847	12.249462	-9.563983	-55.481552	-28.885258	13.299036	-6.4772005	-52.03512	61.444443	63.1	8799	-7.3843303	3.4657393	1.7979877	-22.15817	7.252546	1.2805202	29.81645941734314
9	-26.56432	11.784095	-2.7515643	-52.851524	-27.054142	15.057262	-2.3011208	-62.985355	67.5	63.65	9899	-7.8287983	3.5030737	1.6917655	-23.356544	7.6919174	1.4847002	33.85395431518555
10	-45.070633	19.90674	-3.3049953	-72.50127	-36.147083	18.131695	-7.339726	-75.87831	102.72727	72.75	10999	-8.052542	3.4036615	1.8552649	-24.166784	7.92071	1.3711543	37.859339475631714
11	-24.021706	11.412186	-12.11519	-58.396297	-22.567327	6.4649186	-10.726062	-35.064304	62.833332	54.55	12099	-8.422777	3.490467	5.314945	-19.724459	8.258214	1.3632923	41.836119651794434
12	-19.150072	8.217846	-0.6222141	-32.90969	-17.735632	7.3031893	-6.168727	-32.016716	57.05	56.65	13199	-8.580464	3.6025045	1.6922693	-17.93026	8.412518	1.2971369	45.748228788375854
13	-22.150618	8.603782	-9.797726	-37.92194	-22.354095	5.092572	-12.393542	-28.747997	62.705883	57.5	14299	-8.589294	3.6191812	1.3923702	-18.310688	8.416439	1.0359694	49.73442244529724
14	-24.260952	10.320092	-7.79676	-51.568565	-20.552837	8.619485	-3.7416244	-37.89156	67.8125	64.3	15399	-8.546471	3.5785794	3.0147753	-19.376787	8.380464	0.89097613	53.800854444503784
15	-18.858574	8.544816	-7.982072	-33.82558	-19.36407	8.946803	-7.1291375	-51.54711	65.1875	61.65	16499	-8.592891	3.6178012	1.8032438	-18.401003	8.449515	0.76911724	57.81064963340759
16	-23.703972	8.049416	-12.933798	-47.545685	-20.246862	5.3074203	-11.59678	-33.154015	66.55556	58.05	17599	-8.564524	3.6327531	1.2528389	-19.101023	8.435412	0.67378557	61.7676157951355
17	-20.934488	7.1727395	-7.3897247	-30.475048	-19.980015	7.7821035	-8.483738	-39.416107	62.882355	61.05	18699	-8.539048	3.6800199	1.1161318	-20.899046	8.420074	0.6024424	65.4192476272583
18	-23.784859	6.8035836	-12.893015	-36.850746	-19.557362	6.6069446	-6.804743	-33.464283	57.210526	57.75	19799	-8.277691	3.539992	1.6920834	-19.993286	8.152501	0.55537033	69.42033672332764
19	-18.41342	7.358232	-2.894956	-30.17017	-22.46436	8.127613	-11.772401	-38.52642	54.904762	60.25	20899	-8.169749	3.4276283	1.2257359	-20.946976	8.047317	0.53688467	73.06009244918823
20	-21.514534	7.678384	-10.782749	-35.767292	-19.550411	7.5192103	-10.215542	-34.016205	62.588234	58.95	21999	-8.129977	3.401305	2.412809	-22.625095	8.008536	0.5534688	77.0543110370636
21	-18.739834	7.0656786	-3.8405206	-33.237217	-16.436096	6.6099997	-3.9379783	-29.836267	61.38889	62.2	23099	-8.035946	3.4587305	3.6740448	-23.646418	7.920292	0.57211864	81.08406138420105
22	-19.61544	8.353094	-5.790261	-37.240097	-19.333303	8.429696	-7.431597	-36.126965	58.105263	59.65	24199	-7.821657	3.464347	3.033589	-24.415102	7.707814	0.57495165	85.0207211971283
23	-21.57469	7.967807	-8.6163645	-34.90253	-19.44489	8.602963	-3.7331753	-32.544727	60.61111	52.65	25299	-7.7933536	3.5394597	5.333559	-26.373035	7.6777806	0.56783956	88.90734934806824
24	-19.81104	8.549769	-6.1036315	-35.391975	-22.86214	8.75851	-7.072182	-38.46457	54.7	58.95	26399	-7.5786214	3.6409652	4.849253	-24.808754	7.445579	0.5476605	92.65973353385925
25	-18.471867	7.6736917	-3.3688283	-35.29934	-23.568422	8.720103	-8.711754	-37.24609	59.333332	53.75	27499	-7.6025968	3.7935839	5.8124747	-22.445232	7.495049	0.5895509	96.53256154060364
26	-18.812782	6.0757365	-8.700716	-34.165844	-17.18133	6.9664717	-8.168804	-33.013493	58.55	55.55	28599	-7.476736	3.8256857	6.156687	-25.220152	7.369899	0.666072	101.14515495300293
27	-19.310328	8.598168	-7.6872888	-37.0505	-18.247448	8.394431	-5.190896	-31.289902	55.0	60.65	29699	-7.435027	3.817031	3.5472898	-23.41272	7.3319745	0.64758956	105.67409801483154
28	-23.533268	8.304996	-7.0100064	-38.443775	-20.122793	7.4626527	-8.656887	-34.613575	55.0	59.8	30799	-7.533988	3.8789074	5.766206	-24.303284	7.4327545	0.6630593	109.55357122421265
29	-19.877817	7.8433375	-6.590735	-32.60393	-19.787582	7.075344	-6.972097	-31.435709	64.64706	53.8	31899	-7.6261544	4.074065	5.189289	-23.614836	7.4692597	0.69831413	113.86442112922668
30	-19.387972	5.892879	-11.315686	-37.76199	-18.982637	7.6709137	-6.911743	-35.20095	59.63158	56.85	32999	-7.4011536	4.104056	6.9260864	-24.099346	7.267112	0.6270208	118.08285784721375
31	-24.25676	8.535569	-8.235952	-43.669765	-16.87233	7.901316	-5.597147	-31.232145	53.238094	55.8	34099	-7.459351	4.157485	5.479699	-24.206995	7.3229527	0.6330581	122.17077040672302
32	-23.842598	4.945536	-12.106397	-31.707918	-18.709179	8.272058	-3.1237442	-29.145864	57.42105	54.1	35199	-7.503447	4.187639	3.1892793	-26.629644	7.3656716	0.60834616	125.75620603561401
33	-19.804714	8.205824	-1.3443017	-30.653519	-18.37144	6.7970643	-6.710287	-30.369686	59.22222	57.05	36299	-7.60793	4.292295	4.0102587	-24.309057	7.464576	0.6313749	130.24012923240662
34	-18.139599	7.568384	-3.6431065	-32.2805	-23.17262	6.268815	-13.030645	-31.959936	64.05556	52.7	37399	-7.467072	4.422812	4.967345	-24.523731	7.3152966	0.6208811	134.40508675575256
35	-19.864197	8.691753	-3.5070863	-33.810402	-19.536592	6.2277956	-10.482831	-30.618916	57.263157	61.85	38499	-7.1233864	4.3605227	6.9615426	-25.336046	6.9570055	0.63793445	138.99952864646912
36	-21.660805	6.5718603	-12.09247	-33.07365	-19.140553	6.4819994	-7.632931	-27.727528	61.333332	56.65	39599	-6.9858956	4.3531632	5.879509	-25.2898	6.845335	0.64553875	143.00960516929626
37	-20.882956	6.3135204	-8.851028	-33.79973	-23.515957	9.63271	-6.297994	-49.609016	60.27778	60.5	40699	-6.9087214	4.4469166	5.3611684	-23.943357	6.7709937	0.64137673	146.93820071220398
38	-18.643332	6.290611	-7.7428284	-27.463999	-21.438007	7.785622	-1.9081036	-40.412254	58.68421	59.95	41799	-6.784775	4.3652983	4.573529	-23.184462	6.6456923	0.6576703	150.65300107002258
39	-20.925354	7.8692393	-3.938602	-32.002983	-21.147636	7.336093	-7.679734	-33.295128	62.47059	57.9	42899	-6.5256853	4.2939672	5.6618395	-25.124775	6.380749	0.67976195	154.54819250106812
40	-21.437607	6.897597	-10.986898	-33.048416	-20.746952	5.8160667	-7.867085	-30.173277	64.17647	57.15	43999	-6.2793045	4.3331823	10.067687	-25.746386	6.132064	0.6845155	158.77995562553406
41	-23.00214	6.3648505	-11.749339	-39.258354	-19.30156	8.98447	-1.657982	-32.765087	64.882355	54.3	45099	-6.2595553	4.331805	9.873645	-26.34234	6.1155787	0.67947394	165.84233331680298
42	-21.342905	7.5222607	-2.337602	-31.552553	-21.361063	7.4511504	-4.425392	-29.110191	59.36842	57.7	46199	-6.4875464	4.306412	9.084294	-25.524197	6.3520403	0.7227075	169.7877697944641
43	-19.96418	6.473176	-10.915397	-31.400217	-21.57854	6.7265034	-6.74386	-31.683876	67.5	59.75	47299	-6.466928	4.2592707	7.783799	-26.98784	6.341259	0.71079195	174.07036113739014
44	-23.880087	12.087888	-4.510683	-56.55493	-20.106943	7.865265	-0.1876825	-33.137856	70.5625	59.2	48399	-6.5438433	4.306661	6.8737726	-24.68287	6.418041	0.69457114	178.10296893119812
45	-20.466421	5.2849097	-8.527152	-30.22794	-19.879343	7.1384597	-7.328616	-31.615183	57.263157	55.8	49499	-6.621267	4.4592786	6.8591375	-25.222294	6.488748	0.7329411	182.562513589859
46	-18.436676	5.838664	-7.679088	-29.520184	-18.313917	7.7400374	-7.611322	-32.332745	65.82353	60.05	50599	-6.558819	4.489176	7.705744	-26.838768	6.4226193	0.7631663	186.70855617523193
47	-20.244104	9.0307045	-1.857181	-33.964947	-21.019653	6.658037	-9.175405	-33.093586	57.894737	59.1	51699	-6.5071325	4.505686	9.410619	-33.552586	6.3688984	0.7942488	191.02397990226746
48	-21.985832	8.422209	-11.083568	-42.052845	-19.322206	9.677861	0.3073485	-33.818806	60.833332	60.95	52799	-6.5487566	4.5930653	6.437515	-32.868305	6.4091067	0.7880846	195.56443667411804
49	-22.432184	6.5044603	-10.444204	-37.204685	-19.193993	8.14728	-0.8530936	-34.052498	55.42105	59.9	53899	-6.6307936	4.710002	8.226989	-31.81687	6.4784546	0.8089571	200.1067032814026
50	-22.263226	7.203643	-6.1183176	-34.284958	-20.446365	7.2183194	-4.388313	-35.052547	64.0	61.7	54999	-6.477793	4.7321224	9.632732	-32.757935	6.289009	0.7964331	204.6491129398346
51	-18.791027	6.5983872	-8.446212	-31.99688	-19.916065	5.0935082	-9.09811	-27.772995	65.6875	59.2	56099	-6.24369	4.6219506	4.732953	-32.723736	6.07573	0.7069259	208.3315703868866
52	-18.238005	8.327889	-5.65109	-31.095472	-21.239073	6.9104195	-10.287392	-36.277473	59.157894	72.65	57199	-6.0143886	4.5497932	6.807582	-32.51332	5.860727	0.66737723	212.7380084991455
53	-22.877714	6.361794	-11.608981	-31.918095	-21.860336	10.843318	-9.694631	-56.296402	65.29412	68.75	58299	-5.9957385	4.6285577	5.9360294	-33.389904	5.829021	0.6598122	216.8327832221985
54	-22.131584	6.9423156	-9.682397	-35.701862	-22.183853	6.612803	-9.291747	-33.360886	72.26667	66.6	59399	-5.9918675	4.560071	7.7011595	-32.903015	5.825649	0.6778438	220.93633198738098
55	-22.02294	13.901883	-2.4765203	-62.035686	-23.759983	7.1833944	-11.252377	-34.280495	78.85714	65.5	60499	-5.845573	4.540279	8.241737	-25.60858	5.669675	0.71428025	225.50040078163147
56	-20.127012	8.199775	-6.5687714	-38.658348	-22.676136	7.1419306	-5.3546267	-34.494965	77.14286	66.45	61599	-5.469606	4.4962187	8.975181	-25.408993	5.2856216	0.7063648	229.13181018829346
57	-22.23013	7.5943527	-6.647527	-31.419884	-25.089329	8.717422	-5.828747	-40.458035	70.0	67.8	62699	-5.232798	4.5099316	7.2841554	-30.75628	5.046639	0.76655525	232.71372151374817
58	-21.16249	7.6544447	-8.461732	-35.900925	-19.233734	8.932453	-5.4768267	-38.362953	65.94118	65.05	63799	-5.157673	4.4741125	8.342745	-29.29375	4.9651046	0.8821822	236.30140590667725
59	-22.836279	9.707988	-0.9036901	-35.024654	-23.475716	6.8364477	-7.136346	-32.133526	61.52941	78.85	64899	-5.258786	4.4714026	9.147314	-25.342287	5.080888	0.81284255	240.28337717056274
60	-16.32258	6.91276	-2.6931047	-31.332672	-21.478956	7.78277	-10.149262	-34.6444	67.35294	70.2	65999	-5.058721	4.3821015	9.357638	-24.258078	4.885143	0.83405095	244.63395857810974
61	-18.949911	9.126528	-7.8824916	-41.228836	-21.221905	7.2465577	-10.341869	-31.974787	74.26667	63.65	67099	-4.8117537	4.223979	9.64623	-25.716394	4.6435337	0.84959006	248.6606969833374
62	-18.704596	11.495906	3.6774073	-44.503155	-21.189846	8.410071	-7.675845	-36.515102	72.666664	81.45	68199	-4.7187057	4.094075	11.07847	-21.80491	4.5495934	0.774629	252.82836508750916
63	-21.001078	6.0676966	-10.514692	-35.362038	-19.108292	9.13389	-7.305963	-37.868496	82.46154	79.5	69299	-4.8086195	4.073254	10.507337	-21.064014	4.6327043	0.71996784	257.31609535217285
64	-23.255571	6.9577065	-11.411296	-38.831367	-20.924858	8.221263	-4.3839025	-35.543095	75.066666	66.1	70399	-4.8154573	4.0318727	13.439251	-24.211948	4.6319566	0.7150967	261.5550994873047
65	-18.51606	9.083093	1.5451237	-33.655605	-21.11308	6.3201175	-10.558196	-35.035675	84.23077	63.35	71499	-4.641095	3.9217918	10.872721	-19.921688	4.4602747	0.6348595	265.5826895236969
66	-25.198822	8.593811	-11.480208	-51.816544	-18.455318	5.9644694	-6.2543397	-28.144798	72.46667	73.5	72599	-4.3737407	3.767445	11.982915	-21.834011	4.1913223	0.62186724	269.62113189697266
67	-21.134817	8.77835	-4.170122	-35.056435	-20.280977	5.720136	-9.334758	-29.989594	72.73333	69.0	73699	-4.267518	3.6435509	8.741733	-23.142355	4.069905	0.6244	273.6635763645172
68	-24.092901	9.875702	-2.0345497	-38.289986	-21.436787	9.67206	4.165221	-49.646564	81.92857	83.9	74799	-4.2536607	3.6676207	10.656791	-21.249931	4.064495	0.5952728	277.5093228816986
69	-23.445234	10.165128	-3.0790179	-39.811516	-18.2756	6.4099493	-8.211907	-33.175163	67.933334	68.35	75899	-4.354852	3.7852435	9.133652	-21.013807	4.1737986	0.6105075	281.5622982978821
70	-18.93563	6.491983	-9.032285	-28.435892	-17.852835	4.917394	-8.964189	-28.334679	65.52941	70.75	76999	-4.310018	3.7308865	8.757404	-20.41491	4.105448	0.61259854	285.8872592449188
71	-22.490282	8.744132	-11.0929985	-44.34999	-21.647694	7.626079	-8.837632	-35.723354	77.78571	92.9	78099	-4.185297	3.565889	10.77498	-19.737389	3.975861	0.5854279	289.9747610092163
72	-18.298521	6.6658235	-5.8790197	-28.701866	-18.439146	6.779362	-6.671209	-34.103855	78.2	74.45	79199	-4.084472	3.3519182	8.908965	-20.648045	3.8802924	0.55629736	294.42393136024475
73	-22.102736	9.924152	-0.7387734	-41.09828	-19.510172	7.6985955	-3.8268983	-34.38241	84.15385	76.65	80299	-4.0418143	3.1924386	9.571277	-22.963587	3.848789	0.5279335	298.51210618019104
74	-17.451176	6.1284986	-9.090769	-28.864666	-20.588606	7.276868	-10.010397	-37.66156	77.14286	78.7	81399	-3.8980677	3.203449	13.994503	-20.076208	3.716858	0.48215264	302.61886644363403
75	-21.828032	6.7417364	-10.332921	-35.753437	-19.94527	7.4321475	-6.1707397	-34.948895	70.6	89.35	82499	-3.9015546	3.1409712	8.656293	-19.645355	3.7166164	0.5112446	306.71391892433167
76	-20.055786	8.096831	-6.355147	-34.41892	-22.552477	9.717004	4.763928	-38.509724	76.933334	79.05	83599	-3.74201	3.096234	11.050099	-24.417072	3.5597522	0.47785494	310.74679732322693
77	-18.269455	6.9143243	-6.986604	-29.995031	-17.959686	7.995034	-5.2644997	-35.118587	73.57143	82.3	84699	-3.6673653	3.0897532	9.665669	-17.460209	3.4848974	0.4635589	314.77955436706543
78	-17.960972	8.320748	-4.013633	-37.30162	-18.045877	7.0319104	-7.011807	-35.88273	67.882355	76.75	85799	-3.6184704	3.1250608	10.176627	-19.45229	3.452175	0.48261186	319.1379978656769
79	-18.867521	7.729541	-4.3312488	-36.370808	-17.81483	9.4027	-2.8062072	-44.347126	73.2	71.6	86899	-3.6476512	3.1597397	9.216218	-18.794064	3.4729443	0.49596703	323.07152915000916
80	-17.870605	5.318949	-7.1318665	-27.74179	-18.200092	6.5022926	-9.06844	-32.75837	73.26667	79.6	87999	-3.5599704	3.1079054	8.248127	-19.02505	3.370529	0.4470071	327.1554682254791
81	-17.160984	7.577819	-2.90365	-36.57862	-21.785383	9.410754	0.17796023	-42.07295	81.28571	82.75	89099	-3.376593	2.9591575	11.803288	-28.016878	3.1756442	0.43090743	331.60112833976746
82	-19.960524	5.344778	-12.845806	-33.791515	-17.479826	9.070744	-5.809352	-47.111595	72.53333	85.4	90199	-3.1727986	2.9994845	11.199304	-20.435835	2.982769	0.40803227	335.68631410598755
83	-22.65531	9.526826	-9.393902	-38.69528	-22.747276	9.447054	-7.4980783	-49.12246	79.42857	84.4	91299	-3.1504188	3.0984888	9.518299	-18.751526	2.972924	0.39564332	339.878457069397
84	-21.92694	12.510822	-6.7660685	-54.72918	-17.044132	7.2747774	-6.9083743	-31.968393	74.71429	69.65	92399	-3.1672506	3.240899	10.736565	-22.100513	2.984399	0.46217436	343.87224292755127
85	-15.4097595	7.908936	5.5509796	-24.92579	-16.742632	8.71617	4.081187	-39.40064	82.07143	79.4	93499	-3.034432	3.3619711	10.6380415	-18.76235	2.8557105	0.39928573	347.8504877090454
86	-21.07425	9.493039	-6.9037933	-37.206337	-17.578695	7.0462217	-0.41456828	-32.573135	77.21429	76.75	94599	-2.8710208	3.368253	10.996343	-20.763178	2.6906855	0.4027306	351.55332112312317
87	-8.615098	19.890547	39.35621	-29.707903	-20.610294	7.8560133	-10.024837	-42.016205	97.0	86.35	95699	-2.6543791	3.4613612	9.256733	-20.657295	2.4638238	0.42243737	355.6156361103058
88	-24.91604	8.586829	-9.084193	-41.89455	-15.357168	12.521609	14.185192	-36.84385	79.71429	94.5	96799	-2.3563793	3.5516798	9.462063	-22.010017	2.1520665	0.42935485	359.87855052948
89	-20.844694	10.558257	5.775451	-36.66046	-16.000486	11.08688	14.862053	-32.81689	77.15385	95.45	97899	-2.4277313	3.6665478	10.547601	-19.195896	2.247617	0.4405142	364.73519015312195
90	-12.105286	19.64089	26.184938	-43.331924	-20.183249	8.05156	-0.9817212	-31.500853	99.583336	71.5	98999	-2.0870337	4.058808	11.471582	-22.069632	1.9198681	0.44834155	369.4133105278015
91	-15.857375	12.369239	4.739538	-37.980656	-20.32674	6.584471	-4.422186	-31.990664	95.454544	80.7	100099	-1.7164096	4.2043	11.837341	-25.893185	1.5495336	0.44699952	373.4167113304138
92	-14.936135	24.95269	49.857723	-56.913994	-18.093098	7.636822	-1.4479234	-28.384228	107.818184	84.65	101199	-1.3362117	4.4019423	13.734907	-18.922243	1.1717895	0.4895444	377.52524495124817
93	-23.965595	16.03115	2.90445	-63.55641	-10.675999	17.270262	43.232967	-35.12196	108.6	109.75	102299	-1.21476	4.68696	13.617752	-19.559511	1.0374326	0.5152357	381.7266957759857
94	-22.151958	9.33381	-8.0969305	-44.25112	-19.395023	22.870455	50.609016	-46.579987	81.46154	110.65	103399	-0.9720865	4.731725	14.999884	-19.196554	0.7848117	0.5247928	386.0337333679199
95	-22.515331	19.267673	25.238516	-54.241657	-14.74011	14.737678	29.505974	-35.55239	101.90909	88.55	104499	-0.8780244	4.670947	16.457636	-17.201153	0.6794942	0.48998213	390.1619076728821
96	-22.171663	4.1046653	-13.533305	-27.2771	-12.193418	18.865736	52.276432	-34.535534	93.666664	113.05	105599	-0.4920422	4.5815644	19.634815	-21.844128	0.30664283	0.49298057	394.4109401702881
97	-13.687213	18.50751	26.200474	-33.125957	-13.637457	15.6936	49.93464	-29.748482	109.2	93.3	106699	-0.5524987	4.3657327	20.244684	-21.416077	0.35884437	0.44632062	398.58171033859253
98	-11.24641	13.740805	24.674791	-27.265371	-15.272165	21.650002	48.997066	-47.598827	118.22222	105.85	107799	-0.25937414	4.4135323	15.714272	-16.49965	0.057411604	0.41454822	402.86583042144775
99	-7.9091973	25.118782	52.722897	-27.591475	-14.362532	19.143806	41.855373	-34.032063	92.666664	104.6	108899	0.023953203	4.398447	16.470064	-16.954473	-0.22604139	0.4178108	407.1313536167145
100	-14.364736	11.777323	6.2853518	-26.97079	-14.408808	19.471163	53.87645	-37.664917	102.4	107.65	109999	0.41346726	4.4487324	15.557155	-16.924103	-0.60641223	0.43123457	412.02193808555603
101	-23.114603	23.625134	46.62828	-58.689423	-12.643668	24.32669	48.001465	-44.262592	97.0	115.3	111099	0.7049606	4.61282	18.133125	-21.573183	-0.8814746	0.42678943	416.2009913921356
102	2.1951954	26.752829	48.085598	-29.702274	-14.685265	24.182684	43.469376	-57.695305	118.111115	110.95	112199	1.1224064	5.037405	20.091642	-15.606885	-1.2934549	0.42051452	420.5674066543579
103	-10.188031	12.161813	5.5047765	-31.655472	-3.1575804	31.990604	53.808758	-39.6681	108.72727	116.05	113299	1.9485618	5.4330235	22.640512	-15.237858	-2.1164603	0.46318722	425.5657596588135
104	0.48908868	29.01948	54.534115	-35.94869	-2.9085116	23.978794	46.97418	-38.388382	122.22222	117.7	114399	2.8499084	5.9851756	19.230478	-23.40781	-3.0207946	0.52535313	430.1683087348938
105	18.173107	32.11892	53.275105	-36.26877	-7.5138803	30.182297	44.237373	-53.495785	132.625	115.55	115499	3.947311	6.625746	20.254557	-20.528595	-4.1444654	0.5050563	434.1983120441437
106	-3.2304611	24.398186	40.101913	-25.473248	-20.93391	21.430832	41.745872	-42.963924	117.888885	97.05	116599	5.282158	7.179076	21.094807	-17.632528	-5.47931	0.50402844	438.4236218929291
107	-15.351104	19.024641	36.731514	-33.12015	-5.960182	24.142939	42.766758	-43.876186	103.545456	115.05	117699	5.9515696	7.5307655	20.81711	-17.860003	-6.1328654	0.48780763	442.7060012817383
108	-15.628843	34.740505	38.523243	-77.799484	-10.439832	26.64682	47.577984	-55.653988	111.6	117.15	118799	6.8006063	8.046156	26.264868	-26.545303	-6.9862623	0.6159899	447.0060555934906
109	-3.615561	27.715965	45.521397	-43.483116	-6.629228	30.684263	41.77292	-53.45728	123.75	118.45	119899	7.6524835	8.542886	22.688847	-29.528435	-7.8404937	0.5932399	451.2253632545471
110	-6.6046796	22.431698	24.566486	-41.066856	-15.775783	25.019682	42.728935	-40.01164	124.44444	99.2	120999	8.422246	8.92745	25.588488	-29.173208	-8.616594	0.6363825	456.08951807022095
111	-17.792234	30.472143	30.008245	-63.84796	-7.0103593	27.809088	40.620033	-48.18084	124.22222	117.7	122099	9.349384	9.386596	26.863325	-18.991135	-9.546247	0.593225	460.46316170692444
112	-9.932017	25.741234	40.638622	-47.797493	-3.8215752	21.897032	29.12711	-51.55202	126.22222	110.5	123199	9.254795	9.715507	24.043308	-24.956245	-9.461838	0.6120741	464.4757058620453
113	-14.929296	24.355165	27.606966	-44.21226	-1.8883417	24.100643	40.15949	-34.049915	110.7	115.75	124299	8.586749	9.797279	27.608059	-20.09879	-8.825369	0.64434624	468.69195652008057
114	16.879875	19.97579	41.652424	-26.9829	-7.9787765	24.416285	32.934986	-40.76447	141.875	115.5	125399	9.759152	10.0827055	25.223164	-18.162128	-9.999904	0.6044206	472.9997842311859
115	2.882312	24.869156	35.79506	-28.315346	4.0365515	26.83865	46.012505	-42.771015	110.7	125.7	126499	11.599538	10.185273	34.082287	-28.260904	-11.844771	0.58775866	478.0818774700165
116	1.4526167	19.452711	24.53677	-33.06859	1.3832815	23.918152	41.534977	-36.36902	126.375	129.45	127599	12.929915	9.909618	28.436611	-21.296581	-13.162706	0.5284815	483.08134937286377
117	15.069634	19.131418	26.569588	-33.788467	-8.155452	22.009071	32.318676	-48.475044	137.375	122.1	128699	14.497966	9.777737	27.883255	-23.203058	-14.724661	0.55940926	487.42590165138245
118	12.113249	21.994482	40.22268	-22.768002	5.597614	18.810001	31.03031	-32.090977	132.55556	130.75	129799	15.677731	9.622427	31.486822	-19.105455	-15.902329	0.535643	492.38291215896606
119	12.194446	22.062881	31.113178	-33.76307	2.3079886	19.29899	32.787838	-30.732513	138.375	132.8	130899	17.44083	9.167441	30.587975	-21.525501	-17.643435	0.6190733	497.3985755443573
120	5.8879642	23.347136	30.59951	-33.528793	-1.9105008	20.967035	19.909678	-53.995094	130.375	135.1	131999	19.31922	8.65123	32.558678	-18.54203	-19.487074	0.61383367	502.03563141822815
121	-9.214348	17.115664	14.014094	-33.21533	-15.886568	26.32088	18.436266	-72.32449	131.625	130.3	133099	20.226599	8.013102	34.403015	-16.737736	-20.375374	0.5321363	506.3699152469635
122	14.6984625	14.358477	28.707829	-12.836726	-5.8241224	24.880928	30.447414	-62.11092	150.0	145.4	134199	20.22659	8.1482525	36.872414	-16.69919	-20.375153	0.5635316	510.81693172454834
123	-10.780012	29.257004	25.321997	-55.90143	-12.482378	24.92062	24.484138	-51.8438	144.85715	130.95	135299	20.568926	8.053516	46.942986	-16.912798	-20.7204	0.562218	515.6476106643677
124	2.719383	14.3850355	31.540897	-15.857352	-2.850653	14.715428	25.089863	-39.561882	150.0	140.3	136399	20.58718	8.035633	40.07857	-18.106709	-20.73641	0.53358334	520.1918325424194
125	-0.6066456	14.268701	15.330695	-32.081985	-12.09207	13.279454	1.9747471	-40.70621	137.875	128.15	137499	20.762705	7.8457246	43.12804	-22.771648	-20.929771	0.5241975	524.3806836605072
126	-25.007488	16.812445	-4.1792927	-55.16039	-34.404728	15.782064	7.858467	-60.36817	129.11111	136.95	138599	20.39427	8.060463	41.74162	-17.382675	-20.612604	0.58562475	528.6042437553406
127	-26.966877	19.075605	5.602484	-53.37041	-18.81332	15.978346	3.5659096	-53.66499	122.77778	129.5	139699	19.488409	8.205443	41.7985	-16.067318	-19.696457	0.5895307	532.66685962677
128	-8.074402	18.783092	21.956066	-30.110386	15.923503	25.094719	42.719902	-40.972656	130.22223	142.0	140799	19.003767	8.540792	40.139423	-16.096752	-19.251917	0.6145218	536.9737546443939
129	-6.5972385	17.695599	13.042641	-33.17153	7.6030426	20.317413	32.752907	-29.550913	133.625	136.4	141899	19.372236	8.717115	56.304005	-17.017857	-19.702246	0.6439649	541.3613739013672
130	6.3206534	15.629934	23.586443	-23.458689	8.404206	24.51609	54.73786	-39.02652	141.85715	136.2	142999	19.793644	8.598231	40.817005	-16.411905	-20.129826	0.5963527	545.8064472675323
131	0.8382194	23.691345	29.653881	-34.02044	19.004818	17.712427	57.60856	-24.788858	137.5	145.95	144099	20.612528	8.351755	33.762684	-28.471777	-20.906305	0.6522179	551.0049428939819
132	29.289299	12.974373	49.24894	10.71473	9.788717	18.720675	43.052967	-33.581295	150.0	142.75	145199	21.191698	8.640134	37.558437	-21.309841	-21.460278	0.63248676	555.4152221679688
133	2.595341	24.542547	33.35787	-32.559315	19.58075	17.73718	48.009922	-40.298355	128.0	147.65	146299	22.124243	8.733822	38.819946	-37.64507	-22.365643	0.685819	559.8842825889587
134	14.225975	17.299473	34.86259	-26.45472	4.9573784	25.719067	50.283985	-58.45766	150.0	145.4	147399	23.45494	8.657751	37.911892	-24.15028	-23.66961	0.5330856	564.0385608673096
135	20.719105	7.0359054	29.783106	10.149059	13.95177	21.725672	42.54959	-37.932213	150.0	138.3	148499	25.23769	7.942966	33.705303	-38.433636	-25.467884	0.40282542	568.3281016349792
136	19.581701	4.8758917	27.564262	11.293329	-3.7440708	20.77109	23.461628	-63.53579	150.0	129.15	149599	26.86039	7.0822554	34.40778	-29.971695	-27.093973	0.28145936	572.9412751197815
137	-0.9450652	14.831451	12.931595	-29.820482	-5.1727457	19.255371	34.819637	-43.470913	128.0	137.45	150699	28.25216	6.16834	36.423706	-17.412004	-28.493761	0.24512504	578.0654237270355
138	7.437415	22.396315	53.680813	-15.681635	7.232623	16.930662	27.633623	-32.603695	150.0	141.9	151799	28.842787	6.282526	44.913696	-32.730003	-29.042486	0.28505325	582.4224181175232
139	11.803868	29.451586	58.68447	-28.655252	7.344995	30.949884	57.248775	-56.803905	130.0	130.3	152899	29.190353	6.433765	50.442814	-14.966831	-29.377598	0.29525158	587.4832291603088
140	15.347461	28.828655	50.38198	-31.105816	11.2575445	26.872139	43.933754	-51.68743	140.875	143.3	153999	29.23087	6.9663754	72.93285	-14.811317	-29.439152	0.3924432	592.5967538356781
141	8.39534	35.924408	54.570587	-33.323086	7.779158	24.278028	38.288097	-35.25911	111.55556	133.75	155099	29.608257	7.3699837	60.341774	-12.641402	-29.795582	0.42014974	596.6489996910095
142	16.840614	23.990416	51.97417	-32.687416	19.148842	22.244957	40.894966	-37.58952	137.875	141.55	156199	29.692423	7.97193	58.833286	-13.51263	-29.87671	0.41196063	600.735916852951
143	3.32171	29.28315	45.07554	-32.515484	16.889002	29.903803	56.195225	-35.914906	118.2	134.3	157299	29.650911	8.574636	66.689575	-13.273485	-29.855831	0.51936555	605.7801039218903
144	1.05461	28.98184	45.342434	-35.62551	27.514563	14.816214	53.77739	-0.8005075	112.3	150.0	158399	28.959858	10.337198	47.074978	-19.324156	-29.171558	0.53002447	610.1805992126465
145	19.877758	11.238682	34.59128	2.459982	8.078595	32.119965	69.289505	-44.500706	150.0	131.55	159499	29.262465	10.970502	55.61578	-24.868832	-29.489912	0.5640661	614.6600344181061
146	8.885428	24.570915	37.874493	-42.703747	3.5161662	26.591005	45.71697	-51.822502	139.75	130.8	160599	29.770771	11.018156	50.350945	-22.86549	-29.986517	0.5483184	619.6684904098511
147	24.579882	8.280333	33.38582	9.217251	20.841282	22.726526	58.769127	-28.55209	150.0	141.15	161699	30.36036	10.72311	49.267624	-20.9326	-30.557741	0.6598745	624.212367773056
148	19.741991	30.751085	54.212646	-39.65387	16.183725	21.862707	57.909775	-25.297653	130.66667	141.65	162799	31.04449	10.546351	48.079914	-32.10159	-31.240526	0.7090446	628.6830983161926
149	22.079165	11.470558	39.161095	6.1926246	16.050022	35.148968	80.29899	-68.93959	150.0	148.55	163899	31.599508	10.245793	48.86107	-30.20716	-31.855873	0.7522073	633.3466258049011
150	15.295653	9.039382	23.051723	1.0192767	18.853497	14.598602	56.359943	-3.1976233	150.0	150.0	164999	32.125523	9.903992	51.66106	-28.350533	-32.349724	0.7662561	637.8029899597168
151	11.227819	21.6421	36.569195	-38.35294	16.538132	16.60827	46.493378	-26.792192	150.0	145.5	166099	32.976196	8.536613	45.504578	-26.239204	-33.161716	0.6016337	642.2798490524292
152	3.4288435	27.436562	51.156925	-31.592648	10.096956	24.3898	49.23758	-30.347254	129.625	131.25	167199	33.366203	7.2064533	46.836468	-21.973387	-33.53632	0.5160718	646.6866562366486
153	-11.514205	28.10703	32.058334	-56.62893	16.53151	24.147781	73.15281	-28.805456	114.1	137.5	168299	32.91332	7.7820807	46.16059	-24.371376	-33.08225	0.48735696	651.4212417602539
154	36.47178	41.038975	81.40832	-53.08972	20.756496	26.043152	56.139267	-33.74514	149.14285	141.15	169399	32.664173	8.448804	58.778374	-21.799934	-32.85078	0.59355116	655.8402771949768
155	-0.9872521	22.482243	25.958548	-46.55337	17.529177	19.193682	59.797005	-24.376865	150.0	145.65	170499	32.473797	8.730725	46.543655	-23.073801	-32.68372	0.5533822	660.1862967014313
156	9.956238	34.091713	58.34814	-67.67882	0.35341913	22.229548	41.822227	-25.811357	150.0	129.45	171599	32.24755	8.874848	49.35736	-9.196968	-32.46632	0.47715932	664.4396615028381
157	-3.155497	23.386024	33.426117	-34.8	8.077991	22.736467	50.84283	-38.793224	127.625	145.45	172699	31.938236	9.490153	53.836876	-34.07113	-32.1475	0.65458775	668.8867826461792
158	19.964912	17.180784	52.98483	-1.1513256	5.8455706	21.20065	38.75093	-40.798714	150.0	150.0	173799	31.744408	9.955578	55.32429	-17.372255	-31.96013	0.67974687	673.3821172714233
159	2.372313	32.257538	73.08067	-34.048542	16.486816	17.061892	44.676373	-18.473476	139.125	150.0	174899	32.033997	10.000331	55.54524	-21.853352	-32.265102	0.6874498	678.554220199585
160	13.479692	17.999468	40.908306	-9.430141	10.882284	17.666052	51.002472	-6.877368	150.0	150.0	175999	32.57003	9.539378	48.62922	-25.042753	-32.81221	0.6252465	682.8788738250732
161	11.882279	20.899586	48.26359	-13.973629	12.83345	21.057512	58.5509	-22.880783	150.0	141.15	177099	33.47951	8.485706	50.105278	-25.514307	-33.732075	0.54020476	687.1142752170563
162	16.336432	17.947012	41.41915	-4.790794	7.244695	15.204594	42.96604	-18.440863	150.0	150.0	178199	33.73024	7.7179976	46.583515	-28.944191	-33.950275	0.5063965	691.2623388767242
163	14.12086	20.390682	47.00584	-14.459539	11.374739	14.66131	39.206844	-15.768086	150.0	150.0	179299	34.408222	6.968865	46.801777	-29.889433	-34.608074	0.47572932	696.0464859008789
164	23.155657	10.503495	38.39982	2.22844	2.6491494	24.46966	57.034203	-37.001156	150.0	150.0	180399	34.863598	6.4082	46.170334	-7.6871176	-35.062195	0.37728226	700.7741150856018
165	5.179633	27.724358	63.45299	-29.896032	-4.933402	24.19822	40.413986	-52.43748	137.125	131.25	181499	35.405796	6.0998335	61.860332	-2.95573	-35.575394	0.41534722	705.0694501399994
166	-6.6191783	22.92215	34.926456	-35.209774	3.8883846	10.988915	35.49567	-12.536729	127.77778	150.0	182599	34.778446	6.984062	50.384293	-7.305913	-34.952118	0.40305182	709.4036824703217
167	11.9432745	16.454763	44.93772	-5.3700027	6.7399955	15.336504	44.486755	-19.019318	150.0	150.0	183699	34.875854	7.317975	50.441998	-12.101591	-35.068348	0.4302211	713.7375946044922
168	1.1567158	12.227942	32.090115	-10.372428	9.323556	15.049983	48.648426	-30.464108	150.0	144.95	184799	34.884583	7.5380692	43.148777	-16.01015	-35.089844	0.44164795	718.4661722183228
169	10.819988	18.393522	33.123222	-26.590212	2.6939259	20.328058	42.280582	-30.200792	136.375	134.85	185899	34.94076	7.676668	42.910595	-18.27744	-35.146763	0.4492966	723.0155527591705
170	6.0248218	19.153265	26.895168	-30.51937	-0.35023052	20.31138	39.034786	-36.253742	137.375	141.2	186999	34.641804	8.07209	48.904408	-20.414112	-34.86531	0.51609653	727.4438889026642
171	0.0147304535	20.89269	21.636549	-38.004025	11.163102	19.586857	54.305138	-27.25056	136.25	139.55	188099	34.273205	7.876924	43.355988	-18.13853	-34.520676	0.5816815	732.0718784332275
172	4.4461784	37.675552	54.655823	-78.45427	15.092506	20.005508	52.99416	-13.8802	149.71428	150.0	189199	33.75903	8.027014	65.88061	-17.098232	-34.010666	0.58678114	736.5028831958771
173	6.028498	15.344452	31.304113	-25.13227	13.018072	23.609818	56.184986	-30.175003	138.375	136.5	190299	33.842346	8.075551	45.231068	-18.820408	-34.06047	0.5035721	740.8267495632172
174	11.88093	9.059187	32.040897	2.8558521	18.130022	21.22871	65.728065	-37.891678	150.0	145.35	191399	33.780125	7.984755	67.59085	-14.013287	-33.969795	0.5172584	744.9923665523529
175	7.325816	10.047154	22.270714	-5.3270082	14.967966	14.679362	50.99416	-10.317708	150.0	150.0	192499	33.627705	7.890919	42.862118	-11.782799	-33.807026	0.49250904	749.8248047828674
176	11.042259	11.249433	24.120443	-8.183406	4.146346	16.30445	30.254845	-25.750793	150.0	150.0	193599	33.539417	7.683533	44.611717	-10.724047	-33.73865	0.45824412	754.5340614318848
177	12.324972	16.314463	42.916786	-5.5990157	12.312729	15.938307	38.096592	-20.711237	150.0	145.55	194699	33.606228	7.1662707	46.80468	-15.9456	-33.83412	0.44115868	759.1709542274475
178	11.939605	11.290195	33.02817	-4.9674015	16.45412	14.687302	46.778522	-13.831531	150.0	150.0	195799	34.016743	6.545809	50.517723	-10.938208	-34.256783	0.47462323	764.3657805919647
179	20.899368	20.5792	43.455566	-29.20032	15.503832	17.887054	40.083927	-32.713608	138.25	142.8	196899	34.525837	5.59228	46.42488	-7.9781036	-34.73729	0.2953886	768.9082145690918
180	11.258486	31.158915	63.513687	-31.676756	19.928493	22.745375	53.61577	-32.26645	138.0	139.6	197999	34.845387	5.0665565	46.640533	-3.5377417	-35.037956	0.30171016	773.1683461666107
181	19.418104	17.262833	47.722397	-2.4686959	27.147217	18.03142	65.15871	-1.3421187	150.0	150.0	199099	34.931366	5.2395797	49.44081	-8.073798	-35.10979	0.29831037	778.0472691059113
182	13.948847	16.354418	30.077862	-26.555262	14.12603	12.990276	40.900227	-15.923849	136.5	150.0	200199	35.032482	5.4942718	48.101254	-10.386643	-35.192444	0.28643733	782.5069444179535
183	24.458368	14.939449	44.82359	3.5196016	15.427755	13.694988	47.005726	-24.214382	150.0	145.95	201299	34.93356	6.06914	45.15421	-12.673381	-35.08466	0.33162588	786.9333572387695
184	17.908686	16.04149	47.55314	-6.7657676	13.821436	16.629524	39.054497	-24.004307	150.0	146.25	202399	35.059734	6.176257	46.529556	-12.762254	-35.20855	0.28446585	791.3530423641205
185	16.65637	11.433736	32.145622	-7.616954	11.997731	25.136425	57.74339	-58.98142	150.0	145.55	203499	34.947414	6.2577853	42.03917	-12.066601	-35.095264	0.2523512	795.345193862915
186	15.234549	13.130482	36.665436	-4.2736864	10.971181	21.956488	57.02509	-40.507492	150.0	145.5	204599	34.862503	6.25509	46.818504	-10.749861	-35.016666	0.26151797	799.6134181022644
187	7.604507	23.876726	55.640636	-24.7991	10.656293	19.198095	60.27908	-30.90833	150.0	146.85	205699	34.664883	5.782858	44.93377	-9.271625	-34.810097	0.21856315	803.773035287857
188	-8.630502	22.58488	33.305305	-45.898018	-4.039708	24.719177	35.542515	-73.434265	130.375	134.85	206799	34.371273	5.8867903	52.848476	-9.09218	-34.51554	0.26519236	807.8699283599854
189	5.4415045	12.27532	24.534521	-6.858154	3.057122	25.269884	54.933838	-33.37717	150.0	145.9	207899	33.6792	6.419898	59.407166	-16.81286	-33.831085	0.27963573	812.0344333648682
190	15.080331	25.741886	55.510662	-29.070984	5.2673864	23.969074	49.264194	-25.396332	150.0	141.3	208999	33.39763	6.3849893	41.018124	-12.636453	-33.560497	0.2900549	816.1613080501556
191	7.720727	22.21521	50.42091	-16.687092	9.890308	27.177063	56.385952	-40.203438	150.0	145.4	210099	32.967655	6.546219	41.05324	-14.044017	-33.14399	0.33454058	820.4997978210449
192	5.2878733	30.866266	43.33926	-49.391922	12.594345	21.918678	49.181526	-29.110481	139.125	139.9	211199	32.70755	6.642002	43.882683	-13.676227	-32.88525	0.3862382	824.9241261482239
193	10.356629	30.389408	50.93773	-47.79387	4.8598075	21.07118	48.36092	-31.205412	137.625	133.8	212299	32.364983	6.917299	46.902752	-13.200545	-32.56022	0.42894685	829.8926935195923
194	8.97271	31.855978	44.21401	-51.94301	18.786009	18.970402	56.671116	-16.10646	129.0	150.0	213399	32.20787	7.3401213	50.597496	-23.304306	-32.39023	0.48673388	834.206933259964
195	13.607634	20.582571	46.531475	-22.537086	13.735929	22.891376	61.15854	-30.824713	150.0	145.6	214499	32.455906	7.276349	41.830967	-9.81036	-32.64432	0.44875145	838.7451629638672
196	22.682123	21.991161	44.878914	-28.855776	12.456137	24.863003	53.91113	-44.257797	139.125	147.8	215599	32.926823	7.026334	41.53391	-4.192147	-33.099907	0.38992155	843.2208654880524
197	14.653964	21.666183	50.242756	-14.050609	16.27433	17.61002	40.992287	-19.895868	150.0	150.0	216699	33.250256	7.098697	45.794456	-8.704185	-33.41314	0.42148548	847.7364509105682
198	-0.4463923	27.801258	26.909046	-57.0574	12.031489	19.961075	47.796314	-53.984306	141.125	150.0	217799	32.9055	7.578544	51.247105	-5.6194715	-33.06992	0.4286313	852.1705505847931
199	-4.7730527	22.637571	27.473497	-38.383564	8.67997	17.90254	39.73901	-35.27151	121.44444	145.1	218899	32.38454	8.213921	68.70434	-33.9852	-32.540688	0.5189119	856.5025391578674
200	4.764184	12.134526	21.948786	-16.10471	11.52928	23.979338	60.161953	-35.483788	150.0	145.6	219999	32.177967	8.239029	44.503174	-9.5308485	-32.35152	0.44306558	860.9955804347992
201	9.800528	15.854362	33.100327	-21.002977	19.671331	22.23055	63.970375	-34.834896	150.0	147.15	221099	32.25149	8.1342325	43.798088	-26.122358	-32.416904	0.44708133	865.3646402359009
202	21.535122	25.156336	44.486015	-41.744896	18.126896	23.002003	49.180374	-33.49179	150.0	150.0	222199	32.392345	7.9361835	43.45941	-11.372683	-32.54767	0.34434533	870.3116538524628
203	2.727648	20.699083	24.98296	-40.09123	11.178212	17.712416	49.507416	-25.792915	150.0	150.0	223299	32.03822	8.174784	44.552624	-12.308166	-32.20442	0.35551232	874.8539352416992
204	14.295807	17.776875	48.98457	-10.603869	10.556688	24.621538	70.783714	-32.7437	150.0	137.25	224399	31.654371	8.162431	42.477905	-12.130836	-31.835003	0.36637568	879.9655869007111
205	4.446926	13.7423725	32.928932	-10.852011	-3.0596538	18.708376	28.575165	-33.467087	150.0	130.75	225499	31.848225	7.8785486	40.870422	-12.079741	-32.030426	0.33076113	884.0320913791656
206	7.017964	25.53175	65.33781	-15.111718	3.8366432	20.790588	37.263893	-34.87355	150.0	138.65	226599	32.380882	6.872983	48.942993	-10.631851	-32.543396	0.2852499	888.8726947307587
207	8.698927	17.09701	25.29332	-31.503506	5.5187073	24.901186	67.393486	-43.785717	141.25	139.55	227699	32.56026	6.3478575	40.69777	-6.892826	-32.69454	0.2768814	893.2392902374268
208	7.559325	28.114239	50.332268	-44.45886	5.596043	18.238361	48.03796	-30.569075	137.25	146.45	228799	32.21678	6.7419686	55.789864	-7.7456946	-32.339317	0.30921254	897.6580231189728
209	-3.4121227	25.181395	23.002811	-44.55093	6.3975053	14.915731	31.264456	-32.223484	141.875	150.0	229899	31.306494	7.5188417	52.09519	-10.186798	-31.439646	0.3653201	902.8894596099854
210	-10.021573	20.66678	17.6813	-41.459164	9.650354	23.671307	45.594833	-49.32499	122.55556	145.75	230999	30.441896	7.703338	51.251957	-20.126358	-30.59949	0.44524214	908.0575942993164
211	6.810752	22.374838	46.418945	-36.726227	3.6244206	22.886755	33.08519	-66.53426	150.0	150.0	232099	30.08389	8.780752	61.00535	-30.792433	-30.27914	0.70320493	912.653924703598
212	15.892653	4.9772215	22.059822	6.380607	4.1414785	18.677603	26.588524	-60.061836	150.0	150.0	233199	30.024141	8.704965	53.333805	-22.965807	-30.245455	0.598879	917.4937489032745
213	12.302168	15.61152	26.630157	-26.136	8.011641	21.441626	36.33221	-36.49866	150.0	145.25	234299	30.364313	8.619739	47.746586	-18.442013	-30.56681	0.52193207	922.6141798496246
214	14.970813	11.7847395	30.081573	-8.394221	9.429296	25.708538	43.84623	-54.855484	150.0	137.5	235399	30.612288	8.3668995	52.75274	-16.724913	-30.814688	0.47365007	926.8868243694305
215	-24.624434	44.04852	38.43625	-77.307526	-0.512435	26.992367	40.192783	-74.939644	137.625	136.35	236499	30.294563	8.63177	48.44868	-21.562529	-30.545107	0.517816	931.7148733139038
216	0.16233921	37.89876	54.273922	-71.82514	20.201187	25.407452	50.241516	-48.853333	150.0	150.0	237599	29.940254	9.496958	43.70308	-13.286026	-30.220995	0.4103049	935.9852676391602
217	17.686432	22.280691	45.44224	-22.306524	5.3562684	24.553656	45.731922	-40.345196	150.0	143.0	238699	30.602316	9.631982	46.88706	-14.082402	-30.836645	0.33447644	940.7362294197083
218	9.061373	23.147688	45.874573	-30.32023	7.2908287	20.652079	43.590794	-34.064407	150.0	146.8	239799	31.075178	9.319708	43.846745	-15.495891	-31.273243	0.2921108	945.2508454322815
219	3.6353812	18.26744	40.669746	-24.838789	5.8386984	23.571903	44.096176	-32.57949	140.625	136.35	240899	31.176949	9.106988	43.54928	-19.108793	-31.35304	0.26617414	949.4973337650299
220	-4.7229357	13.292126	9.368801	-31.099222	-0.011762786	18.409204	26.599909	-33.986877	150.0	141.25	241999	30.650236	9.330645	95.294556	-41.038555	-30.872623	0.46357143	954.2883961200714
221	-3.805441	36.750874	33.218388	-59.46927	14.408046	26.639452	61.032337	-36.511776	137.625	145.45	243099	30.106335	9.886181	45.501858	-21.374483	-30.342258	0.42833996	959.4185674190521
222	13.731906	17.73531	34.37891	-25.409538	4.4790463	21.822544	29.044378	-75.72606	150.0	146.3	244199	30.176361	10.209151	42.929913	-29.961725	-30.40616	0.48552424	964.5113971233368
223	13.075046	25.486921	52.252247	-21.415709	0.43663797	21.612885	29.447575	-36.469353	134.25	125.85	245299	31.807858	8.799496	50.433952	-18.875929	-32.023495	0.45691925	968.8384032249451
224	-2.2470207	31.688744	42.03534	-66.2382	13.326218	23.695805	44.362167	-43.56208	135.125	139.05	246399	31.682676	9.139729	80.02581	-38.05327	-31.887472	0.70860964	973.8947973251343
225	21.652126	19.059584	54.869	-0.29173058	17.965038	25.251047	51.650314	-30.428892	150.0	135.85	247499	31.89292	9.242855	51.56228	-23.68901	-32.11258	0.48162553	978.5838758945465
226	20.04387	20.59085	49.896584	-13.989399	13.82047	22.447676	50.354122	-28.799852	150.0	137.9	248599	32.04145	9.349025	49.760693	-19.346954	-32.27366	0.4552699	983.2086400985718
227	34.150734	29.270931	72.05929	-30.688835	22.941887	32.345867	78.00856	-31.88178	138.44444	127.0	249699	32.858017	9.313931	53.78742	-23.532608	-33.06476	0.41262716	988.1294770240784
228	16.4638	30.66787	68.09601	-26.269127	21.753183	25.202282	76.27187	-29.944033	117.55556	140.2	250799	33.51641	9.572028	69.00782	-23.178286	-33.689854	0.69283164	992.4806182384491
229	11.445216	19.891907	25.243603	-36.263824	17.498653	19.02861	48.63003	-32.47818	150.0	150.0	251899	34.26459	9.1746	45.427376	-17.4054	-34.43848	0.5737314	996.7200615406036
230	18.140966	11.14775	30.034983	-6.106231	24.297438	19.361637	63.595863	-16.307343	150.0	150.0	252999	34.420033	9.442428	45.096737	-14.287193	-34.603218	0.5944147	1001.0661778450012
231	16.67289	21.175259	34.159084	-36.36579	12.342907	27.70516	64.26706	-38.565063	150.0	138.95	254099	35.09105	8.915049	43.17433	-12.907631	-35.266853	0.519315	1005.284482717514
232	20.839151	23.549007	61.264816	-27.630915	10.149855	23.067728	48.05062	-35.76172	140.625	146.55	255199	35.686848	8.586556	44.468357	-10.988909	-35.857704	0.5104785	1009.8172736167908
233	1.6177273	24.131987	30.635683	-34.038338	11.520735	30.648323	74.789116	-56.383	137.125	141.75	256299	35.873096	8.818187	55.807213	-19.102732	-36.050186	0.4643587	1014.2353343963623
234	-1.0066056	35.67956	50.97221	-42.53055	24.890314	23.66828	52.472443	-44.08485	121.0	146.3	257399	34.988945	9.793813	53.15661	-27.599174	-35.1671	0.5339422	1018.8783993721008
235	20.974314	35.23669	69.19046	-36.903324	11.181202	24.402145	51.10877	-32.81311	138.625	138.3	258499	35.10506	9.835656	44.730778	-21.160358	-35.277985	0.44594875	1023.170604467392
236	10.146482	31.131817	49.71072	-38.46212	14.598158	27.242971	54.563984	-76.05652	150.0	147.0	259599	35.15748	9.792988	50.522804	-14.511075	-35.33162	0.4046003	1028.2806856632233
237	11.825732	25.187807	34.20721	-46.055008	1.7605791	28.786995	49.108883	-57.63002	150.0	138.1	260699	34.79584	10.063029	61.240963	-21.353228	-34.976692	0.40079933	1033.2108533382416
238	9.979435	26.905924	45.562878	-46.492546	10.867264	36.37938	60.7394	-65.06826	141.875	131.8	261799	34.940147	10.094117	55.400303	-29.005354	-35.155247	0.39398533	1037.8258383274078
239	27.03841	23.129969	53.907433	-27.19941	15.21714	25.249107	63.963852	-40.290504	136.5	140.85	262899	35.277313	10.207702	56.75226	-15.852978	-35.49801	0.40943328	1042.146888256073
240	15.759432	26.665638	51.633106	-21.608307	22.333162	25.96089	56.4819	-35.137276	150.0	150.0	263999	35.51609	10.2356615	51.868664	-12.878978	-35.722942	0.48357698	1046.1621613502502
241	32.303783	18.65671	62.118607	6.875188	10.618725	29.124903	55.76974	-57.15584	150.0	143.1	265099	36.469257	9.422502	46.761253	-11.205826	-36.653294	0.43447614	1050.3945755958557
242	17.82426	27.21256	52.903263	-32.314648	6.641732	33.058605	59.04761	-84.40862	150.0	140.95	266199	37.044456	8.794951	49.01885	-10.996921	-37.205482	0.46164313	1054.7686855793
243	16.696255	25.79616	61.100895	-38.452522	13.958445	31.74133	59.421753	-42.08679	139.5	142.75	267299	37.090622	8.7487755	45.919544	-19.576708	-37.239025	0.4121734	1058.7567329406738
244	9.052934	33.84206	64.45478	-46.829556	-7.70522	31.33479	46.789135	-55.12151	142.75	119.85	268399	37.477757	9.005903	48.93157	-19.468418	-37.63364	0.41756967	1063.0686931610107
245	16.52428	24.958746	47.84473	-29.57567	12.771284	28.803692	54.65132	-31.222076	136.875	129.1	269499	37.07628	9.724173	48.915962	-19.291393	-37.226387	0.5531484	1067.1205368041992
246	11.560238	27.502298	50.75154	-31.215317	14.711081	31.223818	57.01804	-59.11772	123.333336	142.2	270599	37.135345	9.676575	55.9408	-23.374462	-37.291195	0.6498316	1071.7174377441406
247	3.80717	36.063656	48.923374	-40.93452	24.945211	19.871637	48.438942	-24.328403	124.375	142.05	271699	36.81917	10.2997265	61.369267	-16.784508	-36.986343	0.6731996	1076.1157977581024
248	15.425293	33.840633	51.906483	-34.736187	21.468945	38.299335	63.60118	-85.58537	122.111115	140.2	272799	36.578075	10.950493	61.41315	-17.340424	-36.7638	0.8185259	1080.4377512931824
249	33.292915	17.696648	67.14336	5.0169263	19.877398	30.091343	66.588005	-33.564087	150.0	138.35	273899	36.55615	11.362416	47.881863	-14.304471	-36.746273	0.66361696	1084.7037103176117
250	24.771984	27.755676	57.830807	-26.262358	22.696413	24.077284	56.63107	-27.33361	139.375	150.0	274999	36.84117	11.3827	49.99056	-14.452066	-37.041714	0.6575607	1089.187448501587
