Epoch	AverageEpRet	StdEpRet	MaxEpRet	MinEpRet	AverageTestEpRet	StdTestEpRet	MaxTestEpRet	MinTestEpRet	EpLen	TestEpLen	TotalEnvInteracts	AverageQVals	StdQVals	MaxQVals	MinQVals	LossPi	LossQ	Time
1	3.4834194	57.63002	61.113438	-54.1466	-167.34242	4.957469	-158.8528	-173.99828	400.0	400.0	1099	0.21370858	0.13445236	0.85003424	-0.11373316	-0.22637962	0.02070927	3.636302947998047
2	-17.48694	32.998653	13.065186	-63.31284	-160.25784	18.695454	-95.16568	-171.8513	400.0	400.0	2199	0.13041599	0.7486977	2.455891	-2.0330148	-0.14938322	0.013727581	11.469927787780762
3	-15.141761	41.684414	42.862408	-53.25551	94.288124	39.369144	180.34029	37.295307	400.0	400.0	3299	0.27160698	1.4765583	5.0898676	-2.6809244	-0.39093083	0.0049412684	18.4968159198761
4	-31.565405	5.3008237	-25.094969	-38.079067	95.611	34.305412	152.62334	11.204741	400.0	400.0	4399	1.2627994	2.186381	7.9140053	-2.7644026	-1.4599909	0.0029354154	26.27664279937744
5	29.380898	21.053417	50.434315	8.327482	72.78075	33.892624	144.19461	0.27736536	400.0	400.0	5499	2.1192997	2.7464263	10.770013	-2.7018418	-2.3312037	0.0034376057	33.96921920776367
6	-29.254347	17.879936	-4.8172965	-47.099693	83.6265	45.395145	165.92563	6.608104	400.0	400.0	6599	3.009956	3.2810495	13.677553	-2.4571474	-3.2317057	0.004324105	41.93617653846741
7	-50.97015	8.96874	-41.244827	-62.884125	64.67635	43.871605	180.52995	-21.712963	400.0	400.0	7699	3.8651676	3.8671548	16.664854	-2.231214	-4.0918126	0.004920593	49.86078190803528
8	-14.858121	22.141788	13.737442	-40.206173	87.10263	63.22943	243.66525	-1.9518857	400.0	400.0	8799	4.9929366	4.500814	19.561176	-2.041317	-5.2229795	0.007630681	57.19118571281433
9	-1.9091625	42.005096	40.095936	-43.91426	146.6984	57.096825	243.76369	53.215965	400.0	400.0	9899	5.8778625	4.9254704	22.228754	-1.7476867	-6.1129937	0.011095293	65.5763909816742
10	-19.85333	20.986292	8.484008	-41.66289	94.07014	66.68339	189.26718	-54.93478	400.0	400.0	10999	6.6199403	5.4159307	24.794718	-1.4588592	-6.862239	0.020088263	74.69369316101074
11	-42.963238	13.494905	-23.880583	-52.74545	121.91443	54.116352	209.8274	14.568546	400.0	400.0	12099	7.2544785	5.792918	27.275074	-1.2038633	-7.5022764	0.020573312	82.94587516784668
12	-40.740383	21.724451	-10.975574	-62.215954	97.630585	51.599327	182.24327	5.9200892	400.0	400.0	13199	7.8094473	6.102646	29.617874	-1.135982	-8.063553	0.023473015	92.18476796150208
13	-32.491123	24.993635	-7.4974885	-57.484756	66.7667	74.56352	273.47336	-48.66494	400.0	400.0	14299	8.23402	6.5104337	31.995106	-1.0397744	-8.495694	0.039548237	100.22088098526001
14	-45.02011	20.359396	-19.217665	-68.98627	71.646576	96.67834	265.3389	-77.30649	400.0	400.0	15399	8.549528	6.907276	34.013035	-0.9022034	-8.821232	0.04207248	107.65025472640991
15	104.04092	51.04053	154.65935	34.166756	107.3344	81.65866	276.9899	-29.112122	400.0	400.0	16499	9.648735	7.940034	38.095413	-0.7158001	-9.917054	0.04679311	115.95400333404541
16	43.577473	29.50721	83.676315	13.52428	155.45964	81.44179	270.6564	26.948769	400.0	400.0	17599	10.807973	8.733082	39.84933	-0.5061414	-11.073974	0.05032547	124.3146767616272
17	45.53602	17.48229	63.018307	28.053726	168.17088	89.643776	271.84473	11.783837	400.0	400.0	18699	11.84328	9.274525	41.31862	-0.5017697	-12.105953	0.056825448	132.36143279075623
18	222.9409	50.088226	283.3277	160.68005	191.09962	77.19585	288.78638	7.3532443	400.0	400.0	19799	13.282723	10.455525	42.728024	-0.59263325	-13.538338	0.06497143	140.39289736747742
19	186.32042	32.70577	222.16463	143.0824	202.36336	76.33225	281.1384	-17.262398	400.0	400.0	20899	15.0281725	11.827363	43.818153	-0.57748485	-15.277486	0.07002107	149.72624921798706
20	223.50844	33.429497	258.94696	178.68973	213.39932	54.136806	295.82083	82.77995	400.0	400.0	21999	16.641409	12.926609	45.054924	-0.55831397	-16.885187	0.07674176	159.29338836669922
21	96.752014	147.13467	243.88669	-50.382656	240.60547	35.4123	296.79617	159.877	400.0	400.0	23099	18.04134	13.772875	46.18771	-0.5114637	-18.28692	0.08392098	167.5843436717987
22	234.11885	29.717945	274.85977	204.8115	230.86885	59.3147	283.2549	10.422157	400.0	400.0	24199	19.661674	14.761381	47.79658	-0.46645975	-19.916058	0.09432477	175.76350045204163
23	231.52893	11.964196	248.25972	220.9787	223.37622	84.38481	280.42093	-19.925253	400.0	400.0	25299	21.426886	15.642352	49.34264	-0.36356452	-21.682125	0.0964705	183.6407220363617
24	171.68365	116.90883	271.03262	7.558969	245.32242	34.96399	296.8193	158.61494	400.0	400.0	26399	23.041817	16.349804	50.80558	-0.1673496	-23.292995	0.09290935	191.95864725112915
25	226.52475	16.428307	242.95306	210.09645	240.6294	33.846344	291.60397	151.83452	400.0	400.0	27499	24.538866	16.933397	52.138317	0.02141133	-24.7816	0.100112624	201.34817123413086
26	211.25946	31.538918	252.92836	176.64705	228.61972	28.901669	278.8802	168.56424	400.0	400.0	28599	26.003305	17.459244	53.378975	0.39786592	-26.246021	0.099902205	210.6259217262268
27	217.80676	28.016155	257.1608	194.15456	245.13171	27.090374	289.44373	168.97382	400.0	400.0	29699	27.440105	17.916574	54.572598	0.57376736	-27.682943	0.096540846	219.14083409309387
28	231.87512	26.514515	269.16803	209.84366	232.82654	27.919785	283.33917	188.88397	400.0	400.0	30799	28.834497	18.347036	55.660545	0.1792273	-29.073769	0.090255864	228.5780689716339
29	243.23883	20.930061	264.16888	222.30876	233.20491	24.927813	271.9964	189.75789	400.0	400.0	31899	30.339157	18.77984	56.746307	-0.45723894	-30.572382	0.090108044	236.36121892929077
30	184.10326	20.575777	213.19682	169.0909	225.39929	25.160679	267.53244	177.62895	400.0	400.0	32999	31.576866	19.041035	57.789673	-0.69197035	-31.804003	0.08604377	244.94951820373535
31	232.53722	9.826914	240.94615	218.75049	213.92696	62.48595	269.6359	-32.26306	400.0	400.0	34099	32.73862	19.309713	58.729553	-1.1731311	-32.960606	0.080364324	253.54687023162842
32	226.62823	20.846788	242.29552	197.16624	210.7915	55.65102	268.26053	-1.2061477	400.0	400.0	35199	34.105347	19.521679	59.609627	-1.2595628	-34.32315	0.080172606	263.08470129966736
33	237.34511	24.197464	261.54257	213.14764	225.68478	27.52056	262.8912	149.01375	400.0	400.0	36299	35.2029	19.723457	60.480976	-1.396667	-35.41514	0.079065375	271.0187261104584
34	212.98108	15.146722	233.44603	197.26917	233.26498	30.092424	292.76303	182.08841	400.0	400.0	37399	36.338474	19.857563	61.221684	-1.2105532	-36.54478	0.08419291	279.01803064346313
35	227.46802	20.791597	256.71225	210.19704	231.24698	22.939034	261.39236	187.98717	400.0	400.0	38499	37.33698	19.991821	61.910816	-0.9057654	-37.540676	0.08079756	287.1143834590912
36	193.98601	77.20782	250.45299	84.81933	246.84709	20.500715	280.71402	202.62039	400.0	400.0	39599	38.347355	20.1404	62.593304	-0.80647296	-38.551228	0.080274075	295.22070050239563
37	236.29233	20.104553	256.39688	216.18777	246.73477	22.625961	282.15515	201.89912	400.0	400.0	40699	39.32856	20.217028	63.217407	-0.6935041	-39.530087	0.08399674	303.3174614906311
38	258.25644	12.817899	268.18732	240.1578	242.51465	27.731712	284.5746	192.48209	400.0	400.0	41799	40.276234	20.335667	63.848507	-0.3054312	-40.474415	0.08245674	311.5227921009064
39	207.0706	29.135971	230.32417	165.98518	210.63033	84.38171	281.87375	-42.237213	400.0	400.0	42899	41.167904	20.412354	64.39086	-0.13630855	-41.36192	0.08934469	319.96961402893066
40	233.03137	14.553457	244.42726	212.49075	223.53174	54.158714	288.6041	76.61507	400.0	400.0	43999	42.026897	20.48064	65.14061	-0.04234282	-42.22104	0.097183965	328.29252791404724
41	219.73706	50.65438	270.39145	169.08269	239.4491	21.180115	286.8111	204.89742	400.0	400.0	45099	42.889275	20.616259	65.88897	0.37604785	-43.083664	0.11249093	337.0834140777588
42	226.90736	7.413976	235.36263	217.3102	259.92255	27.523016	289.5334	192.01642	400.0	400.0	46199	43.699917	20.677982	66.38439	0.6978945	-43.890675	0.09765223	346.4964451789856
43	253.78314	16.440472	268.49323	230.83504	247.30664	28.11216	299.6642	169.56976	400.0	400.0	47299	44.550198	20.712687	66.826385	0.9531987	-44.740902	0.10520485	354.64208483695984
44	253.74925	7.653094	263.4512	244.7439	247.09274	34.134895	299.42896	179.66444	400.0	400.0	48399	45.32425	20.803675	67.14037	1.2236125	-45.50983	0.09987693	362.0015501976013
45	152.13348	43.728275	195.86176	108.405205	239.55525	24.763317	277.6182	178.57253	400.0	400.0	49499	45.999577	20.793886	67.33193	1.5884013	-46.17712	0.103515446	371.5521557331085
46	235.44395	15.839123	251.44267	213.86713	215.20572	36.211426	273.29965	119.21466	400.0	400.0	50599	46.62155	20.791697	67.66741	1.6986382	-46.800194	0.10934093	381.03373312950134
47	218.73108	21.908808	249.68631	202.10281	228.62537	32.924118	288.82272	158.31181	400.0	400.0	51699	47.317074	20.723072	67.988205	1.1758355	-47.49414	0.11640964	389.60511589050293
48	220.47673	9.636721	231.35384	207.9272	211.92122	37.21292	295.32245	114.65134	400.0	400.0	52799	47.933945	20.713642	68.29386	0.3953857	-48.106915	0.1034063	398.202360868454
49	203.3262	75.0232	278.3494	128.303	207.7633	46.547165	278.91336	119.50198	400.0	400.0	53899	48.503223	20.691366	68.67336	0.26125613	-48.672512	0.10716938	407.946044921875
50	195.62788	60.958153	240.31094	109.43958	193.20149	78.33362	260.99667	-42.76408	400.0	400.0	54999	48.93587	20.676546	69.01002	0.25908905	-49.102074	0.10480596	418.2034983634949
51	222.41264	20.118494	245.75394	196.65233	230.26997	40.942272	276.30685	115.09255	400.0	400.0	56099	49.48735	20.634418	69.35216	0.17978616	-49.65375	0.09996926	427.6943099498749
52	208.81657	21.569366	235.80583	183.01173	236.78085	25.683508	272.7789	178.88062	400.0	400.0	57199	50.02222	20.57064	69.6655	0.4351269	-50.18632	0.106896795	437.18321108818054
53	218.8323	1.42556	220.25787	217.40675	229.16342	27.76164	280.7629	176.59294	400.0	400.0	58299	50.474274	20.492346	69.994194	0.3363722	-50.63883	0.100650765	446.485054731369
54	131.74689	97.13893	239.86984	4.295855	233.37886	30.466415	310.03912	187.45868	400.0	400.0	59399	50.79747	20.466509	70.33329	0.24163081	-50.966583	0.10384017	454.86044120788574
55	145.45052	142.27673	264.29492	-54.581104	220.78268	56.835964	272.0359	-9.092541	400.0	400.0	60499	51.182323	20.446848	70.86428	-8.397274	-51.353733	0.110409684	464.32097125053406
56	222.46295	25.71813	242.35912	186.14746	231.52866	73.71247	278.03915	-77.827225	400.0	400.0	61599	51.432957	20.54419	71.94719	-8.385562	-51.620953	0.11402571	472.3466453552246
57	219.3681	4.3699875	223.7381	214.99812	228.94829	39.26432	298.1777	137.52133	400.0	400.0	62699	52.001823	20.51017	72.755424	-8.25427	-52.189743	0.13196617	480.4457654953003
58	186.67065	42.27343	220.47731	127.066086	232.65202	35.40021	298.12	152.27324	400.0	400.0	63799	52.49299	20.411621	73.463356	-8.243405	-52.686115	0.13727196	488.53973388671875
59	219.4067	2.4781322	222.87256	217.2237	221.00899	74.684555	285.73862	-88.77999	400.0	400.0	64899	53.05596	20.339855	75.12673	-7.6642814	-53.255867	0.13049617	496.9234127998352
60	228.34142	8.597295	239.07196	218.0252	228.20854	30.127857	284.1716	147.5362	400.0	400.0	65999	53.55878	20.283861	76.68083	-7.0074334	-53.74921	0.12673773	504.40696907043457
61	183.70009	50.957993	234.65808	132.7421	223.0512	66.05486	278.45746	-46.256157	400.0	400.0	67099	54.02753	20.134708	77.36296	-6.9293528	-54.212124	0.12932512	512.5113666057587
62	217.15875	47.452465	255.36081	150.27638	227.04599	40.539837	285.38135	102.55791	400.0	400.0	68199	54.45937	19.955402	77.37822	-5.8186574	-54.63452	0.11157801	521.262866973877
63	211.23576	9.101375	222.7908	200.54771	245.33765	34.6154	313.74158	184.75507	400.0	400.0	69299	54.799644	19.81502	77.189354	-4.7965364	-54.971725	0.1259345	530.8985326290131
64	225.52968	28.642452	264.0856	195.49692	211.74374	26.952957	276.0132	150.0596	400.0	400.0	70399	55.182625	19.632706	76.9878	-3.3521729	-55.35321	0.11623362	539.0657267570496
65	217.33488	8.461426	225.79631	208.87346	215.92671	34.409565	261.16434	133.04205	400.0	400.0	71499	55.53619	19.466345	76.57756	-2.4859726	-55.7011	0.10379891	546.8091118335724
66	198.30528	55.194492	249.70375	121.73075	230.25562	31.240894	281.0123	168.67384	400.0	400.0	72599	55.810726	19.319098	76.08443	-1.9757128	-55.979298	0.099850215	554.7849907875061
67	241.6903	20.807953	270.6375	222.63403	225.05688	25.754765	289.31372	187.16093	400.0	400.0	73699	56.17017	19.179436	76.191025	-1.7935832	-56.34254	0.10278318	563.3132574558258
68	250.17885	4.2506247	255.11182	244.73729	229.66292	32.515545	293.51978	169.4811	400.0	400.0	74799	56.541615	19.043703	76.40052	-1.9713032	-56.71449	0.10728542	571.4381170272827
69	232.84467	25.110565	257.95523	207.7341	237.6469	29.818027	277.4939	171.16725	400.0	400.0	75899	56.93164	18.93378	76.588585	-1.7153496	-57.103317	0.11837714	579.9670190811157
70	239.11507	54.920574	282.7553	161.65279	232.08667	41.612747	281.29532	146.51053	400.0	400.0	76999	57.277164	18.838001	76.76564	-1.5734129	-57.451702	0.11423778	588.6414515972137
71	221.64543	22.989132	246.68289	191.16579	217.17143	36.11829	264.80548	147.33495	400.0	400.0	78099	57.648144	18.761415	76.824684	-1.8155383	-57.82255	0.12352131	597.8901786804199
72	179.46172	33.762054	218.98285	136.49825	223.18184	25.231905	260.93372	176.95811	400.0	400.0	79199	57.914932	18.668503	76.88331	-2.5784943	-58.0871	0.12487296	606.4871740341187
73	191.97821	54.504112	246.48233	137.4741	223.55087	24.920961	270.53696	173.14435	400.0	400.0	80299	58.152653	18.640959	76.76485	-3.3469515	-58.323647	0.11767111	616.066742181778
74	104.57693	107.70334	180.9415	-47.73841	232.12863	29.139082	268.5123	160.4598	400.0	400.0	81399	58.35013	18.58489	76.619965	-3.9295237	-58.513664	0.12217682	623.9441652297974
75	223.69934	20.085333	247.87598	198.6979	237.08992	28.501558	288.66257	181.7764	400.0	400.0	82499	58.433094	18.679495	76.52347	-3.8292058	-58.59108	0.1254877	631.991491317749
76	228.33209	4.929919	234.82101	222.87933	227.21365	34.13446	319.62866	178.73389	400.0	400.0	83599	58.658314	18.61045	76.26504	-3.864875	-58.811546	0.12946062	640.0509963035583
77	240.18982	21.863396	262.05322	218.32643	223.37761	30.42798	281.21695	164.30936	400.0	400.0	84699	58.809895	18.591387	75.97978	-3.9334347	-58.9672	0.1225771	648.1255235671997
78	210.71265	19.888268	230.93541	183.67215	224.23904	28.668606	272.82187	179.45686	400.0	400.0	85799	59.00095	18.556713	75.67761	-3.4861226	-59.162712	0.12226349	656.3603253364563
79	231.64323	33.31507	265.7461	186.43887	228.3623	35.633755	293.85367	170.96777	400.0	400.0	86899	59.18372	18.540152	75.55068	-3.2805538	-59.347496	0.12667078	665.148175239563
80	218.12633	25.13795	250.63457	189.41084	228.06465	34.90071	279.68552	146.95854	400.0	400.0	87999	59.47115	18.465963	75.61262	-3.3361053	-59.63465	0.12952858	673.3308894634247
81	33.498943	119.39328	152.89223	-85.89434	227.81064	31.855358	288.20816	175.32687	400.0	400.0	89099	59.521637	18.528759	75.6871	-2.335243	-59.677998	0.119599625	680.7431871891022
82	213.33533	18.677843	238.92538	194.8698	223.84048	28.26743	284.52063	182.06964	400.0	400.0	90199	59.60078	18.509914	75.922714	-1.7719859	-59.755825	0.12281925	688.747713804245
83	216.00415	24.14566	233.86272	181.86926	228.25272	26.528696	266.92767	167.87325	400.0	400.0	91299	59.785435	18.425632	76.076996	-2.086073	-59.94054	0.11552813	696.8841915130615
84	206.83876	16.827482	227.38322	186.16508	245.62508	20.851433	287.73062	192.66107	400.0	400.0	92399	59.891026	18.408987	76.266846	-3.2780433	-60.04306	0.11790017	704.7602641582489
85	211.25868	19.717041	230.97572	191.54164	231.80054	26.529125	272.7544	179.80547	400.0	400.0	93499	60.01222	18.362677	76.31747	-4.797338	-60.15694	0.110256374	712.2936663627625
86	202.27046	43.709328	247.6499	143.23123	218.46968	25.485907	263.5713	144.74771	400.0	400.0	94599	60.10818	18.304594	76.33075	-5.8547206	-60.25547	0.10542611	719.8627200126648
87	203.9594	20.180603	229.58281	180.2635	216.10196	15.6865425	253.87106	193.39485	400.0	400.0	95699	60.20551	18.23552	76.340904	-7.2072916	-60.35725	0.10600446	727.9450542926788
88	202.44444	27.27146	240.13542	176.5179	216.5931	18.981668	253.90251	176.85745	400.0	400.0	96799	60.28143	18.204039	76.34853	-8.617104	-60.432735	0.10355674	736.1004664897919
89	241.50519	19.294739	260.79993	222.21045	223.0896	24.67874	268.5225	175.10634	400.0	400.0	97899	60.428867	18.145092	76.32389	-9.40651	-60.583084	0.11160684	745.7980327606201
90	217.92793	26.491049	237.8796	180.491	210.07675	21.807537	247.53098	169.0008	400.0	400.0	98999	60.547207	18.09223	76.2991	-9.450425	-60.70071	0.10402686	753.8647782802582
91	197.18855	7.095216	205.08897	187.88104	216.98746	21.769867	263.6575	183.07866	400.0	400.0	100099	60.677364	18.037464	76.43125	-9.123452	-60.828793	0.10150352	762.5803279876709
92	222.99304	39.46149	276.1284	181.65074	221.23889	23.959335	264.32718	172.81242	400.0	400.0	101199	60.74049	18.000124	76.40081	-8.607529	-60.894802	0.11076152	771.3297109603882
93	220.05164	8.014641	228.06628	212.037	205.75266	30.393343	260.1201	113.2061	400.0	400.0	102299	60.91136	17.89937	76.56014	-7.7566514	-61.06699	0.09934192	779.5156261920929
94	224.84175	24.108807	254.4031	195.34895	205.1323	70.340904	250.52933	-92.085594	400.0	400.0	103399	61.021286	17.865433	76.759415	-7.291996	-61.17226	0.10105111	789.0933318138123
95	181.0232	31.69654	223.34943	147.07832	227.78984	23.444904	282.69733	182.07791	400.0	400.0	104499	61.08638	17.830479	77.00267	-6.827123	-61.236023	0.10568795	798.564386844635
96	219.72597	13.702543	237.81439	204.66127	239.3077	19.671227	272.06418	196.81305	400.0	400.0	105599	61.188263	17.761143	77.05214	-6.0402517	-61.333134	0.11092471	805.8931570053101
97	230.32324	20.86042	251.18367	209.46283	229.07129	23.980188	268.9069	178.69402	400.0	400.0	106699	61.27096	17.715494	76.9363	-5.1163683	-61.414036	0.1077866	813.9946525096893
98	205.24854	38.366028	234.7179	151.06015	228.42436	23.182035	266.7753	178.11073	400.0	400.0	107799	61.366123	17.650732	76.540665	-4.744557	-61.51227	0.10833507	822.232328414917
99	220.44489	13.122892	230.86433	201.93509	229.72624	23.849493	292.43524	183.5772	400.0	400.0	108899	61.48021	17.49592	76.04131	-4.7846074	-61.62243	0.10321586	830.1899087429047
100	227.55193	19.120213	242.4746	200.56216	235.00142	20.726751	277.55032	190.64984	400.0	400.0	109999	61.523666	17.457386	76.02715	-4.035674	-61.664574	0.10628926	839.7901177406311
101	228.54654	3.7108994	232.25743	224.83563	224.17313	25.352928	280.0293	175.23904	400.0	400.0	111099	61.513664	17.473444	76.28169	-3.049835	-61.65002	0.10672047	848.5166130065918
102	184.54723	45.11751	243.00345	133.17104	231.65793	34.30353	283.3066	146.09238	400.0	400.0	112199	61.544807	17.392052	76.301315	-1.6602495	-61.673317	0.09869214	856.6223139762878
103	202.3534	11.415346	217.81929	190.61172	224.43877	33.930447	291.48752	148.7093	400.0	400.0	113299	61.552807	17.318378	76.07395	-1.250011	-61.67959	0.10944272	864.5484800338745
104	197.9041	11.649334	213.07059	184.74916	212.74869	46.191143	281.44302	105.824	400.0	400.0	114399	61.503498	17.253447	76.051834	-3.1202607	-61.630226	0.103274494	872.6800804138184
105	211.8648	20.99662	232.86142	190.86818	215.597	38.457012	290.16077	130.0122	400.0	400.0	115499	61.523994	17.197641	76.06436	-4.3942327	-61.65329	0.09867743	881.0909767150879
106	215.20259	13.340209	233.4167	201.83804	237.67416	20.274405	283.19662	205.26294	400.0	400.0	116599	61.53656	17.12072	76.11488	-4.936824	-61.67152	0.10410887	889.2442183494568
107	192.40523	37.31076	243.53088	155.53908	205.02702	60.856094	254.69096	-6.5397835	400.0	400.0	117699	61.600975	17.056086	76.12133	-5.610379	-61.739788	0.10469631	897.220566034317
108	205.37872	4.910979	209.32344	198.45601	215.7404	24.606401	266.38278	162.70834	400.0	400.0	118799	61.69063	16.904583	76.10028	-5.499918	-61.830326	0.111163944	905.4376492500305
109	191.50288	36.062958	227.56584	155.43993	228.08098	23.8459	268.36243	160.70763	400.0	400.0	119899	61.73682	16.855286	76.20797	-5.0692043	-61.88311	0.114102185	913.7176718711853
110	210.68242	4.721936	216.3126	204.75754	226.87903	28.269403	279.87646	159.79976	400.0	400.0	120999	61.871338	16.727068	76.28153	-4.0157666	-62.020157	0.10356056	921.8841276168823
111	213.88159	19.882658	239.3068	190.7695	200.87857	24.011154	257.49142	162.30824	400.0	400.0	122099	61.98968	16.728703	77.00111	-3.3666472	-62.148914	0.12159267	930.224907875061
112	207.778	21.452755	236.84598	185.71936	195.38577	40.477634	259.39035	98.28928	400.0	400.0	123199	62.189156	16.75088	79.03559	-4.448149	-62.368694	0.12458418	939.0783884525299
113	185.22017	5.647949	190.86812	179.57222	171.23392	36.1587	246.12724	85.775505	400.0	400.0	124299	62.51242	16.807665	81.487495	-5.5663977	-62.700832	0.13124375	947.0521388053894
114	230.48029	33.01072	266.50964	186.75616	180.23575	95.995674	244.61496	-104.55444	400.0	400.0	125399	62.78085	16.813307	82.44157	-5.824502	-62.9382	0.13227272	955.8093385696411
115	190.07674	28.874594	213.25122	149.37213	173.8908	96.32346	252.04036	-110.99207	400.0	400.0	126499	62.812363	16.7253	82.4072	-7.0506716	-62.94827	0.12208861	963.8789598941803
116	219.64848	12.662038	234.70062	203.72208	214.19897	26.072851	265.74792	168.46245	400.0	400.0	127599	62.774292	16.697245	81.39655	-7.7996173	-62.916107	0.110093266	972.1442184448242
117	198.71008	26.475403	225.18549	172.23468	175.25943	122.22987	253.15016	-116.661064	400.0	400.0	128699	62.847637	16.606106	80.480034	-7.9449835	-62.99039	0.110504545	979.6761410236359
118	127.797676	160.6804	241.45593	-99.43873	227.55486	22.06206	277.97324	187.34189	400.0	400.0	129799	62.759136	16.68313	79.88227	-7.8039393	-62.90551	0.113593675	989.283531665802
119	211.94627	19.895658	236.96791	188.29121	168.14919	101.74433	257.69125	-92.035675	400.0	400.0	130899	62.8656	16.543303	79.21796	-7.7109723	-63.0147	0.123991035	997.4080574512482
120	236.54033	5.9555144	243.8547	229.2669	178.57982	92.42414	250.40193	-95.7034	400.0	400.0	131999	62.93576	16.545872	78.954926	-7.583861	-63.081017	0.1157987	1005.0540323257446
121	198.52084	30.389069	228.90991	168.13177	171.60378	109.523026	316.60013	-127.27415	400.0	400.0	133099	63.017025	16.595905	78.82082	-7.90664	-63.161358	0.11219416	1013.0072431564331
122	248.03606	5.9791417	253.72179	239.7729	213.51926	84.482	290.42288	-112.240074	400.0	400.0	134199	63.1128	16.584723	78.87945	-7.9898586	-63.256634	0.116894156	1020.7457284927368
123	227.78577	31.09157	267.8175	192.01796	216.43509	23.213821	259.3616	177.51541	400.0	400.0	135299	63.188263	16.592306	79.350716	-8.217129	-63.334538	0.11612824	1030.3951551914215
124	104.358986	109.86682	217.7773	-44.31914	182.36984	94.25021	257.91565	-107.11955	400.0	400.0	136399	63.16345	16.713037	79.388985	-7.5504966	-63.306107	0.11312264	1039.6127371788025
125	237.87704	23.282982	261.16003	214.59407	188.03015	104.63299	292.99774	-110.967125	400.0	400.0	137499	63.20365	16.713928	79.382256	-7.0636315	-63.35302	0.129409	1049.0593111515045
126	228.49547	20.640205	257.66095	212.88406	217.27951	76.396454	283.1559	-97.66973	400.0	400.0	138599	63.282173	16.701973	79.31174	-6.6521387	-63.427876	0.11942225	1057.142328262329
127	228.67293	31.091782	272.45682	203.27727	227.4906	24.927914	259.3894	166.4803	400.0	400.0	139699	63.360016	16.620676	78.80858	-6.151778	-63.502647	0.11757018	1065.217393875122
128	249.59045	26.610197	270.64606	212.05061	213.58061	78.6598	278.2648	-108.18086	400.0	400.0	140799	63.377403	16.619358	78.71636	-5.8136845	-63.52465	0.120564714	1073.122394323349
129	236.86624	7.7877274	244.65398	229.07852	199.6404	78.70973	296.68747	-101.911964	400.0	400.0	141899	63.580357	16.439507	78.82208	-7.0771155	-63.73228	0.12862173	1081.6816458702087
130	168.10107	26.885323	202.33893	136.66231	198.80359	75.85222	276.23022	-105.08243	400.0	400.0	142999	63.665207	16.384602	79.29897	-7.711946	-63.819984	0.1347814	1089.9298765659332
131	243.45161	18.586327	263.22906	218.569	190.96384	55.38499	237.86627	-20.368309	400.0	400.0	144099	63.800224	16.2402	79.605064	-7.982361	-63.952393	0.12535356	1097.8512544631958
132	211.5779	21.68203	241.50177	190.82051	224.73532	37.125282	298.51965	148.45547	400.0	400.0	145199	63.890987	16.113579	79.997856	-8.032683	-64.0401	0.1312335	1105.9695138931274
133	206.0662	10.734764	216.80095	195.33142	220.60738	29.411295	292.1175	174.62325	400.0	400.0	146299	63.978867	16.055979	80.0033	-7.2505326	-64.125786	0.1305157	1114.2120487689972
134	264.4766	4.1769757	268.42554	258.6975	224.9759	28.109512	267.3171	147.88292	400.0	400.0	147399	64.05796	15.969829	79.90472	-6.311187	-64.20286	0.13667266	1122.1468555927277
135	202.128	21.740162	229.50426	176.3214	227.51717	22.517235	266.94553	174.0587	400.0	400.0	148499	64.11757	15.933627	79.5303	-5.605714	-64.2629	0.13265716	1131.8525955677032
136	265.44174	4.5137696	271.8205	262.04092	210.4802	72.94218	264.03842	-78.33928	400.0	400.0	149599	64.23955	15.878634	79.62164	-4.6073165	-64.38953	0.14370638	1140.019315958023
137	199.60342	6.6866837	206.29012	192.91675	226.1479	33.572895	293.43024	144.88129	400.0	400.0	150699	64.34315	15.849085	79.70119	-3.519518	-64.49639	0.13815099	1149.6526308059692
138	242.60115	34.10062	287.78522	205.41191	230.34013	25.7459	270.77615	179.48613	400.0	400.0	151799	64.453094	15.881726	79.64509	-2.75342	-64.61108	0.13995062	1159.2984461784363
139	227.9257	34.623363	258.353	179.48857	232.73618	21.660837	260.9189	194.28777	400.0	400.0	152899	64.62166	15.842764	79.66704	-2.0596147	-64.78054	0.14564337	1168.694091796875
140	231.84924	17.54947	255.9194	214.57521	233.54568	19.337242	261.9134	196.88689	400.0	400.0	153999	64.74452	15.815727	79.70911	-2.332939	-64.900505	0.15280579	1177.1699888706207
141	216.08246	5.675667	221.75813	210.4068	218.65227	40.982697	252.09062	77.887596	400.0	400.0	155099	64.83927	15.811605	79.536766	-2.875034	-64.99082	0.14492688	1185.943596124649
142	228.42665	27.83121	257.98438	191.13957	218.74118	37.965828	260.86746	143.5921	400.0	400.0	156199	64.88443	15.800948	79.20135	-3.8185802	-65.03751	0.14498234	1193.94406914711
143	235.76424	15.902779	257.94904	221.47433	215.35056	34.183105	268.89655	155.4049	400.0	400.0	157299	65.002075	15.766914	80.57095	-3.9935398	-65.149826	0.153129	1202.1566982269287
144	249.63832	11.890628	262.98093	234.10352	219.41245	45.708996	279.97073	133.8281	400.0	400.0	158399	65.06293	15.715665	82.254684	-4.5469146	-65.2094	0.14609168	1210.3387596607208
145	237.76468	18.13134	255.89601	219.63333	220.5123	23.680035	272.03888	170.55919	400.0	400.0	159499	65.08441	15.716125	83.066414	-4.0553093	-65.23076	0.14250706	1218.395604133606
146	214.69798	18.269272	238.13551	193.56322	205.98889	80.301765	264.0312	-111.66072	400.0	400.0	160599	65.14771	15.655462	83.2369	-4.5592356	-65.296165	0.13903892	1226.3822333812714
147	109.64078	140.22638	217.28056	-88.41993	213.5988	28.02603	263.4928	158.00812	400.0	400.0	161699	65.19316	15.632057	82.71286	-5.158262	-65.344246	0.14554693	1234.3631467819214
148	231.74156	8.862203	239.05048	219.26991	229.84726	26.112148	263.45593	164.38362	400.0	400.0	162799	65.182335	15.70664	81.66058	-6.991707	-65.34025	0.14381921	1242.7148547172546
149	225.51518	21.973373	247.48856	203.54181	225.68828	26.476103	260.5285	176.93958	400.0	400.0	163899	65.321396	15.677135	80.39255	-7.4997487	-65.47646	0.14402561	1251.356793642044
150	234.14955	16.802673	253.22125	212.33781	229.73201	27.998575	290.2242	181.63503	400.0	400.0	164999	65.44619	15.587072	80.14217	-7.1778474	-65.59626	0.1391597	1260.9695646762848
151	225.14867	3.870085	230.60612	222.06165	227.03018	31.591059	292.426	167.06558	400.0	400.0	166099	65.5163	15.556884	79.576645	-6.9429345	-65.663704	0.14137174	1269.144790172577
152	234.07922	23.69632	267.399	214.318	218.14615	42.35222	274.93335	56.881096	400.0	400.0	167199	65.56305	15.501214	79.0228	-6.3378973	-65.7114	0.1386983	1277.281278371811
153	207.79224	5.6864624	213.4787	202.10577	224.83528	26.99644	275.64526	166.42744	400.0	400.0	168299	65.57526	15.443013	78.8935	-4.537942	-65.71534	0.14067721	1285.429506778717
154	218.61041	6.542784	227.81622	213.20015	212.84477	42.140064	254.75327	60.663826	400.0	400.0	169399	65.59625	15.294334	78.58345	-3.1072507	-65.729645	0.13609822	1293.6984684467316
155	223.07375	5.494533	229.98532	216.54266	212.60356	29.951334	259.85867	138.83702	400.0	400.0	170499	65.60522	15.149157	78.008705	-2.2198734	-65.72969	0.1320787	1301.9989066123962
156	216.43102	20.257217	243.74623	195.294	211.93124	74.37522	262.3269	-91.45964	400.0	400.0	171599	65.49645	15.084354	77.59807	-0.9118642	-65.61832	0.13505745	1309.5484101772308
157	224.20193	10.4542465	234.65617	213.74768	186.35211	93.41564	253.01947	-92.7291	400.0	400.0	172699	65.45092	14.971675	77.352066	-0.03231857	-65.57512	0.13241017	1317.5320637226105
158	241.63885	22.814837	268.54486	212.76427	212.12663	51.631824	278.30612	26.842375	400.0	400.0	173799	65.402756	14.841882	77.39694	0.6361789	-65.525055	0.1364541	1327.198811531067
159	223.8055	24.543657	253.53845	193.42934	218.90105	24.499146	271.73206	171.2317	400.0	400.0	174899	65.3479	14.744563	77.56917	0.80591124	-65.47561	0.14137374	1335.2179861068726
160	193.06482	18.527277	218.85713	176.17398	207.24922	19.400564	253.25322	181.60025	400.0	400.0	175999	65.32535	14.705258	77.64208	-0.21077284	-65.457565	0.12732305	1344.8376467227936
161	222.01431	14.917023	236.93134	207.09729	231.81966	16.101948	257.3211	192.04774	400.0	400.0	177099	65.32644	14.624343	77.771484	-0.74794436	-65.45636	0.12947588	1353.5042910575867
162	221.38954	17.918747	244.02402	200.20404	221.39937	21.660025	250.63121	171.24272	400.0	400.0	178199	65.272606	14.571688	77.8203	-1.7512583	-65.39878	0.13064173	1362.033453464508
163	222.89949	21.240255	252.86118	206.06232	227.00974	21.306784	271.18497	186.23483	400.0	400.0	179299	65.29868	14.477847	77.89575	-2.6025443	-65.4253	0.13403101	1371.5385117530823
164	222.15852	29.141037	243.58775	180.95801	224.44016	52.23088	271.92215	13.247051	400.0	400.0	180399	65.25996	14.4737215	77.98596	-3.482621	-65.38923	0.12614834	1379.901796579361
165	244.90923	8.839645	253.74887	236.06958	227.55647	37.890923	267.9561	96.42975	400.0	400.0	181499	65.19751	14.505245	77.98436	-4.3523774	-65.32275	0.13254115	1387.8365778923035
166	232.26613	17.69979	251.36427	208.70387	238.72551	15.843828	266.4535	206.25986	400.0	400.0	182599	65.21487	14.431188	77.97611	-5.038046	-65.33555	0.13013726	1395.9013152122498
167	228.77205	19.617	246.26497	201.37785	221.81673	17.22731	254.38028	190.29164	400.0	400.0	183699	65.156784	14.465915	77.859245	-4.5304294	-65.278915	0.14035669	1404.2016212940216
168	217.00203	8.541867	226.80624	205.98819	227.26944	29.33201	280.4449	180.48978	400.0	400.0	184799	65.158	14.4117775	77.71455	-4.017828	-65.282135	0.13505906	1412.9583148956299
169	213.55548	2.8209457	216.37642	210.73453	228.20792	19.274122	258.42065	189.99792	400.0	400.0	185899	65.13269	14.426076	77.70412	-1.3579917	-65.25969	0.13759144	1421.137023448944
170	214.90352	16.442574	235.86664	195.70714	230.82349	19.938293	267.75085	186.61034	400.0	400.0	186999	65.148926	14.368461	77.56707	-1.8725945	-65.27827	0.13610385	1430.8183150291443
171	172.94817	21.574455	198.96982	146.14093	214.67168	40.672432	266.8066	68.0948	400.0	400.0	188099	65.137245	14.326303	77.455536	-1.7292843	-65.267105	0.13702886	1440.3297817707062
172	215.39062	17.96376	240.71667	200.99884	214.55232	71.09201	263.56888	-73.927345	400.0	400.0	189199	65.16189	14.264132	77.39243	-2.6498134	-65.29199	0.13786483	1448.889065504074
173	208.67009	20.997894	229.66798	187.6722	205.84358	69.85203	264.41022	-79.787155	400.0	400.0	190299	65.16786	14.198594	77.284035	-5.294811	-65.294975	0.13281217	1457.610335111618
174	217.8423	24.40925	250.74684	192.352	224.36076	22.936098	270.84772	159.8603	400.0	400.0	191399	65.17482	14.134851	77.20475	-5.66564	-65.29956	0.13880116	1465.3460266590118
175	209.37914	34.823097	251.78105	166.48647	220.74783	36.696762	267.8393	120.62494	400.0	400.0	192499	65.17679	14.068893	77.10841	-5.3054504	-65.296425	0.13594928	1473.7664041519165
176	200.88887	30.605774	228.77681	158.27841	222.66765	26.582085	286.17767	174.7736	400.0	400.0	193599	65.11255	14.108686	77.11139	-4.3617706	-65.23062	0.13366333	1483.3571383953094
177	233.16129	2.3561783	235.51746	230.8051	215.96786	31.300417	260.71017	147.17555	400.0	400.0	194699	65.09021	14.040143	77.11953	-1.962815	-65.207375	0.13240805	1491.355759859085
178	201.73726	30.8465	236.09415	161.27872	204.34363	78.10649	280.9494	-117.59719	400.0	400.0	195799	65.033554	14.046288	77.22748	-0.7548333	-65.149414	0.13821201	1498.7181854248047
179	196.85304	6.105251	204.50856	189.56755	231.77673	16.622553	257.33408	204.25952	400.0	400.0	196899	65.009865	14.054449	77.21367	-0.1726138	-65.12807	0.14514677	1506.4650964736938
180	196.68303	8.290666	208.2208	189.1079	223.13242	37.94502	298.8385	164.46895	400.0	400.0	197999	64.9698	14.053187	77.18758	-0.31329623	-65.087814	0.13390872	1514.4391150474548
181	231.6449	9.509712	241.15462	222.1352	225.90726	22.473825	264.32977	179.43707	400.0	400.0	199099	64.973366	14.000653	77.23287	-2.3422127	-65.09278	0.14199355	1523.216424703598
182	237.79436	10.496847	251.47008	225.95583	215.99576	35.096775	270.9851	122.5994	400.0	400.0	200199	64.948845	13.943035	77.31681	-4.4090548	-65.07071	0.1444357	1531.9671785831451
183	190.34656	42.924694	224.5247	129.80998	217.68665	31.881945	270.42316	150.41232	400.0	400.0	201299	64.95368	13.918876	77.44405	-5.9418716	-65.07189	0.1306991	1541.5499629974365
184	191.22868	72.95077	260.05634	90.2582	227.84814	28.179075	268.50626	163.67249	400.0	400.0	202399	64.933716	13.835538	77.25838	-6.757057	-65.05131	0.14427412	1549.6652040481567
185	200.60066	4.92218	205.52284	195.67848	227.42635	37.516644	274.01794	108.607155	400.0	400.0	203499	64.8705	13.833175	77.10616	-7.28917	-64.98794	0.14305465	1558.1114919185638
186	213.79639	17.892836	239.04362	199.7021	224.26001	27.037046	270.36697	167.83989	400.0	400.0	204599	64.89841	13.778008	77.07994	-7.064798	-65.0165	0.14474972	1566.2765710353851
187	241.76192	15.401588	261.07877	223.3881	225.96634	20.376263	258.2278	173.32768	400.0	400.0	205699	64.88469	13.737342	77.01173	-10.38394	-65.000755	0.1407246	1575.7870469093323
188	205.26439	43.504326	256.29178	149.98337	214.1938	21.399078	246.28093	179.54942	400.0	400.0	206799	64.85568	13.694724	77.17142	-10.5387945	-64.97228	0.14630121	1583.9314849376678
189	201.53027	26.644875	228.17514	174.88539	222.27925	44.325817	282.355	104.237946	400.0	400.0	207899	64.84203	13.686883	77.74274	-13.056046	-64.96455	0.14811336	1593.5405163764954
190	216.21777	25.711464	245.20271	182.71152	211.69441	37.564293	285.67307	140.07022	400.0	400.0	208999	64.86869	13.697444	79.1159	-15.687659	-64.99763	0.14444105	1601.743938922882
191	144.8876	83.83351	228.88065	30.42755	218.6691	37.364605	275.35162	170.36179	400.0	400.0	210099	64.9306	13.715835	80.1063	-14.415888	-65.06523	0.1558273	1610.9904470443726
192	200.27069	17.365538	219.65543	177.52011	182.73611	95.41707	246.26035	-116.26686	400.0	400.0	211199	65.00014	13.750383	80.29365	-13.725863	-65.129234	0.14985889	1619.1795284748077
193	218.22198	21.270058	239.49205	196.95193	195.86363	66.86126	275.82687	-70.23228	400.0	400.0	212299	65.00262	13.844102	80.26305	-11.137399	-65.127205	0.15808237	1627.2602007389069
194	198.8467	18.222837	223.45682	179.91862	217.0197	17.283974	258.77487	187.59969	400.0	400.0	213399	64.98386	13.887072	80.00488	-10.225143	-65.10267	0.15211396	1634.6869184970856
195	204.1556	16.051989	226.25284	188.60326	157.21555	123.37665	249.91922	-138.62904	400.0	400.0	214499	65.031525	13.809258	79.594894	-8.828061	-65.14807	0.15724659	1642.6990423202515
196	209.77003	24.261742	231.81139	175.97696	216.86641	24.360357	261.90607	164.14514	400.0	400.0	215599	64.97073	13.875756	79.2936	-8.978207	-65.08625	0.14395618	1651.5061175823212
197	188.60791	4.2450714	192.85298	184.36284	223.03244	21.482962	276.87192	175.4945	400.0	400.0	216699	64.95098	13.841973	79.01877	-9.199954	-65.06493	0.14840615	1658.6994850635529
198	194.82857	26.859907	232.09726	169.83293	217.24802	35.296364	268.30356	151.87816	400.0	400.0	217799	64.90654	13.854928	78.98886	-9.004643	-65.0198	0.1524344	1666.7026851177216
199	223.19713	11.701933	236.70195	208.16113	218.23538	36.67809	264.47125	131.92133	400.0	400.0	218899	64.90357	13.836391	78.92883	-8.026592	-65.017456	0.15764649	1674.9366235733032
200	204.38342	17.942656	226.74574	182.81702	222.45097	21.559576	260.4254	181.49136	400.0	400.0	219999	64.879036	13.88989	78.94619	-8.046779	-65.00044	0.15177521	1682.167135477066
201	173.15274	29.743645	202.8964	143.4091	200.10089	36.801376	260.71512	92.54876	400.0	400.0	221099	64.93192	13.826205	79.139496	-10.964309	-65.063126	0.16734925	1690.4172010421753
202	97.30326	147.77193	223.44856	-110.061905	199.17252	27.172636	252.91927	135.37863	400.0	400.0	222199	64.973885	13.864802	79.23127	-10.252368	-65.10118	0.1568361	1698.672311782837
203	203.67113	10.198157	216.29126	191.31517	185.59814	72.50866	248.4324	-98.09816	400.0	400.0	223299	64.999886	13.936315	79.324295	-9.732625	-65.12346	0.16054976	1706.9304678440094
204	81.15011	115.98296	177.20844	-82.02101	200.03647	30.288507	247.5332	114.13128	400.0	400.0	224399	64.99603	13.969896	79.66529	-9.476106	-65.119804	0.1766409	1714.2011210918427
205	125.42415	43.3967	168.82085	82.02744	205.26201	19.798529	240.51889	163.10736	400.0	400.0	225499	64.93703	14.066685	80.48728	-9.534226	-65.061806	0.1750963	1722.751965522766
206	202.74702	31.590048	245.02484	169.10466	217.05367	22.48817	269.4128	181.16	400.0	400.0	226599	64.9751	14.11491	81.288605	-9.168663	-65.10557	0.18661538	1731.4079566001892
207	203.59547	32.13176	242.03355	163.3869	199.84334	26.400047	229.9235	116.61457	400.0	400.0	227699	65.013176	14.1402	81.55789	-8.979202	-65.14358	0.17970043	1739.6775670051575
208	200.31488	27.374866	236.31595	169.98482	172.28891	71.4249	219.66885	-120.00627	400.0	400.0	228799	65.08543	14.14448	81.411354	-8.262605	-65.214676	0.18449897	1747.881670475006
209	186.3872	15.022514	201.40971	171.36469	186.81012	31.37577	235.86484	115.016785	400.0	400.0	229899	65.1252	14.097814	80.83157	-8.965371	-65.255455	0.17503989	1755.5532958507538
210	159.14926	44.5201	207.17487	99.877205	192.85818	16.025454	218.89815	155.08603	400.0	400.0	230999	65.20987	14.033628	80.39269	-9.375637	-65.3469	0.17764151	1763.9266819953918
211	173.6969	9.631389	184.83119	161.33519	198.95068	31.56467	245.87437	128.58943	400.0	400.0	232099	65.30698	13.99449	80.00769	-10.086304	-65.44396	0.17321068	1772.176863193512
212	178.24422	9.430838	185.19109	164.91093	175.12425	28.045357	227.73851	113.79004	400.0	400.0	233199	65.31246	13.996708	79.40006	-8.001659	-65.44261	0.1757049	1781.6917989253998
213	149.6362	10.496246	160.13245	139.13995	177.78319	22.97723	205.91142	119.025795	400.0	400.0	234299	65.347145	13.925541	78.98244	-8.466996	-65.47561	0.17376968	1789.1368060112
214	179.724	22.30333	200.82355	148.86992	174.73593	62.33621	246.33292	-74.8363	400.0	400.0	235399	65.332954	13.939046	78.70231	-7.282057	-65.46122	0.17464569	1797.4596679210663
215	159.79819	17.749096	184.89645	146.92787	193.10812	17.525217	223.40175	157.49562	400.0	400.0	236499	65.37842	13.833741	78.43234	-6.1076565	-65.50762	0.1961562	1806.1050367355347
216	194.09662	15.518009	206.2994	172.19865	207.87634	19.538914	227.23293	157.73451	400.0	400.0	237599	65.36629	13.829821	78.36145	-6.99999	-65.490524	0.18242902	1813.6135513782501
217	171.23584	16.435463	187.6713	154.80037	156.59875	30.551868	188.39212	59.899357	400.0	400.0	238699	65.347946	13.788709	78.40636	-9.276645	-65.47256	0.17535877	1821.7618424892426
218	147.29285	41.586346	186.53029	89.734	191.36612	28.263485	229.1284	126.15522	400.0	400.0	239799	65.30808	13.780715	78.907005	-11.105665	-65.43564	0.18499103	1830.074455499649
219	158.83731	21.202118	181.08717	130.30542	136.81491	104.86942	212.27061	-130.7107	400.0	400.0	240899	65.29447	13.6898155	81.17807	-12.336503	-65.42102	0.16589905	1838.487603187561
220	182.85834	10.356262	191.72894	168.33034	163.79639	20.200617	199.59601	127.331276	400.0	400.0	241999	65.2616	13.679028	82.85815	-12.483971	-65.38486	0.16902386	1846.8392663002014
221	187.31024	8.934525	196.24477	178.37572	153.39536	66.938965	227.22185	-117.31663	400.0	400.0	243099	65.2408	13.667568	82.924835	-15.076413	-65.3619	0.16928424	1854.968440771103
222	161.7321	3.0248377	164.57361	157.54208	176.03314	23.819025	224.0715	134.4928	400.0	400.0	244199	65.24388	13.590709	82.698006	-13.339109	-65.364746	0.16939685	1863.6045038700104
223	173.28499	26.590956	210.75891	151.8283	180.13474	22.091179	222.95871	136.36351	400.0	400.0	245299	65.14858	13.640955	81.93699	-12.357842	-65.26393	0.16794805	1871.851991891861
224	205.30928	21.825132	224.9336	174.86537	176.25818	80.724785	260.44775	-148.87215	400.0	400.0	246399	65.11305	13.60041	80.74094	-13.205736	-65.23053	0.17921764	1879.830284833908
225	157.63193	39.59927	197.2312	118.03266	164.62186	105.667046	250.02002	-144.72923	400.0	400.0	247499	65.05665	13.574191	79.50185	-13.126735	-65.18218	0.1740925	1888.7557756900787
226	182.53282	30.32759	211.83267	140.75757	165.73491	74.49002	226.222	-134.04956	400.0	400.0	248599	65.08904	13.449298	78.694496	-12.663966	-65.2145	0.16841334	1897.1689746379852
227	193.50322	19.082676	218.42078	172.06895	163.55826	74.86288	226.96825	-128.83841	400.0	400.0	249699	65.06277	13.454426	79.04991	-12.291087	-65.18981	0.16928436	1905.2233505249023
228	178.42737	41.02753	208.47403	120.41815	170.65367	100.65965	248.31645	-126.44471	400.0	400.0	250799	65.04522	13.434204	79.191216	-11.493265	-65.167404	0.16170795	1913.5770304203033
229	199.58337	3.9881592	203.57153	195.59521	206.78067	29.224096	252.82664	150.75603	400.0	400.0	251899	64.9993	13.421174	79.17341	-10.012374	-65.118126	0.15807891	1921.3159701824188
230	197.32076	29.296337	238.14406	170.78482	182.97372	68.43336	242.13782	-87.39955	400.0	400.0	252999	64.96093	13.369054	78.92197	-9.688224	-65.07778	0.1637486	1929.3437640666962
231	187.53827	17.989645	206.82591	163.52673	180.68912	59.44625	222.75911	-52.311604	400.0	400.0	254099	64.92261	13.402882	78.704666	-8.537298	-65.040085	0.14803164	1937.5671892166138
232	169.0119	32.20561	213.87553	139.77989	209.04778	24.860508	255.77602	156.22284	400.0	400.0	255199	64.899826	13.392142	79.0205	-7.1064806	-65.019	0.16662788	1945.7507088184357
233	179.16728	10.992554	190.15984	168.17473	219.4408	29.28578	273.718	168.35828	400.0	400.0	256299	64.85102	13.394823	79.488396	-6.7995257	-64.97057	0.16481228	1953.8445723056793
234	191.19191	18.502766	209.87045	165.98247	216.5625	30.604435	268.82346	145.01613	400.0	400.0	257399	64.81253	13.447277	79.6725	-5.755153	-64.932625	0.15903115	1962.2176535129547
235	220.93025	17.048641	236.69212	197.24878	201.15149	45.66226	261.5887	56.348873	400.0	400.0	258499	64.83244	13.432027	80.24117	-6.1640573	-64.95342	0.18012254	1970.5465672016144
236	201.19176	10.218589	209.50119	186.79768	206.36917	27.43263	258.15118	158.08391	400.0	400.0	259599	64.84354	13.425092	80.469536	-8.424959	-64.962296	0.16599524	1978.8571329116821
237	207.8457	8.267921	216.11363	199.57779	203.54819	29.126633	271.0505	146.48912	400.0	400.0	260699	64.84491	13.446149	80.64722	-12.6120825	-64.96507	0.17229289	1988.1908781528473
238	201.17741	26.627623	237.43614	174.2433	201.1183	80.19959	280.90445	-106.72157	400.0	400.0	261799	64.81392	13.478433	80.71676	-12.59881	-64.93325	0.15981509	1997.633728504181
239	238.0933	18.63635	263.11407	218.41066	222.05533	41.044075	270.9031	69.927124	400.0	400.0	262899	64.829544	13.466306	80.629486	-13.784172	-64.94635	0.16715541	2005.4287264347076
240	219.22859	15.970215	234.33266	197.13448	227.9479	32.770443	277.50372	140.22997	400.0	400.0	263999	64.84764	13.435772	80.357735	-15.336908	-64.96349	0.17159726	2013.5325593948364
241	227.42213	8.6354065	236.05754	218.78673	222.74463	38.34978	275.0185	119.45087	400.0	400.0	265099	64.77139	13.498983	80.049126	-17.669966	-64.88423	0.16575207	2021.7150750160217
242	232.61604	25.151506	256.42944	197.82729	239.89111	25.256296	281.93277	178.51639	400.0	400.0	266199	64.76198	13.499078	79.63454	-17.25811	-64.876564	0.17409469	2030.4029686450958
243	215.5594	12.9648485	231.43878	199.68152	223.58452	19.371325	255.72685	178.62782	400.0	400.0	267299	64.76088	13.518318	79.05219	-18.18323	-64.87587	0.16970249	2040.1260685920715
244	205.52534	10.128467	219.84859	198.25375	219.60535	21.739416	250.66682	183.3216	400.0	400.0	268399	64.749084	13.55304	78.483086	-19.131483	-64.86521	0.16715093	2048.8996546268463
245	217.37518	5.894402	223.26959	211.48079	224.42268	33.682076	301.18616	163.61191	400.0	400.0	269499	64.781006	13.546189	78.37133	-19.5018	-64.89896	0.182562	2058.5521235466003
246	194.30396	70.25154	264.11215	98.17871	223.24533	22.147303	247.56775	164.29393	400.0	400.0	270599	64.7509	13.57724	78.33237	-19.38656	-64.86804	0.1757365	2066.6605689525604
247	218.84454	32.24691	260.28757	181.64117	215.43428	21.658339	253.48302	173.06047	400.0	400.0	271699	64.793205	13.553461	78.48815	-18.065395	-64.9109	0.17365271	2074.211263895035
248	214.80412	30.616272	239.54999	171.66162	223.84018	25.84352	267.45685	169.31255	400.0	400.0	272799	64.77197	13.579105	78.720116	-19.396347	-64.88911	0.16743575	2082.2599511146545
249	208.0534	3.779274	211.83267	204.27412	208.00737	24.886923	259.7236	144.68185	400.0	400.0	273899	64.8117	13.587795	78.76873	-20.308884	-64.92767	0.17421342	2091.9430725574493
250	220.99284	18.951447	247.77635	206.75363	229.51453	25.50662	259.4535	163.90575	400.0	400.0	274999	64.822266	13.55604	78.725815	-18.692818	-64.93643	0.16016823	2100.0026874542236
