Epoch	AverageEpRet	StdEpRet	MaxEpRet	MinEpRet	AverageTestEpRet	StdTestEpRet	MaxTestEpRet	MinTestEpRet	EpLen	TestEpLen	TotalEnvInteracts	AverageQVals	StdQVals	MaxQVals	MinQVals	LossPi	LossQ	Time
1	24.88239	9.464721	36.76056	6.8153486	18.44141	11.883897	48.014557	-3.7870235	150.0	146.9	1099	0.43644378	0.23592357	1.4415281	-2.0427225	-0.46126872	0.035993945	1.778979778289795
2	18.982737	13.144995	43.271137	2.9859085	12.183722	11.055266	32.789932	-9.856117	150.0	146.7	2199	1.0823274	0.99980855	6.414286	-3.2443364	-1.1440883	0.014554093	7.745360612869263
3	18.897285	17.949821	48.734535	-4.9281096	13.4651	16.680632	44.760807	-8.88697	150.0	147.3	3299	2.571285	2.4099698	14.514157	-5.738636	-2.7311192	0.035280336	13.744781970977783
4	22.015903	9.3064375	36.834164	8.282258	21.859318	15.515282	53.494324	-10.589177	150.0	147.05	4399	4.120491	3.8151102	22.869818	-4.69335	-4.3468165	0.07159867	19.957921028137207
5	12.191492	9.403196	25.763515	-5.401596	17.170795	10.054305	34.356163	1.791839	140.125	150.0	5499	5.8578167	4.7680774	25.998957	-4.680941	-6.114724	0.1024421	26.11178183555603
6	34.15289	8.690202	42.31536	20.897596	22.609606	10.430779	43.870506	4.6647153	150.0	150.0	6599	7.2832117	5.607422	32.50246	-4.106235	-7.53576	0.20421371	33.22912859916687
7	17.310534	16.959085	51.779316	-3.4987633	21.709812	13.625668	45.250103	-0.6417865	141.875	146.05	7699	8.433398	6.2685027	34.686996	-3.9017131	-8.700602	0.17442067	39.60157299041748
8	14.401909	8.499304	25.984665	2.5369592	26.665533	10.289441	42.332222	5.227659	150.0	150.0	8799	9.723109	6.762889	38.168846	-2.2056763	-9.988215	0.33305892	45.088812828063965
9	22.436337	7.4748354	37.869034	13.943892	20.226114	12.604332	48.864967	-0.43768087	150.0	146.1	9899	10.70337	6.976671	40.589752	-2.0444317	-10.955707	0.32197875	51.239439249038696
10	11.594597	10.94306	34.76084	-2.7931437	23.060495	12.571108	47.944527	2.5600855	139.5	150.0	10999	11.434573	7.235242	45.230957	-2.5513923	-11.723727	0.31608602	57.362277030944824
11	21.37175	8.974455	32.35954	3.4362059	23.768944	8.087142	37.298122	9.873317	150.0	150.0	12099	12.12293	7.547758	47.3644	-3.6269374	-12.423943	0.27938515	64.26015496253967
12	17.89947	7.331281	26.924883	4.6134596	19.059998	12.103318	44.798386	0.54185015	150.0	150.0	13199	12.929702	7.742838	52.345604	-5.4555964	-13.1756525	0.35842523	70.6498715877533
13	23.973013	10.997896	45.470413	11.661812	19.88579	10.050078	40.516003	-0.90137875	150.0	146.4	14299	13.6292515	8.095864	58.893806	-6.2174444	-13.877152	0.36550504	77.22486305236816
14	30.241505	8.620782	42.90183	13.562522	22.933458	10.903315	43.18289	3.9696991	150.0	150.0	15399	14.807045	8.482071	66.691216	-6.8727837	-15.093597	0.3614234	83.75500273704529
15	19.409971	9.747776	37.326122	6.809575	23.30764	12.456864	42.968628	1.1459937	150.0	150.0	16499	15.824191	8.45131	71.610825	-6.696872	-16.178762	0.36595055	89.79126024246216
16	8.922648	5.3306847	16.854029	0.7888158	13.945079	8.904313	29.246805	-1.2594862	150.0	150.0	17599	16.820572	8.804169	72.766785	-6.3678694	-17.199362	0.38527346	95.86517977714539
17	7.062764	6.9103336	18.054441	0.24555929	15.357941	10.892502	36.178234	-2.5452948	140.0	150.0	18699	17.715635	8.914959	78.90384	-3.2611275	-17.972631	0.37149912	101.93481492996216
18	21.996422	10.775272	39.06588	0.6789899	14.13267	8.769569	28.888868	-3.2691782	150.0	146.3	19799	19.251463	9.122892	71.79251	8.331635	-19.504227	0.40196046	108.13583731651306
19	14.149545	8.855549	25.348211	-0.53752196	13.575563	12.331375	32.644573	-10.700306	150.0	150.0	20899	20.146875	9.643243	69.18425	4.143435	-20.38033	0.42067495	114.25690484046936
20	18.661554	11.830356	36.08417	2.3105025	25.268362	11.8793125	47.0283	3.6313128	150.0	150.0	21999	20.281511	9.576272	68.9601	6.9337144	-20.501524	0.42495418	120.74638557434082
21	13.330461	9.17581	31.311197	-2.1697216	16.462757	9.466363	29.221937	-3.452366	150.0	150.0	23099	20.131277	9.305444	70.148796	6.51644	-20.377014	0.45078436	128.37799763679504
22	21.798769	10.438743	38.836517	9.4808035	14.350247	14.0338955	37.264484	-12.752027	150.0	150.0	24199	20.462435	9.6507015	68.282166	6.8052793	-20.67755	0.38633013	136.44699239730835
23	27.849081	12.067484	36.673992	0.07693836	15.059751	12.432357	47.705723	-0.58404684	150.0	150.0	25299	20.969065	9.696269	65.116005	7.1673822	-21.207535	0.41347578	143.57664036750793
24	30.775543	6.582635	43.173492	19.420969	20.629656	16.192535	52.75834	-4.8336997	150.0	150.0	26399	22.122236	9.515974	62.138817	8.219172	-22.408653	0.38257375	151.2282304763794
25	20.631908	14.286951	36.32377	-0.61801857	20.127754	14.211671	42.312824	-3.9871778	150.0	150.0	27499	22.344696	9.193033	59.766148	9.526199	-22.650167	0.3024771	158.2589931488037
26	18.38445	15.336556	40.09386	-4.5931	22.200453	11.551422	43.652035	3.9656253	150.0	150.0	28599	22.978706	9.7130785	63.318527	11.591642	-23.35532	0.32314202	165.8607256412506
27	29.101048	14.4515085	50.138294	7.811677	22.734293	12.4879465	54.790806	6.9217024	150.0	150.0	29699	25.00896	10.82551	71.111145	11.636477	-25.34736	0.3162728	174.13938760757446
28	12.670571	11.421947	34.02879	-5.5662913	18.784315	14.3234215	41.403103	-4.477046	150.0	147.55	30799	26.594954	10.968019	72.578606	13.057863	-26.912493	0.3640645	182.24912452697754
29	19.880367	9.1193	34.88357	4.943378	15.038473	12.561327	42.786434	-2.8948727	150.0	150.0	31899	27.899673	11.090608	72.16443	12.780336	-28.223516	0.37918583	189.02581882476807
30	14.629788	10.624033	29.452557	0.32377917	10.711295	10.700144	30.465485	-5.203513	150.0	150.0	32999	27.7932	10.974467	74.87963	12.359566	-28.078678	0.39739326	195.75516152381897
31	6.784781	6.9449825	17.56685	-6.147029	6.88116	10.629417	29.567513	-8.515816	150.0	150.0	34099	27.949324	10.804452	77.32918	12.895208	-28.298218	0.3775693	203.14394092559814
32	6.4742723	9.874584	26.483826	-2.5536942	4.7785215	5.5739865	16.827085	-5.4480295	150.0	150.0	35199	28.077057	10.1318	90.070335	12.112961	-28.339645	0.3923835	211.15703201293945
33	10.258755	9.642194	28.337772	-4.000164	6.6783013	8.102284	24.471733	-5.651089	150.0	150.0	36299	29.51333	12.436244	93.02867	12.213827	-29.724052	0.35806766	218.73146557807922
34	11.410049	10.6715355	29.74741	-1.378227	11.665879	11.542066	38.77312	-4.289	150.0	146.7	37399	29.109043	12.109777	85.54334	12.505164	-29.422428	0.2808202	226.39598894119263
35	4.8360643	6.884401	15.721394	-3.2264886	10.095399	8.493475	26.144745	-1.3559011	150.0	150.0	38499	28.498573	12.053042	85.32579	10.770874	-28.771858	0.27876744	234.38959074020386
36	19.108662	12.631412	34.79849	4.666332	10.420179	18.823706	52.33735	-27.510538	150.0	150.0	39599	28.08603	11.797517	82.72586	9.266449	-28.385923	0.30832162	243.64350843429565
37	12.795519	14.499845	37.95727	-2.472125	11.432772	11.713996	30.40168	-13.94774	150.0	148.4	40699	29.151955	12.566165	81.58441	11.172705	-29.523197	0.3689897	251.37017822265625
38	14.76913	11.627308	37.49605	0.35137284	15.779475	13.874024	50.467278	-4.452412	150.0	143.55	41799	30.107697	13.1545105	82.73616	9.97747	-30.445738	0.39723608	259.25595712661743
39	8.717291	15.821452	29.201675	-28.091967	11.891603	10.822103	28.270916	-13.550456	137.375	150.0	42899	30.799204	14.52201	88.307076	9.615209	-31.173643	0.79938936	268.147616147995
40	9.998167	8.299563	21.324379	-6.271205	8.888079	9.066477	23.476406	-7.8716507	148.0	150.0	43999	30.042282	12.986026	85.56183	11.891909	-30.540281	1.018576	276.23095178604126
41	5.2371435	14.539686	28.392931	-21.180285	6.42435	11.80686	33.437744	-17.096767	150.0	150.0	45099	30.907377	13.429232	79.40765	7.010167	-31.323494	1.4415048	283.9579577445984
42	-1.4968746	9.441109	16.993914	-13.051885	9.242862	7.604343	20.98212	-8.925504	150.0	146.6	46199	33.594563	15.420534	117.66011	9.238134	-33.989838	1.5402567	292.2544286251068
43	9.563799	6.6637807	23.768763	-0.42483222	3.7736518	12.143247	30.860924	-20.228292	150.0	149.3	47299	34.77071	15.231075	103.435326	14.693546	-35.225716	1.2906934	299.33897948265076
44	9.003707	13.554743	32.710335	-8.378407	6.6743345	11.204881	22.44583	-14.390791	150.0	150.0	48399	34.78298	14.083741	102.78922	14.839529	-35.17094	1.2455051	307.3590793609619
45	0.99131143	12.309869	22.22551	-22.128275	7.090182	10.468277	24.715612	-10.484093	136.5	143.85	49499	36.121666	13.309783	98.99329	15.470421	-36.593792	1.822632	314.48824977874756
46	4.741121	6.725154	16.167063	-2.2875147	12.354112	11.272834	42.503998	-3.7902272	129.0	150.0	50599	37.389496	12.694342	91.20902	18.327183	-37.820206	2.0548043	320.66167092323303
47	2.377461	2.8602948	7.344013	-2.1119385	10.794844	9.656962	30.738712	-2.6629183	150.0	150.0	51699	37.81351	13.122468	93.5337	17.951105	-38.31759	2.134044	328.39062452316284
48	9.986505	17.429756	24.58146	-31.096327	0.2399602	10.670328	31.17493	-15.960542	141.5	140.05	52799	38.590736	13.489138	97.2618	17.891338	-39.071327	2.3766782	335.05863642692566
49	7.922131	11.504336	23.18309	-11.845633	3.8773308	8.514228	22.292915	-12.364869	150.0	150.0	53899	38.362793	13.209824	98.39268	16.761488	-38.756096	2.4695644	341.6411316394806
50	4.648479	11.94327	21.282854	-14.30378	5.0294147	13.859061	31.35458	-19.473738	140.875	147.3	54999	38.31747	13.232782	98.3696	17.000767	-38.782856	2.7565904	349.12110018730164
51	7.0221157	14.036393	29.18412	-9.437397	10.756636	14.092453	46.411987	-11.378097	140.125	147.45	56099	39.75992	13.366092	98.96659	17.310127	-40.310432	3.1990128	356.80613565444946
52	2.271444	8.308118	19.516586	-6.956592	5.7978067	11.729363	22.58285	-18.559498	150.0	144.45	57199	40.799534	13.179024	97.663315	16.612173	-41.388474	3.5268712	364.3614957332611
53	7.946761	9.890717	21.74793	-6.6665773	2.7600696	13.747775	40.504295	-21.091652	150.0	144.3	58299	41.17109	12.279659	94.82103	15.782534	-41.756443	2.3707678	372.0779514312744
54	3.465773	10.711886	23.831808	-9.287897	5.9246926	10.77216	33.48084	-11.749481	142.25	150.0	59399	41.53476	10.823029	106.38041	15.654849	-42.060776	1.7192554	380.07775259017944
55	-1.2792256	9.409205	15.713645	-12.6378145	3.6510053	11.601667	25.57153	-17.788593	150.0	150.0	60499	42.28424	10.81832	119.51502	16.59148	-42.811947	1.7044991	388.4818866252899
56	10.712544	20.159903	34.856457	-24.300535	6.741553	13.658427	39.83148	-13.822707	150.0	150.0	61599	43.1895	11.020908	137.4481	17.922379	-43.720596	1.353771	396.9232978820801
57	3.7705624	6.602403	14.567695	-8.796703	8.71089	9.625202	37.191387	-5.986319	150.0	150.0	62699	43.022667	11.161865	130.00894	18.336332	-43.508625	1.5489103	406.6682608127594
58	4.9440727	10.797426	23.08635	-10.316357	5.5876875	10.945116	22.397736	-17.185091	150.0	146.75	63799	42.622417	11.769004	124.704895	19.332308	-43.112835	1.3254914	418.41046690940857
59	6.4350824	11.145705	26.046722	-7.0866685	12.581705	13.918769	36.225384	-21.557892	150.0	145.45	64899	42.35247	11.907866	117.5289	15.104966	-42.79587	1.2361732	429.4907703399658
60	15.644658	13.171926	39.489006	-6.5593195	10.322327	12.710159	30.9184	-15.615999	141.625	144.4	65999	42.95318	12.21185	170.75327	3.4228458	-43.439957	1.3930666	440.77285623550415
61	11.128739	13.718223	35.77087	-5.680915	9.008008	9.86793	34.43968	-6.0964165	150.0	150.0	67099	43.33901	13.040796	118.742065	9.914789	-43.894814	1.419275	448.96877241134644
62	13.8797245	10.723433	24.680864	-3.393546	8.560041	8.862376	25.280365	-7.6125455	150.0	144.6	68199	44.26421	14.796876	167.45465	22.628304	-44.984028	1.7536408	457.3300201892853
63	15.0185995	14.708307	38.994625	-11.621395	0.81872976	15.99115	31.058971	-41.652615	142.875	150.0	69299	44.879837	17.64588	183.1652	22.28811	-45.476555	2.1786404	465.5719428062439
64	3.0134048	9.824564	12.893811	-12.7316885	-2.2346275	17.369444	32.685596	-30.339424	150.0	139.95	70399	46.89114	20.710564	211.7375	17.063267	-47.515446	2.2319374	474.6452805995941
65	-8.246136	17.971453	24.678757	-39.983513	-2.8186822	19.274267	20.912565	-44.135662	121.22222	137.3	71499	50.051777	22.51755	206.01656	16.065247	-50.68573	5.8518796	483.6023328304291
66	9.919885	11.13049	28.279316	-2.1889772	1.6364988	11.39747	19.78899	-21.052956	142.125	125.9	72599	52.506554	23.42904	195.33783	19.271439	-53.306286	11.729229	491.892569065094
67	-5.7198386	20.647688	21.246159	-47.149174	2.9075837	17.715458	29.827496	-30.23559	129.44444	124.7	73699	54.946262	24.675596	186.60522	11.965579	-56.004036	12.138336	500.1640839576721
68	-2.6896565	21.894854	36.517063	-45.12723	0.8940692	21.746132	49.777527	-33.361847	116.44444	124.45	74799	58.924694	26.320625	166.28415	15.294551	-59.97531	17.036375	507.9723196029663
69	3.6147678	22.461252	34.349255	-38.04834	3.6373057	18.741236	34.958523	-30.402903	127.888885	132.9	75899	62.598503	27.0055	166.02417	8.605572	-63.67152	18.207844	516.2950401306152
70	-6.025478	16.948587	30.845142	-35.492138	-6.234229	15.538077	27.340017	-30.729023	120.77778	124.85	76999	65.29704	26.366194	154.1738	16.643145	-66.30485	20.064705	524.5035398006439
71	-7.7918687	23.503801	23.863045	-48.112366	-4.9445662	19.035355	31.174	-42.175175	135.25	129.5	78099	68.8493	25.757383	171.6123	24.408113	-69.91543	19.827143	532.3157711029053
72	1.601498	29.973766	33.958607	-52.48014	15.401222	23.935999	46.372787	-51.194157	150.0	144.3	79199	70.43711	25.742432	164.4458	25.312487	-71.54112	17.579208	540.2846283912659
73	4.7389717	14.131332	29.59078	-13.250755	-5.154374	24.482986	41.47768	-57.45413	142.125	126.2	80299	72.1628	25.603004	171.4771	21.870348	-73.40984	16.1336	549.0149612426758
74	3.7064707	17.092083	38.024727	-20.25274	10.629213	17.372957	34.200306	-44.933544	143.25	141.75	81399	73.83416	24.877092	197.23503	29.27972	-75.0632	15.316747	557.1810114383698
75	-0.7756785	11.769458	11.779159	-22.35072	10.964009	17.503666	45.983505	-27.874134	141.375	142.3	82499	76.51753	24.850025	219.0378	29.629305	-77.85168	15.127386	566.4846000671387
76	8.6037445	21.888454	44.75033	-19.80153	-0.99929297	18.8669	32.071358	-53.60241	138.42857	141.9	83599	78.65827	23.054941	179.42287	39.28341	-80.15538	14.698008	574.6674637794495
77	-3.546279	19.883951	17.655058	-36.98925	-7.997813	19.613344	23.428001	-51.06048	146.375	141.25	84699	80.99358	22.545233	185.43788	41.778675	-82.34547	13.326774	583.7151710987091
78	5.6822095	22.636936	37.115402	-29.38454	0.32795626	18.515676	36.177628	-34.339573	146.57143	137.9	85799	82.804634	22.08358	189.3577	27.853226	-84.313896	11.746698	592.3645572662354
79	4.21033	23.718613	42.82774	-33.20948	12.201235	17.841362	38.320515	-32.185917	146.5	145.05	86899	85.91086	22.467464	191.09106	33.05742	-87.5428	10.557207	601.2149558067322
80	20.043652	16.762074	41.167553	-2.8807402	14.681618	10.787277	35.7462	-3.470196	150.0	150.0	87999	89.09231	22.280045	192.40291	45.723736	-90.6398	9.601005	610.0348389148712
81	17.19927	14.9466	45.51903	-8.175724	3.0713906	7.2858677	16.628702	-11.4683895	150.0	150.0	89099	90.690025	24.974874	210.52687	48.076897	-92.29875	9.167223	618.1480226516724
82	1.5501219	12.752039	19.966871	-21.56221	4.7272186	11.885288	22.110638	-16.833897	150.0	150.0	90199	92.30344	26.725275	236.78027	49.609207	-93.58662	8.145603	625.8116252422333
83	0.25005722	12.640865	16.548748	-18.406555	5.9221716	13.394035	29.255304	-17.606546	150.0	142.2	91299	91.89708	26.543085	243.50174	40.312305	-93.09831	8.891065	633.8777849674225
84	13.0215645	14.581215	40.721134	-2.167989	9.1045475	12.478348	30.191654	-10.918708	150.0	150.0	92399	92.16475	26.46152	245.46419	46.901035	-93.37693	8.632578	641.0166401863098
85	11.802344	13.676905	30.641426	-6.4105964	10.866425	14.1890545	39.96489	-25.745928	150.0	148.7	93499	91.12694	25.237293	253.26125	44.16377	-92.14151	5.8712482	649.0337634086609
86	8.051146	13.947791	35.421097	-11.305086	-2.873251	12.594697	17.436907	-36.605064	144.875	147.6	94599	88.44273	23.319658	243.12224	40.47569	-89.34091	5.3626337	657.2157323360443
87	1.6326048	19.581194	31.742418	-25.872675	-5.9325686	17.77185	20.586132	-40.949627	150.0	138.6	95699	89.12047	24.563839	244.79628	39.868904	-89.85975	4.1880875	665.3236787319183
88	-15.839006	12.78569	9.186217	-32.898533	-5.3004794	12.929195	9.675019	-42.492203	122.333336	130.2	96799	93.011	27.8264	249.27191	34.197384	-93.699646	8.371061	673.1815438270569
89	-0.22694151	7.974615	7.671416	-18.687445	0.14730167	12.490164	39.846924	-18.930952	150.0	146.25	97899	94.8532	31.214422	252.87422	30.604626	-95.66244	12.594197	682.065910577774
90	-10.863837	10.916219	-0.57168174	-28.394903	-8.9829235	17.733242	23.777534	-46.788357	140.375	132.65	98999	95.27086	30.044506	242.70041	29.21406	-96.48815	13.019407	690.2330491542816
91	-0.26921654	18.724178	25.659227	-29.244785	1.222419	11.041747	18.367569	-30.174553	144.875	150.0	100099	96.67621	28.94632	230.78386	35.58706	-98.06127	15.811401	698.6220967769623
92	-12.552591	11.011951	5.8608913	-30.198435	-2.5088081	10.619751	16.097973	-32.11187	131.625	134.4	101199	99.1804	28.867228	249.63844	35.158432	-100.24456	20.190018	707.0287339687347
93	-9.894478	14.570438	9.089875	-34.797234	-11.044765	14.40346	15.822981	-43.47665	141.5	143.2	102299	100.52677	28.127464	284.33698	32.03181	-101.48652	19.857027	716.3375089168549
94	-10.401373	11.426033	7.153266	-34.682156	-8.873037	13.324234	12.39877	-39.61281	140.625	126.2	103399	100.43874	27.78165	285.88443	36.231827	-101.52783	20.113747	724.084775686264
95	-12.167016	13.142368	1.1919547	-41.10722	-7.7512565	16.690527	25.717585	-35.130356	124.5	131.7	104499	99.24097	26.409176	286.7039	27.074263	-100.73953	19.951183	731.777984380722
96	-2.966505	21.853775	29.711996	-36.270466	-3.798669	17.699673	22.622805	-57.183624	144.625	143.3	105599	98.52459	22.459652	193.9853	54.57257	-99.914345	17.549866	739.3707542419434
97	-10.89476	12.420652	1.9516977	-40.34222	-11.67555	13.439561	7.5315228	-36.80769	134.625	127.6	106699	99.313644	22.640081	248.85689	35.528015	-100.7222	21.255802	746.8435339927673
98	-8.280714	16.76559	25.651558	-36.11596	6.3679094	12.8607025	32.028263	-14.037652	137.0	146.85	107799	102.654205	23.4017	182.28244	42.811123	-104.326935	23.522066	755.9162046909332
99	-1.8251308	11.995138	17.221066	-22.862143	0.5053296	12.95893	23.763569	-20.851355	150.0	143.9	108899	105.36024	24.05768	219.23965	35.813965	-107.267685	26.969791	764.0554180145264
100	-0.5088365	15.890282	26.760054	-19.613361	-0.9045315	8.858406	13.935803	-21.691055	145.25	150.0	109999	107.33229	27.063765	220.29424	41.902664	-108.91052	30.121954	771.8826808929443
101	0.7854383	11.629694	23.801271	-11.566224	3.0486112	19.088194	31.17382	-32.08395	129.625	142.6	111099	106.89073	28.574915	262.85056	23.492018	-108.33513	25.956907	779.8492891788483
102	-10.064022	17.663599	5.4421096	-53.245567	-0.299364	10.383431	21.241537	-23.819338	147.125	143.05	112199	108.12013	27.67913	235.82922	38.59021	-109.53324	23.386663	787.3812384605408
103	-3.8477573	9.230102	14.186608	-14.268196	12.9709015	15.042699	33.534298	-27.392673	136.125	150.0	113299	107.50843	25.890696	224.59268	29.657032	-108.76425	24.166294	794.5196580886841
104	4.7401247	9.646351	18.275566	-10.673216	-2.6744752	18.473999	25.30053	-36.019115	144.375	137.2	114399	106.96076	23.52266	204.38925	14.7852545	-108.59632	21.289946	801.4535779953003
105	-19.437714	15.073865	0.19658169	-45.201538	-4.9937234	15.016206	32.74615	-23.911196	140.71428	136.7	115499	105.323685	22.436874	218.92355	7.0688486	-107.02829	19.015715	809.513671875
106	5.408373	11.567827	23.166697	-12.198116	4.369538	8.231895	17.131964	-11.469441	137.875	141.35	116599	106.38057	23.419064	257.91635	26.382313	-108.00844	16.963444	817.6069161891937
107	-9.625982	8.545667	1.4736454	-22.046732	-0.07969954	9.851507	17.177721	-24.797405	150.0	141.75	117699	106.61171	24.996714	194.63031	19.66075	-107.91419	14.204375	825.6891901493073
108	9.29239	9.234801	24.022709	-1.7979363	-4.0608797	9.05371	14.486194	-22.279495	150.0	138.5	118799	107.798515	27.55031	217.38336	6.816321	-109.40072	11.394061	833.6100468635559
109	-6.8310494	8.315208	2.70676	-24.69347	0.92203903	13.775359	22.470776	-35.239086	143.0	143.8	119899	111.0167	29.633507	222.8322	-1.6051114	-112.4981	10.078166	842.7876636981964
110	3.9457376	11.336881	21.439407	-8.128002	-0.018716192	11.536526	25.485493	-18.001223	150.0	150.0	120999	116.03223	28.13019	220.5872	-5.932192	-118.7147	10.123252	850.6529972553253
111	-8.140809	10.136298	13.439806	-21.981377	-6.044017	8.456312	11.503245	-19.705513	129.625	134.95	122099	125.16451	24.37168	219.57707	-8.189612	-128.08925	11.376364	857.7109410762787
112	4.175682	11.058962	26.975548	-10.207113	-2.1388087	9.25446	13.48767	-18.334084	150.0	146.1	123199	131.00186	23.429235	238.421	6.1634192	-133.3451	8.610272	865.2238991260529
113	5.3309646	16.9551	37.712162	-14.6867	4.5228767	10.507033	23.846254	-16.955626	150.0	147.25	124299	135.04794	23.835756	245.55524	1.4097288	-137.7126	8.722265	873.4548320770264
114	6.0154576	9.674122	22.919296	-8.660106	-1.3748288	12.536063	23.006311	-27.503868	150.0	150.0	125399	138.61473	22.375778	239.7796	-4.913928	-140.38889	5.1458077	882.0650622844696
115	9.847291	16.320448	37.2322	-10.270894	10.423692	8.616764	28.89119	-7.781846	150.0	150.0	126499	137.84581	23.69399	243.38574	-14.9978075	-139.709	5.5242	890.1715884208679
116	7.442845	12.858577	29.778181	-4.9665136	12.360029	15.301908	44.502266	-22.567993	150.0	146.05	127599	138.19707	26.051859	245.31662	-17.053988	-140.01694	6.5023856	897.8187866210938
117	13.324864	11.434905	28.372305	-4.991224	11.000078	8.2207985	31.615282	-0.7633628	139.625	145.55	128699	139.93326	27.488815	275.4404	29.865627	-141.80228	7.1366158	906.7623417377472
118	20.676859	13.815977	44.255917	2.0945761	10.898827	9.357073	29.864752	-3.0909975	150.0	146.05	129799	140.53127	28.847021	262.03833	33.646263	-142.13023	8.99524	915.4378321170807
119	9.09712	13.843399	30.173733	-17.37797	8.692719	10.832802	24.113354	-14.729287	131.11111	145.85	130899	138.53918	28.198898	266.40466	79.89361	-140.20117	15.215421	925.4132690429688
120	2.396145	15.117376	28.600275	-13.575598	5.0720925	10.019458	26.68752	-13.845231	150.0	150.0	131999	139.42522	30.092554	286.75952	80.999245	-141.28297	14.74857	934.9024238586426
121	11.3228035	10.099218	22.848568	-7.265891	4.7125793	14.893766	30.664274	-32.46378	150.0	150.0	133099	141.94838	34.195683	282.2156	53.326645	-143.61461	10.301408	943.6035623550415
122	3.560015	22.778353	27.829063	-45.152374	5.028323	14.224764	40.155045	-19.565992	138.71428	140.05	134199	142.72093	35.538933	286.5022	36.856773	-144.26419	10.11366	951.9857325553894
123	-3.856836	14.43598	22.832428	-21.037577	3.057445	12.159029	22.537222	-19.664236	128.44444	145.05	135299	142.10101	36.10557	299.3151	16.89188	-143.32906	12.4520445	960.8226139545441
124	7.138251	15.988903	33.636425	-12.578836	8.338283	13.45565	36.785267	-14.480887	150.0	146.1	136399	140.51057	35.037888	331.9557	1.0945811	-141.67798	15.7449465	970.3952693939209
125	5.747637	15.28806	26.14724	-23.519781	2.5532756	7.736528	22.958107	-11.962412	150.0	150.0	137499	143.08038	37.720425	334.81375	-9.003928	-144.22035	14.720261	979.5743472576141
126	14.846259	14.43372	43.143917	-7.090877	4.161124	10.687995	23.011595	-20.870317	150.0	150.0	138599	148.48434	41.89251	323.40494	-9.711459	-149.72827	15.927021	987.7368185520172
127	4.3163686	17.197523	29.055473	-25.471886	4.941592	19.99708	42.847492	-46.05682	143.25	142.6	139699	148.54523	40.68272	311.33743	50.739426	-149.76129	17.371353	996.450389623642
128	2.4859293	13.426223	16.778456	-24.71348	6.445484	13.529519	35.49455	-20.314018	141.57143	136.65	140799	145.81726	36.34117	304.42133	46.86265	-147.61877	25.655037	1005.3876161575317
129	5.015007	14.396199	23.401434	-26.320219	2.001733	10.882656	22.962618	-19.523632	141.875	128.6	141899	150.03542	33.272152	282.48364	41.16591	-151.77032	28.251335	1014.6996245384216
130	10.150427	9.012454	23.868475	-0.6173551	14.229968	10.747982	39.41648	-3.451822	143.75	146.85	142999	155.79414	31.858856	295.28903	38.30766	-158.46977	28.38256	1025.6710591316223
131	18.972816	8.826949	30.089228	0.46609712	5.690742	10.130124	25.585033	-10.882517	142.125	140.25	144099	157.84286	34.160744	302.4866	64.292534	-159.24661	26.872036	1033.468694448471
132	1.7260498	11.477387	29.077482	-8.470293	5.21552	16.440588	34.25518	-28.909914	135.25	136.2	145199	155.65402	30.71576	296.6809	67.00539	-156.98447	21.31653	1041.3722953796387
133	4.8491287	6.624106	12.461466	-7.734092	3.0731852	10.539047	26.030806	-18.445698	141.0	147.45	146299	149.49966	28.217081	286.70755	51.719124	-150.63979	19.801535	1050.3130459785461
134	1.3419592	15.606297	26.525387	-24.800323	4.521376	14.568177	29.995228	-34.58276	122.44444	141.7	147399	147.03896	29.635275	298.03195	21.884438	-148.54926	19.954393	1059.1545586585999
135	5.7601295	7.9933357	21.314535	-3.6903102	4.684804	13.558103	34.532543	-21.741177	150.0	142.65	148499	146.64131	29.812632	299.33896	-2.1978137	-148.76764	19.248737	1067.0662395954132
136	8.017464	11.86173	28.504602	-5.928085	4.0152717	12.194702	25.392075	-23.580427	139.5	127.7	149599	148.85497	30.062101	285.82254	-6.3227797	-150.54236	17.255905	1075.496500968933
137	3.9608986	9.9346285	22.538935	-9.748025	7.6878395	13.85483	33.30338	-21.680485	141.25	134.5	150699	146.98798	30.839134	327.62134	2.4624472	-148.68843	17.678558	1084.0575222969055
138	4.3729053	6.6404333	12.720745	-4.727449	9.577841	15.517743	42.13738	-21.86088	140.85715	142.05	151799	147.01993	30.760683	267.47095	-0.9623771	-148.87085	16.085648	1093.7640388011932
139	7.067103	10.182651	29.89374	-7.3766017	12.159344	14.592483	40.633793	-4.171112	139.0	150.0	152899	151.20729	34.3656	345.17795	-1.7821996	-153.10759	23.84677	1103.57533121109
140	8.383126	25.115877	42.006107	-37.434967	7.865983	17.378714	41.004494	-34.529533	136.5	146.3	153999	151.9298	34.973236	307.75677	-5.5959806	-154.21094	21.803984	1111.690716266632
141	4.441225	23.430607	42.725197	-30.614355	9.025732	14.380326	37.408077	-18.213396	150.0	150.0	155099	153.63206	35.744354	339.26004	0.42818308	-156.15816	23.527645	1121.8404729366302
142	10.405023	11.946236	28.101273	-8.514957	8.088751	13.338741	46.79036	-11.484719	150.0	150.0	156199	155.71678	37.03714	359.95007	32.559948	-157.77744	17.653778	1130.7294719219208
143	10.567375	10.327939	25.315504	-1.5918958	5.3045206	13.220897	37.115604	-12.311231	140.5	133.6	157299	155.99606	38.4248	369.40604	27.149315	-158.1146	22.990437	1139.4194505214691
144	-0.61719394	13.394037	30.237942	-12.482298	9.9323845	16.310446	40.97189	-9.370263	139.0	145.95	158399	162.07915	43.790752	363.44418	33.087536	-165.54643	28.345436	1148.3710129261017
145	9.286276	14.719861	34.00098	-10.272296	9.8997755	11.16355	39.004322	-2.5663917	150.0	150.0	159499	167.65121	48.422733	365.7278	34.14761	-170.1104	24.914354	1157.4251065254211
146	3.450605	15.216434	22.024542	-29.479729	8.014128	9.784543	29.03825	-4.5124464	140.0	150.0	160599	167.23143	49.110855	364.935	25.77705	-169.44687	22.852953	1167.2963798046112
147	2.1922586	10.22969	16.969242	-16.373041	5.4023094	11.284514	28.902693	-17.300339	150.0	150.0	161699	169.99324	47.727795	357.69476	20.85162	-171.8866	18.330578	1177.0834050178528
148	10.30661	9.151669	27.082527	2.6816556	8.932479	9.709522	28.649782	-7.3042502	150.0	150.0	162799	170.09917	44.13004	357.79593	22.887457	-171.80298	13.058647	1187.520913362503
149	8.620358	14.5230875	25.631989	-23.781176	13.931017	11.020283	34.0873	-20.224274	150.0	150.0	163899	172.13402	45.05368	360.08884	58.3014	-173.66925	12.856185	1197.2164483070374
150	5.531478	9.671004	20.56828	-9.080653	10.474383	16.738436	45.232155	-19.258228	150.0	150.0	164999	178.34314	48.60953	375.21027	59.113777	-179.97449	13.715818	1206.9859211444855
151	1.1377429	11.976199	15.066913	-17.525543	-0.1538393	8.786032	17.810541	-9.942053	150.0	148.25	166099	182.02963	47.876835	372.6005	80.25167	-183.51732	12.015759	1215.1421580314636
152	5.1416407	12.332451	21.480108	-14.982956	6.2937074	16.547087	37.713737	-24.585234	150.0	145.2	167199	185.60022	46.445263	360.96643	80.25097	-187.34384	9.61693	1223.6830515861511
153	-9.365486	9.635257	9.13716	-22.91049	-3.9746792	11.442589	13.632971	-30.542303	142.375	147.9	168299	188.75273	45.23896	345.48782	86.36639	-190.86699	16.794226	1232.9626548290253
154	8.895585	11.186294	27.592216	-5.6741037	-7.027662	14.11611	26.544268	-33.099976	150.0	145.85	169399	191.22942	47.57805	363.50323	73.03424	-192.73557	16.710152	1241.9907884597778
155	0.60749483	22.09961	36.43172	-37.95065	11.245483	9.068123	31.848421	-3.4676974	139.125	150.0	170499	194.73846	52.00394	416.53796	66.665565	-196.85373	23.251833	1251.0319180488586
156	7.605552	19.48963	49.75295	-14.054059	11.888813	8.075317	23.933834	-2.4918191	150.0	146.3	171599	195.14087	55.60858	429.49115	71.916664	-197.14122	25.733908	1261.4634087085724
157	-1.8246462	17.707829	29.290771	-39.181686	-2.4934993	13.063678	18.382767	-27.632792	150.0	147.0	172699	197.27603	54.70208	426.49875	78.55269	-199.41884	23.85415	1271.7602479457855
158	10.116785	7.284162	17.260517	-2.9796522	6.11065	9.8415575	24.569572	-8.850836	150.0	150.0	173799	201.00691	55.7007	489.9861	79.46208	-204.24944	30.78502	1280.992359161377
159	4.404072	8.17253	17.806633	-6.0430436	-5.7308774	8.37824	13.233405	-27.048475	133.125	135.5	174899	208.45314	59.889244	483.6561	77.363846	-211.11937	49.5197	1290.0018734931946
160	-7.121661	13.126044	13.197296	-33.0335	-7.6422334	14.618136	8.398013	-54.41251	143.375	136.9	175999	206.13976	60.24401	511.31985	67.18864	-208.75343	77.188576	1298.82253408432
161	-6.10886	3.6192	-1.873634	-12.347068	-22.68999	12.641605	-0.2207324	-46.322227	139.25	146.5	177099	206.97256	58.74731	431.2531	108.56216	-208.96634	82.00667	1307.717191696167
162	-26.31378	12.336361	-2.8695354	-43.139973	-9.327997	12.588776	13.813201	-35.63848	150.0	144.35	178199	206.35466	56.131927	455.19498	104.15234	-208.28583	71.76517	1317.5520317554474
163	-11.615517	9.923647	0.31212875	-25.029566	-13.058307	14.336913	28.826433	-34.398674	150.0	140.55	179299	209.33362	58.640896	457.57867	93.65146	-211.77724	67.66154	1327.1510286331177
164	-10.133647	13.731367	10.840039	-31.953672	-17.944334	16.134413	10.853706	-55.25042	134.77777	136.95	180399	210.6252	61.43909	470.61505	64.782974	-212.84233	77.76181	1334.5844795703888
165	-10.05876	9.700231	-0.014832076	-27.027275	-6.9895387	11.964525	17.927538	-30.802227	148.42857	139.45	181499	215.45363	61.754555	501.7501	45.302742	-217.9003	139.89056	1342.4871563911438
166	-1.3679934	12.402233	20.865793	-23.173634	-3.3526063	9.924174	26.036345	-13.6568	150.0	133.75	182599	218.37622	56.357193	458.93112	62.395008	-221.42429	126.021545	1351.1381618976593
167	-5.1735682	12.605649	2.7953706	-39.322144	-19.772755	19.415718	12.642369	-56.492653	126.333336	126.05	183699	224.5484	54.240856	449.10068	79.145485	-227.30167	104.29173	1360.8437778949738
168	-0.40466246	11.831981	13.353705	-25.81995	-8.470358	17.110653	19.418089	-39.444286	124.666664	137.75	184799	228.52252	49.48896	463.19876	70.23388	-231.55136	113.56911	1368.5524985790253
169	7.1650457	15.7777	36.701523	-15.280911	-10.824804	21.43843	25.856663	-53.376575	146.85715	134.8	185899	230.85315	49.451126	507.27322	62.48912	-233.34715	100.06639	1376.3555908203125
170	12.941072	11.067955	29.777481	-4.1549587	-24.105621	21.311079	11.6856785	-68.14796	150.0	142.6	186999	231.44481	52.293312	513.97144	31.470747	-234.24315	90.74587	1384.1580381393433
171	-8.437441	19.828129	36.51707	-36.01436	-6.3854117	24.589222	36.8173	-61.83576	125.22222	139.55	188099	236.71216	53.9556	570.2868	25.400166	-240.46631	96.22134	1391.4180059432983
172	-2.658484	18.891792	20.438871	-29.977165	7.1155806	8.18811	21.183218	-9.899818	150.0	150.0	189199	239.41624	56.855743	488.55328	57.10558	-242.65315	85.629555	1399.0374839305878
173	5.6724634	12.692968	27.301897	-11.001271	9.483866	13.588883	33.798477	-13.6941	150.0	148.3	190299	245.5451	61.13056	543.25665	14.066494	-248.71552	68.48666	1406.6325964927673
174	5.808228	13.680751	22.808987	-11.118834	4.1882963	9.065393	19.321712	-15.435567	150.0	150.0	191399	245.8318	62.1535	576.6668	-41.18461	-248.82104	69.15116	1414.0805768966675
175	-0.1453948	16.859184	26.616262	-33.731773	2.804027	15.251904	34.49845	-16.49763	135.125	144.1	192499	240.89468	64.36562	546.8738	-54.158367	-243.67159	61.48224	1422.0464520454407
176	-1.5004163	9.762648	12.669476	-19.870136	1.7226303	10.518333	32.04764	-17.981886	125.25	150.0	193599	235.38419	62.49643	530.94525	-114.88537	-237.5171	64.08348	1430.6685049533844
177	3.0867863	19.514544	25.235989	-40.243626	10.093838	14.340514	36.64112	-25.426243	150.0	140.9	194699	228.81485	59.31072	549.33997	-128.0268	-231.2612	83.55078	1440.1284370422363
178	1.9388773	16.910942	18.126371	-34.471016	2.8374534	10.151039	24.177402	-18.176886	135.625	143.95	195799	227.08455	58.527744	525.44464	-114.96352	-229.88548	98.90395	1447.8923780918121
179	8.20892	13.896461	28.068686	-8.426703	5.634923	11.293157	27.682114	-13.44077	142.5	144.1	196899	226.25543	57.611946	468.04614	-102.87477	-229.19969	93.01722	1456.202964067459
180	2.5403612	12.620415	27.66405	-15.172654	4.391347	12.556044	30.502333	-12.298619	150.0	149.05	197999	221.83807	56.650993	461.8335	-106.20739	-225.05815	83.98201	1463.830055475235
181	-5.8929267	15.242513	14.224018	-34.137936	3.1961138	13.298685	38.055798	-12.992407	142.375	150.0	199099	218.01364	58.726177	496.97372	-96.52461	-221.77559	74.18323	1471.4179666042328
182	5.1806493	14.688638	23.949173	-16.877333	9.135134	13.877832	26.621254	-21.708694	150.0	150.0	200199	225.05391	59.809044	513.7718	-78.272835	-229.59958	75.90742	1479.449473619461
183	8.323596	8.267141	17.0869	-6.903662	6.6013975	10.472011	27.05742	-8.560002	150.0	150.0	201299	235.63014	61.049675	520.2468	-83.31655	-240.53012	66.88238	1486.4364020824432
184	16.367577	9.377364	29.09242	0.6240102	7.561381	10.772699	30.932848	-14.271971	150.0	150.0	202399	239.88463	60.25929	523.1234	-97.71042	-243.72153	55.947685	1494.3853240013123
185	7.4496493	8.682594	26.6064	-6.60001	2.4406204	8.847144	18.842752	-14.591005	133.875	148.2	203499	238.49756	61.040817	561.29266	108.98478	-242.265	61.281994	1502.2385458946228
186	11.035589	20.194775	47.620167	-16.768045	2.2395246	10.587956	20.471811	-14.201267	150.0	150.0	204599	240.52867	64.14491	567.7609	122.46402	-243.48958	60.018024	1511.128041267395
187	-8.872065	29.402267	47.40812	-43.393288	-0.94147444	20.435759	35.631104	-56.17603	147.5	137.3	205699	244.80797	74.169014	645.66486	97.12716	-247.56487	66.88534	1520.6839463710785
188	4.7518454	19.85914	36.108604	-16.54376	-10.405882	15.093151	9.729861	-46.89239	150.0	140.7	206799	247.74767	77.03339	638.7121	119.9452	-250.3509	64.91347	1529.1047222614288
189	-10.260003	12.230515	5.8449683	-27.880743	-7.864366	20.181002	28.237434	-46.453148	139.875	134.25	207899	248.41722	79.89679	688.07733	104.300415	-250.77887	65.01234	1536.2476270198822
190	-13.319107	25.37289	22.812153	-50.853115	-11.6730175	21.915703	19.387651	-63.279327	135.75	137.9	208999	252.86322	85.261765	724.9519	124.95965	-256.09384	117.28261	1542.792712211609
191	2.6299999	15.490372	25.954512	-20.256945	-13.193991	16.269411	12.278953	-50.764214	144.25	141.65	210099	259.34595	88.33209	749.2708	137.90834	-262.93652	152.63756	1550.4165923595428
192	-5.325923	12.9910755	14.710901	-25.906446	-2.2789133	19.476252	33.386982	-47.587074	150.0	143.45	211199	274.7834	93.7917	780.2751	75.95866	-279.02612	187.1544	1557.065438747406
193	5.9165883	16.679462	29.578384	-19.654694	-9.102291	11.862204	19.767714	-33.664623	144.25	134.85	212299	285.79703	96.03574	789.90283	107.97513	-289.90988	152.63771	1564.0200176239014
194	-13.11185	14.434863	13.585737	-37.319984	-2.1004136	13.619019	24.729643	-22.987143	122.55556	139.55	213399	285.0738	95.78094	787.56995	38.93226	-288.75684	139.53227	1570.613444328308
195	-7.4854364	11.928781	12.839307	-22.099749	-2.6041462	13.148778	24.543541	-23.415474	138.42857	130.2	214499	288.97498	98.96789	834.4701	35.337128	-293.69476	143.80534	1577.9531433582306
196	-3.7398095	11.110081	15.9630785	-19.776993	-7.375472	18.137781	30.29718	-46.219803	140.0	129.9	215599	290.9036	103.09308	872.8308	48.27245	-295.02524	198.47604	1584.9897532463074
197	-5.4128404	14.540608	20.677807	-30.614033	-2.1740282	14.759746	25.863403	-28.673056	119.77778	147.75	216699	295.58463	101.71707	874.4415	39.495197	-300.2837	359.28494	1592.2259879112244
198	0.5750537	8.920385	15.563327	-10.279991	-1.3521813	12.891979	21.430061	-26.155626	136.44444	142.2	217799	301.2491	102.47712	794.0396	65.40947	-305.89297	384.02737	1599.773963212967
199	-1.5655105	14.911313	21.263912	-24.779003	-12.122779	20.631165	31.373257	-56.174377	134.375	132.35	218899	308.0482	103.81653	778.4414	29.710335	-312.19678	414.76172	1607.9522066116333
200	-1.9856766	19.308895	18.882341	-43.682495	-2.5729852	25.371473	46.971672	-57.699833	141.28572	140.85	219999	307.34314	100.18702	708.412	25.894753	-312.0068	391.54306	1616.4950714111328
201	-10.840284	25.639187	20.67274	-64.428825	-8.254488	20.276882	29.60225	-55.586746	127.77778	124.25	221099	317.22943	96.4449	705.2775	57.79525	-322.58386	400.90323	1623.2441537380219
202	-19.949179	24.437449	5.2399755	-78.18804	-11.216495	22.751854	38.999496	-50.729317	110.5	134.25	222199	330.64273	91.456116	675.4943	109.31065	-335.74216	393.88995	1631.1308002471924
203	-16.298727	27.390285	14.586893	-83.93719	-12.124062	20.715506	26.44501	-58.189465	128.44444	125.2	223299	334.17914	87.86334	634.8816	71.73942	-338.0092	333.5972	1638.606547832489
204	-11.656824	15.291694	8.024786	-40.232765	-15.800055	21.674833	30.076517	-55.065178	111.4	123.2	224399	332.01825	86.295525	615.3327	5.15064	-336.02652	317.98914	1646.5218284130096
205	-14.535612	17.604641	5.67674	-50.941593	-11.487757	16.146667	17.766893	-48.41569	139.85715	126.9	225499	333.5532	79.94143	574.3301	-4.664958	-338.6159	293.72272	1654.9347975254059
206	-24.87274	25.091408	18.137894	-61.71273	-17.520535	19.2681	17.759676	-49.04353	140.5	119.45	226599	343.78995	78.93799	594.6014	0.7383175	-349.03918	262.18683	1663.9740397930145
207	-12.249025	18.06734	30.869822	-27.381178	-5.822133	14.47695	17.453888	-25.977713	150.0	128.05	227699	350.48883	78.9779	584.4932	19.107533	-356.52402	235.6454	1673.6057739257812
208	-20.479542	18.526056	12.689955	-48.60609	-3.8466454	12.787339	20.71695	-35.926136	133.5	144.5	228799	360.76828	84.095146	574.93506	27.52271	-366.95786	219.9594	1683.1597628593445
209	-5.6539726	14.369084	19.510036	-25.961052	-1.8069426	15.185098	25.22598	-35.18201	128.75	137.95	229899	366.5621	88.12989	596.4732	66.638405	-372.03696	214.66731	1692.2599747180939
210	-5.118456	16.73622	23.00911	-37.363075	-5.511232	15.050375	24.591476	-39.464287	150.0	143.0	230999	372.44803	95.74833	673.5273	55.516922	-378.85568	208.49387	1700.546949148178
211	-6.7885327	14.605951	14.314858	-31.414162	-10.684322	15.326768	19.354332	-37.251606	136.0	135.7	232099	381.11734	98.658066	658.2125	57.014103	-387.43118	199.18852	1709.0772688388824
212	-26.56352	21.91853	-0.04551429	-52.556965	-28.454351	19.830982	6.075958	-78.324776	141.14285	125.15	233199	388.7066	98.672585	725.1751	66.222496	-393.90637	164.7094	1717.36106133461
213	-22.761436	12.256809	-2.5198758	-43.52056	-25.209171	24.009567	30.118515	-56.977077	113.4	123.0	234299	393.9627	101.95989	822.342	67.39917	-399.04575	245.39554	1726.3786480426788
214	-25.178596	21.368954	10.1516	-58.420853	-15.791647	15.718467	22.494755	-40.763824	125.44444	115.55	235399	392.7942	110.494225	770.158	40.76588	-397.24896	239.45932	1735.2783982753754
215	-19.103756	10.508234	-7.5649357	-44.271767	-4.565565	11.717553	20.486769	-31.166012	129.125	141.9	236499	384.65765	109.487274	753.2972	23.52449	-388.70285	226.10231	1744.5506446361542
216	0.8345678	18.066813	33.295433	-21.758455	-1.8279951	17.631504	31.636204	-30.524605	145.625	144.3	237599	387.7209	114.811714	762.98926	-9.721221	-392.96323	217.01009	1753.5504472255707
217	-3.9356437	9.968178	15.372756	-23.040312	-16.910816	20.169561	13.307231	-56.14012	134.75	137.95	238699	396.0474	118.648	760.63074	-6.596403	-401.0565	218.63196	1762.3576440811157
218	0.7760097	14.544326	20.965261	-27.636988	2.1224983	20.440529	38.1144	-47.5969	123.22222	146.65	239799	397.78894	118.31101	782.9132	-19.448128	-403.58322	267.73752	1772.5501627922058
219	2.1769404	18.217213	30.246616	-23.829573	-4.0176105	16.155722	16.806337	-44.467186	139.0	134.75	240899	405.59024	124.38908	869.9241	-109.360695	-412.43527	288.12	1781.1378540992737
220	-4.6667867	15.508544	19.745462	-28.770468	-3.0687351	13.50399	20.09588	-35.681934	122.888885	126.0	241999	413.56784	123.432945	876.3893	-148.39772	-420.1059	317.27954	1790.2322716712952
221	15.4500885	11.7751465	34.49455	-0.31450775	2.505425	21.936317	41.64104	-37.38925	143.0	143.45	243099	416.62036	116.99319	878.8315	-153.88559	-422.32916	289.65033	1799.848567724228
222	9.655577	17.82362	47.79687	-6.4201493	14.530477	13.878465	41.677063	-9.236981	150.0	142.65	244199	416.8152	116.625175	879.7925	-71.42919	-421.6213	202.84671	1808.1577973365784
223	2.4802415	12.961459	23.726566	-16.273968	19.98537	13.825471	42.471848	-13.182368	150.0	150.0	245299	416.4753	117.7976	878.10284	-74.77519	-421.40836	163.19519	1815.463746547699
224	12.394669	6.6940227	21.285969	3.473813	6.7692976	14.700025	33.260284	-17.256716	150.0	150.0	246399	415.70563	112.046074	866.75757	-82.66666	-420.15012	152.63011	1822.8957216739655
225	11.891194	18.227392	41.010883	-22.977873	10.967211	20.899832	48.36892	-24.29671	150.0	145.6	247499	415.79272	101.08336	832.26904	-73.23264	-419.5779	122.073166	1830.0238840579987
226	10.765378	20.021267	43.525642	-13.045121	11.154931	15.435775	35.51615	-20.94735	139.375	145.65	248599	411.75723	83.72896	779.50336	-50.272503	-415.43652	119.96895	1837.1493320465088
227	12.158682	11.62251	33.064583	-11.822102	3.960904	12.068867	40.100163	-10.69766	139.125	137.25	249699	400.4833	72.206985	782.2669	-14.168999	-403.95074	94.1712	1844.6114971637726
228	0.9534882	8.155389	13.515533	-10.099405	5.6285906	10.101581	22.249262	-15.950625	130.75	141.85	250799	387.62634	59.874893	732.13214	33.505726	-390.2306	74.896095	1853.0257081985474
229	3.0802755	13.472935	34.716164	-7.313202	4.523933	12.927085	26.901247	-16.346107	150.0	142.3	251899	376.61957	57.12596	684.54987	98.73197	-379.03873	78.32129	1862.2954530715942
230	3.3397155	8.896704	18.786264	-6.8144155	2.7070618	14.103101	29.191696	-18.764505	150.0	146.0	252999	375.3077	62.063404	731.90125	97.45395	-378.66568	67.749725	1869.7430748939514
231	-5.33616	9.637045	13.828436	-18.176035	-10.711304	23.468401	42.41381	-64.77415	139.875	112.7	254099	376.69635	69.920586	762.2149	90.89864	-381.7032	116.15497	1877.5693299770355
232	-7.2241187	15.512714	16.879242	-39.22505	1.320418	13.577293	26.56309	-28.530064	133.25	135.85	255199	386.84885	74.34827	800.94	69.70712	-391.52087	183.2534	1885.6033143997192
233	5.833088	17.385572	26.273973	-26.13292	0.6970475	14.726751	25.322798	-28.37965	141.375	145.2	256299	397.09457	71.99046	820.9255	72.46456	-402.2104	231.25055	1894.2900967597961
234	6.7163024	11.727743	28.319279	-11.831223	8.279024	15.080049	32.797886	-20.476677	140.5	146.1	257399	405.91843	68.61242	788.74854	111.1968	-410.40927	216.02493	1902.9726195335388
235	6.252375	14.971795	34.18141	-19.803192	1.0048234	11.632055	26.641724	-22.25051	150.0	138.5	258499	405.87112	66.45033	725.9837	109.228935	-409.31375	220.38358	1911.3504252433777
236	6.978203	6.282816	20.016378	-0.7901139	3.552528	12.64751	27.69142	-23.051846	129.125	146.05	259599	404.7126	68.803024	697.97815	159.29865	-407.89465	218.67764	1920.1017167568207
237	6.0399914	17.386662	33.51913	-19.574657	8.214071	14.663533	43.084114	-17.631472	150.0	150.0	260699	404.2787	65.7979	687.15466	156.99387	-407.6663	202.23735	1928.8403053283691
238	12.99196	17.224518	41.280052	-12.551144	8.66596	15.4505	47.245136	-14.40476	150.0	150.0	261799	401.68863	59.905556	669.71295	96.50024	-404.93942	157.54327	1937.6371552944183
239	16.085768	10.436928	31.656164	-1.2543559	4.1845074	17.994661	35.43586	-23.986633	150.0	141.85	262899	393.6696	56.63129	633.9773	43.835243	-396.77335	124.08546	1945.7825248241425
240	8.719505	16.982582	32.287434	-21.342312	1.2558075	16.225033	25.253906	-35.413803	150.0	138.6	263999	389.56274	57.08132	809.40576	40.70594	-392.6409	81.63896	1953.9300446510315
241	4.3551693	10.774879	19.124977	-14.695891	1.8912823	12.054658	25.778381	-21.013899	123.666664	134.5	265099	386.57596	58.66754	591.7148	70.16918	-389.73853	107.857925	1962.1843662261963
242	-1.8778372	9.412324	11.776036	-12.415298	9.29763	11.589697	34.072353	-6.3050084	150.0	146.15	266199	382.4148	58.19214	572.27673	40.84814	-386.5418	87.0388	1970.1120300292969
243	7.9431114	19.239298	42.242825	-11.236889	12.400046	14.548728	37.43353	-12.509723	150.0	150.0	267299	380.14975	56.455112	593.5694	56.8041	-383.48984	84.60551	1978.2491936683655
244	6.878997	11.263258	26.384659	-12.956346	3.2736893	13.30518	31.098452	-18.035248	143.875	139.35	268399	370.68335	56.65171	597.8485	68.32567	-373.53644	76.490425	1986.2294209003448
245	11.950219	11.156264	21.05454	-13.202248	13.881514	13.041743	46.856148	-4.4001136	150.0	145.85	269499	367.59985	55.02323	617.94507	74.10582	-370.61682	94.470276	1993.8126602172852
246	12.873665	8.0259075	22.608656	-0.06749272	5.3796654	13.445334	32.707596	-27.244581	150.0	145.8	270599	358.87088	54.943584	750.62164	76.09459	-361.2294	80.94473	2001.3455610275269
247	3.7961295	13.147196	35.47855	-12.228771	1.9554865	16.840576	32.27889	-26.766342	138.5	137.65	271699	347.51694	53.25988	684.847	112.455635	-350.02917	83.16983	2010.0850400924683
248	10.251288	13.934419	35.18947	-9.652375	5.2493773	13.295708	26.159285	-20.117437	150.0	150.0	272799	339.7436	51.624672	601.3822	125.58119	-343.0414	74.98127	2018.276479959488
249	7.776397	10.445562	26.551655	-7.450912	4.705448	11.436025	34.21547	-13.389882	150.0	145.7	273899	342.66483	55.51301	586.579	215.37187	-345.77017	51.018475	2027.0087139606476
250	-1.3989044	10.455168	10.297628	-23.475744	-2.3033457	12.27568	14.622003	-22.624187	131.77777	123.7	274999	340.4991	59.524555	568.7727	189.61607	-343.64505	68.359474	2035.6502528190613
