Epoch	AverageEpRet	StdEpRet	MaxEpRet	MinEpRet	AverageTestEpRet	StdTestEpRet	MaxTestEpRet	MinTestEpRet	EpLen	TestEpLen	TotalEnvInteracts	AverageQVals	StdQVals	MaxQVals	MinQVals	LossPi	LossQ	Time
1	-126.21295	51.89926	-78.323105	-206.8227	-28.064692	7.033666	-10.909142	-38.120777	263.75	58.45	1099	-0.64013886	0.75525117	20.760048	-18.960772	0.5709771	0.613223	0.9446771144866943
2	-64.8316	32.66586	-24.59445	-106.836586	-18.176151	6.20873	-7.497844	-28.820341	200.6	46.55	2199	-1.6830833	1.0044246	2.5582242	-9.601158	1.6522405	0.045373376	7.820559501647949
3	-139.66147	85.72755	-53.619907	-281.06638	-22.606834	5.641653	-8.472205	-33.493874	273.0	52.45	3299	-3.4607308	1.7354654	6.494366	-9.230498	3.4181976	0.110757515	12.232014656066895
4	-103.67189	21.598097	-73.52074	-130.74435	-17.53035	8.302833	0.7829349	-31.339205	248.4	52.55	4399	-5.1378813	2.5240786	1.6361085	-12.354658	5.087068	0.24193165	16.63254976272583
5	-66.878746	19.941809	-40.42561	-98.46434	-20.941898	7.1279945	-6.4837637	-32.78911	152.71428	52.2	5499	-6.9823017	3.3523476	2.6891305	-19.567879	6.94266	0.55020136	21.161999940872192
6	-79.476006	22.182896	-50.722775	-121.618385	-22.386219	4.847433	-13.560588	-31.215109	173.83333	51.7	6599	-8.526246	3.83132	4.8719893	-21.840157	8.479629	0.7857876	25.718387842178345
7	-56.085476	21.928986	-30.16118	-97.63777	-20.114246	7.324856	-4.701306	-28.868694	171.83333	50.9	7699	-9.838395	4.3974705	1.7716494	-23.824404	9.783167	1.0696446	30.263513326644897
8	-78.75671	35.618515	-31.484926	-135.7231	-19.998161	6.535843	-8.931575	-30.924768	194.0	51.7	8799	-11.099173	4.7670507	0.6064474	-26.727442	11.042911	1.3002278	35.356064796447754
9	-102.22729	18.16636	-75.98529	-128.75288	-17.889282	5.935327	-2.075554	-26.279491	194.16667	51.5	9899	-12.307764	5.086732	0.77560294	-29.486732	12.257573	1.4419433	39.96178412437439
10	-86.067535	32.508877	-42.49288	-137.70334	-19.233944	5.655592	-8.128005	-30.49296	212.6	52.2	10999	-13.519271	5.2707047	1.2762923	-30.949705	13.456611	1.820166	44.25071716308594
11	-69.32852	21.862642	-43.214226	-95.1283	-20.042423	5.495241	-12.9415245	-29.154	167.33333	49.6	12099	-14.343189	5.4031196	0.0192976	-32.0946	14.2721	1.8910651	48.10784387588501
12	-70.62482	24.718552	-33.45352	-98.3617	-16.657139	6.5429206	-4.7212224	-25.663372	239.75	51.1	13199	-15.055352	5.4995003	2.2908638	-32.981407	14.993734	1.9891782	51.95952868461609
13	-128.74258	64.68466	-41.450638	-203.28828	-34.812042	10.577739	-21.251736	-71.341484	305.0	90.6	14299	-15.780571	5.6298985	-0.33570743	-34.88914	15.686556	1.9676895	56.50871706008911
14	-76.966995	29.777067	-32.474068	-117.14915	-59.294544	23.078062	-23.3614	-99.284355	173.28572	163.95	15399	-16.231668	5.557445	-1.7398508	-34.20309	16.09975	2.037183	61.8128981590271
15	-135.73952	30.30284	-104.26239	-176.66312	-70.777306	36.858177	-20.852428	-175.83966	297.0	160.7	16499	-16.41522	5.6101637	-1.3804878	-34.073643	16.280575	1.9937273	67.44420266151428
16	-56.912178	50.390476	-12.941891	-186.96913	-29.868225	14.591444	-9.216964	-62.663242	134.4	67.1	17599	-16.706438	5.4823155	2.7508464	-32.461952	16.581402	1.883671	72.77069926261902
17	-26.810762	7.0591865	-14.630409	-41.79503	-33.00808	10.170773	-9.489466	-56.00605	62.055557	74.05	18699	-16.660942	5.1635933	0.8314682	-31.151115	16.540064	2.0044754	77.73680925369263
18	-31.998528	19.192245	-6.331231	-91.08106	-27.75241	8.77735	-9.383019	-39.933628	69.0	69.8	19799	-16.729319	5.100371	0.5218942	-30.577068	16.614435	2.0922456	82.21294617652893
19	-23.208761	11.715233	-2.937983	-47.106007	-19.871716	6.031382	-8.309612	-29.137861	57.42105	56.1	20899	-16.706867	5.1141596	0.52084756	-30.225851	16.59259	1.8798333	87.03936672210693
20	-23.080523	10.883095	-6.64216	-45.239662	-20.73898	10.048905	-2.997131	-43.14569	56.25	55.95	21999	-16.544273	5.1180763	2.1784472	-30.262054	16.407648	1.6299407	91.3680350780487
21	-24.574146	9.904531	-8.866492	-42.993465	-22.015041	8.901596	-2.781333	-36.31605	57.736843	54.6	23099	-16.318975	5.218265	6.0238743	-30.46413	16.167528	1.4580632	95.80369091033936
22	-27.453722	6.171736	-14.512236	-42.527237	-19.094002	7.3160896	-7.605372	-34.220196	55.31579	57.35	24199	-15.926583	5.295625	8.754544	-30.588337	15.7621	1.2956406	100.49334073066711
23	-21.790815	7.745116	-4.3150997	-35.054653	-18.184904	5.911901	-9.026698	-33.357307	57.2	55.2	25299	-15.257869	5.367744	10.504776	-30.49947	15.08663	1.2540354	105.64145994186401
24	-18.27895	9.13365	-5.6401424	-36.49157	-18.097658	9.305543	-1.4897492	-34.87016	55.31579	56.5	26399	-14.528808	5.497574	11.375605	-30.537575	14.352216	1.1804569	110.34531855583191
25	-21.434006	10.274115	-7.221944	-48.333828	-24.081814	14.328172	-5.674153	-59.856823	63.61111	113.15	27499	-13.803798	5.617489	11.735362	-30.233536	13.630923	1.0880573	115.51287889480591
26	-20.07587	10.208296	-6.5284843	-40.826538	-22.056171	11.011048	-1.7868117	-55.59428	61.533333	74.35	28599	-13.16314	5.57434	11.199099	-29.345531	12.988367	1.0002078	120.23410391807556
27	-31.871502	30.075771	-10.826073	-120.37807	-24.66165	34.024	2.0332565	-165.27647	115.36364	75.0	29699	-12.288034	5.514821	10.625962	-28.529999	12.120969	0.9450908	124.68121886253357
28	-23.550213	7.6253595	-10.45661	-35.089725	-21.398283	6.5042343	-11.78011	-37.205902	63.941177	60.9	30799	-11.444816	5.4484	9.297964	-25.485125	11.28231	0.83180714	131.36483645439148
29	-18.44173	8.263465	-4.713397	-35.126667	-20.127596	9.976134	-1.6058985	-41.14905	59.57895	60.1	31899	-10.671337	5.3235707	8.203241	-24.810806	10.507509	0.815782	139.2351531982422
30	-21.399103	11.811512	-4.5906506	-56.282497	-22.895588	7.5261	-8.953893	-37.65845	68.75	57.5	32999	-9.988221	5.163613	7.054777	-23.693401	9.831261	0.7830236	144.75324392318726
31	-16.49633	7.663582	-3.4239876	-34.576546	-17.951195	8.465837	-3.3983774	-35.471184	58.210526	58.45	34099	-9.425083	5.098456	6.0332017	-23.585104	9.274926	0.74774903	150.32094740867615
32	-21.201704	9.143192	-7.810736	-35.504414	-20.942123	7.5686164	-7.7300053	-32.043655	60.411766	58.3	35199	-8.826527	4.9722233	4.8930955	-22.8973	8.691388	0.69512457	155.81333780288696
33	-21.904297	8.720369	-4.925021	-36.07229	-18.414703	8.053091	-4.6528106	-31.642553	63.5	62.75	36299	-8.380273	4.943276	5.3185945	-23.947336	8.245754	0.7043493	161.08650875091553
34	-17.776104	6.6875243	-4.708976	-32.140774	-18.246922	8.682141	-5.4824076	-39.77853	65.0	63.55	37399	-7.969502	4.8390136	5.7383595	-23.300533	7.8397665	0.6887861	168.03474497795105
35	-20.205711	11.494609	0.031017782	-40.9936	-18.38907	8.655022	-8.015034	-35.754654	68.1875	66.4	38499	-7.5363207	4.686139	6.140373	-23.836918	7.4119487	0.68496776	174.3996877670288
36	-17.0157	7.566249	-3.569235	-29.791857	-15.607127	6.864283	-2.6520374	-30.839294	66.1875	57.5	39599	-7.0364738	4.4327297	6.095128	-23.625471	6.914342	0.6760514	181.00748991966248
37	-18.06901	6.610013	-4.627612	-29.574087	-20.425312	11.662137	8.473195	-41.381336	65.05556	72.3	40699	-6.6964693	4.2143726	5.4207	-24.19183	6.5748324	0.713408	188.35925459861755
38	-21.608915	9.824952	-4.634295	-41.041946	-17.36609	10.484005	-6.2977357	-41.84888	70.2	67.9	41799	-6.3917384	4.1376147	5.086222	-23.83803	6.264373	0.7355826	195.64188647270203
39	-18.150145	8.89046	0.36121428	-34.38502	-18.06969	11.618635	15.779567	-36.73299	75.8	78.0	42899	-6.0588946	3.9348545	5.5069838	-25.103193	5.9244804	0.7376802	204.962895154953
40	-21.405344	11.915212	-2.9452004	-53.736156	-17.60065	14.049384	7.0615273	-50.635315	64.94118	81.4	43999	-5.8034344	3.7836177	5.727644	-24.90818	5.6665487	0.72011536	214.6997470855713
41	-19.211357	9.595723	-5.6644783	-47.617233	-22.22723	12.499351	1.1791233	-47.29669	65.0625	76.15	45099	-5.7287025	3.6902258	5.753873	-27.595205	5.59933	0.73500985	223.42470026016235
42	-21.11523	7.0818834	-8.8264885	-33.592316	-17.42049	6.116704	-4.333743	-30.405848	65.64706	62.9	46199	-5.56782	3.601323	5.425253	-23.289146	5.444326	0.70280397	228.99114108085632
43	-18.427254	8.333344	-3.3432627	-31.98413	-21.286179	8.89317	-6.450338	-39.352123	70.3125	85.05	47299	-5.447496	3.5606093	4.652979	-26.222616	5.3281083	0.65206623	234.44105553627014
44	-20.192375	8.642379	-5.7160335	-32.310192	-17.65162	15.227644	31.12055	-45.06767	60.944443	81.55	48399	-5.388325	3.5073152	4.1457253	-26.494064	5.2725167	0.64480823	239.45808911323547
45	-21.17697	8.381943	-6.730389	-37.227398	-19.848505	7.5134125	-8.316304	-35.321762	86.92308	65.25	49499	-5.3820543	3.47336	3.480957	-21.623259	5.2564836	0.6614719	244.51765060424805
46	-19.679184	8.08183	-4.342277	-36.45663	-26.802008	8.287373	-6.8244042	-36.982372	63.941177	74.65	50599	-5.2586355	3.3306637	4.2030535	-26.160686	5.1305947	0.64295745	250.3230755329132
47	-25.007189	11.919918	-9.941634	-56.16063	-25.369892	15.043381	-9.509156	-69.69143	83.46154	75.6	51699	-5.2035875	3.212844	3.6440573	-20.61948	5.0766115	0.63195455	255.57061862945557
48	-35.17987	17.73317	-8.255555	-69.08245	-20.759922	13.499612	-0.07902286	-45.68978	110.5	115.75	52799	-5.2682014	3.190358	3.4952912	-19.30429	5.1356106	0.6357434	260.9595992565155
49	-30.275246	15.423369	-9.776318	-60.723915	-21.632608	10.219123	-8.663978	-46.7798	100.72727	91.25	53899	-5.264233	3.2291882	4.982063	-20.101372	5.126544	0.5795126	266.4017217159271
50	-23.444502	7.1362267	-11.5765	-38.607864	-24.602118	7.840886	-0.64339924	-32.169243	98.181816	83.4	54999	-5.344577	3.2609525	3.9303062	-21.776283	5.212094	0.5704856	276.0247654914856
51	-17.89934	15.495972	25.14118	-30.06656	-23.881771	9.012824	-2.3678927	-36.933674	108.4	85.7	56099	-5.354966	3.3366284	3.0632982	-20.367092	5.2188716	0.57153517	282.94832396507263
52	-19.720028	15.125455	21.816486	-32.605644	-22.057547	21.655363	32.18311	-58.792786	112.7	127.05	57199	-5.2395773	3.387518	3.0926638	-21.664698	5.101784	0.5750309	288.15019392967224
53	-27.932823	10.635204	-14.694658	-49.98469	-29.385986	14.161891	-8.566422	-56.023903	120.77778	110.05	58299	-5.150356	3.4803452	2.3671012	-19.564287	5.017846	0.566107	295.06884384155273
54	-20.89962	19.439684	14.462416	-53.95085	-22.119955	20.155048	30.386755	-47.295673	120.55556	131.4	59399	-4.986174	3.529035	3.9336553	-20.864964	4.8481474	0.5710224	303.0116024017334
55	-19.546541	21.725235	14.977238	-61.264214	-22.677252	16.916883	34.924248	-49.27833	127.333336	118.85	60499	-4.6857452	3.6371052	4.0340614	-21.167149	4.5355	0.5617767	311.98622727394104
56	-19.137484	17.321405	15.359908	-41.19715	-24.956259	8.148756	-6.8336706	-39.11921	129.16667	106.55	61599	-4.3933086	3.7322688	4.102667	-18.060308	4.2441792	0.54525256	319.86373567581177
57	-12.459735	25.429047	39.459324	-43.455734	-16.65122	32.785362	112.826256	-51.508442	184.28572	143.05	62699	-4.007783	3.8890853	7.823897	-19.470407	3.853755	0.5346735	328.00196504592896
58	-8.350115	39.06423	90.15127	-39.03299	-19.068491	29.435272	76.958	-56.898396	128.75	134.0	63799	-3.5461686	4.146645	9.839285	-19.80655	3.389431	0.53726405	335.8019449710846
59	-12.277756	38.627735	74.37989	-35.1423	-21.972202	22.516846	64.74408	-38.704266	127.0	102.25	64899	-3.0956466	4.622211	10.289696	-22.093777	2.9341176	0.552278	344.8398277759552
60	6.0049343	45.33676	86.33206	-36.523724	-21.090265	18.1446	47.595066	-48.82747	179.83333	103.85	65999	-2.551987	5.1153026	8.454438	-18.697966	2.392592	0.55921406	352.81331968307495
61	-16.624249	23.561941	49.109627	-33.138657	-21.556372	24.658901	64.65237	-45.339603	114.9	139.85	67099	-1.7841257	5.687028	9.29807	-21.350584	1.6314058	0.5867729	363.3711955547333
62	-15.5741	41.726044	88.23442	-64.63242	-2.3885655	39.920025	89.86845	-33.254543	127.375	149.95	68199	-1.1263199	6.102702	11.54641	-20.92061	0.9762609	0.61618865	374.43476963043213
63	-6.5344415	34.021366	71.88626	-30.91228	13.915309	52.62198	126.619804	-34.697815	157.14285	207.6	69299	-0.43371692	6.580486	17.06426	-22.49607	0.2860794	0.6823633	382.57445335388184
64	-16.280552	35.300358	94.31785	-36.02743	10.170442	48.405563	103.75139	-38.61312	105.63636	202.8	70399	0.3159124	7.076904	13.773061	-26.032902	-0.47116733	0.7366105	391.06590723991394
65	-15.975666	24.741732	38.30819	-32.356617	7.9011626	51.91544	123.68896	-37.13235	138.5	166.65	71499	0.6730002	7.5508375	12.412852	-28.269682	-0.83693296	0.7820487	415.08226346969604
66	0.0725048	54.671867	127.35965	-33.533623	1.7331588	52.57953	127.0354	-34.494984	138.4	154.95	72599	1.4976501	7.948828	15.678059	-24.706305	-1.6694393	0.78744787	442.6083369255066
67	-23.554329	7.0626583	-13.627201	-37.467102	-9.864785	27.440332	79.0081	-32.624565	66.23077	124.95	73699	1.7825668	8.426884	13.996968	-27.273481	-1.9523318	0.88929546	465.62351655960083
68	4.270913	50.97812	143.5041	-31.951586	-14.348764	26.556486	88.69855	-41.399544	132.9	101.05	74799	2.4121783	8.817949	14.440817	-25.641933	-2.578968	0.9366586	489.0068039894104
69	-0.09094024	54.16304	117.35021	-36.64232	15.3055525	48.73575	95.33372	-36.25929	136.0	198.0	75899	3.0410237	9.224659	16.354527	-25.981058	-3.225245	0.9780096	498.31457901000977
70	-19.595356	8.753868	-0.053620066	-29.581417	-19.583426	18.878319	49.201748	-39.256943	151.33333	120.15	76999	3.659549	9.643019	15.756637	-27.644012	-3.8409162	0.9945806	506.56128334999084
71	-19.158358	12.894931	11.305544	-35.34886	-6.3462462	36.23667	82.35497	-60.150036	130.875	174.05	78099	4.034343	9.984671	16.596846	-28.970455	-4.2097654	1.0886325	515.0872871875763
72	-25.433428	15.613617	-12.539231	-58.9562	-2.0504003	48.302914	108.57653	-52.563427	142.33333	168.9	79199	3.911306	10.02711	17.405087	-32.23075	-4.07263	1.1064638	522.6555321216583
73	93.06732	11.223577	108.506516	82.15765	27.338787	61.141987	121.902275	-40.4287	400.0	225.55	80299	4.68254	9.765396	18.18031	-27.136848	-4.8499193	1.0842414	530.1320774555206
74	31.23873	37.260677	67.10529	-20.803429	8.786783	61.95582	188.01727	-37.80765	323.0	220.3	81399	5.0486555	9.624438	18.76139	-25.897123	-5.226308	0.98522973	538.2332093715668
75	-5.8854218	32.975616	78.97555	-29.446737	11.959531	54.653217	107.4236	-57.30244	125.125	220.9	82499	5.4796834	9.389727	19.584599	-32.658165	-5.657186	0.97761387	545.6109092235565
76	-13.748662	28.057302	64.93131	-31.619461	-2.1216161	43.913975	87.02175	-46.63542	111.77778	187.75	83599	5.629936	9.390086	20.25672	-32.08723	-5.816835	1.0488113	552.8280272483826
77	21.58189	36.73819	74.25784	-28.683884	10.658498	46.195835	106.84108	-70.14228	322.75	351.5	84699	5.96351	9.331505	20.781765	-31.820435	-6.159445	0.97468305	561.9184246063232
78	-2.6733828	33.26329	51.469482	-32.16593	-0.22260876	44.13387	117.65923	-42.830547	228.0	253.4	85799	6.990702	9.18961	21.415901	-24.729033	-7.1872106	0.87871265	582.7684581279755
79	28.96143	44.077957	78.04585	-33.544186	20.585983	48.667637	123.08967	-32.19918	268.75	292.8	86899	7.736321	9.118851	23.561918	-25.846155	-7.922898	0.90047514	599.4889733791351
80	19.98376	46.597443	78.1659	-24.141562	-0.5597164	45.137047	122.99292	-39.686157	264.8	317.6	87999	8.388001	8.971806	24.361591	-22.69204	-8.572777	0.8673153	614.338534116745
81	-14.707306	53.823536	77.43622	-57.550175	7.0942383	60.428623	154.15747	-40.07358	278.75	196.7	89099	9.1392975	8.621219	26.348295	-20.844814	-9.323461	0.7309891	626.191596031189
82	-12.2954235	42.22546	88.16379	-44.119858	4.9549813	66.7548	160.73578	-67.677444	161.57143	284.0	90199	9.669868	8.358339	28.253693	-23.717009	-9.858658	0.6667527	640.6838076114655
83	-8.996286	22.134144	17.845798	-32.985374	-16.443687	29.088741	97.27246	-45.22018	217.25	170.85	91299	9.913861	8.404668	29.737087	-28.1783	-10.096358	0.67238975	652.9649653434753
84	36.749794	54.28484	115.30536	-33.320362	-11.629989	48.404953	160.56929	-49.745983	332.75	143.5	92399	10.775972	8.447504	40.206158	-20.739573	-10.959361	0.579225	668.2074980735779
85	42.020218	78.16896	152.28491	-19.95701	16.932178	51.43831	104.51629	-31.899416	252.66667	235.8	93499	11.987464	8.71084	37.403233	-22.386866	-12.162835	0.5715313	686.7357392311096
86	38.591232	55.261345	104.309296	-37.838417	-6.6292067	30.832846	81.65909	-43.4933	347.5	183.2	94599	12.926483	8.775559	36.016747	-29.41219	-13.095936	0.57492346	701.8569581508636
87	1.1939532	53.19449	65.5367	-64.733734	7.9302816	44.29434	97.22863	-44.102802	338.33334	217.7	95699	13.06134	9.345235	40.899426	-32.94502	-13.252953	0.63397974	716.7159719467163
88	17.315422	29.420057	48.66973	-22.04696	9.563835	37.361507	105.0822	-25.618052	340.0	228.65	96799	13.414427	9.805027	45.49787	-25.143383	-13.612127	0.6589569	733.9901237487793
89	0.8728962	17.638174	30.985157	-13.281912	-0.42945918	35.35426	73.25351	-54.30204	279.25	261.6	97899	13.869339	9.913516	49.711555	-25.338732	-14.074002	0.67647487	745.6354875564575
90	5.479883	34.644176	67.429924	-24.870129	1.3210503	41.82163	75.995895	-47.359043	200.0	218.75	98999	14.6010275	10.067518	39.455235	-33.27109	-14.8047905	0.6010981	756.4469530582428
91	5.773481	46.06368	94.21956	-32.840755	12.410013	50.974598	151.74817	-30.437284	207.6	225.8	100099	15.034682	10.513401	36.76306	-34.762478	-15.246048	0.72967637	767.5752756595612
92	45.619038	19.020477	66.25686	20.359308	29.341455	51.14892	99.1509	-29.002327	357.0	270.7	101199	15.465829	10.998509	39.14815	-41.542503	-15.643171	0.90115154	778.4342262744904
93	11.725399	28.993174	54.316723	-23.93002	11.551088	58.56891	116.619156	-42.76394	279.5	171.15	102299	15.627471	11.043141	35.906002	-38.340733	-15.803089	0.89819545	788.2035019397736
94	18.356798	43.10868	79.427025	-26.507246	41.63225	66.97125	186.52458	-64.20824	241.75	277.35	103399	15.74316	11.055055	38.340202	-34.10672	-15.938528	0.8055993	799.3523466587067
95	53.285603	48.94313	102.465195	-24.994957	19.123785	64.48171	144.34526	-60.64723	315.0	216.95	104499	16.737013	11.060911	37.069332	-31.166553	-16.937464	0.76048654	813.5869648456573
96	6.942003	81.04996	166.26915	-51.407997	26.34866	66.322	156.9767	-36.123028	239.2	242.7	105599	17.337322	11.035426	42.814976	-28.255165	-17.552645	0.6917287	832.250321149826
97	66.759865	70.124626	153.87605	-17.838108	3.330096	65.00717	174.68127	-77.494835	314.66666	196.5	106699	18.160458	10.929015	41.05247	-37.740265	-18.379663	0.76458097	844.9563705921173
98	-11.421136	31.8257	55.27351	-43.424282	47.10804	71.40579	149.7539	-35.44493	185.0	254.65	107799	18.547165	11.169238	39.585953	-22.085823	-18.780458	0.76221406	855.5538158416748
99	30.500675	45.509323	79.72818	-25.359552	21.833317	64.63342	139.23293	-55.224804	318.0	248.95	108899	18.915699	11.026005	44.25271	-27.325993	-19.165655	0.73576415	868.0512075424194
100	51.693382	27.866331	79.559715	23.827053	36.32761	71.46506	141.07747	-91.23798	400.0	258.9	109999	19.825357	11.194977	37.335655	-24.908014	-20.069986	0.717959	877.653003692627
101	66.82361	57.65656	123.38131	-29.254679	53.86321	64.12079	126.116234	-89.38644	320.75	321.3	111099	21.120605	11.196679	37.783955	-25.321838	-21.349936	0.71700424	895.4129161834717
102	1.048732	67.56361	116.94361	-74.902725	31.132605	59.63407	121.79885	-64.03329	248.2	329.15	112199	21.978151	11.297859	39.481434	-27.280256	-22.198177	0.78631914	909.5219931602478
103	94.649155	15.619167	110.268326	79.02999	51.224648	58.209297	138.9263	-36.037342	400.0	298.0	113299	22.599903	11.474047	43.45685	-23.12758	-22.806698	0.7835532	921.968852519989
104	11.560814	55.83483	109.812546	-33.092155	73.77987	64.597466	154.20706	-75.3269	269.2	359.45	114399	23.110352	11.334584	48.697357	-30.756039	-23.307362	0.7602891	939.6651079654694
105	43.43552	73.23273	129.91862	-32.151978	46.00271	75.75611	147.754	-67.009224	254.0	313.05	115499	23.675137	11.208704	41.36789	-24.780865	-23.874	0.6673129	956.4640622138977
106	118.98232	23.071396	150.67665	96.42428	29.865881	61.25596	125.85016	-54.914566	400.0	283.5	116599	24.914417	11.159414	48.111397	-23.441223	-25.11581	0.69008005	966.368771314621
107	38.635975	80.84933	140.93678	-59.400814	32.87342	66.730995	134.41284	-90.12453	266.75	271.4	117699	26.218159	11.135118	45.07368	-22.592812	-26.435263	0.65062034	977.4297823905945
108	-36.61725	23.514063	-17.05213	-75.57481	27.89693	63.8325	133.5251	-60.46891	284.75	256.45	118799	26.686104	11.198749	49.034584	-21.63505	-26.907988	0.6369449	987.1613924503326
109	31.738201	61.83484	123.278305	-26.531511	44.078056	74.69118	146.95534	-100.83722	246.25	291.95	119899	26.862904	11.243302	58.29246	-29.852543	-27.08418	0.72924685	997.6107931137085
110	5.2723336	111.26711	160.37163	-95.27105	28.835276	77.30207	131.51013	-86.78121	400.0	336.25	120999	27.300478	11.05525	48.991806	-23.350433	-27.541164	0.6860152	1006.544860124588
111	-38.705517	17.548136	-26.427324	-76.32414	18.913399	70.91369	164.60033	-61.395996	138.5	255.75	122099	27.60538	10.977916	50.16659	-23.155344	-27.893044	0.80740285	1015.7161405086517
112	-11.812692	44.91555	97.57636	-36.753967	10.10221	52.752735	117.53994	-40.945885	159.14285	234.3	123199	27.85873	11.100915	52.325	-22.86916	-28.145472	0.8292819	1025.3774948120117
113	52.752674	60.578285	109.64763	-31.163855	16.655933	68.64992	161.74094	-62.83477	336.66666	282.1	124299	28.340048	11.507963	61.589783	-23.854626	-28.61109	0.88021636	1034.731023311615
114	87.060036	33.92128	114.12718	39.226215	37.88799	67.1312	161.56732	-41.392006	400.0	315.2	125399	28.826271	11.736329	48.952583	-24.179943	-29.071228	0.8262306	1045.548998594284
115	22.14237	43.456078	81.92299	-20.091116	36.925274	57.496464	133.56464	-43.83431	294.66666	320.4	126499	28.917715	12.063418	56.322994	-24.970407	-29.182121	0.81939995	1054.213838815689
116	39.027596	63.112823	128.14233	-22.212591	13.685948	45.839592	113.04202	-43.435116	250.75	331.4	127599	29.737574	12.211521	47.68064	-32.577816	-29.987799	0.813539	1062.5195090770721
117	32.961735	40.18377	76.71205	-31.155472	-5.4841666	48.297245	98.101685	-82.10271	320.5	303.7	128699	30.298782	12.461041	49.52903	-25.79678	-30.543398	0.7390229	1070.4000978469849
118	3.9718864	21.808132	20.582344	-26.838041	15.264425	42.687004	104.92148	-37.131203	395.66666	283.55	129799	30.381868	12.519003	46.078045	-22.320168	-30.622486	0.73218113	1080.086850643158
119	25.314293	36.298824	51.956955	-26.007479	21.30624	53.601997	94.74244	-54.009766	304.66666	298.45	130899	30.522179	12.407661	49.348267	-19.41976	-30.789099	0.67393124	1089.2215349674225
120	48.795437	4.624324	54.98307	43.868195	66.90015	55.67883	146.91216	-39.39101	400.0	336.5	131999	30.696272	12.622493	45.986435	-28.702038	-30.96777	0.713542	1102.9256672859192
121	76.25964	5.594377	83.63149	70.08626	89.26404	35.317978	136.9528	-28.1314	400.0	382.15	133099	30.975128	12.584941	46.22056	-16.742214	-31.224878	0.5987695	1112.627920627594
122	94.1239	17.77195	111.89585	76.35195	40.93927	57.438217	126.20171	-33.1536	400.0	279.85	134199	31.776127	12.391416	46.69405	-18.269215	-32.012253	0.5533416	1127.068549156189
123	47.20941	45.089123	103.07111	-22.495474	-11.689608	41.859253	99.172806	-78.7596	319.75	303.4	135299	32.53661	12.182435	46.662605	-17.074427	-32.796	0.47478303	1138.4739527702332
124	60.552307	66.71547	109.5743	-33.773186	-2.5047002	66.982704	163.6646	-72.16235	400.0	306.6	136399	33.346947	11.760996	48.21128	-24.088377	-33.63258	0.47909045	1149.8666207790375
125	25.331123	64.74229	104.194145	-41.77502	1.5967388	31.288494	67.657684	-38.58436	236.5	293.15	137499	34.463043	10.965787	49.002144	-31.672892	-34.72764	0.4905086	1163.3972976207733
126	33.013885	57.87908	74.41064	-48.837696	5.300991	50.497643	120.766304	-47.33616	332.33334	222.65	138599	35.300655	10.0924425	47.325623	-24.657341	-35.576683	0.471032	1176.4375026226044
127	34.94165	43.18881	65.61837	-39.44881	3.9816883	46.027905	117.791695	-55.26749	319.0	256.0	139699	35.73819	9.88527	57.066566	-22.074528	-36.011486	0.47424477	1187.5885779857635
128	47.002026	16.148777	69.82508	34.879536	40.944164	70.28851	157.68936	-63.707943	400.0	288.0	140799	35.73906	9.882459	54.46654	-20.543602	-36.012558	0.49610674	1198.3859012126923
129	34.240105	84.06098	125.717	-59.716587	14.674339	47.47293	129.26132	-34.92248	285.25	235.0	141899	35.744408	9.843964	61.42786	-20.859924	-36.01796	0.5500481	1207.0081796646118
130	70.16371	2.513874	72.67759	67.64984	31.873486	62.62279	135.78313	-36.126606	400.0	249.0	142999	35.842342	9.599371	57.017548	-25.583223	-36.12923	0.5391559	1216.1213145256042
131	24.955944	51.609894	95.20176	-37.215176	2.5138319	48.45852	157.32106	-34.0108	313.75	196.4	144099	36.277584	9.802869	58.315926	-34.591373	-36.609406	0.5908525	1224.4122231006622
132	32.490623	57.092316	102.44783	-25.437834	29.372553	70.458176	183.2136	-35.622246	310.25	254.25	145199	37.28713	10.026282	58.141033	-33.678463	-37.614094	0.59552133	1232.7201581001282
133	69.89734	44.418667	114.31601	25.478676	48.781517	63.60607	158.08417	-35.008587	400.0	316.95	146299	37.89142	9.963279	64.000305	-31.42011	-38.205	0.5213335	1242.0322513580322
134	39.573215	58.49113	107.07359	-25.936716	14.043039	45.832935	109.42277	-32.433174	258.8	300.4	147399	38.514214	10.276313	64.23753	-29.016964	-38.8356	0.5773168	1252.9910101890564
135	-23.50025	35.54314	36.87581	-74.52135	11.505205	51.13991	92.50359	-91.4203	175.0	305.0	148499	38.80949	10.893894	67.12832	-27.713272	-39.163147	0.6470636	1261.3121292591095
136	10.723651	42.35126	66.11319	-36.705437	41.249504	68.64109	171.07993	-45.7268	400.0	283.25	149599	39.037678	11.154011	69.51012	-26.056328	-39.3906	0.671415	1272.3591182231903
137	48.330215	51.91111	99.01833	-31.865192	64.97298	73.93708	158.96542	-31.919775	315.0	281.5	150699	39.048893	11.233775	66.79232	-23.045805	-39.380745	0.6647311	1281.9686949253082
138	7.762703	70.02677	147.56284	-34.810978	11.339583	52.59846	111.02736	-67.63815	194.6	302.6	151799	39.658607	11.693754	92.92503	-29.814724	-39.981117	0.679187	1294.4595289230347
139	10.92708	52.608017	70.51165	-54.74949	5.4830236	44.75937	143.04541	-49.622204	321.0	300.8	152899	40.39535	12.189951	80.18303	-21.321926	-40.73703	0.7004417	1304.0042469501495
140	-22.71393	32.353973	9.640042	-55.0679	-28.643398	16.943085	0.18708466	-72.05702	382.0	212.25	153999	41.577705	12.268019	65.62657	-21.000431	-41.93655	0.73388386	1312.7624652385712
141	21.140087	76.10237	153.36887	-33.50305	-3.5859287	53.447117	124.62566	-80.74066	199.28572	292.15	155099	42.418007	12.454561	62.94616	-21.341167	-42.778038	0.8074013	1322.7525327205658
142	-18.646685	40.924786	68.91041	-57.285805	-28.326553	50.951134	136.18704	-108.14252	184.0	271.0	156199	42.792816	13.273858	87.6782	-44.87956	-43.138954	0.9510884	1334.1284530162811
143	-28.268753	20.822407	-0.95319974	-62.476315	-11.386733	48.237434	80.40643	-70.40664	175.83333	197.15	157299	42.275383	14.226393	71.55808	-48.636856	-42.609695	1.1595987	1342.167647600174
144	-72.37827	23.582853	-41.994434	-107.48542	-35.379208	32.469547	45.26865	-90.04217	268.5	263.65	158399	41.279667	15.330978	67.61667	-50.621353	-41.649353	1.1353672	1351.0286858081818
145	-50.06278	23.639215	-25.058216	-75.353035	-33.858868	24.957474	-1.6509862	-93.09107	279.25	225.65	159499	40.411167	15.713204	63.150925	-50.13131	-40.798084	1.1478403	1362.4314489364624
146	4.171049	40.68615	67.403915	-46.176777	-16.929176	39.05624	62.702812	-87.36466	252.5	287.55	160599	39.97565	16.408129	66.05158	-49.15592	-40.372566	1.2443506	1370.9619500637054
147	-22.236944	42.084385	37.125595	-55.620926	-13.005839	39.707497	76.5678	-118.92058	337.33334	224.75	161699	39.57152	17.004564	63.569675	-46.73081	-39.985306	1.1912311	1379.2363183498383
148	-41.66212	20.554024	-15.167876	-72.78484	1.0037334	42.864735	84.67104	-90.94431	316.5	281.4	162799	38.42789	16.823027	63.355305	-46.83933	-38.825775	1.2303451	1386.4194464683533
149	-9.936562	50.82717	55.082188	-84.72109	9.148172	43.382797	79.02587	-71.93057	295.75	308.7	163899	38.01783	16.476547	63.540833	-45.290504	-38.39595	1.1665237	1393.8777616024017
150	17.199606	63.107735	80.30734	-45.90813	5.350706	53.73703	65.45293	-101.93795	400.0	353.55	164999	37.714787	16.444204	65.78688	-46.103367	-38.11263	1.2088627	1402.7054562568665
151	30.586756	39.518852	73.918686	-32.37275	5.204932	45.87311	85.422134	-66.38778	329.0	333.55	166099	37.290108	16.011353	67.14145	-45.601673	-37.718987	1.2782726	1409.3562242984772
152	21.243456	41.244175	64.19363	-34.40889	-15.2800045	36.937134	50.234173	-57.77855	400.0	338.9	167199	37.266342	15.554844	84.108406	-45.14792	-37.681057	1.293457	1416.143973827362
153	-0.32352066	56.93056	56.60704	-57.25408	30.226068	40.131573	104.19804	-37.307865	400.0	339.15	168299	36.820942	15.392889	67.750565	-44.36981	-37.252625	1.1722656	1423.2726788520813
154	0.8387188	31.358068	45.126472	-28.818872	12.594127	65.93827	146.12878	-122.4899	279.4	350.8	169399	36.726627	15.164889	74.722786	-43.906162	-37.160774	1.1138233	1431.8971927165985
155	4.6016784	40.204388	70.55871	-33.96255	9.81098	58.02147	127.30268	-90.44215	219.0	324.9	170499	36.363804	14.975038	65.46415	-54.05873	-36.79486	1.1564853	1438.843581199646
156	-15.296977	10.577329	-3.4194763	-29.110598	-5.902876	25.32041	43.53029	-51.48193	309.66666	310.8	171599	36.18972	14.466595	64.408615	-47.424618	-36.58036	1.0826449	1445.466933965683
157	26.793571	44.336994	83.70269	-24.457205	-4.3683624	34.672615	60.5225	-45.76814	329.66666	247.7	172699	37.07081	13.437934	58.295578	-41.579018	-37.46237	0.95326406	1451.8126337528229
158	53.815834	58.018906	127.86098	-34.896374	7.3109236	31.428158	56.455814	-32.732704	317.75	225.2	173799	38.141823	12.81729	70.447105	-31.926178	-38.554157	0.89717185	1457.7377529144287
159	-15.363738	25.31523	33.245094	-44.874073	10.973969	29.232597	63.684708	-37.18839	143.66667	282.25	174899	39.000507	12.721498	66.67035	-27.543266	-39.45179	0.9108297	1463.9438531398773
160	27.735348	64.34821	132.26733	-42.83698	13.379893	53.170834	176.0628	-51.469337	324.75	333.6	175999	39.293056	12.8411255	75.47307	-30.62518	-39.709885	0.89034146	1471.098025560379
161	13.028919	39.015244	75.611496	-31.511284	4.53406	38.776527	77.33216	-50.49545	314.75	245.75	177099	39.527424	12.896967	56.259895	-25.401003	-39.94935	0.78177464	1477.0444779396057
162	18.374863	50.96184	69.40863	-37.450943	10.968683	47.197628	80.74924	-82.27591	239.5	320.9	178199	40.065887	13.069611	86.953186	-25.09308	-40.446983	0.8412344	1483.4084122180939
163	42.196873	41.98394	73.054474	-17.161797	1.4996325	46.148327	82.344925	-78.05083	400.0	311.2	179299	40.27358	13.291289	57.51317	-25.03785	-40.63769	0.8724364	1491.3271079063416
164	50.604736	7.256569	57.861305	43.348167	19.753986	50.419704	111.98087	-61.99406	400.0	306.75	180399	40.70297	13.152133	60.76177	-25.977085	-41.05405	0.8550974	1500.762440919876
165	26.003464	39.26667	77.73993	-32.6163	16.219791	36.31247	97.07522	-42.43333	323.0	356.6	181499	40.509777	13.116749	58.62477	-27.106653	-40.85025	0.82045513	1507.4896652698517
166	-13.360393	34.68684	27.234234	-57.507706	33.1231	44.26799	109.03921	-32.50151	400.0	341.9	182599	39.856808	13.202928	64.60043	-27.178562	-40.1613	0.88560414	1514.4996645450592
167	2.422006	36.914803	48.678078	-41.666363	13.749762	34.84344	91.52414	-32.62688	299.33334	330.1	183699	39.349884	13.518372	60.453022	-29.309183	-39.664303	0.8642905	1520.842390537262
168	3.9596663	29.247934	34.58597	-35.314243	29.21571	43.451424	112.571236	-41.709015	321.0	384.1	184799	39.123425	13.44614	58.327625	-30.62239	-39.449192	0.81906605	1527.8728601932526
169	0.7436106	7.9323072	8.675918	-7.1886964	77.28166	56.19503	177.42422	-34.844093	400.0	368.35	185899	38.6719	12.891893	64.97409	-30.67972	-38.997227	0.8649161	1534.2353324890137
170	119.49237	68.390015	192.70448	28.152582	32.460632	39.011677	108.30598	-32.69164	400.0	356.9	186999	39.387383	12.630188	57.83149	-30.90443	-39.70512	0.7249241	1542.5164635181427
171	60.749928	5.8300676	66.8983	52.91836	35.016426	47.961414	205.94838	-44.318707	400.0	378.55	188099	39.445854	12.183414	91.722176	-43.45818	-39.760925	0.7042736	1549.3641519546509
172	8.946632	18.543404	34.14574	-9.941043	5.2014856	49.687958	100.26717	-78.28764	400.0	370.15	189199	39.146343	11.531984	57.573105	-18.188948	-39.461784	0.5233925	1556.1955585479736
173	15.993753	2.1557622	18.149515	13.837991	6.3640404	39.27074	86.88181	-45.4046	400.0	306.2	190299	39.224422	10.5493	58.677383	-18.839869	-39.564472	0.49081326	1564.0537776947021
174	-10.951217	29.608162	19.781021	-50.94683	11.92845	42.015923	76.75632	-48.894875	400.0	282.85	191399	39.257183	10.221468	66.857414	-44.09333	-39.62665	0.48377365	1570.5797066688538
175	-17.527313	17.99851	11.918006	-36.811745	18.04758	46.362713	117.12218	-39.624767	251.75	297.15	192499	39.242523	10.239191	71.92972	-49.163067	-39.55638	0.5989818	1577.233200788498
176	30.443853	43.34856	79.21242	-26.109777	24.75441	49.490265	124.15336	-41.326687	400.0	279.65	193599	39.5649	9.836253	59.4516	-17.735504	-39.89859	0.47075233	1583.2881438732147
177	19.84871	49.293808	96.15493	-33.47608	31.389038	42.600384	121.331215	-37.507885	262.2	317.0	194699	39.60699	9.961444	96.33414	-32.412537	-39.920033	0.62498456	1589.9427962303162
178	70.09778	6.317154	76.41493	63.780624	46.52903	27.186478	88.76391	-16.28835	400.0	400.0	195799	39.186817	10.204603	100.56181	-50.235176	-39.460175	0.57182986	1597.2216033935547
179	40.593243	25.282516	58.968685	4.8430314	35.991962	32.796425	70.245995	-36.876698	400.0	347.6	196899	39.069195	9.895459	56.529266	-26.872774	-39.32502	0.478208	1604.2173264026642
180	14.956489	50.880535	67.07122	-54.069294	31.753153	43.90595	109.819565	-36.857067	400.0	332.35	197999	39.427776	9.336343	69.74288	-36.719124	-39.682995	0.4845768	1615.5297532081604
181	36.40482	38.538353	69.68803	-26.984034	44.219154	36.147614	91.777855	-42.139065	310.75	350.4	199099	39.475754	9.142336	60.729576	-33.526127	-39.771152	0.53586704	1621.8999273777008
182	65.8051	31.416985	97.222084	34.388115	37.467087	41.452797	99.91921	-33.823967	400.0	350.6	200199	39.734936	9.187234	54.934044	-21.860054	-40.026215	0.43421102	1628.1858789920807
183	2.972711	46.54893	68.00574	-45.9965	65.414185	45.272835	146.72647	-28.153168	213.2	366.25	201299	39.660316	9.814253	62.971508	-36.407722	-39.940414	0.5935319	1634.8368775844574
184	57.34446	57.676476	98.46343	-42.16495	67.46339	29.720322	111.64347	-20.281796	320.75	400.0	202399	39.14066	10.074049	59.396687	-59.808098	-39.464516	0.63481224	1641.382075548172
185	33.40754	31.037737	76.97793	7.0150156	36.5105	39.288326	122.95281	-22.628305	400.0	400.0	203499	38.85058	10.334687	55.54469	-58.842274	-39.135475	0.78728074	1649.5648143291473
186	12.822904	22.352253	35.175156	-9.529348	43.73493	45.91936	115.23958	-23.622597	400.0	400.0	204599	38.483906	10.216382	54.359573	-39.527733	-38.73913	0.7110367	1656.562769651413
187	82.53968	18.998926	96.90106	55.69298	23.145172	47.173317	97.540474	-43.489212	400.0	400.0	205699	38.493454	9.771959	70.84011	-54.924454	-38.73313	0.60853136	1664.942244052887
188	23.87739	61.566563	114.53917	-37.238815	32.862354	53.05781	135.7456	-35.899395	265.4	365.8	206799	38.861935	9.315066	72.03049	-28.517399	-39.12143	0.5680707	1674.277628660202
189	-3.1637764	12.810446	9.646669	-15.974222	14.372874	48.3381	138.11563	-34.775288	400.0	260.65	207899	39.136414	9.3861	74.23147	-31.869337	-39.486	0.69240284	1682.052691936493
190	33.626995	53.375156	116.03571	-33.335217	24.75159	39.319633	101.670815	-63.76967	312.75	366.15	208999	39.04393	9.222447	70.34656	-26.451132	-39.332565	0.59426725	1689.635188817978
191	50.788025	48.771576	107.1354	-11.834606	3.7847652	58.27733	119.51704	-92.83651	400.0	333.1	210099	39.337772	9.117424	62.40056	-26.830547	-39.57562	0.540169	1698.5020070075989
192	-28.799423	59.414436	50.07679	-93.3178	-10.152578	50.74981	118.3862	-57.86366	400.0	333.3	211199	38.594055	9.800104	62.954536	-28.57884	-38.830383	0.48545587	1705.3155925273895
193	-8.351972	5.588182	-2.7637897	-13.940153	12.78396	42.259907	101.855034	-42.878456	400.0	400.0	212299	37.802742	10.296288	68.948	-29.107105	-38.044235	0.45018393	1711.839497089386
194	25.794939	26.624542	59.31932	-5.812662	13.656749	40.089176	94.43376	-55.022522	400.0	320.05	213399	36.999584	10.563263	70.02399	-29.86924	-37.240463	0.5306463	1720.7629642486572
195	1.0295753	42.664635	45.382946	-56.572956	9.770033	32.492737	78.596275	-35.543415	400.0	328.7	214499	36.58033	10.745599	80.82634	-28.946455	-36.807514	0.5446928	1727.9548969268799
196	-5.3584747	13.344433	13.048587	-18.166986	15.0712	41.81759	127.722946	-41.927795	400.0	383.3	215599	35.613674	11.02728	64.99645	-26.25948	-35.836987	0.44972593	1738.063473701477
197	-5.5855193	12.51075	7.0344515	-22.63471	-7.728423	41.22638	43.87063	-96.79673	280.0	322.75	216699	35.211834	10.767012	59.52022	-24.284367	-35.476543	0.45984042	1747.4996287822723
198	10.312688	15.608415	28.930658	-9.265782	27.349056	47.14325	124.82343	-54.21505	400.0	347.4	217799	35.025528	10.826972	65.64956	-19.852243	-35.319958	0.53423095	1758.198298215866
199	15.453198	58.370426	99.11041	-54.355785	28.740631	58.876587	126.836624	-59.112934	312.0	383.3	218899	35.04087	10.710305	66.067085	-52.28981	-35.355465	0.60862595	1766.226490497589
200	-18.431795	46.00094	47.52487	-78.87734	-21.452866	26.101149	20.49605	-93.64997	254.0	286.9	219999	35.338394	10.801763	88.01264	-40.973625	-35.660362	0.633657	1774.238251209259
201	9.862713	67.24639	126.18586	-32.5988	1.733984	79.50872	199.59756	-91.70976	234.25	312.0	221099	35.216717	11.636764	70.96368	-32.54811	-35.538944	0.7382803	1788.1319363117218
202	53.123398	92.627975	180.2396	-37.839382	63.04998	79.89027	177.74379	-63.625843	362.33334	339.9	222199	35.083656	11.601366	74.053955	-29.903198	-35.36339	0.6918182	1800.4697728157043
203	36.1552	54.619736	110.12035	-20.110544	51.24394	62.534607	178.22801	-36.954945	400.0	337.25	223299	34.992718	11.533401	64.647934	-30.87444	-35.26262	0.6150831	1814.6195647716522
204	18.904402	91.51364	129.96234	-94.17211	0.060350515	62.21383	114.94808	-135.59184	400.0	299.8	224399	34.646248	11.430257	98.47391	-33.689606	-34.92722	0.6314191	1822.9921472072601
205	58.039646	5.7605934	63.80024	52.279053	-19.744762	48.86543	88.804375	-116.69997	400.0	329.3	225499	34.570545	11.399727	59.371975	-30.776287	-34.83166	0.55024964	1830.325884103775
206	26.439554	16.612326	49.92569	14.191333	30.007893	77.81784	192.14565	-77.63921	400.0	334.0	226599	34.678246	11.358309	56.79831	-35.3843	-34.917885	0.5951305	1839.1269090175629
207	89.088585	46.96484	155.48212	54.320644	15.474817	45.268574	86.990234	-64.17068	400.0	280.55	227699	35.14862	11.3771515	101.077614	-36.484024	-35.37617	0.5772669	1845.6976058483124
208	26.473583	83.49884	186.77127	-35.60407	14.347397	41.774826	129.87607	-39.300526	235.0	288.4	228799	35.33097	12.567887	72.818085	-75.19389	-35.571598	1.091268	1852.3481380939484
209	61.922043	80.59061	175.06378	-6.543304	62.41468	67.53727	202.82767	-43.330143	400.0	337.85	229899	35.20296	13.024542	57.031937	-67.95729	-35.439613	1.2677894	1858.9197483062744
210	31.565468	8.281075	39.846542	23.284393	76.87306	70.45903	213.21265	-34.9587	400.0	366.15	230999	35.592213	12.689527	67.626854	-56.760113	-35.81437	1.061089	1865.394333600998
211	81.67404	24.414095	114.09751	55.18558	57.516235	73.54425	175.27766	-44.86615	400.0	366.55	232099	36.147045	12.554706	55.073032	-51.335377	-36.35223	0.9720772	1871.7670748233795
212	53.843025	82.20062	160.46884	-35.142677	83.607956	81.62354	185.55013	-41.46219	260.0	349.1	233199	36.443733	12.747134	59.602966	-45.38266	-36.64501	0.83971196	1878.407163143158
213	16.380148	42.445995	62.33935	-40.040558	23.760075	46.942455	93.611336	-69.75111	325.66666	312.4	234299	36.467888	13.198374	81.19521	-48.11448	-36.682636	0.9225648	1884.809345960617
214	26.942492	86.07885	148.47731	-39.85147	35.456425	68.00489	162.45335	-56.445198	400.0	318.4	235399	36.8524	13.085704	79.38374	-43.081116	-37.07527	0.9538632	1891.5467646121979
215	13.624822	35.14221	48.138725	-34.600746	3.3337474	56.701725	147.0864	-73.74238	302.0	247.4	236499	36.925327	12.269589	55.449852	-51.778755	-37.126938	0.7204711	1897.4607944488525
216	35.45437	69.17625	102.71986	-59.69703	0.7141017	50.69619	137.65536	-40.90794	336.0	197.25	237599	36.865685	12.004392	58.31431	-30.7995	-37.067116	0.63338625	1902.9844534397125
217	1.2304313	36.630314	55.727703	-41.86446	5.414037	50.704617	136.31993	-40.62113	272.2	283.85	238699	36.76314	11.948784	80.75243	-42.830166	-36.996216	0.6556232	1908.8425612449646
218	105.427025	0.4524002	105.879425	104.974625	23.038319	63.257046	129.35623	-35.463917	400.0	211.55	239799	36.68918	12.054204	58.26567	-62.415504	-36.93071	0.70145583	1915.1902987957
219	35.339794	66.88775	136.18683	-27.630976	17.345009	58.90574	144.23923	-47.541714	317.75	250.2	240899	36.755547	12.155653	60.035027	-36.9494	-37.012802	0.76252806	1924.6011369228363
220	-15.305406	12.678841	4.4909296	-27.06149	45.14195	70.044075	133.67569	-46.373203	228.25	315.55	241999	36.917004	12.411254	65.96553	-27.33123	-37.18424	0.6425563	1932.1643290519714
221	31.724987	66.863556	145.4725	-26.710922	20.366795	72.03391	224.709	-33.60315	315.75	241.65	243099	36.383476	12.466598	73.12654	-35.02944	-36.64713	0.66563195	1938.6952230930328
222	43.36963	92.949066	169.8564	-50.859512	9.930079	64.70341	180.93582	-53.335934	319.66666	210.95	244199	36.63222	11.99213	58.46731	-23.829725	-36.885	0.54741776	1946.192833662033
223	38.570095	72.64149	146.30861	-35.7415	10.5301075	83.41223	192.82086	-66.935326	227.5	207.8	245299	36.642426	12.822789	92.23057	-105.45621	-36.877605	0.830652	1953.167287826538
224	-21.694197	25.25537	33.137585	-41.312176	17.845552	87.30672	218.81613	-49.565914	181.0	185.75	246399	36.067097	13.565368	64.92468	-54.246777	-36.321377	1.1046065	1959.5060636997223
225	55.8633	112.924545	215.10277	-34.24549	45.824158	89.115326	208.34026	-63.33022	288.33334	313.75	247499	35.19756	14.593459	74.88324	-53.93101	-35.501915	1.4887518	1967.505258321762
226	165.453	40.73436	213.32396	113.764854	23.682705	83.6975	191.1295	-51.85778	400.0	217.45	248599	35.46187	14.312332	60.809387	-44.57382	-35.783974	1.2297561	1973.7209236621857
227	138.78317	34.271294	184.31818	101.63843	11.189403	82.88414	168.63853	-71.45321	400.0	209.9	249699	36.44245	13.891099	64.06612	-36.48164	-36.766296	0.9839587	1979.8937723636627
228	-6.057946	53.74605	73.035324	-53.04899	29.106485	94.30145	215.67682	-54.682285	223.4	188.1	250799	37.044247	13.731836	71.34033	-28.894188	-37.38096	0.9384548	1985.751029253006
229	-3.7840586	65.926544	141.72705	-46.114624	3.5611954	91.224304	244.03868	-77.04628	147.0	219.1	251899	37.231953	14.515934	69.03911	-24.909075	-37.558723	1.0350196	1991.5158109664917
230	25.86523	100.62633	178.87056	-103.200584	63.93224	54.36018	144.67815	-26.513222	252.6	313.3	252999	37.306145	15.300826	67.072014	-25.178425	-37.63742	1.0834835	1997.7845039367676
231	71.54122	43.28656	126.76531	21.053116	72.80769	59.347805	194.93127	-35.193115	400.0	350.25	254099	38.422638	15.734911	67.29772	-26.413843	-38.75795	0.95086384	2004.3896555900574
232	41.181988	12.478715	53.6607	28.703272	71.05682	54.319088	166.32852	-30.72566	400.0	346.85	255199	38.718147	15.966486	66.48564	-29.862507	-39.03523	0.9062149	2010.887095451355
233	93.09277	24.784376	124.67562	64.13736	104.42047	46.460316	187.2983	-33.56426	400.0	382.65	256299	38.73402	16.135595	70.787254	-39.60289	-39.04453	0.8479188	2017.7870059013367
234	88.26986	36.701763	132.38539	42.52889	82.83584	84.26606	182.49829	-61.13158	400.0	303.55	257399	39.195587	16.203829	71.212234	-38.01323	-39.501644	0.82360995	2024.2294616699219
235	136.99226	22.159605	166.26794	112.67078	115.653885	57.86516	184.37593	-30.462168	400.0	366.95	258499	39.27874	16.076687	68.71481	-22.178967	-39.55382	0.8098806	2031.0290040969849
236	83.77469	94.01458	167.1898	-47.596413	95.763985	57.229946	171.48726	-36.05744	310.66666	382.85	259599	39.70494	15.952483	68.426994	-23.452322	-39.96797	0.7968153	2038.1185581684113
237	114.51653	14.945383	128.9134	93.91682	100.37805	61.0542	193.27129	-13.169426	400.0	384.5	260699	40.33756	15.599616	66.83867	-41.693565	-40.59499	0.9118989	2044.972675561905
238	127.85156	32.76283	170.43042	90.73857	106.1653	68.16706	229.71036	26.23597	400.0	400.0	261799	41.597855	15.11969	73.52753	-27.210896	-41.82779	0.6916636	2052.0726602077484
239	109.7272	48.32992	158.05713	61.39728	50.178787	86.22813	228.96915	-44.204678	400.0	288.85	262899	42.09521	14.674104	63.506165	-29.868362	-42.305126	0.614867	2058.0671648979187
240	92.037384	66.998116	158.12976	-17.420038	33.374985	64.21363	175.09488	-46.9193	318.75	279.55	263999	42.0889	14.830231	89.56728	-32.115543	-42.27905	0.70501673	2063.8530645370483
241	67.1233	54.707336	107.00741	-10.232017	55.031677	80.930885	184.8426	-67.29021	364.33334	320.6	265099	42.11638	14.789954	72.931114	-33.17028	-42.313572	0.66999644	2069.4263365268707
242	111.040436	27.752934	140.92879	74.06554	90.65773	73.78282	167.81714	-138.4473	400.0	383.65	266199	42.807484	13.814556	73.65149	-33.963394	-43.00309	0.5636589	2075.68697142601
243	-7.199015	104.10297	139.03494	-95.0762	72.927956	78.839096	212.69952	-43.667313	326.0	351.05	267299	43.858036	11.948717	100.83501	-34.004295	-44.051155	0.67551225	2083.594391345978
244	39.663124	57.40915	122.40511	-34.669426	75.45118	59.053734	190.77403	-33.58804	313.75	365.05	268399	43.923943	10.880535	72.369576	-28.009058	-44.101746	0.52486515	2089.678566455841
245	131.349	16.200752	147.54976	115.148254	69.31485	64.066536	157.76297	-40.023823	400.0	333.5	269499	44.054478	11.041902	129.62022	-60.7678	-44.227314	0.6240097	2095.580547809601
246	36.671642	96.28247	143.32684	-109.34789	55.161217	59.399235	138.9576	-38.93545	356.75	332.35	270599	43.728333	12.379569	128.99896	-78.692215	-43.88447	0.7347003	2101.4745705127716
247	57.224777	43.23375	100.45853	13.99103	68.14231	68.34964	184.12434	-91.169914	400.0	379.7	271699	43.52435	12.894437	69.14721	-69.56355	-43.678272	0.6423554	2108.10098862648
248	83.16448	102.78192	184.49614	-86.02265	93.658485	66.41003	177.9871	-35.621502	349.25	344.4	272799	43.79912	12.838342	88.788864	-63.372894	-43.961395	0.56426555	2114.509789466858
249	46.548313	77.47501	165.83853	-25.930424	102.077995	69.1034	171.4325	-53.4015	233.5	363.35	273899	43.347115	13.370351	80.62544	-58.109985	-43.534054	0.7053761	2120.880746126175
250	71.22502	61.382267	134.20044	-30.50881	66.736855	74.89371	177.19012	-82.38252	314.25	333.8	274999	43.05558	13.361191	68.849304	-54.55769	-43.234505	0.59562546	2127.0130755901337
