Epoch	AverageEpRet	StdEpRet	MaxEpRet	MinEpRet	AverageTestEpRet	StdTestEpRet	MaxTestEpRet	MinTestEpRet	EpLen	TestEpLen	TotalEnvInteracts	AverageQVals	StdQVals	MaxQVals	MinQVals	LossPi	LossQ	Time
1	-73.99039	43.620113	-30.370275	-117.610504	96.00973	38.23303	188.97266	36.60793	400.0	400.0	1099	-0.5592722	0.09131766	-0.2137293	-0.99588525	0.539715	0.11282152	3.364302396774292
2	-41.389244	76.637474	53.35881	-134.33803	1.8709767	161.81152	236.95985	-375.76483	400.0	375.25	2199	-0.7713987	0.77578527	1.8324362	-4.920104	0.66878754	0.03255026	14.163257122039795
3	-97.162994	36.32541	-53.142307	-142.10666	2.7856286	195.96123	244.16331	-306.23663	400.0	380.05	3299	-0.18716286	1.5176268	3.8187122	-6.855566	-0.18557836	0.026255578	23.761285543441772
4	-14.840581	7.063251	-8.809821	-24.7521	-117.72058	129.79277	171.77214	-325.15997	400.0	275.15	4399	0.8670556	1.9987063	5.815474	-9.004749	-1.1863672	0.03291157	32.38851881027222
5	-27.8516	52.7946	24.942999	-80.6462	-106.10532	93.84093	29.262419	-298.35306	400.0	276.9	5499	2.0544665	2.5944092	7.498709	-11.11326	-2.4485357	0.04064547	40.77165484428406
6	-96.011345	23.96354	-77.48777	-129.85025	-101.31951	136.07887	213.34084	-328.62982	400.0	268.5	6599	3.3803487	3.1199772	9.680395	-13.583703	-3.812264	0.044288486	49.04616403579712
7	-76.85007	67.755356	-2.660773	-166.46275	-114.299866	149.25102	213.2309	-302.85263	400.0	294.7	7699	4.698061	3.4905052	11.306867	-14.795077	-5.153342	0.04136911	59.201027631759644
8	-122.87128	17.56652	-100.74961	-143.7223	-72.87749	156.91833	191.75087	-298.80142	400.0	287.95	8799	5.986581	3.7166467	13.065039	-15.929248	-6.4538245	0.034004044	67.91944360733032
9	-28.772942	82.34608	53.573135	-111.11902	-115.19084	133.89468	211.03246	-327.21158	400.0	235.85	9899	7.413372	3.9046183	14.712237	-15.18384	-7.90687	0.03450006	76.55693578720093
10	-48.77067	26.756054	-28.161041	-86.55752	-117.920334	158.6888	228.07681	-301.24713	400.0	274.75	10999	8.925275	3.9823523	16.52156	-14.464137	-9.432562	0.037203133	85.74991273880005
11	-1.6652628	76.01422	105.71099	-59.825256	-87.09649	171.44925	252.16774	-362.3518	400.0	252.4	12099	10.557135	4.023946	18.531979	-12.344316	-11.082882	0.041565876	93.93415427207947
12	-9.911324	66.51278	84.14181	-58.133976	-97.80218	126.489555	205.67941	-318.6653	400.0	234.75	13199	12.200242	3.970193	20.257317	-11.368311	-12.737154	0.04517625	103.43330836296082
13	-75.61146	5.56958	-70.04188	-81.18104	-119.3444	142.41446	191.84389	-301.23575	400.0	276.2	14299	13.755892	4.014651	21.799562	-10.8861265	-14.283086	0.049043853	113.11381459236145
14	-61.796497	37.503834	-5.008774	-98.56598	-50.56681	136.41864	243.62083	-322.262	331.25	225.9	15399	15.147517	4.1095514	23.099041	-10.508919	-15.706957	0.052240107	121.4327564239502
15	-35.529766	114.80161	118.862564	-156.21585	70.18726	187.16719	223.32657	-326.59198	313.66666	384.75	16499	16.063107	4.4197173	24.422216	-11.109426	-16.399096	0.09175569	130.76379561424255
16	-22.523378	201.27835	157.3847	-303.51215	85.51387	128.72629	236.98357	-295.0791	374.66666	382.95	17599	16.320839	5.570053	26.028841	-11.563386	-16.636122	0.10352779	139.58536386489868
17	29.321732	205.89592	189.91115	-261.32498	106.66909	68.54357	221.43495	-19.031132	400.0	400.0	18699	16.69902	6.7417808	27.72873	-16.864567	-17.07487	0.12173526	149.13198375701904
18	104.63084	18.04777	127.78999	83.76024	109.13896	55.025307	187.774	8.551385	400.0	400.0	19799	17.959496	7.569083	29.194271	-13.001253	-18.405382	0.1515453	158.67119693756104
19	93.749275	46.122593	139.87187	47.626682	150.63448	40.11968	232.6671	41.931297	400.0	400.0	20899	19.536556	7.998209	30.963892	-16.44209	-20.013317	0.17776074	168.40368556976318
20	135.85487	24.25618	170.05333	116.433304	120.69016	37.45289	174.14784	41.182034	400.0	400.0	21999	21.191692	8.264655	32.409573	-15.01857	-21.694735	0.1851489	179.5382719039917
21	135.73376	57.516785	203.9518	63.258156	138.5282	48.42863	227.46179	27.771305	400.0	400.0	23099	22.721123	8.4372835	33.870567	-15.359357	-23.17379	0.17962411	189.44767451286316
22	180.57219	34.614017	212.88487	132.57071	120.687744	87.6257	219.0084	-197.58327	400.0	400.0	24199	24.291412	8.577121	35.27976	-15.60692	-24.777863	0.1824452	198.5659637451172
23	186.85208	10.778496	197.63058	176.0736	165.27579	38.477634	234.10484	76.84736	400.0	400.0	25299	26.043173	8.580514	36.56735	-15.667143	-26.524477	0.1668124	208.23807907104492
24	169.40901	49.573498	226.46008	105.59639	159.68645	43.48465	227.13539	84.386604	400.0	400.0	26399	27.619217	8.748239	37.87269	-15.041393	-28.074095	0.15018177	218.04063749313354
25	154.38898	26.90653	178.61322	116.86364	147.49861	73.39454	226.21794	-44.310658	400.0	400.0	27499	29.0708	8.916835	39.563324	-15.342082	-29.518433	0.13971803	229.2506709098816
26	182.3186	28.729065	222.13832	155.42082	151.52599	65.68676	226.49396	10.534676	400.0	400.0	28599	30.501589	8.980231	40.908615	-12.943348	-30.925238	0.13330401	239.48726344108582
27	173.59528	27.738419	201.3337	145.85686	134.53885	62.43156	249.27357	38.01257	400.0	400.0	29699	31.83492	9.0703945	42.2487	-14.762964	-32.213192	0.14290595	249.63478803634644
28	161.62012	27.36637	200.17554	139.42912	122.1557	82.691605	231.93507	-75.82426	400.0	400.0	30799	32.85778	9.237103	43.57028	-12.416813	-33.21289	0.14569056	260.39053297042847
29	130.47939	50.295517	195.58186	73.11466	110.30045	73.090866	216.1956	-83.46139	400.0	400.0	31899	33.823704	9.394212	44.731262	-11.034973	-34.170822	0.14577632	269.9296431541443
30	77.99932	68.65868	155.72073	-11.265341	113.62067	84.75857	219.40373	-52.06345	400.0	400.0	32999	34.67848	9.706259	45.742115	-11.179549	-35.008533	0.12268144	279.7439525127411
31	133.8158	0.6361618	134.45195	133.17963	135.32477	61.199432	206.67026	-13.304702	400.0	400.0	34099	35.392918	10.016604	46.753212	-8.548879	-35.710575	0.109957956	289.752947807312
32	124.02712	103.00267	215.12108	-19.96143	89.4146	109.24819	242.65285	-181.54793	400.0	400.0	35199	36.08735	10.457952	47.781662	-6.313344	-36.403244	0.10709811	299.24230909347534
33	84.89897	64.54674	160.1059	2.4919183	75.71547	115.76535	184.69508	-259.0687	400.0	392.2	36299	36.78287	10.9039	49.024452	-5.527754	-37.1043	0.11628636	309.6272134780884
34	136.1628	38.92985	182.58313	87.31741	154.56194	63.614365	226.42134	-3.9024773	400.0	400.0	37399	37.505642	11.269585	50.01807	-5.9507923	-37.82321	0.111886725	320.65518712997437
35	129.9343	13.141666	143.07596	116.792625	171.70158	79.14724	268.08157	-51.23022	400.0	400.0	38499	38.26676	11.564682	50.79756	-9.202047	-38.593914	0.11742588	332.0515081882477
36	214.59615	41.349106	269.0366	168.88803	135.28555	105.46055	250.02553	-99.63014	400.0	387.5	39599	39.192013	11.708664	51.64408	-7.914011	-39.54698	0.12705456	342.29799818992615
37	178.4105	70.80539	266.44888	93.07501	130.19612	118.10141	244.93936	-202.91016	400.0	400.0	40699	40.16873	11.823013	52.442265	-8.540985	-40.512344	0.13079126	352.34541964530945
38	141.7303	110.52909	239.5283	-12.770237	121.59999	106.91002	244.43327	-149.56013	400.0	400.0	41799	41.12243	11.918925	53.1943	-9.240008	-41.47103	0.12484877	361.05174255371094
39	6.0318546	19.811092	25.842947	-13.779238	145.61032	106.544	272.38025	-210.5916	400.0	400.0	42899	41.85184	11.988134	53.936325	-9.465462	-42.189236	0.12246635	369.65069603919983
40	133.80023	37.722748	166.96304	81.02933	144.7709	83.676796	256.4239	-62.094826	400.0	386.25	43999	42.494057	12.068392	54.591675	-9.352603	-42.815174	0.115879565	379.17742919921875
41	183.83601	41.64774	242.1316	147.4068	122.94338	89.56316	231.80997	-49.217045	400.0	400.0	45099	43.22194	12.094156	55.19155	-9.022913	-43.534275	0.10971578	389.0183117389679
42	228.97353	25.97031	261.3059	197.71931	120.74465	112.802284	241.37828	-121.714806	400.0	400.0	46199	43.8873	12.199507	55.732517	-8.771629	-44.19617	0.10791397	398.86103558540344
43	182.80798	53.784805	236.59279	129.02318	147.97028	87.966225	252.58475	-140.73827	400.0	400.0	47299	44.61525	12.281028	56.22682	-8.181138	-44.930214	0.11455539	408.8447473049164
44	170.00925	54.305878	230.92111	99.04405	172.98532	80.84681	261.6047	-14.708861	400.0	400.0	48399	45.280052	12.34758	56.729057	-8.20904	-45.588436	0.1115771	418.15592408180237
45	151.72603	50.048714	208.59993	86.80168	184.8246	45.280952	260.44635	85.87226	400.0	400.0	49499	45.865543	12.439356	57.440876	-9.1657505	-46.183594	0.116904214	427.68592858314514
46	177.46863	44.593864	217.39343	115.228264	178.17555	47.190952	241.03438	71.74075	400.0	400.0	50599	46.600243	12.347435	58.069675	-9.277346	-46.9162	0.11292956	436.9748783111572
47	165.08945	66.15958	231.24902	98.92987	186.51933	48.73258	252.69826	92.75762	400.0	400.0	51699	47.2517	12.206524	58.583603	-8.526811	-47.55196	0.10810676	446.61606216430664
48	217.60548	18.513134	237.08115	192.71417	172.00725	57.88194	252.30399	39.94924	400.0	400.0	52799	47.803852	12.145099	59.059265	-8.614592	-48.09372	0.10879251	456.87766337394714
49	108.77039	43.697296	170.54074	76.30443	201.67308	37.510906	269.37927	141.78787	400.0	400.0	53899	48.252625	12.151714	59.508614	-7.3581753	-48.548004	0.12188013	467.1662976741791
50	186.04236	53.181034	232.62692	111.61553	186.72404	63.78672	256.21918	56.91546	400.0	400.0	54999	48.75874	12.173738	59.980225	-6.487028	-49.060413	0.12676764	478.28528785705566
51	153.08417	99.692085	252.77625	53.392075	169.78252	49.31693	239.34503	86.364075	400.0	400.0	56099	49.270554	12.159448	60.38253	-5.2410884	-49.558147	0.112884425	487.87378001213074
52	222.56133	28.466936	260.79764	192.53273	183.41661	53.170265	255.63931	65.50717	400.0	400.0	57199	49.742973	12.269616	60.737556	-4.4780474	-50.02347	0.11033206	498.67835783958435
53	212.42418	18.103949	226.70032	186.88031	198.39447	47.875668	255.12491	108.98886	400.0	400.0	58299	50.166542	12.388615	61.196636	-3.4012413	-50.44392	0.11384703	508.4796714782715
54	199.79005	28.874096	238.00804	168.22678	177.11533	38.77638	227.04253	98.65771	400.0	400.0	59399	50.62623	12.498733	61.596634	-7.5733237	-50.905617	0.109953225	519.6102545261383
55	39.11242	66.39672	105.50914	-27.284304	152.77194	39.464283	225.64708	73.39456	400.0	400.0	60499	51.025555	12.6565485	62.006084	-7.85432	-51.30173	0.11259756	530.4427092075348
56	161.98479	72.32217	219.84973	60.014786	162.98402	76.87544	242.86208	-58.393974	400.0	386.65	61599	51.370724	12.811259	62.322243	-12.586201	-51.640594	0.10973255	541.1381952762604
57	113.852104	100.75316	231.0872	-14.899225	164.79004	67.221825	241.09105	-81.03057	400.0	386.85	62699	51.658978	13.007812	62.610703	-10.269289	-51.92796	0.10896387	550.5351614952087
58	212.2132	5.435719	219.88725	207.98604	210.69107	52.876774	260.61688	8.083125	400.0	400.0	63799	52.046455	13.064869	62.92403	-12.451201	-52.32061	0.11296146	559.200208902359
59	55.51	108.36304	163.87303	-52.853035	180.02834	45.835922	253.41771	53.921246	400.0	400.0	64899	52.391167	13.144123	63.31364	-11.29356	-52.66798	0.11401705	568.9373304843903
60	193.86208	37.82843	228.4583	141.22545	136.97443	78.90748	223.30724	-62.869072	400.0	400.0	65999	52.7802	13.191941	63.711796	-9.846812	-53.059822	0.121496804	578.4761869907379
61	191.7251	18.66153	217.64706	174.47253	197.08266	57.067673	254.46054	-29.3532	400.0	400.0	67099	53.242664	13.06793	64.06479	-9.098366	-53.518715	0.121334895	588.1151874065399
62	167.79184	11.140092	183.41962	158.25113	183.578	48.10242	254.89807	69.11639	400.0	400.0	68199	53.65899	13.013052	64.38454	-8.652127	-53.928574	0.11218663	597.750476360321
63	190.11243	12.479027	202.59146	177.6334	176.23935	58.743683	261.33347	30.756578	400.0	400.0	69299	53.962887	13.033031	64.60398	-8.634607	-54.230625	0.11026249	607.8952145576477
64	171.43602	7.446751	177.3394	160.9316	200.88443	55.776062	262.71243	84.34389	400.0	400.0	70399	54.393127	12.933548	64.87788	-8.366652	-54.65721	0.11195935	618.0473132133484
65	175.91101	46.32159	216.17314	111.027794	171.54633	75.207405	279.74512	-19.447245	400.0	400.0	71499	54.703903	12.904833	65.1017	-8.147866	-54.968197	0.12617944	628.2982120513916
66	224.0035	40.430042	259.58743	167.45305	170.18188	72.772995	257.5756	-66.46003	400.0	384.65	72599	55.079613	12.7543	65.38492	-8.914875	-55.33613	0.116353	639.354424238205
67	256.7638	13.7304	270.4942	243.0334	210.25058	43.036007	267.36716	121.069374	400.0	400.0	73699	55.367943	12.682157	65.62524	-5.270995	-55.614754	0.10210688	650.6304948329926
68	177.71498	9.735156	185.05421	163.95767	207.884	40.5683	264.03235	100.99104	400.0	400.0	74799	55.597286	12.711069	65.839615	-6.047998	-55.8408	0.09439459	659.9072189331055
69	205.78728	41.667824	247.87964	149.02715	180.189	84.38353	255.65036	-56.69516	400.0	369.65	75899	55.80372	12.774554	66.01923	-7.7865286	-56.0453	0.10320926	670.4785826206207
70	181.93828	16.99856	196.822	158.14763	174.00833	137.60968	254.15613	-337.4109	400.0	400.0	76999	56.077145	12.83354	66.20835	-9.027605	-56.31826	0.0958989	680.6146955490112
71	171.50333	35.19236	206.6957	136.31097	187.10652	115.66038	276.11252	-290.5024	400.0	400.0	78099	56.328518	12.850776	66.42551	-10.2874775	-56.57105	0.09625853	690.1074295043945
72	235.88725	27.59368	262.7557	197.94423	195.40543	56.28986	269.0231	74.39724	400.0	400.0	79199	56.59852	12.848945	66.65476	-11.710905	-56.84628	0.09630086	699.6831793785095
73	217.27254	15.793749	236.86165	198.18477	208.26653	34.51802	271.12177	138.26009	400.0	400.0	80299	56.872948	12.82449	66.79667	-12.532038	-57.11596	0.10191696	709.7095727920532
74	148.81093	79.16041	209.81201	37.01644	184.85704	68.85305	261.973	-53.17035	400.0	385.4	81399	57.091076	12.817208	66.93385	-13.206772	-57.33304	0.1045765	719.4907038211823
75	208.03784	35.47973	243.51758	172.55812	192.9592	58.84538	263.44925	-24.801939	400.0	384.1	82499	57.34029	12.751189	67.03367	-13.367258	-57.580692	0.10311735	729.3611643314362
76	197.77846	49.994568	241.09647	127.726814	207.53519	31.535336	264.673	148.25792	400.0	400.0	83599	57.52997	12.707352	67.22574	-13.415566	-57.766483	0.10951765	740.4294004440308
77	220.88872	21.303268	250.77092	202.62587	201.4965	62.115326	270.2951	25.969742	400.0	400.0	84699	57.744713	12.637621	67.32182	-13.134221	-57.975044	0.103539705	749.6588342189789
78	204.2187	13.066569	216.68166	186.17162	222.42258	38.504124	276.71924	97.06073	400.0	400.0	85799	57.9074	12.560516	67.45523	-11.2286215	-58.139763	0.099646956	758.8789570331573
79	258.8363	9.359802	268.1961	249.4765	196.98279	35.834244	247.12535	80.989204	400.0	400.0	86899	58.126965	12.494021	67.67522	-9.475117	-58.3579	0.09663555	768.7683777809143
80	250.02356	21.35867	272.55338	221.33469	211.08139	33.537827	271.24045	133.37973	400.0	400.0	87999	58.342632	12.509339	67.936966	-10.326176	-58.571976	0.097521074	778.1343891620636
81	193.95604	12.997364	209.4186	177.61783	184.70482	89.777794	276.34125	-77.54501	400.0	384.35	89099	58.536022	12.535345	68.12206	-10.27746	-58.76696	0.09765939	787.9358355998993
82	173.32469	10.218933	187.1976	162.88158	182.55946	73.79381	271.78146	-44.53567	400.0	384.2	90199	58.730503	12.584772	68.22716	-9.626255	-58.956486	0.09183269	797.0150074958801
83	191.34637	54.332222	245.6786	137.01416	190.25948	47.37786	254.24965	47.092884	400.0	400.0	91299	58.876656	12.6982	68.30479	-10.027152	-59.098858	0.09234511	808.3349187374115
84	208.0066	21.657936	236.34981	183.78033	212.32751	47.280407	276.66577	89.985	400.0	400.0	92399	59.013596	12.785308	68.44451	-7.789693	-59.231743	0.093995996	817.8147954940796
85	206.7949	35.69647	257.1145	178.12659	182.18756	63.14755	250.51334	-49.87229	400.0	384.35	93499	59.196922	12.803561	68.560295	-5.8469553	-59.414574	0.090419486	828.8431301116943
86	190.34381	37.248318	231.97908	141.5792	176.70248	80.45481	263.57318	-87.9849	400.0	385.0	94599	59.35884	12.8005295	68.726685	-4.75281	-59.575684	0.092796564	838.0806264877319
87	202.54391	13.9609375	216.50485	188.58298	216.2176	51.636642	285.95193	41.296246	400.0	400.0	95699	59.464947	12.85259	68.86593	-7.23204	-59.677094	0.095775895	847.9884808063507
88	238.6759	20.84558	268.0459	221.7864	194.85951	85.868484	283.58942	-141.96747	400.0	400.0	96799	59.603226	12.8569145	68.97178	-5.0859466	-59.81171	0.09627526	857.0600690841675
89	156.13768	82.6013	238.9738	43.38873	214.67827	36.465366	275.0603	109.25235	400.0	400.0	97899	59.738132	12.898974	69.07831	-6.231644	-59.94439	0.0965405	866.7760772705078
90	213.43315	24.019306	235.78809	180.10657	180.843	79.97985	271.8799	-41.834938	400.0	384.55	98999	59.836884	12.955977	69.15543	-7.7843494	-60.04419	0.10186303	876.1448366641998
91	243.86975	8.015236	251.885	235.85452	180.27304	99.42865	279.32962	-113.15973	400.0	373.85	100099	59.959873	13.043814	69.34006	-8.031034	-60.16985	0.102013886	885.8507161140442
92	210.31401	31.86717	246.07411	168.68135	216.13477	41.224895	266.0996	110.788536	400.0	400.0	101199	60.135277	13.134334	69.6733	-8.813119	-60.3475	0.1004438	895.2446410655975
93	171.89966	94.34784	277.7074	48.598244	203.02391	70.57061	271.61728	-59.57256	400.0	385.8	102299	60.269608	13.259269	69.95197	-9.172227	-60.48654	0.103502825	904.9048840999603
94	204.7859	18.31924	228.03806	183.26564	183.40732	70.15089	274.01746	-45.280815	400.0	384.5	103399	60.416615	13.338247	70.09427	-9.297347	-60.625847	0.10082672	914.3125162124634
95	192.35179	28.528854	220.88065	163.82294	198.38712	34.161163	256.57092	124.347946	400.0	400.0	104499	60.60788	13.294834	70.20041	-8.564712	-60.810368	0.09817254	923.8091464042664
96	187.12079	12.952174	199.2232	169.16216	198.01953	48.658115	270.89893	77.361626	400.0	400.0	105599	60.738876	13.251494	70.27025	-9.484781	-60.93341	0.097523235	933.6999728679657
97	226.14935	17.336525	250.39299	210.86255	213.55244	34.0715	271.84692	135.934	400.0	400.0	106699	60.80135	13.245009	70.38199	-10.08434	-60.99293	0.1048775	942.6574301719666
98	237.1982	35.807674	283.16025	195.80789	225.27405	36.791958	265.38162	127.26714	400.0	400.0	107799	60.894623	13.193701	70.39282	-10.313652	-61.08564	0.10181653	952.930534362793
99	192.044	29.45063	221.49464	162.59338	204.94006	30.467258	256.22916	143.2721	400.0	400.0	108899	60.96877	13.161793	70.43388	-10.831044	-61.158417	0.08944512	961.4544277191162
100	191.61353	21.271206	221.053	171.53798	214.26436	32.012123	260.1395	151.207	400.0	400.0	109999	61.10728	13.08196	70.455246	-11.250856	-61.298912	0.09540035	972.6030938625336
101	223.786	24.872879	246.08604	189.07709	220.2386	32.89001	276.20715	161.1102	400.0	400.0	111099	61.221012	13.023985	70.52128	-11.552517	-61.4121	0.09372478	982.6239414215088
102	155.77034	25.054274	182.5298	122.27785	215.38931	46.100624	274.01636	102.63044	400.0	400.0	112199	61.251846	13.077858	70.627304	-9.841334	-61.443245	0.08988174	991.5473005771637
103	156.3128	19.915092	176.22789	136.3977	212.9093	36.79419	275.33948	129.74554	400.0	400.0	113299	61.314896	13.0272875	70.62967	-9.847178	-61.50183	0.09419936	1001.0980916023254
104	179.53621	33.158497	225.55186	148.7086	220.0509	30.289276	268.45798	174.39847	400.0	400.0	114399	61.365368	13.036598	70.64219	-8.756416	-61.550434	0.08661708	1011.6654272079468
105	222.31859	16.811914	245.04097	204.89682	193.6704	34.11625	250.6927	97.80325	400.0	400.0	115499	61.453907	12.998285	70.65038	-10.1676	-61.637074	0.081487015	1021.2710273265839
106	181.57149	27.10529	212.77362	146.68661	223.24759	42.671688	281.24094	139.09874	400.0	400.0	116599	61.531586	12.938438	70.61497	-11.2349205	-61.713593	0.08729155	1031.4573934078217
107	195.39465	79.45042	274.84506	115.94423	204.56667	43.869686	281.886	110.16571	400.0	400.0	117699	61.567184	12.930534	70.60731	-12.610004	-61.750256	0.08168876	1042.7495844364166
108	230.55879	33.63566	261.71048	183.85072	207.8649	44.75854	273.12296	116.27962	400.0	400.0	118799	61.675434	12.85805	70.626816	-15.446831	-61.85772	0.08404135	1053.699585199356
109	229.52655	22.95809	260.88586	206.56294	232.83792	28.676256	278.41528	181.36832	400.0	400.0	119899	61.793797	12.773966	70.6424	-17.463898	-61.977947	0.07795996	1063.5253636837006
110	231.28601	14.624238	251.96265	220.54726	225.31367	27.054735	285.677	170.53455	400.0	400.0	120999	61.884212	12.717584	70.65661	-17.910364	-62.06611	0.07924856	1073.6924035549164
111	238.98802	34.156723	273.14474	204.8313	209.3365	35.852978	271.5735	142.62012	400.0	400.0	122099	61.961628	12.721147	70.715385	-18.175623	-62.140915	0.07330475	1084.412752866745
112	253.13023	11.960808	265.5398	236.97087	204.60587	41.355625	266.33896	81.6002	400.0	400.0	123199	62.050056	12.726687	70.818375	-18.348158	-62.231663	0.08064666	1093.4542944431305
113	211.33977	22.722858	238.08908	182.54279	233.32434	24.242788	268.74557	186.56247	400.0	400.0	124299	62.14645	12.7471285	70.95892	-16.123072	-62.330795	0.07921431	1102.8885016441345
114	237.79424	29.520264	272.5783	200.4092	216.94125	33.968536	279.1072	134.2269	400.0	400.0	125399	62.287075	12.754604	71.21071	-14.203882	-62.468594	0.08183215	1112.5150256156921
115	176.3131	50.330387	226.64348	125.982704	203.59074	37.344467	261.7785	109.56698	400.0	400.0	126499	62.34925	12.785403	71.32786	-10.2606535	-62.528416	0.084781416	1122.115140914917
116	193.05757	29.284962	222.84967	153.24693	223.44304	29.266361	273.74295	177.537	400.0	400.0	127599	62.410336	12.801944	71.34224	-8.406456	-62.58606	0.08536828	1131.708294391632
117	205.5025	23.397017	226.73726	172.90913	210.18625	38.253284	272.12787	111.84586	400.0	400.0	128699	62.51299	12.784269	71.29936	-8.935817	-62.69166	0.0860054	1140.7717921733856
118	211.23586	84.029366	273.50757	92.44684	204.79736	27.011335	260.91925	165.42282	400.0	400.0	129799	62.590088	12.75858	71.26306	-9.274435	-62.770164	0.08007994	1150.3256454467773
119	206.307	2.4717941	208.7788	203.8352	210.43282	33.958088	282.0978	130.5762	400.0	400.0	130899	62.700363	12.720624	71.32727	-8.834644	-62.88035	0.086011104	1159.7816574573517
120	196.67937	29.520765	236.85881	166.77016	212.4701	30.675386	273.31772	146.34596	400.0	400.0	131999	62.783398	12.726069	71.39791	-8.620159	-62.965057	0.08824341	1169.799580335617
121	178.4246	16.472317	201.62375	164.99316	218.58272	41.428436	275.19528	136.49991	400.0	400.0	133099	62.847214	12.714691	71.442894	-8.119907	-63.027195	0.08114606	1180.8175554275513
122	199.34608	40.064487	251.67906	154.37297	215.60124	22.62747	259.2969	175.21059	400.0	400.0	134199	62.998066	12.642398	71.55762	-7.7783875	-63.174347	0.08092835	1190.226928949356
123	225.02283	31.17759	256.2004	193.84523	213.27356	36.602867	269.29504	153.88033	400.0	400.0	135299	63.028545	12.694088	71.63706	-8.206842	-63.20488	0.08356009	1201.5425245761871
124	216.9115	6.485651	221.96158	207.75562	220.13525	39.966976	275.5592	120.22925	400.0	400.0	136399	63.118378	12.653968	71.71543	-6.3473887	-63.291946	0.07816062	1212.4098234176636
125	168.20476	70.60549	231.61104	69.70015	210.35037	33.26432	266.1786	132.33754	400.0	400.0	137499	63.188423	12.664533	71.82207	-5.9617524	-63.36196	0.08312	1223.4368524551392
126	231.23021	44.138023	267.26465	169.07243	206.05566	37.557957	255.69542	110.79309	400.0	400.0	138599	63.220684	12.742277	71.97682	-5.6857986	-63.391476	0.08235573	1233.1293315887451
127	195.41035	15.617249	211.0276	179.7931	220.62466	27.981174	272.9223	166.12233	400.0	400.0	139699	63.258923	12.778692	72.097176	-4.02462	-63.428535	0.08609382	1243.9855349063873
128	216.969	22.484459	246.50215	191.996	204.97957	39.01515	273.07776	134.71489	400.0	400.0	140799	63.32459	12.816969	72.246056	-3.9829645	-63.492783	0.08938928	1253.8083763122559
129	248.9804	16.034813	271.32404	234.45534	207.22635	47.45054	273.36926	119.024185	400.0	400.0	141899	63.40366	12.8432865	72.37775	-4.90653	-63.572357	0.08676315	1264.8403978347778
130	222.25597	33.400524	264.77417	183.1771	219.7708	36.610806	276.29434	122.59955	400.0	400.0	142999	63.504284	12.852005	72.49246	-7.6152573	-63.67402	0.092039354	1274.797164440155
131	226.86075	38.98166	265.8424	187.87909	187.44475	44.948208	260.58374	68.39486	400.0	400.0	144099	63.587315	12.924098	72.5958	-12.494313	-63.75871	0.09047775	1284.8784239292145
132	208.65569	14.95011	229.76472	197.06923	203.05685	27.720774	262.47745	151.18462	400.0	400.0	145199	63.685936	12.9388275	72.79797	-16.14461	-63.855923	0.09826018	1294.6654598712921
133	211.60548	7.251089	219.52817	202.00581	214.25891	43.21149	280.03503	134.29811	400.0	400.0	146299	63.76827	12.88575	72.92865	-20.013277	-63.941322	0.09532433	1305.730947971344
134	179.30261	59.635883	243.00465	99.58517	212.83102	38.482315	279.41556	141.09879	400.0	400.0	147399	63.864574	12.845574	72.956635	-20.9914	-64.040085	0.09636623	1315.0788969993591
135	182.14359	3.4613724	185.60497	178.68222	219.30038	31.56587	277.50156	168.34912	400.0	400.0	148499	63.97304	12.747045	72.989655	-21.99015	-64.14472	0.093766786	1323.453152179718
136	235.04247	17.653408	249.62363	210.20177	214.30643	34.973408	267.22955	144.90756	400.0	400.0	149599	64.025665	12.704003	73.03565	-22.026213	-64.19795	0.097822845	1332.9908065795898
137	224.50609	29.378756	246.74971	182.99376	203.22865	32.738716	263.63406	160.95909	400.0	400.0	150699	64.14629	12.625127	73.025635	-21.393005	-64.31664	0.09192578	1342.3911991119385
138	206.56384	9.341197	216.62167	194.11758	227.23074	31.436737	284.47498	179.15546	400.0	400.0	151799	64.20322	12.611995	73.00486	-21.194057	-64.374275	0.08633687	1352.5495290756226
139	212.12709	21.520798	233.64789	190.6063	219.5452	31.055384	271.7369	130.82506	400.0	400.0	152899	64.27607	12.584142	73.08619	-21.148664	-64.44855	0.0873223	1362.177336215973
140	203.26024	13.071365	218.42722	186.52454	208.59402	25.599396	260.8767	157.18661	400.0	400.0	153999	64.355316	12.556808	73.19141	-20.217863	-64.528625	0.08775538	1373.394718170166
141	225.94763	17.044949	249.14626	208.67703	211.29996	24.974531	257.90875	151.96858	400.0	400.0	155099	64.45667	12.530178	73.29885	-19.684864	-64.62713	0.087488584	1382.9958300590515
142	186.10614	32.754375	232.36972	160.96568	203.17548	42.11967	278.25833	141.36272	400.0	400.0	156199	64.57595	12.45962	73.3281	-19.694416	-64.744606	0.08468029	1392.5767092704773
143	228.52045	31.469353	259.9898	197.0511	201.14557	48.74596	274.417	60.74464	400.0	400.0	157299	64.62508	12.412916	73.3845	-18.769873	-64.789246	0.0927259	1401.9861743450165
144	210.78783	27.837387	250.08134	189.04475	217.66817	30.312511	263.4346	150.96138	400.0	400.0	158399	64.657394	12.397585	73.36363	-18.782463	-64.82092	0.08063257	1411.9304113388062
145	192.84814	18.292017	216.24731	171.59576	197.25957	39.298843	267.162	107.997574	400.0	400.0	159499	64.702835	12.381374	73.416084	-18.99177	-64.86815	0.08232561	1421.634914636612
146	223.99983	46.17529	284.07104	171.78712	203.7722	40.67399	265.0559	131.38902	400.0	400.0	160599	64.79712	12.342656	73.40599	-18.915121	-64.96066	0.08360966	1432.0038046836853
147	202.31033	8.592514	210.90285	193.71782	203.08182	36.97014	286.26718	128.44492	400.0	400.0	161699	64.8446	12.354053	73.434074	-18.37684	-65.00887	0.08500511	1443.3087589740753
148	209.86787	24.294836	240.10033	180.61455	189.73186	61.785587	271.10617	-21.417406	400.0	400.0	162799	64.88355	12.41334	73.43552	-18.696997	-65.04612	0.080567256	1452.6972169876099
149	180.8084	2.6004264	184.06828	177.70428	214.66989	37.37488	280.29724	158.44257	400.0	400.0	163899	64.89603	12.4960785	73.47562	-18.970703	-65.05649	0.08488407	1463.897355556488
150	191.51677	57.412434	243.32623	111.47225	202.49529	49.750603	273.34232	91.99502	400.0	400.0	164999	64.923454	12.526283	73.50058	-19.86597	-65.08128	0.08928468	1473.986081123352
151	181.4058	1.2690735	182.67488	180.13673	210.87683	43.37952	263.69543	117.517624	400.0	400.0	166099	64.95	12.542104	73.54748	-21.60281	-65.10471	0.08283671	1484.4202358722687
152	223.30443	7.1641808	233.30824	216.91293	197.918	36.91222	265.2327	140.3999	400.0	400.0	167199	64.976135	12.562824	73.65222	-21.57343	-65.12803	0.08851509	1493.7254927158356
153	215.45784	58.894573	270.7056	133.856	209.59875	46.859753	284.72275	70.58202	400.0	400.0	168299	64.976974	12.637652	73.56354	-21.840689	-65.12548	0.07941262	1503.6340973377228
154	247.5012	19.724752	274.8	228.88382	216.26448	34.8959	258.32626	155.1112	400.0	400.0	169399	64.97753	12.666213	73.52437	-23.117064	-65.12658	0.088021696	1513.3661408424377
155	191.66937	10.333183	202.00256	181.3362	208.55441	39.094326	280.77972	107.44287	400.0	400.0	170499	64.974846	12.7101965	73.430305	-23.897633	-65.12263	0.08538459	1523.0722706317902
156	188.60826	43.181423	245.52415	140.98293	208.99373	43.03659	273.741	124.48728	400.0	400.0	171599	65.01386	12.652867	73.36571	-23.315409	-65.16011	0.08349035	1533.0529563426971
157	187.19063	35.31	234.45032	149.59348	206.57588	35.838776	254.88756	137.67001	400.0	400.0	172699	64.9426	12.720472	73.26197	-22.723927	-65.08893	0.08486292	1542.747456073761
158	213.65688	31.400185	248.53258	172.41312	214.68533	28.562733	267.08304	132.51418	400.0	400.0	173799	64.94373	12.656059	73.17839	-22.607227	-65.08907	0.08159512	1553.990191936493
159	232.20564	11.790543	243.99619	220.4151	206.61209	37.52188	276.27228	153.19112	400.0	400.0	174899	64.99907	12.548898	73.11237	-23.04227	-65.14486	0.08915072	1565.1217160224915
160	210.36809	14.495256	228.59244	193.12735	218.4499	30.993267	271.93344	151.39119	400.0	400.0	175999	65.023026	12.454782	73.02898	-23.534378	-65.167114	0.086518615	1574.9407064914703
161	183.32184	27.058569	220.34933	156.44313	229.62468	35.698856	289.63528	170.47931	400.0	400.0	177099	64.993	12.426114	72.97656	-23.442547	-65.14036	0.08798203	1584.49591422081
162	218.28456	29.0048	241.5912	177.39911	221.83072	30.791622	260.39102	143.09569	400.0	400.0	178199	64.98508	12.423763	72.96523	-22.033045	-65.13153	0.09598945	1594.631535768509
163	235.84152	13.404732	249.24626	222.4368	197.05867	45.907654	266.39752	84.272446	400.0	400.0	179299	65.03754	12.358676	73.01141	-22.579386	-65.18193	0.089165084	1605.0058288574219
164	240.26538	34.034534	277.83496	195.42451	230.38582	32.96378	269.9042	166.30907	400.0	400.0	180399	65.01149	12.391846	73.04278	-22.956413	-65.156975	0.09029474	1614.5788373947144
165	200.65594	24.529522	235.2848	181.55898	226.1676	36.468533	276.742	154.5016	400.0	400.0	181499	65.040535	12.35865	73.13665	-23.258713	-65.18669	0.09125654	1624.700398683548
166	240.2655	17.158472	262.51154	220.74872	211.53616	30.556774	261.49258	151.8745	400.0	400.0	182599	65.083	12.34698	73.17118	-23.56493	-65.230385	0.093278795	1633.568276166916
167	257.06296	24.641838	281.7048	232.42113	215.05478	39.69596	283.3594	107.560745	400.0	400.0	183699	65.1383	12.296039	73.140884	-23.495815	-65.284004	0.085082464	1643.1753208637238
168	185.4433	46.9757	251.24985	144.65341	211.22327	35.746338	253.08006	131.7302	400.0	400.0	184799	65.14122	12.350874	73.08826	-23.495209	-65.285355	0.0901268	1654.492583990097
169	195.70557	30.034266	236.49637	165.055	220.85278	35.262653	266.46036	123.605354	400.0	400.0	185899	65.18389	12.375244	73.08007	-23.297503	-65.32777	0.08615985	1665.3560481071472
170	234.35966	37.91121	282.54977	189.91333	217.02686	40.77459	280.19373	122.7409	400.0	400.0	186999	65.198616	12.389352	73.05012	-21.88722	-65.34077	0.0877323	1676.3058054447174
171	209.71309	1.9373474	211.65044	207.77574	208.68896	43.026722	262.51392	93.794395	400.0	400.0	188099	65.2395	12.373203	73.057274	-20.21814	-65.37985	0.079298824	1687.2333993911743
172	225.27238	14.971416	239.9155	204.70697	199.97939	52.71067	276.35187	64.08013	400.0	400.0	189199	65.24804	12.371002	73.066895	-19.728292	-65.39079	0.08454401	1696.2736072540283
173	230.56927	12.24143	246.67247	217.01366	202.57889	41.950222	269.76855	123.92116	400.0	400.0	190299	65.29201	12.321634	73.17683	-19.994156	-65.43511	0.07977461	1704.8475904464722
174	35.111958	278.683	234.96887	-358.99203	219.86154	33.039906	277.88672	147.34259	400.0	400.0	191399	65.273315	12.4105015	73.33324	-20.99615	-65.41746	0.08340171	1715.4786853790283
175	206.75734	62.755203	269.51254	144.00214	205.43823	40.91432	265.8588	122.627594	400.0	400.0	192499	65.30717	12.490725	73.396545	-22.553324	-65.45382	0.09157224	1725.292248725891
176	182.8191	31.16158	212.3406	139.7224	217.46262	24.547913	279.8582	173.1322	400.0	400.0	193599	65.271736	12.662419	73.66303	-24.576836	-65.419106	0.087916315	1735.3948707580566
177	202.97084	12.998406	216.98775	185.66275	192.74489	35.968307	275.76587	120.817825	400.0	400.0	194699	65.34336	12.661506	73.825745	-26.297153	-65.48761	0.08851303	1746.5752680301666
178	194.92285	14.316478	214.91405	182.15121	188.96756	51.069443	272.7849	78.73609	400.0	400.0	195799	65.404594	12.623087	73.97251	-26.557766	-65.55083	0.089417525	1755.9988489151
179	219.35104	1.8659286	221.21698	217.48512	196.23631	38.785465	261.94894	119.2172	400.0	400.0	196899	65.407845	12.63886	74.10957	-25.727146	-65.55358	0.0922934	1767.0780880451202
180	214.41191	35.781357	251.79083	166.18314	210.97327	27.4264	260.06564	159.85802	400.0	400.0	197999	65.44793	12.618319	74.18935	-24.863085	-65.59296	0.08798507	1777.401921749115
181	192.59038	52.90037	260.79523	131.86563	210.08601	26.105543	253.75702	131.57324	400.0	400.0	199099	65.49182	12.595856	74.20429	-23.737667	-65.63502	0.08916002	1788.2332215309143
182	199.6742	21.643051	229.94574	180.61957	230.56934	27.53054	276.89178	164.86792	400.0	400.0	200199	65.525536	12.540223	74.237305	-22.065056	-65.66399	0.09074618	1799.2295506000519
183	202.24628	25.774506	228.02078	176.47177	213.24434	33.72188	268.6566	138.07213	400.0	400.0	201299	65.52305	12.54171	74.10455	-18.883585	-65.66549	0.08970054	1807.829663991928
184	195.60088	5.967296	200.43912	187.19373	187.00674	46.97048	273.53397	77.596214	400.0	400.0	202399	65.52818	12.513323	73.97697	-16.492989	-65.67093	0.09628354	1818.871770143509
185	199.38701	25.304579	220.1051	163.75835	198.31433	47.312683	261.12796	108.68585	400.0	400.0	203499	65.59229	12.433261	73.77408	-13.752834	-65.736435	0.09318734	1828.063716173172
186	230.7671	7.973264	241.85379	223.4423	192.09615	37.070614	246.50645	99.435104	400.0	400.0	204599	65.662834	12.366125	73.844215	-11.775051	-65.80798	0.09180375	1837.8834598064423
187	194.46375	6.604004	201.06775	187.85974	221.5197	35.55786	283.2872	162.99252	400.0	400.0	205699	65.70345	12.376759	73.89029	-11.63926	-65.84709	0.084410146	1848.321706533432
188	193.96301	20.69362	222.60008	174.4217	213.92024	31.975462	271.16394	143.68661	400.0	400.0	206799	65.71587	12.433357	73.91476	-10.719246	-65.86114	0.091031365	1858.2033581733704
189	215.73206	26.152256	252.3299	192.81154	218.15154	29.243097	269.33456	153.06404	400.0	400.0	207899	65.77506	12.448218	73.92953	-11.042233	-65.92126	0.09061199	1867.4275527000427
190	211.29716	20.247757	238.94386	191.01607	225.32878	32.85624	267.50137	134.17949	400.0	400.0	208999	65.83318	12.510874	73.98482	-10.042441	-65.984146	0.08489387	1878.5462169647217
191	221.43835	5.0443954	226.48274	216.39395	204.94038	39.07209	277.2608	107.22481	400.0	400.0	210099	65.999855	12.490315	74.04162	-10.380436	-66.16079	0.08687245	1889.522875070572
192	209.58989	38.90043	260.16705	165.55757	210.93767	41.296104	277.07196	97.913635	400.0	400.0	211199	66.12988	12.502421	74.17791	-11.238281	-66.28493	0.08821974	1899.0238735675812
193	241.852	5.044737	247.43837	235.21585	202.29683	33.473064	260.52603	126.96123	400.0	400.0	212299	66.18673	12.498914	74.26099	-12.514111	-66.33655	0.09167743	1908.439727306366
194	204.71101	25.897493	226.7909	168.36536	222.51028	31.924915	275.1369	166.63014	400.0	400.0	213399	66.25604	12.477567	74.31139	-14.131877	-66.40298	0.08892421	1917.7459621429443
195	249.08719	11.213409	260.3006	237.87378	214.27446	39.94218	268.982	83.19113	400.0	400.0	214499	66.354805	12.38101	74.28831	-16.092663	-66.49847	0.09241471	1928.9606833457947
196	233.66994	26.660538	262.73685	198.33955	208.97244	27.875801	262.49643	161.28186	400.0	400.0	215599	66.37851	12.372636	74.28052	-17.795101	-66.51865	0.08798405	1940.1314151287079
197	221.1407	25.404245	256.8956	200.22115	222.88034	28.746504	279.04993	147.68845	400.0	400.0	216699	66.384636	12.328207	74.241356	-19.871864	-66.52239	0.09026198	1949.5561459064484
198	218.00694	22.743435	239.39551	186.50899	193.34924	42.628696	265.5541	82.064865	400.0	400.0	217799	66.423454	12.293211	74.15148	-20.879435	-66.558014	0.09137449	1959.24214053154
199	199.12704	11.151817	210.27887	187.97523	225.12224	34.031628	282.01205	136.75128	400.0	400.0	218899	66.40107	12.307733	74.053406	-21.436844	-66.537056	0.0872042	1969.123616218567
200	192.88501	50.315983	247.30293	125.97007	203.61472	39.932423	260.2888	129.53157	400.0	400.0	219999	66.40367	12.293103	73.99437	-22.064484	-66.54129	0.08953118	1978.3983750343323
201	203.2315	22.252012	225.21419	172.7389	217.6641	31.171482	274.86493	148.58308	400.0	400.0	221099	66.41699	12.268824	73.900085	-21.20785	-66.55553	0.087327994	1989.4591410160065
202	214.83064	47.034107	265.61996	152.23862	214.6499	38.484623	276.67395	129.88733	400.0	400.0	222199	66.441025	12.2651615	73.81704	-20.826403	-66.577446	0.0945908	1999.4068059921265
203	232.551	18.768318	251.3193	213.78267	221.1499	30.384464	278.45575	161.74944	400.0	400.0	223299	66.43361	12.268657	73.688034	-18.578754	-66.56655	0.082666956	2008.9191136360168
204	205.47649	11.038195	220.64606	194.70178	219.9813	28.678421	275.02557	149.49722	400.0	400.0	224399	66.450096	12.17215	73.68026	-16.435627	-66.57886	0.08220061	2018.2183825969696
205	212.28609	2.1152759	213.89056	209.29735	215.02144	36.838535	266.1932	118.1128	400.0	400.0	225499	66.42535	12.152802	73.72171	-14.0271015	-66.555824	0.08137322	2027.5462672710419
206	172.78087	9.681276	183.46976	160.02687	219.44812	42.063618	282.19083	134.40845	400.0	400.0	226599	66.40433	12.11651	73.75076	-10.199853	-66.53402	0.090580046	2038.8493025302887
207	262.81537	1.4641724	264.27954	261.3512	220.17448	32.23836	274.47675	158.67831	400.0	400.0	227699	66.3916	12.101595	73.72412	-7.238658	-66.521355	0.082234085	2047.5848577022552
208	177.86302	32.330475	220.78525	142.75818	213.56277	32.93597	269.17715	147.16437	400.0	400.0	228799	66.37296	12.07247	73.696014	-3.7106915	-66.50259	0.0865281	2057.348150253296
209	227.40718	34.514404	272.01926	187.94923	207.92587	36.368088	253.51291	125.43744	400.0	400.0	229899	66.343155	12.063298	73.711815	-4.402895	-66.46989	0.08464945	2066.1810069084167
210	195.71025	27.24216	233.14612	169.1107	222.35144	39.63324	284.31125	114.925476	400.0	400.0	230999	66.32244	12.047225	73.665565	-5.55326	-66.448975	0.08339626	2077.425787448883
211	210.85669	12.900902	223.75758	197.95578	201.34315	35.75918	271.32504	144.68713	400.0	400.0	232099	66.28227	12.029729	73.62464	-4.2698336	-66.40472	0.08400811	2087.718018770218
212	240.79942	23.92346	266.04886	208.67221	217.16525	29.560812	264.864	171.65117	400.0	400.0	233199	66.219604	12.057917	73.55329	-4.6420097	-66.340225	0.07878367	2097.020908355713
213	235.45715	28.940815	274.91492	206.31181	233.15865	25.539074	268.34543	180.30562	400.0	400.0	234299	66.20405	12.022564	73.520966	-4.505779	-66.32221	0.08490561	2106.805368423462
214	198.30428	23.00054	227.83511	171.7285	223.04533	41.67556	286.35406	130.21295	400.0	400.0	235399	66.16415	11.9569645	73.506775	-5.662898	-66.28253	0.08329808	2116.2051022052765
215	213.8119	0.9327545	214.74466	212.87915	225.79507	28.592297	263.7423	180.51025	400.0	400.0	236499	66.09944	12.0255375	73.56791	-6.3568134	-66.21908	0.07357363	2125.796495437622
216	226.30135	19.681822	253.85039	209.08458	214.69287	30.73198	276.97443	162.29587	400.0	400.0	237599	66.08859	12.014117	73.58672	-5.9663467	-66.21171	0.07858991	2136.048462152481
217	210.25928	16.693314	226.02945	187.15984	219.36472	33.15217	284.69406	147.57147	400.0	400.0	238699	66.07839	12.038276	73.624084	-6.9937963	-66.20113	0.08264125	2146.103521823883
218	213.47107	27.596798	244.97209	177.76714	209.45232	36.176125	266.87613	135.9286	400.0	400.0	239799	66.05856	12.068941	73.51441	-8.410178	-66.180084	0.08321524	2155.9057307243347
219	238.02621	16.890175	254.9164	221.13605	223.8708	27.1737	275.63138	177.62907	400.0	400.0	240899	66.04373	12.112282	73.441734	-7.7427807	-66.166664	0.08521425	2165.4675693511963
220	189.86688	24.852024	222.32524	161.96397	217.69284	42.542645	274.86288	114.7486	400.0	400.0	241999	66.08595	12.058369	73.35124	-7.454837	-66.20834	0.0802837	2175.080821990967
221	240.92	17.968054	266.032	224.99995	222.24863	22.490812	262.9004	172.39056	400.0	400.0	243099	66.05821	12.125871	73.28069	-7.509139	-66.180565	0.07991131	2184.7026646137238
222	201.94273	2.7897527	204.79922	198.1577	222.89865	41.53967	279.40625	124.1005	400.0	400.0	244199	66.100624	12.083852	73.3293	-8.66411	-66.223434	0.08408676	2194.44873380661
223	222.91629	1.9066238	224.82292	221.00967	209.94998	39.064316	277.91718	111.69197	400.0	400.0	245299	66.11583	12.099675	73.393234	-8.125	-66.237816	0.089021824	2204.186044216156
224	248.21606	7.129812	258.24756	242.31828	220.15681	30.113272	281.3727	161.31973	400.0	400.0	246399	66.09566	12.12954	73.518326	-8.347553	-66.21697	0.08139999	2215.379328250885
225	222.76952	35.94707	271.11847	184.99094	194.9796	44.429634	285.23245	124.88643	400.0	400.0	247499	66.10174	12.127268	73.54856	-7.585999	-66.222534	0.08495075	2225.32435631752
226	230.38129	11.397377	243.64038	215.81464	218.30505	33.541714	276.9294	165.59715	400.0	400.0	248599	66.10861	12.113638	73.53817	-7.1493764	-66.23052	0.083073616	2234.864360332489
227	233.54164	37.26387	270.8055	196.27777	223.03926	21.665327	263.5558	185.40633	400.0	400.0	249699	66.1348	12.059138	73.50953	-7.0546927	-66.25806	0.08779585	2244.808468103409
228	206.90717	35.90959	254.19054	167.21991	220.85141	42.537045	276.01038	119.97167	400.0	400.0	250799	66.17183	12.005431	73.50747	-6.0514326	-66.29464	0.08534755	2254.436461210251
229	192.33844	23.224773	224.70921	171.33797	214.1388	70.7784	289.53384	-63.68519	400.0	400.0	251899	66.153534	12.081967	73.44697	-6.4604	-66.275734	0.08391613	2264.1678998470306
230	200.791	15.268408	216.32066	180.03352	214.13821	32.168556	259.5655	122.23009	400.0	400.0	252999	66.21366	11.981614	73.36179	-5.74961	-66.33621	0.08245716	2273.341851234436
231	174.74518	32.811485	207.55666	141.93369	226.0874	28.925241	264.82562	164.63824	400.0	400.0	254099	66.18921	12.011823	73.377174	-8.070491	-66.31148	0.0849506	2283.779419183731
232	220.05742	20.96383	246.33406	195.0289	214.965	40.815907	280.6339	137.59467	400.0	400.0	255199	66.217804	11.958043	73.359276	-5.7560925	-66.33936	0.0879571	2293.941998720169
233	241.88374	22.96268	265.58926	210.80956	224.76855	37.159237	281.0465	152.39629	400.0	400.0	256299	66.26569	11.899164	73.28991	-6.0199375	-66.38682	0.08845847	2303.8755955696106
234	211.15584	37.9366	248.17244	159.01561	214.69856	47.162582	285.1589	92.4555	400.0	400.0	257399	66.26266	11.928213	73.2786	-5.580961	-66.38435	0.088161215	2313.1787276268005
235	241.04195	6.2545166	247.29646	234.78743	214.96196	42.753777	280.76544	114.853516	400.0	400.0	258499	66.27824	11.885487	73.24964	-6.3588266	-66.40054	0.08679472	2322.6498386859894
236	247.49359	9.229926	257.88855	235.45901	221.39812	32.45327	276.22177	150.49022	400.0	400.0	259599	66.30011	11.868711	73.18565	-8.165632	-66.42423	0.08684028	2332.632213115692
237	213.86493	26.622437	251.22075	191.12029	218.0635	34.011963	274.31693	139.33145	400.0	400.0	260699	66.33994	11.817025	73.175354	-7.9543667	-66.462585	0.087929845	2342.2552511692047
238	240.25237	3.6902285	245.24344	236.43639	212.65154	44.487354	272.69626	91.19933	400.0	400.0	261799	66.34813	11.851769	73.14839	-7.057471	-66.46789	0.08463753	2351.8206465244293
239	192.46854	22.051529	214.52007	170.417	212.53122	31.358208	277.99655	151.93874	400.0	400.0	262899	66.367874	11.845019	73.12721	-7.1746078	-66.48484	0.08135426	2361.231031179428
240	209.47856	36.305367	235.82327	158.14095	209.81355	29.116556	269.17477	166.44295	400.0	400.0	263999	66.374	11.86706	73.126335	-8.14828	-66.49059	0.08752751	2372.476349592209
241	199.41313	5.0794153	205.66223	193.22064	220.47656	37.828915	279.32983	142.91403	400.0	400.0	265099	66.36527	11.864355	73.18335	-8.6250305	-66.478546	0.082291506	2383.653160095215
242	243.89845	40.36146	284.17728	188.73357	209.33725	41.65163	274.1375	110.03262	400.0	400.0	266199	66.32802	11.9571085	73.25284	-13.976264	-66.444145	0.08430631	2393.223288536072
243	238.85008	34.245346	273.09543	204.60474	217.7008	35.980885	275.2678	159.7968	400.0	400.0	267299	66.33744	11.94316	73.29375	-10.562963	-66.45225	0.086202286	2402.0016646385193
244	213.20882	26.344408	236.47792	176.37599	220.68379	35.507156	275.2572	134.22626	400.0	400.0	268399	66.35324	11.971189	73.33799	-11.045481	-66.467415	0.0819955	2411.5190420150757
245	207.46704	20.576674	235.87914	187.81453	213.09941	51.42833	265.6784	5.369049	400.0	400.0	269499	66.348595	12.000396	73.44737	-10.502574	-66.46316	0.08579882	2420.8774449825287
246	200.76086	8.76958	212.48558	191.39755	205.08228	34.29855	276.14426	160.3046	400.0	400.0	270599	66.342224	12.049555	73.54273	-9.632849	-66.45598	0.08677294	2429.8418328762054
247	212.8628	38.345016	251.20781	174.51778	210.72981	41.58209	275.24948	112.772964	400.0	400.0	271699	66.34355	12.070705	73.57534	-9.935	-66.457756	0.08409028	2439.518579721451
248	207.75134	36.08733	248.25961	160.61314	228.82227	31.803892	284.011	175.5596	400.0	400.0	272799	66.365234	12.05457	73.56991	-10.846565	-66.47682	0.08962032	2449.2416281700134
249	224.11198	38.874493	276.2659	182.97464	216.7012	29.666918	275.80167	135.0843	400.0	400.0	273899	66.3424	12.111039	73.529526	-11.2022705	-66.45306	0.08517119	2460.5459637641907
250	188.11383	5.9868155	195.06241	180.45016	216.00061	39.38002	271.71686	143.61461	400.0	400.0	274999	66.32869	12.084635	73.47794	-11.46272	-66.43781	0.08304313	2471.785913467407
