Epoch	AverageEpRet	StdEpRet	MaxEpRet	MinEpRet	AverageTestEpRet	StdTestEpRet	MaxTestEpRet	MinTestEpRet	EpLen	TestEpLen	TotalEnvInteracts	AverageQVals	StdQVals	MaxQVals	MinQVals	LossPi	LossQ	Time
1	42.831146	59.911667	102.74281	-17.08052	-169.55994	6.4035807	-157.03687	-176.35683	400.0	400.0	1099	0.03558561	0.19700566	0.40690905	-0.41338268	-0.045791816	0.018539026	5.0295798778533936
2	-14.406924	26.973293	8.263635	-52.31046	15.467341	34.37691	122.64407	-24.61558	400.0	400.0	2199	0.21733634	0.6584049	2.1823747	-1.5017833	-0.23676574	0.013774811	18.91019558906555
3	-38.962433	25.22787	-4.5749154	-64.38979	107.22939	53.04597	235.32304	37.043484	400.0	400.0	3299	0.6840541	1.280776	4.9787836	-1.8522079	-0.8299343	0.004378791	32.87673544883728
4	-41.690636	10.208996	-27.38431	-50.526707	96.110695	26.371624	150.36935	48.634888	400.0	400.0	4399	1.2003479	1.9406077	7.606662	-2.2589314	-1.4035176	0.0025910472	46.682403564453125
5	-0.6044922	42.66837	42.063877	-43.27286	104.7986	37.669266	199.46416	42.56673	400.0	400.0	5499	1.7964122	2.58413	10.009112	-2.4285572	-2.0031168	0.0037039623	60.57450032234192
6	-23.07223	21.115156	-6.903834	-52.89837	90.46913	31.828384	154.70128	11.01846	400.0	400.0	6599	2.5677335	3.1947532	12.412735	-2.692281	-2.7758594	0.0065201106	74.37627625465393
7	-32.927387	22.818419	-2.4699712	-57.390797	102.14721	55.98187	201.05211	14.855286	400.0	400.0	7699	3.1533337	3.8621995	14.816072	-2.7279317	-3.3649647	0.009683186	88.38886904716492
8	-27.88565	24.592558	0.96297127	-59.132824	67.52226	44.88762	141.01495	-9.459986	400.0	400.0	8799	4.010203	4.4947186	17.205574	-2.6971257	-4.2239866	0.011896037	100.74701857566833
9	-43.137405	4.9585743	-38.178833	-48.09598	80.97039	41.395992	171.63774	16.108845	400.0	400.0	9899	4.339329	4.9539466	19.475582	-2.6173553	-4.562265	0.012228267	114.56391668319702
10	-13.102338	34.670372	35.807697	-40.542053	81.53738	57.002922	241.39363	-10.746366	400.0	400.0	10999	4.933305	5.346266	21.637403	-2.4113562	-5.1605625	0.015082456	129.2714445590973
11	-24.342398	21.634249	5.665755	-44.51311	67.49266	51.3484	189.07468	-11.046679	400.0	400.0	12099	5.7553167	5.9300895	23.547445	-2.3594637	-5.9882565	0.021778412	147.15936636924744
12	-17.646963	29.53125	5.966211	-59.28567	63.582134	52.697655	201.07085	-9.306452	400.0	400.0	13199	6.2701902	6.3637257	25.404354	-2.3561902	-6.5127883	0.021379413	161.38693642616272
13	-42.754375	20.668427	-22.08595	-63.422802	77.33845	68.00953	205.92575	-9.906522	400.0	400.0	14299	6.85707	6.850246	27.184147	-2.3807232	-7.110772	0.02922848	175.75261926651
14	-22.59504	35.574524	27.706337	-48.5513	76.14415	45.347275	172.88632	1.6247749	400.0	400.0	15399	7.2230325	7.3215733	28.725676	-2.4716473	-7.48707	0.02730215	190.9130756855011
15	105.848656	23.775375	128.60573	73.03442	76.64502	68.40326	215.33952	-59.84284	400.0	400.0	16499	8.467737	8.28167	30.143974	-2.575268	-8.735336	0.027242333	205.62639260292053
16	165.6039	47.585327	209.05664	99.3754	51.884907	70.208466	192.75095	-52.024166	400.0	400.0	17599	9.974855	9.276198	31.719376	-2.6708572	-10.237548	0.027867982	220.05625939369202
17	93.16463	65.67126	158.83589	27.493368	77.162636	61.52818	194.68494	-21.820595	400.0	400.0	18699	11.310369	9.992704	33.356476	-2.7795033	-11.566769	0.02635607	235.1729097366333
18	68.51135	39.41882	119.96749	24.210062	113.869896	73.75806	267.9552	3.546843	400.0	400.0	19799	12.4857235	10.547571	34.956684	-2.9115782	-12.736823	0.03277348	250.38179397583008
19	22.48736	37.231956	75.05034	-6.4732614	132.54213	97.83757	248.15097	-5.052496	400.0	400.0	20899	13.286559	10.8166895	36.4201	-3.106156	-13.534114	0.037624415	265.5997316837311
20	143.33966	88.056274	222.94875	20.603485	191.7144	75.33456	293.38785	55.461468	400.0	400.0	21999	14.136632	11.170612	38.46202	-3.3073542	-14.3829775	0.037614625	280.8402302265167
21	237.04317	18.992508	256.03568	218.05066	142.80911	103.95933	287.1128	-3.8432596	400.0	400.0	23099	15.560017	12.063294	40.27071	-3.5905397	-15.805401	0.0377839	295.25502586364746
22	138.66847	85.63421	209.83762	18.22495	154.55276	83.555565	249.99457	-62.655933	400.0	400.0	24199	16.8935	12.79144	42.02929	-3.6811466	-17.143541	0.04477622	308.67217922210693
23	3.0846622	43.18185	55.60098	-50.164894	181.71231	81.63571	267.25235	14.12706	400.0	400.0	25299	17.640461	13.179821	43.64734	-3.734646	-17.892784	0.041492302	323.212717294693
24	49.405563	17.167185	70.39195	28.341324	169.4848	79.754654	251.61646	9.062763	400.0	400.0	26399	18.089634	13.569392	45.25841	-3.6345475	-18.338093	0.04547261	337.3019630908966
25	128.9478	110.61113	239.55893	18.33668	189.22751	59.371063	269.2204	19.553806	400.0	400.0	27499	18.743256	14.143844	47.378258	-3.2942033	-18.981886	0.04966032	352.158668756485
26	246.66003	18.60315	270.6579	225.3234	237.55367	55.922333	304.17307	44.37307	400.0	400.0	28599	20.020731	15.044597	48.867523	-3.3026931	-20.253736	0.06439647	366.5881724357605
27	201.67871	38.99432	242.24954	149.0461	232.91245	55.146786	306.43234	36.97673	400.0	400.0	29699	21.344637	15.850002	50.307884	-3.760005	-21.576468	0.08986246	379.6090159416199
28	255.60811	36.54574	290.70398	205.20297	233.39749	74.46429	306.61566	2.696115	400.0	400.0	30799	22.713226	16.700085	51.574184	-4.0531282	-22.945162	0.100425914	392.5171661376953
29	179.86105	8.14283	188.00388	171.71822	243.83342	29.360718	286.49298	186.09578	400.0	400.0	31899	23.964931	17.417404	52.806427	-4.457138	-24.195314	0.09986892	405.6330075263977
30	238.66583	4.4909043	243.85652	232.90112	253.94052	26.991884	292.4364	194.58574	400.0	400.0	32999	25.35711	18.13775	54.039074	-4.8349533	-25.593052	0.09456969	419.91573429107666
31	206.87358	18.513784	232.05545	188.07416	235.99875	28.701048	277.61728	163.70885	400.0	400.0	34099	26.651955	18.78142	55.253067	-4.8983803	-26.889723	0.10388133	434.2569284439087
32	232.69397	21.051111	261.10342	210.78204	241.83078	31.002375	278.32532	168.13171	400.0	400.0	35199	28.015894	19.35403	56.397636	-4.91931	-28.255487	0.110222995	449.68653082847595
33	258.2985	16.038017	274.33652	242.26048	204.97664	108.71409	281.1944	-115.29345	400.0	400.0	36299	29.277369	19.932146	57.41582	-4.770232	-29.514053	0.08929105	463.7426176071167
34	234.45287	34.029633	268.76535	188.0731	224.57425	68.32709	280.72327	-53.179134	400.0	400.0	37399	30.583931	20.408663	58.41624	-4.4007845	-30.818346	0.09236364	478.66179037094116
35	122.51414	123.046196	249.00879	-44.221737	224.32524	71.351974	296.4561	-64.823616	400.0	400.0	38499	31.693672	20.798828	59.314587	-4.1556635	-31.930746	0.09304286	492.7940981388092
36	145.54665	141.00868	272.80356	-51.045815	219.29233	57.491764	300.13974	2.9269738	400.0	400.0	39599	32.177673	21.190033	60.222725	-3.3443642	-32.41678	0.1081433	506.67245292663574
37	99.34847	119.6582	219.00668	-20.309734	204.41614	64.77594	250.07054	-45.79407	400.0	400.0	40699	33.17384	21.52545	61.011154	-3.183149	-33.41393	0.116804615	521.0219588279724
38	139.60486	137.36801	253.43138	-53.644733	217.98393	80.88118	288.65656	-23.508286	400.0	400.0	41799	33.735775	21.869225	61.79124	-3.2257326	-33.978863	0.10313998	534.2185118198395
39	220.28899	21.943163	236.65184	189.27235	216.00528	103.62658	283.72638	-94.407936	400.0	400.0	42899	34.86798	22.117378	62.555073	-3.654481	-35.11469	0.09947385	549.3113343715668
40	214.467	21.922606	245.38583	197.02773	220.04634	71.45882	277.14755	-76.88919	400.0	400.0	43999	35.960224	22.364769	63.299294	-4.0761523	-36.2104	0.10226357	564.2624821662903
41	197.60916	6.8804245	204.48958	190.72873	208.5496	40.836403	257.4725	103.18958	400.0	400.0	45099	37.040337	22.53244	63.98884	-4.4430957	-37.294	0.086977154	578.685051202774
42	179.21193	9.634013	189.58948	166.37782	182.77693	89.81711	292.80374	-63.691605	400.0	400.0	46199	38.065994	22.609135	64.71761	-4.7165694	-38.31695	0.09157414	593.3553671836853
43	226.82048	13.356902	241.08647	208.96501	198.32834	17.476263	237.07042	166.49278	400.0	400.0	47299	39.062458	22.644941	65.4662	-5.0676794	-39.309307	0.0890745	608.1862690448761
44	191.86015	26.736193	228.68774	166.028	188.35747	70.863464	283.30344	-71.87305	400.0	400.0	48399	39.924206	22.69973	66.19217	-5.291368	-40.170185	0.08306738	622.8505384922028
45	246.25632	24.33722	270.59354	221.9191	148.07596	110.24071	272.92926	-81.84619	400.0	400.0	49499	40.868416	22.749945	66.820816	-5.620025	-41.114227	0.08002435	638.1918714046478
46	124.42187	129.09776	245.86624	-54.358765	145.07005	141.98503	298.7011	-92.108025	400.0	400.0	50599	41.57797	22.76974	67.50836	-6.056686	-41.83029	0.09011421	652.8542680740356
47	238.06255	16.78711	258.25482	217.1537	233.99321	34.871006	280.03033	162.92627	400.0	400.0	51699	42.463684	22.746325	68.122154	-6.6302733	-42.718132	0.09138854	667.9486839771271
48	108.19824	127.14453	229.51064	-67.39739	258.78442	27.638353	312.99344	206.9846	400.0	400.0	52799	43.122272	22.783466	68.635124	-6.847453	-43.37428	0.102749124	683.7120730876923
49	135.49239	108.03533	243.52771	27.45705	241.28369	31.67947	298.82153	167.32533	400.0	400.0	53899	43.69967	22.820475	69.120575	-6.7332773	-43.95026	0.09287594	698.8283848762512
50	245.6768	26.917728	283.68527	224.8386	233.12422	85.444244	321.8101	-84.59885	400.0	400.0	54999	44.425026	22.871698	69.56768	-7.0600657	-44.67461	0.09753732	713.9401140213013
51	242.03734	8.84051	254.53809	235.61311	250.12642	19.417824	284.67102	218.75943	400.0	400.0	56099	45.2268	22.933199	69.983826	-6.8923135	-45.474792	0.09913831	729.0381665229797
52	216.68172	5.190495	223.7281	211.37717	250.7039	25.433435	300.2544	201.39742	400.0	400.0	57199	46.034718	22.877846	70.32057	-6.4234815	-46.27632	0.087630294	744.3868465423584
53	262.09427	12.570916	274.6652	249.52336	262.25845	33.47678	314.55078	170.86647	400.0	400.0	58299	46.73885	22.866928	70.664154	-6.3977404	-46.971306	0.0906744	759.8829321861267
54	257.1526	18.049437	281.61017	238.59583	253.81047	21.660103	295.743	213.91515	400.0	400.0	59399	47.381775	22.862925	70.98236	-6.646722	-47.608616	0.09885833	775.0845522880554
55	240.25659	17.55814	264.6446	224.01888	260.274	21.813086	307.25623	202.91614	400.0	400.0	60499	48.00665	22.841772	71.332466	-6.9515147	-48.226364	0.087694	790.3524453639984
56	252.69374	6.015789	260.17123	245.44075	254.97794	20.678383	281.74326	201.27339	400.0	400.0	61599	48.620876	22.792284	71.64095	-7.0515018	-48.841183	0.09027381	805.3276658058167
57	256.10822	11.000458	267.10867	245.10776	260.7894	23.653084	295.46155	209.58789	400.0	400.0	62699	49.20439	22.802864	72.09115	-7.0292864	-49.425247	0.10022067	820.6398828029633
58	260.25327	3.4282458	264.83447	256.58838	243.98962	28.734722	305.47333	162.90294	400.0	400.0	63799	49.808094	22.719093	72.34644	-7.3780055	-50.022934	0.08464976	835.7422430515289
59	246.729	19.459263	266.84344	220.40675	232.46419	34.746506	275.3284	146.29976	400.0	400.0	64899	50.40781	22.63549	72.53182	-7.330311	-50.62112	0.0781643	850.1528279781342
60	251.75359	24.338556	273.70367	217.81784	241.19998	40.359276	306.2591	155.06905	400.0	400.0	65999	50.893436	22.588682	72.72377	-7.401378	-51.104	0.08840421	863.9630770683289
61	274.36566	5.958023	280.3237	268.40765	259.24164	23.223984	300.2228	218.21033	400.0	400.0	67099	51.44932	22.54613	72.95167	-7.6776886	-51.661945	0.07979838	879.0508244037628
62	233.77693	24.88992	251.68001	198.57901	254.27412	20.141338	282.69324	197.82845	400.0	400.0	68199	51.978447	22.432945	73.14334	-7.532256	-52.190063	0.08263029	894.1952712535858
63	251.66577	13.810739	268.89557	235.08499	251.4595	14.788787	275.20612	223.98358	400.0	400.0	69299	52.41742	22.397396	73.410866	-7.529856	-52.626236	0.087248534	908.0469903945923
64	255.80412	3.5829866	260.35565	251.5998	249.85384	28.807907	304.61267	199.8428	400.0	400.0	70399	52.88338	22.32889	73.666855	-7.314965	-53.09108	0.07539279	923.2221682071686
65	254.16243	18.31691	272.47934	235.84552	246.93279	24.65762	290.0448	195.97595	400.0	400.0	71499	53.367325	22.29489	73.95197	-7.0363474	-53.572365	0.0717636	936.8990807533264
66	272.94812	15.447957	288.5884	251.91832	259.59308	35.41769	311.51834	193.64735	400.0	400.0	72599	53.753075	22.302727	74.18769	-6.434561	-53.952812	0.07275156	951.1250030994415
67	245.05646	4.4724197	251.30031	241.06017	254.02844	30.752733	295.91602	204.2549	400.0	400.0	73699	54.25566	22.222666	74.44447	-6.381984	-54.448	0.06644852	966.0272941589355
68	264.15582	19.639702	285.14062	237.90572	266.0391	30.1656	327.5958	208.94174	400.0	400.0	74799	54.595097	22.253235	74.71592	-6.8138285	-54.78167	0.071834825	980.2418892383575
69	216.39793	4.0708313	220.46877	212.3271	252.19821	38.954575	317.19647	146.85635	400.0	400.0	75899	54.95038	22.249098	74.89168	-6.8934345	-55.13349	0.07510664	995.2267253398895
70	250.88672	41.188194	298.36322	197.92198	264.06055	22.024843	309.1439	224.8424	400.0	400.0	76999	55.272427	22.246294	75.14617	-7.1832747	-55.453346	0.076023124	1009.9017567634583
71	167.01952	162.14647	298.99365	-61.36933	266.98553	31.148645	317.67435	213.61104	400.0	400.0	78099	55.511173	22.372461	75.421074	-6.9209323	-55.69241	0.072327234	1024.698745250702
72	247.6475	13.676723	265.82202	232.82925	269.00546	48.18828	324.89075	94.300606	400.0	400.0	79199	55.620132	22.5247	75.58601	-6.359849	-55.801563	0.07825571	1038.7175602912903
73	245.60208	29.947212	275.5493	215.65486	266.1791	23.22821	300.50552	205.91554	400.0	400.0	80299	55.903347	22.584732	75.81239	-5.2767706	-56.083824	0.07572058	1052.8451399803162
74	234.84277	7.567443	245.44244	228.2644	262.23685	24.816427	318.0022	228.20612	400.0	400.0	81399	56.280514	22.505922	76.010506	-4.428569	-56.460037	0.08416851	1067.1685717105865
75	225.40576	27.9368	247.30885	185.97812	262.92908	29.663738	320.64722	214.12175	400.0	400.0	82499	56.504005	22.569427	76.23045	-4.392004	-56.679054	0.07482619	1081.6563711166382
76	257.75854	17.524426	277.05704	234.64325	278.33405	21.322575	313.15292	233.85211	400.0	400.0	83599	56.88173	22.52819	76.458496	-4.658127	-57.055378	0.08502797	1094.2859213352203
77	239.2271	19.44963	258.67673	219.77747	276.99542	25.571695	309.9174	209.25801	400.0	400.0	84699	57.110165	22.582905	76.61613	-4.670662	-57.283474	0.082652874	1106.9810972213745
78	259.76022	16.709778	273.26047	236.21332	263.70352	32.400265	312.18286	199.24893	400.0	400.0	85799	57.384712	22.60789	76.801895	-3.7707992	-57.558098	0.084994815	1122.3943367004395
79	246.05534	22.109447	276.6395	225.13309	260.9522	38.370995	321.6231	160.52013	400.0	400.0	86899	57.6405	22.652246	76.95437	-3.8094578	-57.812702	0.08553869	1135.3013775348663
80	287.13333	18.868109	306.28424	261.46625	260.03668	38.807278	327.6353	155.0923	400.0	400.0	87999	57.97848	22.576422	77.05775	-3.0420694	-58.150852	0.08210774	1149.576676607132
81	235.13031	10.226234	245.35654	224.90407	263.8956	44.77802	321.07043	98.88868	400.0	400.0	89099	58.2462	22.512121	77.23084	-3.0029485	-58.417736	0.07739474	1163.9826261997223
82	227.14372	38.213055	266.6531	175.45766	264.9179	28.35903	300.05258	181.94482	400.0	400.0	90199	58.53892	22.398561	77.34122	-3.2950127	-58.71351	0.0734691	1178.2907719612122
83	237.90143	16.363182	260.8401	223.78745	231.62703	93.76825	308.1554	-52.265377	400.0	400.0	91299	58.797276	22.268745	77.49776	-3.3322997	-58.974003	0.07892363	1193.9866993427277
84	248.81828	33.21574	276.51617	202.11287	250.36772	34.304558	295.3633	149.20468	400.0	400.0	92399	59.05146	22.160786	77.65652	-4.38204	-59.228405	0.075866744	1209.105634689331
85	260.05408	19.704765	279.75885	240.34932	258.76727	36.531982	316.36554	164.94617	400.0	400.0	93499	59.36461	22.074396	77.7466	-5.194043	-59.537754	0.06455205	1224.1505978107452
86	288.62708	11.951729	305.52414	279.81503	254.27487	43.83693	309.6435	100.82545	400.0	400.0	94599	59.690487	21.988194	77.89423	-6.079331	-59.85936	0.065430105	1239.2273621559143
87	269.1025	13.457766	281.86514	250.49402	226.92549	65.73338	301.84393	106.14162	400.0	400.0	95699	59.94645	21.954548	77.968506	-5.945244	-60.115	0.06677382	1254.300006866455
88	271.87845	11.04594	283.97415	257.26965	248.48831	76.651054	323.28848	-25.719358	400.0	400.0	96799	60.20825	21.889713	78.07889	-6.753986	-60.374943	0.06926278	1269.7387042045593
89	260.42444	3.7863617	264.21082	256.6381	263.83157	31.410616	313.88687	191.47835	400.0	400.0	97899	60.434048	21.899124	78.11131	-6.4729548	-60.60162	0.06698713	1284.6898374557495
90	279.54166	19.939442	302.33917	253.77011	214.03824	80.81458	282.9297	-11.938379	400.0	400.0	98999	60.708942	21.788359	78.21899	-6.0761747	-60.87091	0.06722836	1299.9067296981812
91	180.95808	79.39937	257.16843	71.436	222.00552	101.727104	304.7177	-49.6273	400.0	400.0	100099	60.92835	21.674366	78.21002	-5.546297	-61.089005	0.069190554	1315.295031785965
92	251.22289	18.502398	275.66873	230.9186	243.7978	78.08007	294.24976	-79.36353	400.0	400.0	101199	61.03002	21.64836	78.23283	-4.1986814	-61.190712	0.07906253	1330.943867444992
93	281.6947	31.561783	313.25647	250.1329	249.22876	39.99944	315.77557	126.36182	400.0	400.0	102299	61.23064	21.569258	78.234856	-4.1255436	-61.391376	0.07852087	1345.570612192154
94	236.41277	6.694869	245.69922	230.17169	266.94485	25.40214	316.7221	208.31668	400.0	400.0	103399	61.39875	21.520926	78.26274	-4.6130414	-61.559433	0.07273557	1359.9028766155243
95	249.493	30.827745	291.2367	217.72974	250.83707	30.635279	302.83972	163.25966	400.0	400.0	104499	61.66989	21.411482	78.30875	-4.655181	-61.830894	0.07043317	1375.163325548172
96	240.75883	17.373974	265.29974	227.44405	256.14542	44.548832	323.52948	133.31541	400.0	400.0	105599	61.876217	21.333809	78.395096	-4.565723	-62.03593	0.07032245	1390.3838920593262
97	248.34782	25.339676	273.6875	223.00815	240.8444	75.370094	291.19495	-71.798416	400.0	400.0	106699	61.97171	21.358854	78.48581	-3.7745578	-62.128677	0.07020268	1405.4327819347382
98	261.6354	14.526907	277.5706	242.43843	250.02441	85.285034	332.958	-91.959625	400.0	400.0	107799	62.187584	21.324984	78.58392	-2.9595451	-62.343502	0.07483977	1420.8964750766754
99	261.31442	7.931685	269.35242	250.5197	257.98248	39.715572	317.33923	160.67418	400.0	400.0	108899	62.427826	21.204317	78.6458	-3.693341	-62.58321	0.07153054	1436.1976335048676
100	200.24553	91.89884	277.55182	71.116425	262.22638	38.452084	320.97055	126.75649	400.0	400.0	109999	62.519337	21.20071	78.68072	-4.327143	-62.674164	0.07360174	1449.8258123397827
101	241.64154	35.4121	277.05365	206.22945	272.80154	30.641972	319.9388	232.34447	400.0	400.0	111099	62.675804	21.118107	78.765335	-6.0577683	-62.830505	0.072394654	1464.0610299110413
102	219.28947	21.713203	239.98453	189.29555	279.42422	27.229303	313.60873	231.84038	400.0	400.0	112199	62.80045	21.088049	78.829094	-8.5148735	-62.952003	0.06872759	1480.0513110160828
103	269.12247	33.43033	313.96664	233.7339	264.55783	39.929783	309.63156	117.52535	400.0	400.0	113299	63.010735	21.00229	78.89241	-10.130305	-63.16628	0.08051	1493.1763496398926
104	249.38849	44.57637	306.90582	198.28264	278.09344	26.231241	328.51968	230.40556	400.0	400.0	114399	63.139446	20.94878	78.907684	-10.750019	-63.29844	0.07118933	1507.9283792972565
105	269.3384	1.5139465	270.85236	267.82446	272.53952	29.784286	313.86615	213.12186	400.0	400.0	115499	63.302364	20.862198	78.92175	-10.796392	-63.458084	0.07665264	1522.038735628128
106	286.28296	3.505866	290.04858	281.607	272.40912	33.05383	322.94968	194.4744	400.0	400.0	116599	63.458103	20.808037	78.9754	-10.583809	-63.612587	0.072098844	1536.6349821090698
107	228.27034	14.487058	244.19466	209.14465	263.7392	25.304712	312.87024	217.8035	400.0	400.0	117699	63.629005	20.727924	78.99049	-10.56841	-63.78304	0.07120583	1550.8095343112946
108	225.84178	16.801273	249.1322	210.12334	262.98773	30.807941	307.16644	160.24861	400.0	400.0	118799	63.79573	20.605242	79.041985	-10.2143	-63.94861	0.07128935	1566.4138586521149
109	271.42438	12.613937	284.03833	258.81046	266.86432	20.613848	312.12918	229.96146	400.0	400.0	119899	63.913513	20.517065	79.08398	-9.816132	-64.067566	0.07850483	1581.812789440155
110	257.321	18.974491	270.97742	230.48848	252.34944	34.296436	314.04135	145.82884	400.0	400.0	120999	64.08059	20.380123	79.13975	-8.339812	-64.2303	0.07564012	1597.0622856616974
111	253.97461	19.363684	281.32346	239.0923	255.40536	31.547115	308.237	181.10852	400.0	400.0	122099	64.23095	20.246075	79.158844	-8.123858	-64.37866	0.0710692	1611.751145362854
112	277.09973	29.916971	299.90234	234.83472	261.37057	24.754549	312.2979	222.4501	400.0	400.0	123199	64.37612	20.110254	79.17426	-6.8475122	-64.52323	0.07895855	1627.0252990722656
113	226.19699	2.4286346	228.62563	223.76836	251.30681	16.096071	285.1133	223.2793	400.0	400.0	124299	64.54697	19.915564	79.20778	-8.0689745	-64.693634	0.069742434	1641.5874509811401
114	225.21562	24.419277	259.62964	205.51714	248.13496	19.49814	301.66238	225.43756	400.0	400.0	125399	64.677795	19.765375	79.26728	-8.338597	-64.82425	0.08097093	1656.3322217464447
115	271.0823	9.587165	284.57352	263.17007	267.74823	23.775728	298.46365	194.66693	400.0	400.0	126499	64.78304	19.631947	79.29571	-7.9190903	-64.92776	0.077817164	1669.2919147014618
116	281.39005	12.390292	298.42953	269.33182	244.80818	25.843134	289.52954	195.23146	400.0	400.0	127599	64.84429	19.576326	79.328926	-9.223652	-64.98524	0.07240645	1682.4663224220276
117	264.04034	10.523262	274.5636	253.51707	254.84143	27.097795	307.54782	182.26877	400.0	400.0	128699	64.92106	19.491592	79.36958	-6.3992376	-65.05813	0.07365408	1695.8591294288635
118	235.75691	38.471676	266.3398	181.496	256.0637	22.181894	291.42685	213.87386	400.0	400.0	129799	64.995415	19.401367	79.3712	-5.33324	-65.130806	0.070846364	1709.2981214523315
119	242.85533	47.4929	283.00208	176.14996	251.48296	25.149017	311.24994	200.61026	400.0	400.0	130899	65.08955	19.296957	79.41155	-5.0601134	-65.22487	0.069460966	1724.1999175548553
120	258.5289	20.54276	280.38068	231.02344	267.24542	28.06558	312.35193	214.90456	400.0	400.0	131999	65.13741	19.296	79.43071	-6.9703693	-65.27317	0.072350144	1738.7687947750092
121	285.30493	6.0191956	291.32413	279.28574	260.13837	27.934658	307.15527	193.4565	400.0	400.0	133099	65.31529	19.187717	79.48456	-9.30289	-65.45238	0.06874262	1753.9988837242126
122	252.94829	26.262733	274.19504	215.94257	263.31943	29.144125	321.4256	216.84001	400.0	400.0	134199	65.41739	19.091665	79.519005	-11.930295	-65.55611	0.07037716	1769.6137595176697
123	263.96994	18.096336	288.77106	246.10178	248.98666	27.167398	296.9779	217.16983	400.0	400.0	135299	65.553474	18.975004	79.57514	-12.90672	-65.6922	0.0707327	1784.4143273830414
124	255.25267	10.735124	270.28387	245.89009	245.04178	92.96424	311.25467	-149.2648	400.0	400.0	136399	65.65881	18.921247	79.623604	-14.221432	-65.798676	0.06356379	1798.8129472732544
125	227.6614	14.443198	242.1046	213.2182	245.42282	90.24911	303.13406	-138.86119	400.0	400.0	137499	65.76521	18.809813	79.718994	-15.4355545	-65.9063	0.06509417	1813.007875919342
126	253.23999	20.43939	281.9269	235.82263	257.53043	17.565258	289.63116	217.40321	400.0	400.0	138599	65.883934	18.713306	79.82454	-15.857121	-66.02654	0.06411896	1827.4306161403656
127	254.4915	32.932804	292.54053	212.20633	271.5169	18.090473	310.22507	241.5956	400.0	400.0	139699	66.03971	18.618832	79.8763	-16.381622	-66.183525	0.06091482	1841.8544528484344
128	244.99945	22.916832	264.0874	212.77267	260.6069	27.175705	304.90408	211.95201	400.0	400.0	140799	66.14982	18.546745	79.90231	-16.086164	-66.29127	0.061322287	1857.2439868450165
129	224.81058	14.111259	238.92183	210.69931	260.9538	24.326694	304.75104	220.7994	400.0	400.0	141899	66.330154	18.375732	79.9547	-15.320676	-66.468155	0.06734209	1872.4238765239716
130	253.5977	2.5309424	256.4709	250.31256	266.2397	24.85855	321.80713	213.35143	400.0	400.0	142999	66.35958	18.380842	79.95254	-15.16785	-66.49598	0.06445157	1886.8622407913208
131	234.91606	31.056025	277.90103	205.61754	254.03745	67.73781	312.77136	-10.700493	400.0	400.0	144099	66.44612	18.280748	79.92875	-14.647607	-66.57949	0.06407329	1901.6770648956299
132	267.2404	14.614499	285.29996	249.50633	263.98236	25.37686	323.5132	200.44714	400.0	400.0	145199	66.57624	18.160604	79.916565	-14.910477	-66.709816	0.06397304	1916.7797710895538
133	256.44852	16.032288	272.4808	240.41623	261.0921	25.479153	302.00858	210.0896	400.0	400.0	146299	66.62561	18.122458	79.895775	-14.553902	-66.75596	0.062694564	1932.0032043457031
134	279.5636	15.840936	292.6617	257.27502	248.92068	38.966625	302.58862	116.8406	400.0	400.0	147399	66.64093	18.120735	79.838486	-15.055774	-66.76919	0.06092576	1947.2930400371552
135	224.3001	8.841269	236.4686	215.72635	260.4835	21.308874	304.53668	220.33011	400.0	400.0	148499	66.74264	18.066824	79.82164	-15.2304535	-66.87092	0.067397445	1961.8762097358704
136	272.49594	12.488329	285.54996	255.66689	269.69537	22.857723	313.27747	231.12608	400.0	400.0	149599	66.7814	18.016996	79.81133	-15.408069	-66.90724	0.071848296	1976.7288200855255
137	270.95544	0.07902527	271.03445	270.8764	259.64844	22.843588	300.703	216.54483	400.0	400.0	150699	66.83427	17.991594	79.80247	-16.560717	-66.95624	0.06465294	1991.3858001232147
138	283.23825	15.458156	305.05136	271.0776	274.9312	22.653166	311.16614	205.54128	400.0	400.0	151799	66.89173	17.966225	79.82019	-17.752882	-67.012794	0.06624468	2006.158845424652
139	259.74683	25.26589	288.99414	227.34695	257.77875	21.415092	292.4632	212.77951	400.0	400.0	152899	66.94182	17.92868	79.894196	-19.061657	-67.06469	0.06791745	2021.4684371948242
140	274.41116	10.7807045	288.65515	262.581	272.47852	18.289856	299.76062	235.50085	400.0	400.0	153999	66.99445	17.889652	79.857376	-20.80019	-67.119286	0.072870605	2036.7639265060425
141	266.19968	17.888374	284.08804	248.3113	283.36285	16.253689	316.16214	249.14449	400.0	400.0	155099	67.088165	17.826931	79.89209	-22.254625	-67.212395	0.06484882	2051.2399106025696
142	241.12544	19.040052	267.31467	222.61061	272.1837	38.40121	314.73154	172.54686	400.0	400.0	156199	67.136665	17.787487	79.903	-24.168709	-67.26322	0.07301829	2065.609377145767
143	282.01764	5.830969	287.85074	274.05316	278.18594	26.759525	316.64627	230.39302	400.0	400.0	157299	67.28058	17.739996	79.902306	-24.962364	-67.4051	0.06826346	2080.3199377059937
144	260.2587	7.2357903	270.47516	254.64719	270.36273	26.07207	315.74582	193.24123	400.0	400.0	158399	67.30892	17.731861	79.90458	-25.710281	-67.43328	0.08236023	2095.6017367839813
145	270.79852	18.367348	289.16586	252.43117	271.123	26.633678	320.67108	228.39195	400.0	400.0	159499	67.37862	17.718397	79.90554	-23.147846	-67.50375	0.067001715	2110.1131505966187
146	266.16745	21.016176	289.2502	238.41159	266.99316	28.155832	309.9043	200.39854	400.0	400.0	160599	67.44366	17.676031	79.92325	-19.42565	-67.563614	0.06740895	2125.6990756988525
147	107.782814	179.77452	271.66238	-142.48978	280.48523	26.843386	318.85486	231.3026	400.0	400.0	161699	67.43185	17.698805	79.91513	-13.329003	-67.54929	0.06711147	2140.4805788993835
148	262.81152	31.223095	288.87778	218.91197	249.35254	98.16648	326.8693	-160.36845	400.0	400.0	162799	67.379005	17.740429	79.92715	-11.735265	-67.49604	0.06870131	2154.8023636341095
149	288.36014	4.0018616	292.362	284.35828	264.89542	18.945219	301.03134	233.34808	400.0	400.0	163899	67.4166	17.737505	79.92639	-9.541666	-67.532486	0.0707096	2169.035425424576
150	242.6073	19.162497	269.53723	226.5182	260.82413	26.233404	300.0214	206.21837	400.0	400.0	164999	67.46482	17.664412	79.92714	-7.4457874	-67.577934	0.064597666	2182.5983080863953
151	233.16907	17.739838	258.25653	220.49437	258.05807	23.127575	301.1461	221.04585	400.0	400.0	166099	67.49326	17.64787	79.95433	-6.142187	-67.605865	0.06630743	2197.963471889496
152	230.52588	22.048916	251.23535	199.98277	262.1042	31.149668	326.36478	206.65846	400.0	400.0	167199	67.45296	17.673903	79.98045	-4.885919	-67.56294	0.06683934	2212.63911318779
153	66.48698	195.1553	261.64227	-128.66832	259.2791	27.50611	307.1508	212.27357	400.0	400.0	168299	67.407135	17.760822	79.991486	-9.508618	-67.51787	0.07280788	2227.667479276657
154	256.39966	14.744393	276.74054	242.25656	266.67325	21.31753	309.17596	235.3041	400.0	400.0	169399	67.33151	17.887005	80.00384	-10.627199	-67.44053	0.06259653	2241.902112007141
155	239.54561	34.691822	267.9121	190.69553	265.81604	29.069723	305.546	222.69919	400.0	400.0	170499	67.41127	17.847004	80.02513	-12.453695	-67.51963	0.063190676	2256.291732311249
156	264.84537	11.086485	276.07727	249.75584	250.10416	24.470251	288.6778	199.00722	400.0	400.0	171599	67.40494	17.90621	80.038086	-14.558324	-67.514305	0.067061156	2270.6812567710876
157	257.14276	14.048058	271.19083	243.09471	255.38681	28.974768	300.46808	194.39806	400.0	400.0	172699	67.4091	17.925117	80.023476	-15.842611	-67.51979	0.07043671	2285.6705598831177
158	246.26857	22.743813	262.40277	214.10402	258.95877	20.996983	286.12772	201.01027	400.0	400.0	173799	67.4147	17.944614	80.00435	-16.894398	-67.52509	0.07338146	2300.70499253273
159	256.8461	13.009096	272.77792	240.91228	262.08646	21.767048	301.96698	226.90074	400.0	400.0	174899	67.45174	17.937689	79.991974	-17.80903	-67.56363	0.071680054	2315.5003623962402
160	238.49309	38.33912	267.46506	184.31703	262.20755	33.465714	305.04037	146.50531	400.0	400.0	175999	67.51062	17.961388	79.957375	-18.9549	-67.62284	0.07435759	2330.0682718753815
161	268.8329	15.826515	284.6594	253.00636	260.05548	11.972564	283.98083	237.75449	400.0	400.0	177099	67.56672	17.941797	79.9587	-19.553616	-67.68002	0.07722648	2344.5388312339783
162	256.19882	13.356814	272.31958	239.61215	262.82367	22.31746	298.2161	220.62625	400.0	400.0	178199	67.598976	17.952522	79.91579	-20.129906	-67.71264	0.072043136	2360.2569284439087
163	250.70103	27.748936	289.4184	225.79892	258.29373	21.378544	301.70673	210.62277	400.0	400.0	179299	67.67977	17.901674	79.92071	-21.459503	-67.792076	0.0709354	2375.7667338848114
164	269.9388	17.206219	294.2313	256.57306	260.00546	16.439854	303.89447	236.17319	400.0	400.0	180399	67.68053	17.94278	79.94661	-22.547647	-67.79309	0.07261353	2390.9814302921295
165	259.0254	5.290207	264.3156	253.7352	265.56714	23.072752	311.50644	208.05289	400.0	400.0	181499	67.737495	17.896585	79.90567	-23.48187	-67.84882	0.071805336	2405.0568351745605
166	260.60825	19.108206	286.43436	240.80722	267.74463	18.666023	305.25793	234.69391	400.0	400.0	182599	67.82338	17.816101	79.90104	-24.03543	-67.93448	0.069783546	2418.0616643428802
167	262.38156	16.792261	283.4062	242.30663	237.00618	74.48211	306.4687	21.991304	400.0	400.0	183699	67.872314	17.756105	79.883804	-25.119362	-67.98241	0.07088855	2432.5061190128326
168	247.44194	23.793522	272.81403	215.61456	266.53726	33.916252	308.15787	205.65857	400.0	400.0	184799	67.901405	17.685284	79.84203	-25.043879	-68.010796	0.07130654	2446.684465646744
169	256.42883	7.457161	263.886	248.97166	260.49207	28.797792	307.29593	218.41187	400.0	400.0	185899	67.92804	17.648134	79.84193	-25.997242	-68.038	0.06720574	2461.543910741806
170	292.7119	14.813614	304.40494	271.8115	268.92236	31.813795	320.80936	199.80725	400.0	400.0	186999	68.00618	17.55308	79.82817	-27.8299	-68.114784	0.071055725	2476.8827357292175
171	283.8512	0.41099444	284.236	283.28156	253.24686	56.258785	318.0422	42.25747	400.0	400.0	188099	68.035446	17.520275	79.85122	-27.99489	-68.14649	0.06754146	2491.958954334259
172	256.86856	7.8111954	265.9817	246.90503	243.79642	91.04818	305.54202	-129.68132	400.0	400.0	189199	68.11716	17.461582	79.88531	-28.999172	-68.22838	0.06840186	2506.351368665695
173	271.99078	1.523941	273.51474	270.46686	256.99542	35.528427	309.7116	188.55359	400.0	400.0	190299	68.15938	17.453745	79.894356	-29.210852	-68.2674	0.0681124	2521.956183195114
174	278.40445	22.141222	307.88724	254.52933	258.81076	46.46842	312.5135	121.09263	400.0	400.0	191399	68.18835	17.445396	79.9392	-29.583708	-68.29649	0.06434735	2536.6456575393677
175	265.97147	38.820663	297.1264	211.24567	275.75305	23.821672	324.47565	239.88171	400.0	400.0	192499	68.29404	17.410065	79.955124	-29.638262	-68.40106	0.06624468	2550.5599205493927
176	261.3209	28.595211	299.86404	231.44986	272.05536	22.10136	316.52335	230.87985	400.0	400.0	193599	68.30015	17.457039	80.01846	-30.522545	-68.40724	0.06608319	2565.7153248786926
177	269.2055	7.2054596	276.41095	262.00003	281.0855	27.616306	322.62576	205.83058	400.0	400.0	194699	68.35834	17.430458	80.05148	-30.430758	-68.4642	0.06354505	2580.3225684165955
178	243.41565	13.625645	254.5253	224.2256	272.9874	17.845007	312.20966	246.58784	400.0	400.0	195799	68.38266	17.46561	80.08278	-29.582363	-68.487144	0.07119518	2594.0155489444733
179	266.38574	9.973906	278.11685	253.73756	281.45868	31.520823	326.99527	225.57487	400.0	400.0	196899	68.38819	17.556337	80.121666	-26.304148	-68.49175	0.06619586	2607.688069343567
180	288.77335	14.611339	307.63257	272.03046	267.13608	25.18794	308.8984	212.2519	400.0	400.0	197999	68.45808	17.602848	80.14603	-24.211258	-68.562454	0.072637975	2622.586921453476
181	249.89294	3.4370193	253.32996	246.45592	264.76105	32.942585	323.2541	189.1997	400.0	400.0	199099	68.49969	17.650417	80.18772	-24.46751	-68.60459	0.06736505	2637.7045423984528
182	248.0816	10.252638	261.97037	237.53145	275.8211	29.87026	323.29944	221.17523	400.0	400.0	200199	68.47237	17.759075	80.2323	-25.325817	-68.577225	0.06728458	2652.2132873535156
183	262.96274	49.285934	313.54294	196.14087	278.63876	20.098785	325.9672	241.28107	400.0	400.0	201299	68.54284	17.752182	80.2767	-25.363865	-68.64801	0.06353842	2667.817289829254
184	245.9727	31.920774	287.24216	209.49413	272.81976	19.647514	316.58264	242.26276	400.0	400.0	202399	68.60719	17.722647	80.34702	-26.06236	-68.713554	0.071779184	2683.6105313301086
185	257.5434	20.27613	277.81952	237.26726	275.8857	24.38078	316.55756	225.45657	400.0	400.0	203499	68.6513	17.718857	80.32327	-26.965597	-68.75984	0.07274078	2699.070252895355
186	268.06943	27.661415	291.7025	229.25589	270.32574	23.494387	311.97607	237.04808	400.0	400.0	204599	68.68976	17.744041	80.35221	-28.074997	-68.79683	0.07123281	2714.6339712142944
187	276.69742	7.801747	283.5283	265.7783	282.43	25.740068	322.70428	220.05963	400.0	400.0	205699	68.72567	17.757566	80.361275	-28.031635	-68.83324	0.06997825	2730.0751781463623
188	256.63065	32.164185	288.56024	212.60916	270.46246	18.527252	304.59503	229.53583	400.0	400.0	206799	68.824104	17.664532	80.390854	-28.441805	-68.93054	0.07185557	2745.4676649570465
189	257.26935	13.7831955	271.05255	243.48616	264.74005	23.844418	318.01855	227.40858	400.0	400.0	207899	68.904335	17.602224	80.396416	-27.939682	-69.011536	0.07113381	2760.1798503398895
190	265.05258	19.557785	292.63034	249.43054	249.15552	57.920586	328.8287	23.851475	400.0	400.0	208999	68.88886	17.669676	80.40871	-28.349726	-68.995	0.07089815	2775.1657032966614
191	267.974	21.83439	295.53094	242.1302	278.57855	23.427574	325.4562	237.76653	400.0	400.0	210099	68.97196	17.601719	80.40482	-30.102095	-69.078735	0.06461886	2789.801947116852
192	244.72758	23.966078	264.4864	210.99966	265.6258	30.950455	318.26086	208.98022	400.0	400.0	211199	69.05766	17.564224	80.4189	-30.307285	-69.1653	0.07106897	2805.207124233246
193	244.69778	21.42411	266.1219	223.27367	281.5506	19.343946	319.93124	249.17497	400.0	400.0	212299	69.10476	17.53232	80.40916	-30.893412	-69.209885	0.071341485	2820.3496618270874
194	269.9519	8.02748	277.60876	258.8647	260.57507	40.353752	300.0738	127.776505	400.0	400.0	213399	69.116646	17.5557	80.40399	-31.650558	-69.22233	0.06859504	2835.7439024448395
195	265.37442	19.262207	292.615	251.64009	275.52533	26.713938	323.80975	218.68486	400.0	400.0	214499	69.20317	17.502733	80.437935	-32.120346	-69.30625	0.070998326	2850.5509419441223
196	256.65146	21.173374	283.74597	232.06413	278.9023	23.198982	310.72565	235.08084	400.0	400.0	215599	69.21672	17.53878	80.446655	-32.569916	-69.32018	0.07480102	2865.4822449684143
197	263.30487	30.296173	293.60104	233.0087	253.75237	40.534454	297.03256	109.302704	400.0	400.0	216699	69.311195	17.479567	80.4653	-33.504032	-69.41223	0.063019216	2880.605023622513
198	293.94736	15.144196	307.19376	272.74954	263.30316	25.974625	319.04376	198.11508	400.0	400.0	217799	69.299355	17.534737	80.44106	-33.442776	-69.40055	0.06871582	2896.5755355358124
199	267.91898	12.925369	280.70288	250.21214	264.53555	30.768747	320.387	216.42204	400.0	400.0	218899	69.34943	17.555405	80.463776	-34.038437	-69.44896	0.06810135	2911.5298964977264
200	262.64157	10.676167	270.6751	247.55377	270.0899	28.304972	321.9754	224.4428	400.0	400.0	219999	69.32909	17.637785	80.46413	-34.383102	-69.428246	0.06965224	2926.733675479889
201	287.2863	1.3235168	288.6098	285.96277	274.63016	24.197468	327.21823	248.75986	400.0	400.0	221099	69.397125	17.60197	80.455154	-34.788364	-69.4967	0.0713749	2941.762449026108
202	264.9321	5.136079	271.3314	258.7566	267.3479	30.702154	304.87347	173.12357	400.0	400.0	222199	69.44158	17.63743	80.447044	-34.69873	-69.54076	0.06803466	2957.36571764946
203	259.93283	23.936714	293.2333	238.01402	282.66202	20.16467	324.08484	242.74292	400.0	400.0	223299	69.52461	17.593267	80.457565	-36.70623	-69.625374	0.06811487	2970.4250752925873
204	271.40482	18.809805	297.12988	252.67896	283.06808	23.992128	322.49078	232.53165	400.0	400.0	224399	69.57674	17.591383	80.509926	-35.785736	-69.6743	0.066121966	2985.2447204589844
205	251.2731	17.921532	269.19464	233.35158	278.38644	22.716867	316.72076	228.29588	400.0	400.0	225499	69.5458	17.651634	80.5784	-36.05069	-69.64242	0.06815189	2999.84681391716
206	259.47787	14.600752	280.1232	248.83716	272.7191	23.115913	321.3984	237.47772	400.0	400.0	226599	69.57404	17.67474	80.6173	-36.910133	-69.67046	0.0666062	3015.2920529842377
207	260.29715	10.637955	274.2716	248.48447	276.46326	25.05331	323.14023	241.13283	400.0	400.0	227699	69.605194	17.65764	80.6128	-37.13384	-69.701164	0.073335215	3030.3297028541565
208	257.72665	16.823277	270.92865	233.98465	269.98965	19.021486	305.2028	235.3601	400.0	400.0	228799	69.641335	17.619032	80.6252	-37.12714	-69.736275	0.06293413	3044.6542468070984
209	284.77246	13.339325	298.1118	271.43314	266.85968	27.195946	316.74557	214.25781	400.0	400.0	229899	69.656876	17.621098	80.63284	-36.580036	-69.750465	0.06425488	3058.7825858592987
210	257.54636	11.51314	269.8335	242.15086	268.10718	20.739927	311.82593	230.27032	400.0	400.0	230999	69.64696	17.595406	80.62835	-35.722313	-69.74123	0.06602753	3073.1906621456146
211	251.59358	6.6948237	260.58353	244.52632	271.6514	27.166943	318.91077	214.1501	400.0	400.0	232099	69.73539	17.46752	80.61448	-36.12407	-69.829346	0.06945274	3088.2542221546173
212	268.25168	22.367218	291.27716	237.95573	271.07294	30.825665	313.67194	202.92435	400.0	400.0	233199	69.72543	17.467136	80.581726	-34.878807	-69.819954	0.06495742	3102.6628942489624
213	266.25568	9.974808	276.2305	256.28088	273.6502	29.577408	310.93652	196.89638	400.0	400.0	234299	69.773834	17.350567	80.605034	-35.114727	-69.86734	0.074410826	3115.491014480591
214	249.62224	18.621058	264.08588	223.33212	265.50055	20.555325	298.73392	215.66951	400.0	400.0	235399	69.74901	17.372604	80.560005	-34.664295	-69.84092	0.06565183	3131.101359128952
215	267.06094	10.0202	278.55655	254.13715	260.21725	27.925781	326.2972	215.8874	400.0	400.0	236499	69.80941	17.265396	80.53774	-35.600224	-69.899826	0.06753859	3146.4644808769226
216	261.1381	15.624289	276.7948	239.80684	267.43198	22.56238	313.2439	221.29988	400.0	400.0	237599	69.81985	17.246351	80.525	-36.796116	-69.9087	0.07048803	3161.05366897583
217	246.76428	11.130821	257.8951	235.63347	271.18472	23.611435	313.78757	228.70988	400.0	400.0	238699	69.849464	17.134031	80.50745	-38.073936	-69.93923	0.061878584	3176.601457118988
218	259.90387	8.44355	268.29062	248.3493	268.76987	21.706787	301.70166	226.69513	400.0	400.0	239799	69.84636	17.156412	80.49768	-37.990616	-69.93622	0.068354405	3191.951037168503
219	252.30188	22.806242	272.99817	220.53098	252.52266	32.815044	305.67444	186.86694	400.0	400.0	240899	69.86253	17.06415	80.48233	-38.257465	-69.953896	0.07504203	3206.625144004822
220	243.87195	1.9229698	246.56058	242.17381	263.50513	18.048649	295.1557	224.13275	400.0	400.0	241999	69.8275	17.13807	80.48755	-37.69794	-69.91851	0.07009062	3221.3409948349
221	286.72388	9.231613	295.95547	277.49225	273.91913	25.426476	320.27072	221.65573	400.0	400.0	243099	69.88649	17.037651	80.48309	-37.20003	-69.97801	0.0682293	3236.59414768219
222	232.87909	10.439064	243.67241	218.7595	267.93097	29.034172	314.73264	190.4185	400.0	400.0	244199	69.95875	16.999022	80.470695	-37.87339	-70.04908	0.06726121	3252.1368458271027
223	254.64156	14.729276	273.16702	237.13063	265.9389	19.660131	302.11807	217.32736	400.0	400.0	245299	69.95188	17.029743	80.46444	-37.396202	-70.0444	0.07254083	3267.3646199703217
224	258.00626	11.112986	269.80246	243.11456	268.0658	36.484028	318.50772	151.33723	400.0	400.0	246399	70.006035	16.952856	80.43783	-36.381496	-70.097374	0.069846466	3282.6679842472076
225	282.50934	4.5361176	287.04547	277.97324	276.55945	34.12679	324.73404	197.85786	400.0	400.0	247499	70.01344	17.027472	80.48908	-35.739017	-70.10625	0.06936716	3297.7898223400116
226	234.28764	27.111477	265.41946	199.33989	278.13016	23.869215	320.4345	232.47975	400.0	400.0	248599	70.02934	16.992472	80.50637	-35.502953	-70.119026	0.07066837	3313.036358356476
227	286.64554	20.974035	306.37857	257.60037	275.02533	22.542877	313.9044	239.67825	400.0	400.0	249699	70.048386	16.972506	80.54716	-35.469112	-70.13863	0.069584064	3327.9786553382874
228	258.68973	14.478174	278.6115	244.63396	270.75668	26.59662	308.2224	223.65732	400.0	400.0	250799	70.12837	16.907818	80.570366	-35.684196	-70.21831	0.06768694	3342.6861214637756
229	286.43854	1.7784424	288.21698	284.6601	272.9427	21.739098	313.48026	237.21445	400.0	400.0	251899	70.12119	16.913479	80.55582	-36.30984	-70.20966	0.0703346	3358.1338291168213
230	279.9569	5.7003937	286.0897	272.35913	267.37732	24.125069	310.7934	231.56743	400.0	400.0	252999	70.16565	16.843008	80.52826	-36.523727	-70.253944	0.06699363	3373.56440782547
231	272.48834	6.9694915	282.16876	266.04254	289.12158	20.44677	329.66635	257.8177	400.0	400.0	254099	70.18303	16.8928	80.50758	-37.75641	-70.27118	0.07138882	3388.7369573116302
232	244.90828	6.2093635	253.67929	240.15366	286.52023	19.159779	319.01038	241.73288	400.0	400.0	255199	70.20674	16.855398	80.51822	-37.422546	-70.29724	0.066449754	3403.863106250763
233	248.86737	12.558907	261.42627	236.30846	287.8156	22.81327	328.68118	245.34402	400.0	400.0	256299	70.248955	16.783112	80.55616	-38.066376	-70.34071	0.069468796	3418.8890902996063
234	274.43924	3.4123476	278.06335	269.86755	276.64297	18.768229	309.57565	245.70474	400.0	400.0	257399	70.29235	16.70577	80.61603	-38.610855	-70.38403	0.07176906	3433.358579158783
235	270.03827	23.202248	290.90527	237.67436	280.2265	26.60456	328.16537	233.15001	400.0	400.0	258499	70.32242	16.664747	80.62765	-38.8577	-70.41642	0.07202462	3447.439643383026
236	271.53165	20.767344	300.89554	256.35413	273.2425	22.333027	323.75766	204.49113	400.0	400.0	259599	70.40323	16.60188	80.67086	-39.370403	-70.49594	0.06524185	3461.7620940208435
237	269.42786	19.561813	288.98965	249.86603	279.38748	23.226107	307.415	213.31604	400.0	400.0	260699	70.46426	16.543503	80.71223	-39.626354	-70.55544	0.06676486	3474.860006570816
238	269.8925	10.251335	284.29666	261.26764	277.05002	24.817276	315.834	224.19821	400.0	400.0	261799	70.48551	16.485977	80.728935	-39.997192	-70.57835	0.06763196	3489.2128047943115
239	265.20584	8.536697	277.12863	257.6019	277.01715	18.992937	311.58807	243.69327	400.0	400.0	262899	70.5227	16.404142	80.75156	-39.927994	-70.61477	0.06638502	3502.8161718845367
240	263.91068	32.518955	297.31537	219.83464	265.8399	19.62311	302.62473	219.52399	400.0	400.0	263999	70.59305	16.312675	80.811584	-40.337082	-70.685585	0.06938656	3518.063397884369
241	254.21634	22.657074	276.8734	231.55927	257.62808	25.596409	296.87628	205.78444	400.0	400.0	265099	70.61844	16.294697	80.84262	-40.20174	-70.70989	0.06881027	3533.1565279960632
242	281.51254	13.247059	295.91483	263.93558	278.83368	20.464647	323.007	247.6653	400.0	400.0	266199	70.68835	16.255589	80.87291	-40.12368	-70.77896	0.06802955	3547.976870059967
243	260.80603	3.1338112	263.94843	256.52832	276.52496	17.868584	302.15637	235.48633	400.0	400.0	267299	70.72886	16.17961	80.92147	-40.2848	-70.818214	0.07789276	3561.613487482071
244	265.96536	14.567669	286.53418	254.672	261.35703	21.419481	307.37183	223.04344	400.0	400.0	268399	70.77012	16.076422	80.931526	-40.858112	-70.85984	0.07383696	3576.372316837311
245	279.6992	10.949036	290.64822	268.75015	264.2293	26.511368	321.13184	222.4719	400.0	400.0	269499	70.799545	16.091629	80.99232	-40.982582	-70.890526	0.06951348	3591.969802379608
246	230.856	33.28771	268.82086	187.76736	282.2445	18.324663	317.64307	255.89592	400.0	400.0	270599	70.82336	16.057692	80.96741	-41.07175	-70.9138	0.064887375	3607.4591274261475
247	250.34229	44.410408	298.90738	191.5706	269.98386	21.56942	309.5286	232.26146	400.0	400.0	271699	70.88156	15.997291	80.96143	-40.59032	-70.9721	0.069871664	3622.151604652405
248	254.53821	16.31461	276.08286	236.616	268.5974	25.929583	318.23813	220.10353	400.0	400.0	272799	70.918625	15.965354	80.93912	-39.975784	-71.00662	0.06489058	3637.2210173606873
249	257.4572	18.387375	275.8446	239.06985	280.48154	21.221916	321.92703	243.06262	400.0	400.0	273899	70.91986	16.00351	80.92927	-40.50367	-71.007614	0.0664367	3652.5798156261444
250	260.60608	14.536162	273.74094	240.34352	283.30945	22.270514	319.86185	241.47902	400.0	400.0	274999	70.97148	15.905905	80.9066	-40.05301	-71.05872	0.06379809	3668.2556688785553
