Epoch	AverageEpRet	StdEpRet	MaxEpRet	MinEpRet	AverageTestEpRet	StdTestEpRet	MaxTestEpRet	MinTestEpRet	EpLen	TestEpLen	TotalEnvInteracts	AverageQVals	StdQVals	MaxQVals	MinQVals	LossPi	LossQ	Time
1	-48.796204	3.4220867	-45.374115	-52.21829	-165.53018	5.5837584	-151.17885	-172.66762	400.0	400.0	1099	-0.40436134	0.08858651	-0.08088298	-0.5659777	0.4033367	0.014567337	12.571012735366821
2	-28.244532	4.7149053	-21.63324	-32.30092	35.849586	15.096341	66.67366	13.550209	400.0	400.0	2199	-0.52447325	0.4244179	0.64385897	-1.7098539	0.49962202	0.010916529	80.88630294799805
3	3.5695093	30.31811	36.16757	-36.850185	51.053688	35.274757	168.7838	4.8649387	400.0	400.0	3299	-0.33549902	0.94069856	1.9511061	-1.8565372	0.17682226	0.0031252305	151.1121506690979
4	-31.228455	14.16048	-11.822461	-45.21331	89.20861	50.4896	220.58298	24.127943	400.0	400.0	4399	0.3888885	1.452797	3.5810769	-1.7909863	-0.579527	0.0013524214	217.65668058395386
5	-18.993708	12.050852	-6.942856	-31.04456	109.86159	43.87971	179.6504	41.961693	400.0	400.0	5499	1.104628	1.9196768	5.13622	-2.0330594	-1.3009489	0.0011484772	284.35629653930664
6	-50.316925	3.832379	-46.650593	-55.606853	94.035164	26.302559	147.69846	46.14996	400.0	400.0	6599	1.6542237	2.2942808	6.5528274	-2.1790662	-1.8572899	0.001424217	357.38125681877136
7	-22.17393	19.350294	-5.0082254	-49.21362	104.46767	40.83886	192.63084	46.35434	400.0	400.0	7699	2.1172822	2.7361915	7.927456	-2.5788066	-2.3225596	0.001685704	423.69496607780457
8	-34.4914	7.2538753	-27.970018	-44.61006	107.71969	41.85275	188.99321	43.133717	400.0	400.0	8799	2.5992596	3.1877503	9.304728	-2.8480775	-2.8065877	0.0025392007	491.46996545791626
9	1.438458	4.884175	6.322633	-3.4457169	106.023315	38.976887	178.6806	53.64137	400.0	400.0	9899	3.1115613	3.5960388	10.864335	-3.050172	-3.3202698	0.0042900955	561.8845422267914
10	-21.431688	10.894014	-11.096592	-36.494118	121.18229	50.761467	229.41232	38.836823	400.0	400.0	10999	3.7089832	3.9942381	12.275539	-3.1195989	-3.920708	0.00413482	631.1322736740112
11	-43.594677	1.6585398	-41.369526	-45.34964	130.10416	51.100914	255.5702	21.96775	400.0	400.0	12099	4.1525087	4.2881923	13.616177	-3.12928	-4.3655486	0.0040489277	704.5905683040619
12	-39.234333	5.6306667	-33.15084	-46.725792	102.14821	42.11841	172.9405	33.95168	400.0	400.0	13199	4.4501657	4.589486	14.88327	-3.0731523	-4.665556	0.0044334116	771.3290321826935
13	12.885271	25.433361	38.31863	-12.548089	105.55475	41.719875	160.06566	29.036798	400.0	400.0	14299	4.862617	4.9968557	16.402317	-3.2051866	-5.079626	0.004417648	840.8898973464966
14	-8.576395	33.547955	19.676008	-55.71092	162.61166	46.43825	212.98628	53.36665	400.0	400.0	15399	5.2676954	5.3872285	17.774872	-3.622807	-5.4881997	0.007375833	911.8344185352325
15	144.90161	28.073118	184.2934	120.92028	130.50705	68.6805	215.49718	21.62957	400.0	400.0	16499	6.053847	6.042009	19.351334	-3.9343839	-6.2717524	0.010208836	984.0214321613312
16	148.95447	55.1625	188.16063	70.94327	132.41321	39.395237	208.34862	37.887444	400.0	400.0	17599	7.079263	6.6880484	21.049158	-4.294284	-7.2927346	0.009535115	1056.9309277534485
17	129.04826	84.62828	213.67654	44.419987	116.55015	101.780685	265.03442	-62.632523	400.0	400.0	18699	8.150701	7.410681	22.965721	-4.6351	-8.361546	0.013486916	1128.0356945991516
18	126.75272	19.738684	153.05508	105.50445	148.97128	107.92209	288.76025	-62.991642	400.0	400.0	19799	9.057901	7.9672046	24.864256	-4.9740243	-9.26696	0.014649651	1198.9067916870117
19	158.10269	36.20721	185.304	106.93198	167.97623	30.182917	222.88036	107.58878	400.0	400.0	20899	10.206246	8.619942	26.707542	-5.255807	-10.412734	0.017155625	1272.795974969864
20	176.82074	49.610764	212.4775	106.663704	163.01454	98.732216	263.33862	-67.40354	400.0	400.0	21999	11.433301	9.307735	28.518044	-5.535398	-11.637755	0.019535363	1345.7037920951843
21	28.319607	63.296825	91.61643	-34.97722	112.59241	103.23724	244.97588	-74.97512	400.0	400.0	23099	12.38535	9.883461	30.24551	-5.7194304	-12.587611	0.027951304	1424.498612165451
22	212.26027	18.947369	228.65443	185.7076	195.83878	52.043888	265.40396	80.74542	400.0	400.0	24199	13.557974	10.5467825	31.904135	-5.9859505	-13.761135	0.030499084	1499.4408707618713
23	116.14506	45.526875	163.0381	54.490868	164.36661	86.37707	285.5937	22.1535	400.0	400.0	25299	14.753576	11.092461	33.520824	-6.2199516	-14.957886	0.034274872	1577.641047000885
24	203.18404	33.142925	249.63121	174.51292	167.2636	74.53479	276.58856	3.5351155	400.0	400.0	26399	15.929866	11.655725	35.10925	-6.540043	-16.134499	0.02985663	1657.498054742813
25	166.75816	57.2999	224.05806	109.45826	143.82286	85.45392	251.32747	-41.799885	400.0	400.0	27499	17.220098	12.213404	36.59227	-6.727175	-17.43049	0.03689551	1734.9817955493927
26	161.92084	55.27049	230.07167	94.69669	181.82042	84.47583	304.79697	16.347622	400.0	400.0	28599	18.461184	12.685074	38.163296	-6.787418	-18.681868	0.03606839	1817.7416276931763
27	205.69824	41.1175	256.8374	156.15862	154.41545	68.056725	286.92685	31.762646	400.0	400.0	29699	19.710287	13.128488	39.603374	-6.7945886	-19.935732	0.043018974	1891.3457782268524
28	132.54091	84.15052	247.52496	48.478878	133.95195	78.342316	270.7095	3.3945043	400.0	400.0	30799	21.087833	13.653998	40.96992	-6.7852163	-21.315191	0.054390833	1961.3220319747925
29	143.04791	63.819496	206.86742	79.228424	124.57589	102.777435	244.69879	-0.34813777	400.0	400.0	31899	22.18573	13.996204	42.375458	-6.683137	-22.415129	0.044855386	2042.608391046524
30	63.768948	105.53848	212.13643	-24.481604	187.74788	112.60437	283.2105	-15.701778	400.0	400.0	32999	22.970554	14.394737	43.651085	-6.693666	-23.204805	0.052365992	2114.735184431076
31	170.62502	132.72159	275.626	-16.61087	234.52502	67.0161	295.88257	41.147858	400.0	400.0	34099	24.009432	14.9080105	44.88698	-6.609044	-24.243631	0.068393014	2187.2559752464294
32	140.7189	90.0471	216.47337	14.192565	231.04105	54.56943	272.34778	20.837168	400.0	400.0	35199	24.930496	15.34931	46.07845	-6.50604	-25.160282	0.06361571	2258.9213576316833
33	242.63232	17.547234	260.17957	225.0851	252.19861	24.898268	286.47025	180.34145	400.0	400.0	36299	26.083847	15.81629	47.292236	-6.615221	-26.31639	0.060932737	2332.638768196106
34	252.23586	14.987218	265.71695	231.33127	227.01128	71.88511	317.0634	-43.613445	400.0	400.0	37399	27.41305	16.293097	48.437027	-6.554867	-27.647827	0.06191298	2407.7827587127686
35	146.94295	81.187126	210.41301	32.34847	232.14958	47.072567	286.73468	56.074013	400.0	400.0	38499	28.640327	16.700819	49.562885	-6.512515	-28.875725	0.07723872	2482.091659784317
36	220.86267	16.209103	239.62088	200.07306	222.29895	54.403137	298.86993	61.54479	400.0	400.0	39599	29.608963	17.094324	50.618042	-6.5179377	-29.841805	0.07914503	2555.4970695972443
37	229.0375	5.5879593	234.62547	223.44955	233.93253	25.31798	285.8809	184.97925	400.0	400.0	40699	30.841705	17.432568	51.62705	-6.401273	-31.072657	0.06995149	2631.1674349308014
38	172.47748	95.18921	257.06073	39.490013	239.77519	90.48267	305.627	-79.322845	400.0	400.0	41799	31.941217	17.735102	52.581177	-6.444256	-32.17124	0.07661586	2706.314113140106
39	258.36172	2.9638329	261.5186	254.39539	200.22897	81.3506	282.1147	3.5774562	400.0	400.0	42899	32.859665	18.059887	53.509857	-6.2967587	-33.09038	0.072487555	2776.4416711330414
40	221.53108	24.480585	242.05943	187.12383	202.16006	101.45375	304.99326	-96.92718	400.0	400.0	43999	33.97185	18.288088	54.430454	-6.161859	-34.20187	0.09107365	2850.617844581604
41	165.39635	37.76646	203.16281	127.62989	223.89871	63.85163	282.53836	-9.635448	400.0	400.0	45099	34.938053	18.462772	55.300064	-6.224881	-35.169483	0.103648804	2921.080210208893
42	210.29633	35.994514	238.09294	159.46675	234.67207	29.593826	311.3748	187.73672	400.0	400.0	46199	35.92494	18.5763	56.17062	-6.238575	-36.157017	0.09945143	2997.840817928314
43	235.91168	32.321648	280.15448	203.8422	191.63416	62.013855	294.3065	21.1969	400.0	400.0	47299	36.99374	18.676628	56.943108	-6.1538057	-37.221714	0.08769312	3072.8705513477325
44	178.81087	8.83905	190.13945	168.57048	224.93698	30.158487	274.27585	169.3593	400.0	400.0	48399	37.85912	18.752956	57.72128	-6.2339234	-38.08505	0.08752463	3150.504406929016
45	181.4758	8.930771	190.40657	172.54503	244.47054	25.418505	281.06186	173.0586	400.0	400.0	49499	38.77467	18.724606	58.446125	-6.5268965	-39.00367	0.105480365	3224.602504968643
46	242.94751	30.337618	284.70844	213.54793	242.925	28.419641	270.95065	154.29085	400.0	400.0	50599	39.663082	18.750267	59.161354	-6.881949	-39.89134	0.088788316	3298.393672466278
47	259.41135	18.115044	281.02557	236.6941	247.3945	24.879173	287.61786	190.07954	400.0	400.0	51699	40.620834	18.718704	59.8592	-7.0569315	-40.847412	0.08759882	3373.7301981449127
48	175.58142	60.82582	231.5753	91.03199	246.97427	23.964254	295.41367	193.8207	400.0	400.0	52799	41.39039	18.647196	60.514126	-7.192268	-41.61601	0.10554584	3452.004636526108
49	225.47208	9.789375	235.26144	215.6827	229.73166	23.696684	268.97424	173.61093	400.0	400.0	53899	42.234257	18.594048	61.149837	-7.1931887	-42.44983	0.0883438	3529.688004732132
50	189.22151	13.600035	207.76219	175.5213	236.0159	32.572533	297.48453	162.30084	400.0	400.0	54999	42.928204	18.496233	61.74519	-6.9240227	-43.1444	0.092800125	3602.8974266052246
51	222.7064	7.3210273	232.99547	216.5631	249.91895	41.20548	299.9193	155.825	400.0	400.0	56099	43.601162	18.435839	62.28907	-6.3584685	-43.816315	0.083940014	3679.6415560245514
52	256.19385	27.516838	281.38943	217.91238	241.52237	15.705902	269.0402	217.49243	400.0	400.0	57199	44.358902	18.389673	62.85898	-5.4680967	-44.571064	0.07870995	3753.214983224869
53	234.21167	7.282997	241.49466	226.92867	242.48474	23.072441	276.15955	200.98265	400.0	400.0	58299	45.056904	18.394974	63.423676	-4.6011543	-45.26683	0.08523991	3826.671903371811
54	251.55486	21.943182	282.5834	235.61961	244.87112	52.615185	318.968	59.933945	400.0	400.0	59399	45.72038	18.424318	64.06936	-3.7980647	-45.92632	0.08767297	3904.385537624359
55	211.39111	36.438858	247.92334	161.6491	241.97165	40.644638	303.12582	135.50026	400.0	400.0	60499	46.38549	18.43628	64.56845	-3.034293	-46.587036	0.08224425	3977.7745373249054
56	276.76572	13.930141	288.38437	257.17856	245.05179	60.13855	294.68713	0.7392909	400.0	400.0	61599	46.97268	18.512293	65.08214	-2.2331524	-47.170765	0.07847748	4056.24308013916
57	256.06512	9.113663	265.1788	246.95148	217.1156	69.34903	289.4316	-71.53885	400.0	400.0	62699	47.54749	18.616158	65.539665	-1.5334041	-47.74266	0.086466044	4132.81885266304
58	249.20616	18.595608	265.764	223.23335	230.98991	35.6925	283.83273	142.81795	400.0	400.0	63799	48.1782	18.593716	66.01325	-0.8417057	-48.369526	0.07462369	4211.576055765152
59	251.84485	27.129702	271.228	213.47835	221.84616	69.60269	274.37677	-23.852436	400.0	400.0	64899	48.74115	18.5878	66.44728	-0.75055933	-48.93342	0.06771852	4284.899617671967
60	235.38104	4.996501	239.21204	228.32355	233.3696	29.359158	274.35428	183.57442	400.0	400.0	65999	49.308395	18.59637	66.86392	-0.7633214	-49.502552	0.07465356	4360.2553515434265
61	240.7167	36.29962	277.01633	204.41708	224.44547	71.41743	281.51657	-60.334885	400.0	400.0	67099	49.819416	18.563437	67.25509	-1.8764716	-50.01704	0.064648986	4433.751862287521
62	195.0146	6.36154	199.7024	186.02072	243.7072	25.97743	284.81262	177.0086	400.0	400.0	68199	50.303062	18.431543	67.63899	-2.184534	-50.49822	0.0634771	4510.101561784744
63	230.84656	8.824791	242.334	220.87857	228.53703	24.45301	267.6004	179.07347	400.0	400.0	69299	50.753376	18.385532	67.95732	-2.7694147	-50.945526	0.077296324	4587.71559715271
64	237.12883	15.771265	259.2314	223.48796	236.53879	33.334118	281.2436	151.29921	400.0	400.0	70399	51.252857	18.285316	68.29904	-2.6289263	-51.443615	0.06553357	4662.828914403915
65	171.84164	58.91663	230.75827	112.92501	228.17009	41.449703	270.31918	101.14218	400.0	400.0	71499	51.718445	18.209314	68.61867	-2.9252534	-51.906326	0.070323706	4741.428245544434
66	238.58093	22.706488	256.40186	206.53635	236.98416	28.200703	290.1477	180.34253	400.0	400.0	72599	52.12804	18.201643	68.9392	-3.0999465	-52.315113	0.07144685	4818.058695077896
67	233.20142	36.486713	276.10873	186.92555	205.6082	96.27551	289.27594	-79.196075	400.0	400.0	73699	52.58226	18.17635	69.23889	-3.4059696	-52.77171	0.07877456	4893.278277873993
68	234.3077	12.757098	244.31648	216.30396	200.15828	70.42277	278.62292	-71.23554	400.0	400.0	74799	53.037712	18.165012	69.507484	-3.3818932	-53.229374	0.07691531	4970.139434814453
69	236.70966	41.793915	278.50357	194.91574	215.2992	80.501305	280.0877	-112.36845	400.0	400.0	75899	53.51544	18.148062	69.75957	-3.0352995	-53.705715	0.08932129	5045.967009782791
70	226.98761	27.20942	265.27533	204.51706	242.42978	31.658554	289.23886	174.87103	400.0	400.0	76999	53.94555	18.107027	70.004585	-2.4922628	-54.130245	0.0865226	5118.984383583069
71	212.60713	28.229181	246.87444	177.73528	232.80069	34.20362	276.66922	168.7783	400.0	400.0	78099	54.3521	17.989902	70.27626	-1.9238368	-54.528522	0.0839592	5196.15466094017
72	243.33208	18.762533	266.7356	220.80186	206.63928	84.31468	284.38406	-93.10207	400.0	400.0	79199	54.632935	17.964216	70.5907	-1.0866413	-54.80324	0.08418326	5272.609934329987
73	233.55997	34.764374	268.32434	198.7956	218.16008	43.99645	270.11917	139.48907	400.0	400.0	80299	54.88903	17.96096	70.80284	-0.6029258	-55.054977	0.079056986	5345.021573543549
74	247.40288	4.3285127	253.10974	242.63168	216.61923	62.13924	278.81512	-5.2516456	400.0	400.0	81399	55.18769	17.869884	71.023605	0.08389318	-55.35164	0.08080734	5422.001191616058
75	161.44347	57.14379	241.3334	110.947784	234.92561	64.4813	300.1485	30.653978	400.0	400.0	82499	55.382244	17.837143	71.23815	0.70394754	-55.544144	0.07089265	5498.696403503418
76	254.10669	35.139313	281.09988	204.47588	222.13908	61.491962	294.56104	88.10589	400.0	400.0	83599	55.656635	17.735449	71.472404	0.966503	-55.818237	0.07301888	5574.348233222961
77	158.241	79.476326	237.71733	78.76468	249.1864	48.331566	296.57413	146.58162	400.0	400.0	84699	55.807728	17.733374	71.683655	1.0420942	-55.96852	0.06617854	5656.424746751785
78	127.07374	130.69356	275.31723	-42.64667	241.7458	44.874054	292.22415	116.75781	400.0	400.0	85799	55.950386	17.741182	71.89733	0.6985377	-56.11277	0.08159087	5735.715220212936
79	202.23582	53.183056	268.87656	138.71751	256.9444	21.965363	299.79117	207.91197	400.0	400.0	86899	55.981827	17.89126	72.067726	0.41805112	-56.14375	0.08236575	5813.115334033966
80	230.57658	25.658096	248.72935	194.29054	257.37003	25.778278	303.64685	207.76746	400.0	400.0	87999	56.28134	17.865597	72.26533	0.1514374	-56.44443	0.080129765	5890.004194259644
81	272.41827	2.6046143	275.0229	269.81366	266.8707	21.26007	308.05795	226.54121	400.0	400.0	89099	56.52377	17.91985	72.41884	0.4601431	-56.690113	0.07285401	5966.710671901703
82	141.14685	147.84042	276.27484	-64.585556	265.62375	31.054327	315.7617	208.63887	400.0	400.0	90199	56.67314	18.005022	72.58764	0.98039293	-56.841515	0.077125214	6043.2109632492065
83	205.44165	32.99619	239.92805	160.97458	250.85019	30.260914	320.5167	201.1096	400.0	400.0	91299	56.93213	18.023802	72.78666	1.9914323	-57.099205	0.082737096	6122.143263339996
84	249.48671	23.09871	281.80136	229.18832	243.22517	36.04503	308.54373	152.01434	400.0	400.0	92399	57.14335	18.079144	72.93443	2.7132678	-57.310062	0.07552061	6198.207309246063
85	209.62859	19.294601	228.92319	190.33398	245.04358	30.446436	307.6618	192.3001	400.0	400.0	93499	57.4385	18.032183	73.0918	3.1863005	-57.604122	0.06929569	6271.342810630798
86	259.22397	11.447268	268.58002	243.10445	219.78496	78.652084	278.48468	-110.76166	400.0	400.0	94599	57.672756	18.080917	73.27599	3.2983212	-57.84057	0.0687153	6349.3028881549835
87	238.46336	47.184544	291.58542	176.92938	228.56877	32.428528	288.59662	167.72844	400.0	400.0	95699	57.985798	18.079365	73.4393	2.897812	-58.15174	0.0748459	6425.04786324501
88	238.72888	18.47271	257.4754	213.59848	225.3908	22.880136	258.45853	181.82222	400.0	400.0	96799	58.201042	18.039526	73.570175	2.571171	-58.3654	0.07227778	6500.430322647095
89	246.30107	20.961624	267.2627	225.33945	246.85214	40.71618	308.01962	142.27135	400.0	400.0	97899	58.4078	18.057455	73.677574	2.6173716	-58.57084	0.074344635	6574.309185266495
90	237.60817	9.092841	249.42441	227.30664	232.96115	81.23347	305.8632	-101.53038	400.0	400.0	98999	58.631557	18.012636	73.83696	2.1496544	-58.79596	0.078620955	6649.531839847565
91	245.91719	19.319834	269.62863	222.3052	230.61801	109.30505	309.49225	-109.89803	400.0	400.0	100099	58.904846	17.926893	73.95074	1.2897007	-59.069275	0.0717827	6724.373646974564
92	272.7787	17.553717	297.5637	259.17065	237.42891	72.18377	316.5622	-36.21383	400.0	400.0	101199	59.114834	17.919436	74.01008	0.631094	-59.281673	0.07563482	6803.232208967209
93	275.54474	16.462967	292.00772	259.0818	214.80957	113.4839	286.03696	-138.95345	400.0	400.0	102299	59.36718	17.87055	74.10217	0.1680367	-59.533863	0.07700471	6879.859607696533
94	262.70547	19.224457	279.86166	235.86217	225.42444	85.50296	299.93442	-64.37456	400.0	400.0	103399	59.609325	17.815447	74.185394	-0.1809423	-59.774902	0.07151175	6957.083907365799
95	148.27351	139.50063	254.14806	-48.828854	236.56714	92.415726	311.47192	-132.53017	400.0	400.0	104499	59.69621	17.869143	74.25749	-0.25124943	-59.86142	0.067354955	7032.312996387482
96	210.50305	36.79868	252.82977	163.1185	235.52017	89.19105	291.52502	-143.85947	400.0	400.0	105599	59.890614	17.783644	74.3589	-0.8187984	-60.05145	0.0791057	7106.470161437988
97	216.08536	30.695656	246.78102	185.38971	267.37628	29.892817	307.08472	183.8566	400.0	400.0	106699	60.03784	17.750729	74.45086	-1.0008134	-60.197487	0.06890273	7182.345842123032
98	231.01472	29.365267	259.15134	190.49408	230.65671	78.99662	313.51263	-80.60317	400.0	400.0	107799	60.249275	17.651857	74.52172	-1.4299265	-60.408295	0.077652134	7260.9845995903015
99	258.7372	8.541205	269.5867	248.71413	246.19438	24.563059	289.2117	193.73499	400.0	400.0	108899	60.475655	17.506874	74.58729	-2.2388244	-60.6347	0.0800819	7342.966182231903
100	247.9253	5.355239	252.12299	240.36728	204.81747	81.68899	301.99402	-15.070813	400.0	400.0	109999	60.61109	17.454678	74.697395	-2.6347437	-60.770256	0.08767765	7415.985844612122
101	231.71976	0.9773941	232.69714	230.74236	247.71811	36.08958	307.69803	180.89105	400.0	400.0	111099	60.763535	17.352533	74.714645	-2.7291343	-60.923622	0.07968246	7492.733984470367
102	257.43063	27.205278	293.9742	228.73695	242.4947	38.70133	303.77652	129.3555	400.0	400.0	112199	60.984573	17.181417	74.793175	-2.0000634	-61.14132	0.06963368	7569.239111185074
103	247.52472	23.7363	275.3958	217.38672	247.7658	26.214321	316.63083	201.98225	400.0	400.0	113299	61.191883	17.005796	74.94947	0.062335134	-61.346653	0.07603218	7649.655600309372
104	213.35197	2.8397436	215.97702	209.40732	254.44604	26.395021	304.1349	204.29706	400.0	400.0	114399	61.27915	16.87749	75.135124	1.0671631	-61.430477	0.07629763	7725.5987548828125
105	234.52635	7.314972	241.84132	227.21138	247.34502	33.45668	283.26797	118.91833	400.0	400.0	115499	61.374603	16.802853	75.14543	2.2359853	-61.521797	0.068949126	7804.727166891098
106	239.59892	27.418924	278.1876	217.00583	232.14389	75.38952	290.96655	-79.636246	400.0	400.0	116599	61.508945	16.707737	75.271866	4.227971	-61.65307	0.07054374	7882.402266740799
107	263.06323	9.158468	273.22333	251.02649	243.49417	24.466993	296.12186	170.79504	400.0	400.0	117699	61.637012	16.698372	75.38521	3.35571	-61.780426	0.06463043	7955.077662229538
108	236.30621	37.804287	279.80008	187.63422	248.78235	33.126404	320.9377	176.17633	400.0	400.0	118799	61.75963	16.639357	75.494225	3.4827569	-61.90338	0.08118067	8029.982618093491
109	215.71649	34.137825	249.85431	181.57866	239.31604	82.32042	315.84814	-78.0291	400.0	400.0	119899	61.824566	16.662735	75.549904	4.725501	-61.96613	0.07372779	8104.419431447983
110	231.35942	16.428118	249.53473	209.73907	251.66098	40.17669	290.27072	114.693535	400.0	400.0	120999	61.935143	16.61035	75.65424	4.7471724	-62.07576	0.07605747	8179.959043979645
111	251.37886	20.472286	278.6983	229.41806	243.856	35.41639	293.0409	143.22633	400.0	400.0	122099	62.03738	16.607323	75.762314	4.608531	-62.17781	0.0757284	8254.858715057373
112	226.1426	18.421722	248.89845	203.77977	259.7	36.42194	314.99432	152.17001	400.0	400.0	123199	62.157143	16.629303	75.85028	5.470528	-62.301945	0.07708665	8326.26442027092
113	246.55376	14.623001	261.17676	231.93076	228.28214	81.47802	320.8295	0.35862285	400.0	400.0	124299	62.334873	16.635006	75.92958	5.888465	-62.48385	0.075842634	8402.723868131638
114	180.15779	122.15377	280.1561	8.164502	214.23882	105.69911	298.7127	-97.664185	400.0	400.0	125399	62.402195	16.689642	76.03123	5.413875	-62.552826	0.084861174	8478.477172851562
115	241.58977	11.517095	253.82979	226.16376	257.37384	30.74131	310.841	178.77931	400.0	400.0	126499	62.558414	16.70403	76.13806	5.1032543	-62.709274	0.07542334	8555.05949473381
116	268.56705	16.65372	288.5682	247.79684	255.19849	29.982765	298.9199	200.28792	400.0	400.0	127599	62.66563	16.748188	76.30321	5.082638	-62.811535	0.0819394	8630.504191160202
117	277.47888	23.445442	300.92432	254.03343	261.20868	31.829668	302.75558	177.87048	400.0	400.0	128699	62.835445	16.711554	76.38076	5.2386026	-62.980213	0.08445196	8706.825160741806
118	214.12408	42.812428	252.75761	154.43477	212.65585	107.94179	297.7877	-60.67744	400.0	400.0	129799	62.922565	16.756578	76.5154	5.225323	-63.06409	0.07195052	8782.034318208694
119	262.68924	15.8299465	280.8186	242.25023	259.59613	46.236736	315.01324	133.17169	400.0	400.0	130899	62.998	16.721186	76.65701	4.2626934	-63.137104	0.06652728	8859.543783187866
120	264.84982	19.102638	287.72455	240.96552	259.36905	33.214622	314.5546	154.72968	400.0	400.0	131999	63.08443	16.73813	76.715096	2.8673882	-63.218933	0.08428608	8935.331676006317
121	250.63565	17.565376	268.20102	233.07027	242.32523	55.79504	306.7657	35.67197	400.0	400.0	133099	63.175972	16.773632	76.82083	1.0417006	-63.307877	0.07028358	9012.020403623581
122	248.7053	21.480906	277.10248	225.1609	242.35367	77.04689	298.04147	-78.0683	400.0	400.0	134199	63.230007	16.765188	76.91435	-0.63428175	-63.359474	0.069321886	9089.270379543304
123	259.29752	38.666893	293.26227	205.2006	240.85632	81.3375	296.80783	-102.03979	400.0	400.0	135299	63.281754	16.749544	77.02999	-0.6626035	-63.411434	0.072288625	9165.237755060196
124	244.23235	15.30982	262.5345	225.06331	253.57394	24.503532	295.8797	210.72423	400.0	400.0	136399	63.32803	16.74175	77.11929	-1.2413428	-63.46031	0.07041136	9257.282477378845
125	171.0256	49.169804	220.1954	121.8558	248.41743	35.42867	305.94522	153.76608	400.0	400.0	137499	63.43021	16.648365	77.231636	-2.6505942	-63.56358	0.07947933	9328.056007862091
126	269.26425	31.068151	294.60748	225.5099	257.38358	28.150414	302.7184	198.59958	400.0	400.0	138599	63.47104	16.652092	77.293304	-3.5518017	-63.606476	0.07428033	9403.06920337677
127	234.56334	39.19809	279.99365	184.33818	238.90508	36.58618	292.50418	146.44264	400.0	400.0	139699	63.567417	16.608246	77.44331	-3.8463874	-63.70212	0.06886797	9473.724923372269
128	253.92302	9.591371	262.87067	240.62047	258.61874	36.794357	311.13528	142.48332	400.0	400.0	140799	63.621616	16.653597	77.57723	-3.7720683	-63.754986	0.07235627	9546.388360261917
129	257.50775	46.950516	304.45828	210.55725	261.20868	29.044582	299.02762	184.59941	400.0	400.0	141899	63.78272	16.589008	77.61904	-3.512556	-63.914448	0.07409021	9624.33140206337
130	271.79684	13.864277	281.92642	252.19345	273.07892	33.244003	313.0811	167.01698	400.0	400.0	142999	63.88643	16.663523	77.67364	-4.38846	-64.01846	0.07516518	9703.276154279709
131	158.72464	140.2147	283.39767	-37.151085	209.58382	106.02742	301.84183	-44.55068	400.0	400.0	144099	63.965054	16.7026	77.73808	-4.2988386	-64.09743	0.07376698	9781.971713066101
132	143.23804	128.74649	236.224	-38.82299	237.71	95.953926	300.903	-46.513554	400.0	400.0	145199	63.891613	16.920057	77.78926	-5.2695374	-64.026634	0.07764131	9860.114132881165
133	252.38916	28.822235	281.2114	223.56693	249.84872	47.30556	303.6104	90.34785	400.0	400.0	146299	63.89184	17.057753	77.904305	-4.4999433	-64.02797	0.07555441	9931.171285867691
134	268.56097	15.47209	290.01202	254.09808	265.63693	18.364191	301.77097	236.93016	400.0	400.0	147399	64.0349	17.011974	77.96581	-2.2332628	-64.171135	0.08336783	10004.214289426804
135	261.85513	15.646073	283.95428	249.84662	237.0113	72.98561	297.76093	-55.222996	400.0	400.0	148499	64.178	17.01258	78.01906	-3.3250384	-64.31513	0.0831985	10081.693846464157
136	246.79134	34.441387	273.30984	198.15002	264.62738	24.586075	299.59494	224.08109	400.0	400.0	149599	64.264694	16.986364	78.210655	-0.60547554	-64.40229	0.07944123	10156.505342006683
137	258.48828	15.6673355	274.1556	242.82094	243.906	62.78694	297.1828	-2.1061087	400.0	400.0	150699	64.413284	16.929184	78.26167	-1.7799336	-64.550255	0.07770962	10231.625101566315
138	250.24922	8.020814	260.8404	241.43646	258.1359	33.441708	313.18112	177.29985	400.0	400.0	151799	64.52398	16.928028	78.357	-1.2976351	-64.6611	0.07462512	10311.267365455627
139	248.04842	17.90323	273.1131	232.4161	238.23227	35.66678	290.4995	174.26085	400.0	400.0	152899	64.61528	16.912025	78.46594	-0.26308167	-64.75029	0.074205205	10388.837444543839
140	248.64105	31.378609	288.54413	211.87482	229.90988	90.48819	330.53024	-16.759584	400.0	400.0	153999	64.738106	16.8926	78.56258	-0.34220326	-64.87301	0.08538109	10466.887321710587
141	252.37991	1.6731491	254.05307	250.70677	244.4271	52.743073	282.28357	37.98403	400.0	400.0	155099	64.83774	16.89132	78.62028	-1.1404347	-64.9734	0.06830934	10544.36113023758
142	235.29149	18.01894	255.5399	211.7686	253.05289	28.955235	288.45013	171.43793	400.0	400.0	156199	64.92576	16.900187	78.672905	-2.188995	-65.05884	0.07031004	10619.33684706688
143	234.23567	20.907877	261.29776	210.38757	252.31644	23.866945	303.15656	210.42006	400.0	400.0	157299	65.02213	16.917564	78.58812	-3.3326836	-65.15314	0.07577026	10693.894649267197
144	230.4823	24.231524	261.7832	202.75128	267.36603	39.91141	307.5793	107.03367	400.0	400.0	158399	65.07646	16.92664	78.51331	-3.315555	-65.20419	0.067581065	10768.574404478073
145	283.65594	15.472351	299.1283	268.1836	263.44452	27.281157	311.2562	221.53185	400.0	400.0	159499	65.12113	16.973898	78.46877	-3.076785	-65.24649	0.07101984	10844.328655481339
146	244.12968	29.61022	282.52023	210.4509	266.45154	44.104763	325.37515	118.085434	400.0	400.0	160599	65.15861	16.99306	78.36883	-2.6173525	-65.28169	0.06766564	10920.411278963089
147	238.0175	30.628113	270.3407	196.88531	259.9668	21.815804	297.32852	219.02751	400.0	400.0	161699	65.21276	17.020195	78.245605	-2.7243729	-65.33398	0.07530586	10995.278025865555
148	269.06543	22.142544	285.06168	237.75362	265.53888	31.557335	316.22806	204.7836	400.0	400.0	162799	65.22464	17.075924	78.16006	-2.4923286	-65.34457	0.07871437	11072.338386297226
149	270.86688	8.202164	279.06906	262.66473	263.2376	29.20707	308.43405	202.90247	400.0	400.0	163899	65.24704	17.13025	78.09309	-2.0352716	-65.36476	0.07231534	11148.785383701324
150	243.24248	48.666485	291.28738	176.5421	268.63614	20.76261	306.2506	236.62167	400.0	400.0	164999	65.289246	17.131481	77.981155	-1.8989755	-65.407974	0.071755484	11226.167377233505
151	260.38223	17.252415	283.54333	242.15778	252.34827	21.148867	285.9641	209.7744	400.0	400.0	166099	65.3744	17.12722	77.95929	-2.4370272	-65.49229	0.07162284	11300.593122005463
152	250.17786	9.924644	264.1916	242.49332	261.91614	34.311905	305.5328	158.28366	400.0	400.0	167199	65.36685	17.19017	77.92863	-2.8708243	-65.48425	0.07419049	11374.93627691269
153	270.7415	9.280518	280.022	261.46097	281.9685	16.590893	309.70706	253.52736	400.0	400.0	168299	65.429405	17.177948	77.943855	-3.0315332	-65.54814	0.07998551	11449.06975388527
154	236.34459	14.49831	254.57112	219.09827	264.17105	22.623865	302.9135	205.7386	400.0	400.0	169399	65.44635	17.247143	77.945076	-2.9293406	-65.56473	0.065123215	11522.67585349083
155	273.31033	26.459	292.5576	235.89685	260.55472	39.102367	312.3086	130.8155	400.0	400.0	170499	65.54051	17.234291	77.911736	-2.5850968	-65.6564	0.08157738	11601.204523086548
156	252.56111	17.288244	276.4271	236.03072	253.11368	68.140915	304.1678	-15.706944	400.0	400.0	171599	65.59178	17.26521	77.926544	-3.0753453	-65.70893	0.07500236	11674.227010011673
157	253.89595	23.166672	277.06262	230.72928	269.6875	30.505844	326.1061	215.57957	400.0	400.0	172699	65.60151	17.291565	77.962944	-3.19537	-65.7184	0.078713395	11749.11579489708
158	264.37802	7.2570195	271.38263	254.37971	272.21844	28.383389	313.78738	226.62112	400.0	400.0	173799	65.719765	17.237314	77.966255	-3.5348983	-65.8381	0.07048316	11824.968682050705
159	264.3972	33.881104	302.02576	219.89317	267.0088	28.904598	315.30316	214.24648	400.0	400.0	174899	65.75045	17.26699	78.04557	-3.9030952	-65.86826	0.07185438	11899.916332006454
160	248.61198	10.955504	261.28146	234.55405	268.29254	28.290405	310.5491	207.22603	400.0	400.0	175999	65.81432	17.290741	78.059	-4.206587	-65.92911	0.07644256	11977.760186195374
161	242.7212	1.2094879	243.9307	241.51172	265.99225	26.708055	305.59317	222.41158	400.0	400.0	177099	65.84483	17.310562	78.07441	-4.5553656	-65.95787	0.070690796	12054.367090463638
162	254.15686	41.536743	284.63626	195.42915	253.63982	29.117039	307.0103	191.77968	400.0	400.0	178199	65.87943	17.306446	78.13491	-4.970643	-65.99416	0.071342	12135.283024072647
163	283.8368	12.846943	301.97375	273.84427	260.46512	23.031017	286.9317	214.78769	400.0	400.0	179299	65.99778	17.238285	78.129906	-5.2323265	-66.111626	0.0700798	12211.513578414917
164	227.63704	40.01952	283.20395	190.54865	265.33948	26.91079	313.97665	202.36354	400.0	400.0	180399	66.02536	17.235388	78.12961	-5.446037	-66.13937	0.06615901	12284.294323205948
165	272.71393	3.162613	275.87653	269.5513	270.511	26.631466	329.05032	232.80292	400.0	400.0	181499	66.003395	17.306082	78.18778	-5.8444533	-66.11848	0.06786083	12359.997038841248
166	237.82661	30.591492	280.6787	211.24956	268.4436	27.412111	329.3918	227.29037	400.0	400.0	182599	66.13079	17.203465	78.33768	-6.4066076	-66.245865	0.06972396	12434.657360076904
167	262.20963	19.005547	288.15897	243.16951	269.3574	26.571686	312.57153	207.13652	400.0	400.0	183699	66.164795	17.19642	78.45991	-7.0337	-66.27899	0.07767187	12515.78089094162
168	257.72327	24.152277	291.86234	239.70956	273.27902	25.347706	325.46948	219.88194	400.0	400.0	184799	66.26719	17.135859	78.584015	-7.4705424	-66.38186	0.071004115	12593.949988126755
169	265.8136	22.22541	288.039	243.58818	269.67618	28.598505	307.86563	212.41565	400.0	400.0	185899	66.29178	17.15683	78.657745	-8.096901	-66.407295	0.07389692	12673.539268732071
170	274.80347	5.5347652	281.49533	267.9412	272.19165	26.465063	308.97168	214.6731	400.0	400.0	186999	66.43421	17.04306	78.77212	-8.402721	-66.55155	0.07187231	12747.716260671616
171	274.7022	28.34059	310.35605	241.02013	254.85335	40.08789	309.29855	119.98911	400.0	400.0	188099	66.46103	17.07802	78.87324	-8.311303	-66.57718	0.06900923	12823.89570903778
172	264.43747	18.952082	285.44666	239.51994	264.80304	30.205688	307.88504	167.41019	400.0	400.0	189199	66.56137	17.044954	78.92348	-8.165913	-66.67638	0.06809244	12901.051719903946
173	260.621	8.632202	269.2532	251.9888	266.50476	20.829458	302.36337	230.92407	400.0	400.0	190299	66.64774	16.99823	79.04245	-8.003402	-66.76362	0.06675522	12978.235843896866
174	270.30612	30.036158	299.8059	229.0878	265.47183	46.56324	315.071	91.43608	400.0	400.0	191399	66.71234	16.943121	79.12365	-8.155682	-66.82587	0.07386065	13084.543093681335
175	258.79272	20.420183	281.46957	231.96895	254.3169	38.145683	315.5079	143.77853	400.0	400.0	192499	66.785484	16.919218	79.19533	-7.991607	-66.89876	0.06847668	13208.554784297943
176	191.66565	97.13053	268.87555	54.671253	263.52814	31.67318	307.63275	152.39742	400.0	400.0	193599	66.79515	16.882055	79.19023	-7.822248	-66.90852	0.081051916	13325.666048288345
177	253.72397	13.324974	267.04895	240.399	263.2525	22.647652	316.15094	227.85057	400.0	400.0	194699	66.85613	16.775938	79.24283	-7.920656	-66.964806	0.063101165	13444.840996742249
178	217.6394	12.056281	228.15375	200.75824	259.7649	31.446426	319.0213	172.46838	400.0	400.0	195799	66.88805	16.72996	79.3025	-8.219612	-66.99689	0.07299689	13524.361024618149
179	236.91682	29.838919	262.26938	195.02621	261.09174	26.104832	315.68198	203.06921	400.0	400.0	196899	66.86081	16.813173	79.30618	-8.044065	-66.96989	0.06794207	13602.744459629059
180	240.82903	15.983921	259.6784	220.59904	265.19833	31.408237	307.14066	157.30841	400.0	400.0	197999	66.9349	16.734554	79.38192	-8.920297	-67.04648	0.07784582	13679.186944246292
181	267.07983	3.6012268	270.68106	263.4786	261.9682	39.33136	315.298	149.3008	400.0	400.0	199099	66.982185	16.707876	79.399376	-9.42582	-67.09233	0.074137256	13760.222148180008
182	266.2743	20.073063	289.63608	240.62694	263.977	30.339893	309.27597	206.76012	400.0	400.0	200199	67.01791	16.711548	79.45085	-9.965731	-67.1274	0.07123316	13832.653809547424
183	261.5158	5.167648	265.6207	254.22702	264.41333	30.52518	313.96985	194.68103	400.0	400.0	201299	67.07066	16.669943	79.48923	-10.534927	-67.181175	0.068084724	13906.397617340088
184	263.3173	7.415782	273.366	255.69324	277.87714	20.96356	327.9249	233.01031	400.0	400.0	202399	67.21421	16.534042	79.52013	-10.49416	-67.32368	0.07211204	13985.765407562256
185	234.40189	11.169746	245.57162	223.23213	257.64725	19.67828	288.1376	219.63603	400.0	400.0	203499	67.1591	16.629808	79.5393	-10.528634	-67.26823	0.07415755	14064.430641889572
186	282.6046	9.645264	294.24088	270.6225	267.25693	19.301018	310.56903	236.74771	400.0	400.0	204599	67.25971	16.545847	79.58972	-9.857509	-67.36839	0.061862472	14141.26548910141
187	280.4003	5.016492	287.26297	275.41153	265.73297	24.07547	310.05838	216.2749	400.0	400.0	205699	67.322174	16.504404	79.62342	-8.4623	-67.42776	0.07307111	14220.418907165527
188	235.94763	22.991253	268.41614	218.21558	265.17963	19.945	291.8734	218.74043	400.0	400.0	206799	67.36761	16.488218	79.693474	-6.9947453	-67.472206	0.06821189	14296.430938482285
189	281.9748	2.9206088	284.89542	279.0542	272.72125	25.375193	316.15512	206.64977	400.0	400.0	207899	67.4296	16.475906	79.67763	-5.237454	-67.53314	0.07012146	14373.422260522842
190	262.10336	8.0963	272.10568	252.2762	287.3435	21.278261	330.45895	240.46657	400.0	400.0	208999	67.43016	16.478714	79.73507	-4.9793987	-67.535515	0.07361716	14450.54801440239
191	269.74664	23.948187	289.2016	236.01079	267.10257	33.576595	321.38846	158.44696	400.0	400.0	210099	67.46507	16.501482	79.81478	-6.0260887	-67.570145	0.07333125	14528.57660651207
192	266.65814	6.358295	273.82217	258.3698	283.9007	26.78523	323.75937	226.7248	400.0	400.0	211199	67.53035	16.48336	79.81827	-6.0752983	-67.6361	0.0682811	14603.096015453339
193	236.84265	46.337776	283.18042	190.50487	272.49744	20.836298	309.00775	234.44218	400.0	400.0	212299	67.58453	16.428102	79.86761	-5.749741	-67.68954	0.072296046	14676.225732088089
194	219.12386	21.848726	249.55038	199.25006	273.56067	17.527742	313.40793	235.02524	400.0	400.0	213399	67.61619	16.420847	79.88959	-5.911268	-67.72102	0.06388576	14753.677824497223
195	255.74876	28.198895	286.79706	218.55046	270.5422	23.179214	311.31186	231.30598	400.0	400.0	214499	67.66008	16.347223	79.95041	-6.411216	-67.76542	0.062437385	14830.327200174332
196	260.7108	18.483301	286.54672	244.35374	252.97563	21.760286	310.4329	224.05737	400.0	400.0	215599	67.721306	16.282473	79.914314	-6.892796	-67.827	0.07094151	14907.144870519638
197	263.41962	3.8045502	267.22415	259.61505	273.87064	26.642849	327.63083	228.68434	400.0	400.0	216699	67.79613	16.197044	80.016655	-6.7075906	-67.90272	0.06307968	14983.071510791779
198	277.32178	13.059725	287.7341	258.90494	273.79922	17.962378	299.53284	233.941	400.0	400.0	217799	67.83798	16.178425	79.948685	-6.042371	-67.94328	0.06696328	15057.487522363663
199	266.34302	6.8434534	272.57098	256.81354	251.18198	26.106369	307.704	194.1891	400.0	400.0	218899	67.91548	16.114712	79.94872	-6.314815	-68.02009	0.06911686	15136.453653335571
200	258.6954	50.082092	295.9233	187.90015	274.69077	28.635166	318.4894	222.67242	400.0	400.0	219999	67.92671	16.114885	79.926834	-6.6580086	-68.03091	0.06543509	15216.291526317596
201	274.47144	12.454666	286.92612	262.01678	277.0337	25.571293	323.34186	231.51683	400.0	400.0	221099	68.00504	16.002615	79.98779	-6.938564	-68.1084	0.062230155	15294.124185085297
202	263.90854	26.618858	301.5331	244.02895	280.48056	27.300629	318.27164	224.11006	400.0	400.0	222199	68.01171	16.015875	79.90685	-7.2482796	-68.11545	0.07458572	15371.368211746216
203	245.72725	13.960522	264.80716	231.79272	269.85266	27.722548	321.51675	216.43903	400.0	400.0	223299	68.07882	15.965094	79.92412	-7.4851847	-68.18208	0.061842345	15448.445850133896
204	256.5836	33.446087	302.52945	223.87955	270.5573	19.893177	313.30206	237.07451	400.0	400.0	224399	68.14858	15.894159	79.9372	-7.5150504	-68.25166	0.062431417	15525.446748495102
205	266.7788	6.1222687	272.9011	260.65656	278.41687	25.035498	320.5609	238.3371	400.0	400.0	225499	68.1547	15.861624	79.91139	-7.8411	-68.25911	0.068749115	15604.431478261948
206	248.21815	28.588596	283.49417	213.47273	267.0833	28.971928	319.79263	203.2826	400.0	400.0	226599	68.201195	15.855931	79.936806	-8.287373	-68.30481	0.062972784	15680.634724617004
207	257.1928	8.944597	268.2113	246.30273	267.54257	28.695292	317.89783	212.81886	400.0	400.0	227699	68.20505	15.86737	79.89132	-8.264474	-68.30906	0.06682273	15758.88804936409
208	270.85062	27.283297	309.03546	246.96172	268.10373	24.356922	325.6955	222.76608	400.0	400.0	228799	68.30075	15.818561	79.91466	-8.470013	-68.40457	0.067067884	15836.417832374573
209	294.64548	4.287964	298.93344	290.3575	268.86932	26.165491	321.257	218.91931	400.0	400.0	229899	68.3774	15.740015	79.881096	-7.792674	-68.48134	0.06681702	15912.740803003311
210	264.51105	23.421947	291.7802	234.59224	272.71924	28.820402	338.19675	204.28972	400.0	400.0	230999	68.41933	15.731234	79.845085	-6.977475	-68.52359	0.0591793	15989.230643987656
211	263.65897	31.633839	292.97925	219.73637	268.16925	26.66776	314.9093	218.17496	400.0	400.0	232099	68.479515	15.690896	79.845795	-6.7380047	-68.58325	0.066022605	16064.210817575455
212	270.84714	2.9970677	273.6276	266.68646	267.45758	24.155043	316.70862	219.88919	400.0	400.0	233199	68.51789	15.670311	79.784836	-5.6859155	-68.62243	0.060757842	16138.493446350098
213	287.6339	0.79022217	288.42413	286.8437	279.17645	25.151073	319.36227	199.80663	400.0	400.0	234299	68.60619	15.610788	79.773636	-5.0304766	-68.71072	0.06980283	16217.099307775497
214	255.2406	24.413843	286.69962	227.19032	270.21252	18.898867	304.5696	239.12451	400.0	400.0	235399	68.645424	15.618246	79.76258	-3.0659823	-68.74717	0.06800207	16293.73176407814
215	249.08684	16.822458	267.36935	226.76207	268.13116	21.212383	320.2873	230.73645	400.0	400.0	236499	68.69827	15.542343	79.72261	-0.87685025	-68.79969	0.06322737	16370.377653837204
216	240.10503	18.27696	258.13492	215.05066	267.85956	26.61879	308.06763	223.48189	400.0	400.0	237599	68.757935	15.509597	79.7062	-0.4201492	-68.85974	0.061013073	16450.76896262169
217	271.84644	6.8430023	278.68945	265.00345	259.41095	31.698109	313.60327	199.58517	400.0	400.0	238699	68.80832	15.468702	79.71692	-1.0094435	-68.909004	0.061135747	16528.864493608475
218	273.46677	18.610504	298.6285	254.20074	271.97177	34.604893	318.80872	202.8004	400.0	400.0	239799	68.83634	15.490967	79.725655	-1.3929894	-68.937874	0.06208288	16603.251177072525
219	277.97617	10.786991	287.59918	262.91348	260.30945	35.348713	300.56665	145.38582	400.0	400.0	240899	68.89559	15.451842	79.74739	-1.492515	-68.996956	0.065864526	16682.84870815277
220	278.96814	6.4741197	287.73535	272.29907	259.98877	34.60649	328.56155	178.5481	400.0	400.0	241999	68.88095	15.499801	79.71769	-1.4940677	-68.98098	0.060868967	16755.12664103508
221	293.14966	2.234787	295.38443	290.91486	260.547	33.69209	304.86987	156.98094	400.0	400.0	243099	68.94702	15.450519	79.78323	-1.511966	-69.045204	0.06516092	16829.294768095016
222	242.24013	13.833223	255.51979	223.15944	241.6884	81.17744	304.2356	-88.6062	400.0	400.0	244199	69.00286	15.388877	79.7324	-2.0622647	-69.10243	0.06679737	16907.15269470215
223	275.15378	16.356941	289.31488	252.23273	251.08426	75.2793	306.5384	-55.182594	400.0	400.0	245299	69.01704	15.409695	79.719444	-2.9089592	-69.115234	0.06381896	16984.35310125351
224	250.6157	31.503235	273.75766	206.07477	271.83884	27.435932	311.34875	203.7416	400.0	400.0	246399	69.05724	15.409175	79.72957	-2.9716806	-69.153625	0.06117942	17060.563876867294
225	262.92212	5.6174774	268.53958	257.30463	267.33865	20.918879	299.43115	227.84766	400.0	400.0	247499	69.068794	15.425582	79.74373	-3.5447283	-69.16387	0.054852962	17138.61119866371
226	258.62198	12.86714	270.0063	240.63582	277.3984	14.945906	311.24597	254.61578	400.0	400.0	248599	69.07802	15.387369	79.71988	-4.1616683	-69.17394	0.062290303	17217.260942697525
227	180.10632	120.152054	269.04962	10.248899	261.61505	23.91671	298.87756	211.07602	400.0	400.0	249699	68.999054	15.537385	79.71076	-4.5389566	-69.09586	0.056375787	17293.32161140442
228	264.31027	7.418922	272.95706	254.84048	256.68982	34.14972	305.18848	148.43565	400.0	400.0	250799	69.04296	15.558185	79.68986	-4.749623	-69.13793	0.06185047	17370.01033306122
229	265.3413	2.164032	267.50534	263.17728	263.15054	28.789371	310.13712	206.18945	400.0	400.0	251899	69.04005	15.599175	79.71254	-4.979641	-69.13527	0.060442865	17446.773458957672
230	265.14398	1.1207759	266.67325	264.0185	263.49933	30.441055	314.21585	190.99117	400.0	400.0	252999	69.047134	15.60186	79.74085	-5.162916	-69.14302	0.06511124	17525.54914164543
231	269.03033	15.758136	284.3058	247.34007	272.1634	24.498129	308.0006	222.3156	400.0	400.0	254099	69.11256	15.580576	79.777824	-5.3982053	-69.20696	0.05938385	17601.483730316162
232	273.50623	18.348833	296.365	251.44072	269.10388	21.021318	313.5762	232.18185	400.0	400.0	255199	69.11894	15.617411	79.78633	-5.5524206	-69.21412	0.055381574	17674.691105127335
233	275.41986	0.0049286126	275.4248	275.41495	281.24713	24.666044	308.01437	229.34196	400.0	400.0	256299	69.1306	15.626084	79.87373	-5.57076	-69.225784	0.057486307	17749.277048110962
234	260.0692	19.957468	280.19403	232.8693	272.22723	27.820229	322.53738	201.08195	400.0	400.0	257399	69.12599	15.666052	79.86961	-6.4808016	-69.22053	0.058137525	17825.342329263687
235	251.35759	4.8886914	258.23132	247.2782	271.05817	21.534508	307.38638	229.93365	400.0	400.0	258499	69.18953	15.620102	79.893715	-7.2125673	-69.28499	0.059847206	17902.51326417923
236	259.26633	26.488113	280.89822	221.965	250.43074	83.93505	329.03674	-71.71945	400.0	400.0	259599	69.18336	15.680684	79.9162	-8.257015	-69.278534	0.05231982	17979.81201338768
237	239.70447	10.505287	250.20976	229.19919	268.87134	27.721283	315.99	217.03015	400.0	400.0	260699	69.22921	15.661558	79.90625	-8.850242	-69.325386	0.050202176	18058.348425149918
238	267.63174	8.273855	276.70563	256.69687	271.84155	28.725256	321.7788	196.59276	400.0	400.0	261799	69.24944	15.637263	79.98341	-9.298333	-69.344376	0.056740437	18133.152629613876
239	252.59944	48.86429	297.03772	184.54903	271.5796	22.043972	303.03146	228.66103	400.0	400.0	262899	69.279655	15.644317	79.90917	-10.000313	-69.375565	0.056733675	18208.295253515244
240	258.28653	11.802882	270.07077	242.15671	275.10638	21.647825	329.4544	247.66083	400.0	400.0	263999	69.36748	15.585691	79.917946	-10.256874	-69.4626	0.057558276	18286.6445915699
241	298.65485	10.255997	308.91083	288.39883	245.17935	120.666595	320.0663	-111.96607	400.0	400.0	265099	69.36026	15.654622	79.96462	-10.423638	-69.455696	0.060652245	18364.036524295807
242	272.05893	12.676794	287.86807	256.83282	277.1552	30.534788	324.777	188.04132	400.0	400.0	266199	69.42414	15.636441	80.03321	-9.877699	-69.519005	0.05628795	18437.782331466675
243	261.20276	12.715412	276.86102	245.71617	277.40454	24.517548	330.6307	233.17546	400.0	400.0	267299	69.44363	15.658108	79.984055	-7.651022	-69.536545	0.05863563	18513.584052324295
244	252.02283	45.637253	296.91306	189.41817	255.68758	80.02683	318.74722	-68.8227	400.0	400.0	268399	69.4517	15.681035	79.97438	-7.0400095	-69.54658	0.05881566	18587.7366938591
245	262.208	18.603096	280.8111	243.6049	274.02472	30.80232	328.51892	191.80821	400.0	400.0	269499	69.48475	15.69527	80.03659	-7.073712	-69.579216	0.060414713	18666.154798984528
246	276.3646	6.3057585	282.67392	267.75208	249.44157	90.05609	299.42755	-125.101234	400.0	400.0	270599	69.53232	15.656812	80.060074	-7.21811	-69.62583	0.05475315	18743.35703420639
247	265.5918	19.435804	292.89563	249.20099	274.1399	35.96262	326.39493	204.16988	400.0	400.0	271699	69.582596	15.654939	80.04765	-7.1885114	-69.675385	0.059083786	18819.924479722977
248	263.05646	27.342222	290.0471	225.58147	254.78142	91.11073	306.26468	-129.80766	400.0	400.0	272799	69.61861	15.606553	80.03334	-7.2038093	-69.71325	0.05483587	18894.30999469757
249	256.242	14.710014	270.95203	241.532	271.59302	27.42975	311.2283	219.97107	400.0	400.0	273899	69.68626	15.563218	79.99703	-7.091397	-69.781235	0.056255672	18970.709990024567
250	306.594	9.8069315	320.41196	298.65457	276.748	28.387594	324.6731	226.47946	400.0	400.0	274999	69.74194	15.523983	80.02401	-7.181796	-69.83517	0.05415313	19048.552741765976
