Epoch	AverageEpRet	StdEpRet	MaxEpRet	MinEpRet	AverageTestEpRet	StdTestEpRet	MaxTestEpRet	MinTestEpRet	EpLen	TestEpLen	TotalEnvInteracts	AverageQVals	StdQVals	MaxQVals	MinQVals	LossPi	LossQ	Time
1	55.705643	4.9435177	60.64916	50.762123	-154.3662	2.5922658	-147.86446	-157.53041	400.0	400.0	1099	0.16083062	0.67720866	25.12049	-36.414017	-0.18710183	0.45512214	4.689809799194336
2	2.168473	21.517647	28.03977	-24.642359	-90.136765	1.1080984	-86.66925	-91.27423	400.0	400.0	2199	0.16522798	1.2757008	34.00488	-49.755043	-0.23455656	0.08582853	15.797654151916504
3	19.936354	34.800823	65.58505	-18.818892	99.89064	9.748094	119.076416	84.42235	400.0	400.0	3299	0.6731322	2.7740467	21.955074	-11.653424	-0.7646779	0.12007814	27.02554965019226
4	36.352917	15.514867	47.778206	14.417952	-14.717588	23.311111	19.007885	-57.86607	400.0	400.0	4399	1.3535239	4.21724	27.76944	-8.145366	-1.469901	0.18722084	38.910523414611816
5	20.636679	20.673174	41.309853	-0.03649578	79.39368	42.47623	136.82791	-21.021566	400.0	400.0	5499	1.9918635	5.637856	43.01846	-26.290354	-2.133802	0.2885802	50.36547493934631
6	27.865187	34.14016	75.79876	-1.1121068	136.173	42.156723	244.11266	87.57046	400.0	400.0	6599	2.934491	6.9123774	34.15133	-11.158399	-3.1110322	0.3232347	62.176451206207275
7	40.732647	31.754883	85.62466	17.242773	121.25316	36.522118	161.91193	39.992588	400.0	400.0	7699	4.0418406	8.020686	45.81169	-11.297819	-4.2337003	0.44303977	74.84361219406128
8	18.214418	12.2109165	28.168947	1.0166696	139.5564	25.445318	191.74579	72.69159	400.0	400.0	8799	4.852643	8.970088	50.28524	-19.336994	-5.0532737	0.56077	86.36741423606873
9	38.48654	7.992321	46.478863	30.49422	114.06276	44.968727	172.26901	6.7126174	400.0	400.0	9899	5.940417	9.922665	81.04529	-12.073475	-6.1661744	0.67490655	98.1091320514679
10	4.470245	21.970892	35.535652	-11.596865	85.957565	47.091465	174.93541	7.721592	400.0	400.0	10999	6.597844	10.845962	60.265026	-12.060995	-6.8353443	0.6640125	110.79224419593811
11	30.369104	14.050535	49.867622	17.305914	42.298782	8.907777	60.406563	34.46439	400.0	400.0	12099	7.7030716	11.679834	57.129993	-12.840748	-7.968994	0.7300984	122.81620979309082
12	24.975906	24.900055	43.855576	-10.206652	87.80689	43.713146	166.6292	13.390925	400.0	400.0	13199	8.543619	12.475938	56.85242	-12.295378	-8.824054	0.74682724	134.24876379966736
13	21.265202	22.315754	43.580956	-1.0505519	14.680931	69.500694	169.73035	-78.66343	400.0	400.0	14299	9.243497	13.3468	83.92169	-12.418309	-9.536882	0.7610081	145.40791153907776
14	18.617083	29.675303	60.45712	-5.130268	91.693214	40.935062	164.25041	26.20402	400.0	400.0	15399	9.937009	14.250687	64.25536	-15.173843	-10.245953	0.7806081	158.00554394721985
15	118.61286	55.630695	181.68799	46.35297	96.16235	40.575054	218.5798	46.199753	400.0	400.0	16499	10.316372	15.340338	144.43744	-38.342587	-10.614328	1.6645263	169.62537956237793
16	66.88394	56.562134	146.68478	22.210457	60.565437	40.024876	108.34104	-21.214252	400.0	400.0	17599	11.430335	16.195484	107.08088	-38.184498	-11.726659	1.4330189	181.0002200603485
17	70.24115	2.188511	72.429665	68.05264	110.40969	21.913979	170.70523	65.6031	400.0	400.0	18699	11.811611	16.992378	121.274704	-37.099556	-12.114346	1.2839999	193.09689092636108
18	87.57311	21.82883	117.87056	67.29651	128.47726	35.002014	212.94849	66.197075	400.0	400.0	19799	12.4856205	17.584513	139.70168	-35.347984	-12.76728	1.2067995	205.25800466537476
19	103.53826	7.6531863	113.916954	95.69018	122.04575	52.582977	222.80533	28.300539	400.0	400.0	20899	12.929899	18.38953	132.07835	-35.105465	-13.199666	1.4235567	216.75325989723206
20	111.79395	33.284145	151.9449	70.44226	128.52019	31.627962	173.73509	65.86449	400.0	400.0	21999	13.8419	19.111238	97.78046	-34.621353	-14.110422	1.3445376	228.45508217811584
21	244.95139	18.783562	263.73495	226.16783	169.50664	39.86443	261.47018	110.64466	400.0	400.0	23099	14.8992815	20.003336	105.28963	-35.80149	-15.155937	1.3503009	240.58624601364136
22	173.4391	44.741734	219.43018	112.80914	167.16843	33.752888	211.15086	94.71415	400.0	400.0	24199	16.274431	20.642738	115.41328	-37.232395	-16.554148	1.3324577	251.74690866470337
23	146.20006	13.651082	159.61963	127.47094	145.62534	39.388702	214.57233	94.20833	400.0	400.0	25299	17.73689	21.330551	118.97268	-37.398438	-18.013222	1.5232536	263.93058681488037
24	92.38224	45.309254	154.98561	49.24815	170.33817	46.25372	255.07571	68.13188	400.0	400.0	26399	18.664513	21.876163	106.13927	-34.791237	-18.954123	1.2803646	276.35241889953613
25	142.86755	11.264206	154.13176	131.60335	173.18575	39.32699	239.54713	89.541046	400.0	400.0	27499	19.79855	22.475052	104.90478	-34.978683	-20.093685	1.5793718	287.78847312927246
26	134.25606	56.721844	200.8308	62.21428	142.08684	24.094307	176.24905	99.622635	400.0	400.0	28599	21.05295	22.944006	105.82561	-34.136204	-21.356623	1.3991009	298.6548295021057
27	143.2415	24.345032	162.60014	108.90548	148.56668	27.467009	203.48093	88.33534	400.0	400.0	29699	21.992811	23.402153	181.59392	-34.268787	-22.295706	1.8048124	310.0183217525482
28	167.35115	37.89999	202.34145	114.69391	164.18954	29.108173	214.89261	116.029655	400.0	400.0	30799	23.297703	23.847746	104.57115	-37.444702	-23.604166	1.4480462	322.2581331729889
29	163.6305	17.865479	181.49597	145.76501	170.45415	24.768694	235.39001	137.97363	400.0	400.0	31899	24.653416	24.338335	113.92639	-41.321445	-24.965199	1.7722449	334.3632092475891
30	123.013855	41.585873	179.50319	80.59904	161.24278	30.012972	204.87314	95.35867	400.0	400.0	32999	25.739054	24.740047	135.17578	-43.735363	-26.071228	2.3181741	346.4838123321533
31	145.03217	17.311527	158.76935	120.613625	169.16116	48.975506	237.28828	67.750206	400.0	400.0	34099	26.896917	25.109262	144.13918	-46.419155	-27.218807	1.4855888	357.90170431137085
32	209.44102	10.609887	223.24998	197.45334	187.6951	39.805416	230.61542	78.812996	400.0	400.0	35199	28.168404	25.450533	121.12017	-50.724686	-28.487852	1.8340696	369.95467877388
33	175.83212	14.513451	190.34557	161.31866	187.6666	43.17142	254.18488	98.17304	400.0	400.0	36299	29.616909	25.744385	126.071724	-52.811058	-29.952763	1.8374813	381.78569078445435
34	181.37383	74.559944	282.3581	104.60602	175.65654	60.50256	259.98654	81.08355	400.0	400.0	37399	30.7722	26.237698	122.33553	-55.77563	-31.107998	1.9110584	392.87642073631287
35	205.37666	18.146885	231.03644	192.16359	181.28741	39.589622	234.20616	89.05419	400.0	400.0	38499	31.742466	26.615389	188.50154	-56.278072	-32.073486	1.8956858	403.83410692214966
36	154.99062	60.414318	204.54669	69.93837	185.73912	36.011032	238.17892	82.78836	400.0	400.0	39599	32.70814	26.879034	148.47522	-60.935886	-33.036568	1.9675213	415.2771689891815
37	133.67386	85.996826	219.67068	47.677032	186.20839	41.792873	236.38374	74.97466	400.0	400.0	40699	33.786896	26.974432	108.234825	-61.326626	-34.106346	1.8258374	427.06277203559875
38	175.329	13.336521	186.1233	156.53758	156.90952	48.113117	219.2122	35.162933	400.0	400.0	41799	34.537468	27.15033	188.9044	-66.67445	-34.86409	2.7484615	437.82974767684937
39	102.92383	71.20869	196.28282	23.54739	162.78978	57.1298	232.75932	27.20741	400.0	400.0	42899	35.188705	27.385942	147.75551	-76.501305	-35.521656	2.1951652	449.09756779670715
40	158.62997	20.779564	179.70706	130.35721	148.66501	42.5347	215.18523	62.969624	400.0	400.0	43999	35.98292	27.66238	124.74381	-84.330414	-36.322033	1.9004359	461.17745757102966
41	171.86734	29.663612	201.53094	142.20372	193.5938	24.568844	247.91309	145.321	400.0	400.0	45099	36.82409	27.710999	119.24254	-86.78415	-37.15715	1.9230965	472.6075654029846
42	171.98787	26.928534	204.43251	138.49628	184.35829	26.042595	234.27203	133.7557	400.0	400.0	46199	37.698296	27.656097	121.59383	-90.57303	-38.022907	1.9664171	483.6447627544403
43	195.05598	9.897374	207.69624	183.52962	183.69333	36.425945	244.59348	78.743034	400.0	400.0	47299	38.516346	27.754215	138.73685	-95.33974	-38.849922	2.4706244	495.71060943603516
44	168.44728	30.007807	202.98286	129.82129	185.5292	24.556585	227.25676	127.906525	400.0	400.0	48399	39.404564	27.821201	129.88168	-95.794556	-39.76338	2.117348	508.29984283447266
45	141.51044	65.68966	207.2001	75.820786	203.93326	24.2733	238.10295	154.02039	400.0	400.0	49499	40.160393	27.971819	138.99391	-99.6745	-40.512516	2.35845	521.8795039653778
46	185.50908	18.234114	210.83502	168.6423	206.13794	22.906008	245.48509	141.43361	400.0	400.0	50599	40.93028	27.993605	158.35526	-102.795654	-41.27156	2.7440603	535.013863325119
47	203.54706	7.165999	213.06148	195.76756	213.59517	25.768343	255.6556	167.66957	400.0	400.0	51699	41.64407	28.08703	169.96939	-102.79811	-41.97806	2.3191545	547.8287365436554
48	190.56291	30.466637	216.86642	147.85751	207.54001	23.748402	242.21716	136.04762	400.0	400.0	52799	42.40329	28.05242	115.68593	-102.502075	-42.74228	1.9526682	560.3190803527832
49	175.6799	15.723938	191.40384	159.95596	187.21243	30.264046	240.32434	106.73677	400.0	400.0	53899	43.256317	28.104998	108.16603	-104.74855	-43.57862	2.1717536	573.0191249847412
50	205.13075	33.32469	229.49136	158.01161	208.6834	21.007631	234.34914	168.17972	400.0	400.0	54999	43.86164	28.140392	108.06161	-105.0339	-44.183857	2.0680065	585.4778022766113
51	168.91069	4.256576	174.78014	164.81847	185.99606	30.862934	226.68759	117.36343	400.0	400.0	56099	44.552746	28.009468	148.96861	-101.99504	-44.874687	2.2111485	597.5818777084351
52	204.00374	39.406372	232.99272	148.29004	166.52136	34.91373	238.42323	85.01184	400.0	400.0	57199	45.014565	27.906904	122.17923	-100.256676	-45.343647	2.3214633	610.4842853546143
53	175.8668	31.83165	207.69846	144.03516	184.83345	39.913227	240.81476	99.82188	400.0	400.0	58299	45.65932	27.724604	138.61739	-97.74262	-45.98137	2.2226043	623.4978957176208
54	164.24617	14.695939	182.98996	147.09875	155.33466	30.805437	220.37918	96.37428	400.0	400.0	59399	46.14142	27.574198	156.47873	-96.66058	-46.46934	2.2708886	636.8205904960632
55	173.61882	5.4993877	178.47505	165.92975	190.32967	33.328358	243.61716	129.01675	400.0	400.0	60499	46.682487	27.467934	134.55817	-96.27409	-47.02314	2.1948402	652.5196809768677
56	180.62994	25.381285	213.49242	151.6944	171.31038	38.447052	250.91002	123.16316	400.0	400.0	61599	47.277233	27.24369	119.37687	-95.518745	-47.60827	2.2067213	666.540732383728
57	156.21732	5.177269	161.39459	151.04005	197.80539	22.46204	246.31548	154.60635	400.0	400.0	62699	47.673904	27.11083	142.2136	-90.784256	-47.992477	2.0820792	680.7343242168427
58	154.30177	17.238571	178.61897	140.64043	179.09714	48.942993	254.81021	67.46219	400.0	400.0	63799	47.96941	26.990856	139.6775	-92.80409	-48.288048	2.871812	695.0860662460327
59	167.82298	9.945738	181.42581	157.92337	196.77463	30.452019	259.17093	135.04283	400.0	400.0	64899	48.244427	26.88335	136.09512	-93.625046	-48.553017	2.419926	709.8281366825104
60	179.64693	15.079859	199.83148	163.59302	188.99214	22.075474	220.88644	143.57591	400.0	400.0	65999	48.710964	26.705677	158.42703	-88.94815	-49.031414	2.054555	724.1450049877167
61	211.78142	26.347656	238.12907	185.43376	194.18997	29.8341	255.98158	132.92593	400.0	400.0	67099	48.973408	26.636463	132.81746	-88.903656	-49.28698	2.5237641	739.7723939418793
62	200.27014	31.984287	238.63637	160.33813	176.70065	52.30459	250.79324	47.231583	400.0	400.0	68199	49.348267	26.470379	115.75324	-86.105	-49.668827	1.9687868	756.4700832366943
63	197.44173	8.077726	208.77588	190.53886	198.50491	39.561745	263.9193	130.46378	400.0	400.0	69299	49.718582	26.560148	156.54715	-85.68057	-50.044518	2.520574	772.3590013980865
64	188.72945	14.136407	205.86165	171.24019	181.62039	31.659637	244.57524	129.60213	400.0	400.0	70399	50.325794	26.333866	135.22528	-83.67091	-50.63838	2.0405726	788.8309788703918
65	195.45654	5.4393234	200.89587	190.01723	194.68309	27.006897	251.00328	156.00981	400.0	400.0	71499	50.678	26.026987	106.86987	-90.09803	-50.977512	1.9683312	805.2222807407379
66	189.30876	20.78259	209.73814	160.79504	193.58012	33.882664	252.04323	137.13776	400.0	400.0	72599	50.87242	26.006792	145.78769	-80.447876	-51.182125	2.317779	821.5439567565918
67	160.77138	43.338512	222.06085	129.92642	180.23416	16.083735	210.42172	157.8263	400.0	400.0	73699	51.148544	25.845087	120.238815	-77.662125	-51.457066	2.1388464	838.5648839473724
68	174.29797	33.88872	218.4366	136.05756	180.05731	26.743402	227.24199	125.30179	400.0	400.0	74799	51.380318	25.589968	134.45	-74.2896	-51.67925	2.239441	855.5171451568604
69	190.29132	34.773926	225.06525	155.5174	185.91484	25.466707	234.0825	149.12025	400.0	400.0	75899	51.557274	25.398598	111.52672	-70.640495	-51.853367	1.5396242	872.7463047504425
70	191.04665	10.760745	201.10661	176.12787	202.13351	35.964096	245.83829	92.108864	400.0	400.0	76999	51.622536	25.356129	125.96321	-67.94598	-51.909573	2.3139646	889.6365489959717
71	209.00317	21.892672	237.03146	183.59846	209.65991	13.262186	233.01704	184.70241	400.0	400.0	78099	51.81437	25.194885	115.11177	-64.95563	-52.108997	1.5224563	907.3633456230164
72	195.83508	9.417363	209.04355	187.75363	186.94153	35.759075	240.49966	115.49718	400.0	400.0	79199	52.077854	25.020176	155.70518	-63.223347	-52.350555	1.7636843	924.4594411849976
73	209.18025	23.217255	232.3975	185.963	195.5072	24.983717	233.99979	147.5627	400.0	400.0	80299	52.19145	24.711754	145.43434	-59.48393	-52.46147	2.2590568	941.7471945285797
74	207.23302	15.414012	226.47633	188.74239	197.93564	25.003294	232.68663	133.69969	400.0	400.0	81399	52.19294	24.606548	116.7519	-56.463432	-52.464275	1.8105016	960.1486961841583
75	177.22658	24.693096	212.08499	157.983	214.06929	21.526428	250.54857	157.78665	400.0	400.0	82499	52.408756	24.340876	145.707	-55.766037	-52.690628	1.65556	977.7815055847168
76	194.15625	25.821814	216.56012	157.98035	206.054	21.452839	242.55623	160.82138	400.0	400.0	83599	52.55997	24.156954	126.814316	-54.175175	-52.83289	1.7018714	995.8839087486267
77	164.68484	17.88617	182.57101	146.79868	200.33261	26.379213	237.56802	137.35803	400.0	400.0	84699	52.479656	23.98973	163.63979	-49.698647	-52.727135	2.3461998	1013.7654144763947
78	217.46898	24.96801	239.48595	182.55354	204.37796	28.072195	243.90015	135.57773	400.0	400.0	85799	52.484547	23.750746	131.90506	-50.251022	-52.738033	1.6161054	1031.8321113586426
79	192.35114	24.498577	224.70808	165.44693	185.54025	24.5296	233.7229	135.90656	400.0	400.0	86899	52.71761	23.52952	107.704155	-48.590435	-52.985172	1.7253661	1049.7530817985535
80	190.65373	13.000011	207.19038	175.42805	212.94809	27.14307	276.78766	155.05887	400.0	400.0	87999	52.835304	23.480934	111.92915	-47.515633	-53.09965	1.5822785	1067.9564969539642
81	211.92105	6.434952	218.356	205.4861	216.63118	25.89626	261.15375	161.42802	400.0	400.0	89099	52.870903	23.392908	116.45827	-47.113018	-53.12782	1.3303655	1086.4149928092957
82	197.35518	28.402004	236.34364	169.49818	212.05318	23.133898	251.86111	171.60803	400.0	400.0	90199	53.023422	23.170263	163.40189	-47.461006	-53.259064	1.937345	1105.3254144191742
83	198.56825	29.155773	238.07309	168.5877	204.70505	19.384377	235.7158	164.63896	400.0	400.0	91299	53.03098	22.978426	126.304955	-43.780632	-53.27212	1.4934806	1123.4499282836914
84	196.71173	20.413567	220.86742	170.94273	208.11397	27.640816	249.7942	168.29654	400.0	400.0	92399	52.965973	22.936125	139.7278	-41.948162	-53.20583	2.0343018	1143.174194097519
85	190.99997	17.912697	208.91266	173.08727	213.27835	19.449924	242.83769	175.97836	400.0	400.0	93499	52.966843	22.864109	138.48839	-40.849163	-53.211365	1.4963565	1162.173255443573
86	196.58728	28.946264	218.11768	155.6698	213.387	20.675522	249.28535	174.72969	400.0	400.0	94599	53.09792	22.774878	114.79429	-40.659725	-53.32884	1.6644135	1180.6267788410187
87	229.9847	13.944008	247.91772	213.91481	205.17834	16.96287	225.98726	161.58069	400.0	400.0	95699	53.030228	22.7448	119.72167	-41.82391	-53.256035	1.666197	1199.1246740818024
88	189.14294	19.023487	211.98157	165.40952	209.78523	34.18333	274.4089	128.79079	400.0	400.0	96799	52.985382	22.664038	112.05329	-48.628803	-53.205696	1.8653688	1217.8695104122162
89	181.68672	4.3009796	185.9877	177.38574	205.53708	19.08427	229.8911	165.93166	400.0	400.0	97899	52.89503	22.631065	117.35309	-43.693546	-53.117317	1.5720496	1237.4309451580048
90	194.24883	18.259	215.63873	171.02628	202.12624	17.012808	228.02696	154.89662	400.0	400.0	98999	52.936413	22.353182	130.50052	-44.605293	-53.16071	1.5085169	1256.0104682445526
91	208.49193	16.58526	223.92203	185.4785	219.15723	17.23809	247.00404	184.98961	400.0	400.0	100099	52.911762	22.184155	95.57382	-43.667336	-53.12819	1.5748379	1275.1427555084229
92	191.40373	30.13911	229.32712	155.59236	221.14359	29.897486	265.56595	138.33504	400.0	400.0	101199	52.77073	22.23515	100.73257	-42.847153	-52.989166	1.6352965	1293.1308331489563
93	215.58173	6.809334	222.39105	208.77238	202.73643	23.187687	239.63693	161.29605	400.0	400.0	102299	52.731255	22.171995	128.0308	-47.74054	-52.956123	1.591545	1311.8473117351532
94	194.0592	14.181775	205.07489	174.03671	228.73616	17.52692	255.29567	193.45686	400.0	400.0	103399	52.8487	21.911427	189.03192	-45.173813	-53.06709	1.8371124	1330.3936638832092
95	175.72667	11.48333	189.98463	161.8647	213.19742	23.476305	250.5684	173.54037	400.0	400.0	104499	52.812588	21.885885	179.4501	-47.215725	-53.02868	1.5919865	1349.333206653595
96	218.68011	20.79583	247.76605	200.36804	189.96162	24.305733	238.54575	143.21036	400.0	400.0	105599	52.880947	21.676243	128.11914	-47.52958	-53.109264	1.6906736	1368.624380350113
97	202.42244	12.557083	214.97952	189.86536	212.4674	27.302103	245.17908	155.44698	400.0	400.0	106699	53.05764	21.40444	174.48373	-44.2856	-53.2882	1.7564955	1387.7330272197723
98	202.09088	9.947092	213.95769	189.61522	214.55489	24.057974	259.6035	167.5004	400.0	400.0	107799	52.98159	21.432438	125.17658	-47.186	-53.20695	1.4902699	1407.2922186851501
99	190.77547	10.789957	204.41948	178.03607	208.98457	17.176868	232.02814	176.96187	400.0	400.0	108899	53.01001	21.42903	111.871765	-47.523563	-53.227924	1.3883778	1426.292605638504
100	193.17387	19.988373	218.58682	169.74643	211.32968	20.225006	242.84865	156.06322	400.0	400.0	109999	53.10711	21.232885	120.49931	-49.255215	-53.31312	1.5927018	1444.9617676734924
101	212.56548	6.6972046	219.26268	205.86827	211.58183	15.896685	239.97784	188.6276	400.0	400.0	111099	53.115833	21.098375	97.66217	-48.334553	-53.32965	1.2547501	1463.9550096988678
102	197.4262	19.260073	223.62723	177.87936	202.90761	25.729576	254.51274	150.4049	400.0	400.0	112199	53.079243	21.021788	186.25005	-48.7785	-53.29578	1.4729052	1483.3287515640259
103	176.3066	9.092307	188.95554	167.98007	212.05319	29.448608	261.90213	132.2049	400.0	400.0	113299	52.99527	21.047419	124.21088	-51.53884	-53.19606	1.3005173	1501.2326843738556
104	203.92967	8.918338	216.47742	196.55098	215.68506	25.186878	255.54044	169.11606	400.0	400.0	114399	52.84366	21.007889	98.416466	-51.1939	-53.06251	1.1712137	1519.7222435474396
105	172.07228	16.17894	188.25122	155.89334	209.10849	27.726116	261.4437	169.36095	400.0	400.0	115499	53.05934	20.957035	129.97862	-53.970932	-53.287598	1.4460777	1537.9407603740692
106	191.89238	12.047479	205.6074	176.28065	208.17119	22.794394	243.9783	165.91576	400.0	400.0	116599	53.174324	20.909521	112.825806	-55.05132	-53.39188	1.3442819	1556.521908044815
107	219.60997	19.398335	246.80304	202.87566	220.07002	27.430304	299.20218	177.63458	400.0	400.0	117699	53.244873	20.782385	114.29496	-56.449238	-53.459473	1.5343938	1575.3836183547974
108	205.45903	15.908387	219.02219	183.13249	217.62956	30.455088	269.3405	168.10936	400.0	400.0	118799	53.271645	20.672186	102.547966	-57.072556	-53.49042	1.3078395	1594.7893981933594
109	228.24017	22.994728	251.2349	205.24544	227.10013	24.01482	259.27368	175.13608	400.0	400.0	119899	53.358604	20.823484	92.84294	-60.28644	-53.56822	1.3024385	1613.4865684509277
110	214.29744	21.054361	233.12561	184.90701	230.5209	26.659525	276.5677	176.75009	400.0	400.0	120999	53.376133	20.684193	119.96993	-62.14452	-53.583664	1.6317067	1631.543178319931
111	187.14465	34.56388	227.99788	143.47469	210.09933	21.701275	244.34311	177.04349	400.0	400.0	122099	53.315655	20.650301	90.021225	-62.267735	-53.524666	1.202125	1651.0169286727905
112	235.31844	14.434849	252.54501	217.21931	189.01405	30.856342	244.45465	146.77646	400.0	400.0	123199	53.390522	20.556118	125.21758	-60.600094	-53.59392	1.465427	1669.1000373363495
113	175.9133	20.57267	196.48598	155.34064	218.7609	30.802488	282.73697	166.95218	400.0	400.0	124299	53.55082	20.335083	126.367874	-59.75759	-53.759026	1.4733367	1686.9936718940735
114	217.54597	30.345726	260.45868	195.67712	213.77364	26.750414	247.16177	168.42473	400.0	400.0	125399	53.54817	20.38636	99.95807	-60.12003	-53.753624	1.3809322	1705.7024269104004
115	213.47945	21.85503	230.17285	182.60587	226.95816	23.420547	261.37177	182.73145	400.0	400.0	126499	53.424	20.387033	121.61323	-65.74562	-53.634087	1.4987622	1724.316505908966
116	179.00592	39.01549	233.12411	142.63399	201.6948	19.459448	245.22084	157.59927	400.0	400.0	127599	53.48915	20.390312	128.14737	-59.63334	-53.705135	1.4744599	1743.9212262630463
117	177.0286	23.839806	200.8684	153.18878	207.39156	15.061465	237.5028	164.6929	400.0	400.0	128699	53.583126	20.319653	106.67875	-56.49063	-53.78603	1.4066863	1763.2870063781738
118	204.13899	8.094823	214.96548	195.504	204.23854	24.887241	257.08563	169.20323	400.0	400.0	129799	53.659138	20.22225	121.15753	-54.149307	-53.863815	1.441311	1782.776852607727
119	208.16447	28.256544	240.02567	171.34616	222.24893	29.040989	278.39816	156.67276	400.0	400.0	130899	53.603962	20.191776	140.6014	-53.75604	-53.794765	1.4678746	1801.7605743408203
120	178.85191	5.106125	185.20523	172.70284	200.71573	20.33406	238.4888	170.58559	400.0	400.0	131999	53.58603	20.12014	146.53998	-54.914345	-53.776947	1.5034623	1820.8961408138275
121	237.50906	1.6494904	239.15855	235.85957	212.22786	20.628717	249.34184	182.9514	400.0	400.0	133099	53.532097	20.000925	88.08378	-51.092995	-53.713226	1.428328	1840.847595691681
122	204.49162	16.273054	218.04836	181.60799	205.3812	30.576048	251.82892	149.61871	400.0	400.0	134199	53.518795	19.955765	120.85316	-48.83302	-53.70216	1.5734516	1859.4919567108154
123	207.03304	18.166084	232.25383	190.18666	228.37369	24.813774	270.60812	178.13986	400.0	400.0	135299	53.472095	19.72862	116.070694	-48.11201	-53.657806	1.7301517	1878.2324414253235
124	209.53365	44.77649	272.1745	170.18246	228.86153	19.196978	263.35025	199.29488	400.0	400.0	136399	53.356926	19.80596	110.53154	-46.83195	-53.547466	1.3491926	1897.0440516471863
125	229.02516	18.251938	247.2771	210.77322	225.5261	21.992477	284.9717	190.2541	400.0	400.0	137499	53.428314	19.566647	104.64807	-47.135323	-53.608677	1.3171067	1916.2091600894928
126	220.10051	9.14283	231.22102	208.82732	223.80997	30.696737	291.38754	172.0178	400.0	400.0	138599	53.25736	19.673452	105.95792	-49.36647	-53.45106	1.4798645	1934.6713163852692
127	211.2556	9.308474	223.84975	201.64008	226.51266	18.29238	252.39609	194.67044	400.0	400.0	139699	53.51097	19.458216	122.69356	-49.97075	-53.697094	1.2169307	1954.0941264629364
128	212.79463	8.699562	219.79135	200.53227	223.66199	27.794651	260.11935	161.90764	400.0	400.0	140799	53.46622	19.319958	117.12429	-46.480225	-53.647755	1.3132915	1973.84215092659
129	200.58984	28.077858	228.6677	172.51198	215.28716	14.765808	247.52597	176.3051	400.0	400.0	141899	53.39142	19.177433	91.60027	-42.439297	-53.562134	1.3126643	1993.652084350586
130	215.21483	8.298004	222.6349	203.63127	239.31416	26.687382	283.52753	194.78313	400.0	400.0	142999	53.253338	19.273148	113.20292	-41.170326	-53.42958	1.2984023	2012.4430372714996
131	216.27077	25.050348	242.29233	182.4408	227.27007	24.702972	285.41214	192.52315	400.0	400.0	144099	53.2206	19.116238	93.20769	-42.27777	-53.396835	1.2406397	2031.2069385051727
132	204.26942	13.197501	222.33858	191.18634	223.98604	29.236656	277.84467	170.0286	400.0	400.0	145199	53.18548	18.887974	120.76274	-43.232494	-53.345985	1.3716387	2049.505068063736
133	217.28104	0.8301468	218.11118	216.45088	219.77437	24.538746	264.7456	178.61845	400.0	400.0	146299	52.98703	18.8665	103.45465	-42.636955	-53.146427	1.3490433	2067.757068872452
134	202.13045	9.98449	210.50943	188.0982	221.77109	24.359694	267.0297	177.39801	400.0	400.0	147399	52.960472	18.729187	92.83382	-44.140293	-53.13006	1.2388855	2087.8502802848816
135	208.56413	21.915379	238.36853	186.29993	221.8198	24.950762	261.10876	174.2908	400.0	400.0	148499	52.96932	18.577948	95.96623	-43.08272	-53.13227	1.2233301	2107.7460939884186
136	216.10475	17.763243	236.71297	193.35977	226.93106	24.59836	271.07422	167.1303	400.0	400.0	149599	52.874943	18.625408	102.756905	-44.976128	-53.04063	1.198709	2127.3077116012573
137	199.16101	0.28250122	199.44351	198.87851	215.2165	24.373951	259.6826	171.07927	400.0	400.0	150699	52.82883	18.488773	88.19734	-45.3461	-53.005577	1.2080216	2146.9963710308075
138	219.02368	26.6926	252.57808	187.2692	219.42358	25.665632	283.30316	179.71361	400.0	400.0	151799	52.9261	18.492336	126.707886	-47.22641	-53.09827	1.4883268	2166.653169155121
139	221.25299	21.760448	246.4049	193.32088	218.38205	20.715616	254.31726	175.04564	400.0	400.0	152899	52.859325	18.399887	91.58439	-46.47847	-53.02737	1.3193187	2186.2605831623077
140	224.50398	8.025662	234.93819	215.41875	233.9115	27.698532	270.11383	180.56578	400.0	400.0	153999	52.963497	18.17458	96.62092	-47.267166	-53.126408	1.0308691	2205.316551923752
141	195.79697	0.8262024	196.62317	194.97076	222.71854	25.875166	251.69331	154.22528	400.0	400.0	155099	52.963272	18.222612	102.861496	-47.08006	-53.137318	1.2082512	2223.506352186203
142	208.52815	10.237431	220.85135	195.7854	221.76843	28.82213	271.06912	161.81197	400.0	400.0	156199	52.847233	18.353748	92.46988	-47.44767	-53.014496	1.1488401	2242.0531697273254
143	233.54883	35.48276	270.79724	185.80493	227.92607	21.703392	254.80719	177.43448	400.0	400.0	157299	52.97725	18.178589	94.51521	-48.143898	-53.15276	1.147106	2260.924952507019
144	215.90788	21.655422	240.95636	188.12369	219.23613	28.83663	284.2708	170.80325	400.0	400.0	158399	53.031803	18.154362	79.76256	-49.420715	-53.2158	1.1030895	2279.598534345627
145	218.28958	6.374092	224.66368	211.9155	230.904	33.40444	269.12842	148.40065	400.0	400.0	159499	53.10124	18.166485	105.671875	-49.542736	-53.280396	1.2647936	2299.1209256649017
146	227.2419	24.364847	247.04733	192.9204	232.83696	23.990269	271.85458	186.94176	400.0	400.0	160599	53.19778	18.186663	93.12554	-47.410835	-53.382286	1.111504	2318.2040355205536
147	250.39479	23.353651	277.4609	220.47093	227.69572	21.301395	271.67358	190.54156	400.0	400.0	161699	53.235165	18.171867	113.60109	-50.61433	-53.40486	1.1169609	2337.865845680237
148	236.4344	9.00134	246.11484	224.43506	216.14102	23.816977	270.30225	159.04822	400.0	400.0	162799	53.254128	18.136578	170.93115	-49.85938	-53.427296	1.3547363	2357.8801023960114
149	236.45491	44.583817	281.03873	191.8711	234.13623	25.565142	273.88306	179.16794	400.0	400.0	163899	53.24759	18.061716	127.39315	-49.54441	-53.422234	1.4278085	2376.980940103531
150	247.20357	5.5662103	253.64174	240.06192	244.23344	24.913486	284.16473	187.25194	400.0	400.0	164999	53.305523	18.023312	88.9118	-48.888786	-53.469753	1.0665791	2395.6787152290344
151	249.05782	11.299629	262.928	235.2499	220.43204	24.470207	270.8139	186.68999	400.0	400.0	166099	53.3565	18.05436	90.04438	-49.362366	-53.52782	1.0247334	2414.5581357479095
152	227.47374	10.373082	238.09413	213.3996	232.19589	27.458334	270.30826	182.51677	400.0	400.0	167199	53.514275	17.944302	88.66461	-50.88423	-53.683002	1.1184291	2434.231654405594
153	193.39807	18.850014	212.24808	174.54805	219.56241	24.541168	260.38034	166.29962	400.0	400.0	168299	53.52589	18.00042	109.87779	-52.092678	-53.7113	1.2215841	2453.9905064105988
154	239.82826	4.2154865	244.17262	234.1205	239.90186	31.315008	305.8253	172.30309	400.0	400.0	169399	53.763794	17.936268	113.47019	-51.019127	-53.939674	1.3208282	2473.693874835968
155	206.17216	10.854162	221.11864	195.67047	220.61868	17.65851	248.78693	188.83638	400.0	400.0	170499	53.83983	17.863047	102.06366	-50.327938	-54.009987	1.3362547	2491.4283108711243
156	233.59131	11.676172	248.95871	220.67485	233.23291	32.223778	275.99796	149.10097	400.0	400.0	171599	53.646408	18.081356	104.26412	-51.920982	-53.814728	1.3757759	2510.242824792862
157	181.7095	2.1469345	183.85643	179.56256	234.86914	22.520487	265.36337	187.52168	400.0	400.0	172699	53.73389	18.044489	84.02915	-52.750847	-53.89486	1.1890109	2529.8672494888306
158	211.24712	18.221684	236.99904	197.55058	231.56526	31.025572	289.81152	169.23141	400.0	400.0	173799	53.74929	17.924416	85.54303	-53.314934	-53.914845	1.212684	2548.879908323288
159	221.27899	9.20307	230.12993	208.58972	220.46225	27.062307	263.46954	148.17575	400.0	400.0	174899	53.904564	17.743067	88.936	-52.8617	-54.061718	1.317713	2567.8338453769684
160	222.16832	35.087276	248.02464	172.56232	229.68904	29.546494	282.80692	176.20915	400.0	400.0	175999	53.76588	17.861578	95.71385	-53.34875	-53.927742	1.4539112	2586.5939519405365
161	232.47632	33.2929	265.76923	199.18343	230.28384	28.262133	264.8395	158.96605	400.0	400.0	177099	53.75475	17.820688	96.68148	-69.3594	-53.914715	1.4292558	2605.4548625946045
162	219.50871	17.73643	237.10962	195.23158	214.96951	32.51393	267.4021	152.33621	400.0	400.0	178199	53.852962	17.847462	95.238144	-53.118797	-54.015984	1.2866824	2624.383024454117
163	226.48425	12.469513	239.55678	209.69788	223.90523	41.311222	274.2096	145.19211	400.0	400.0	179299	53.856106	17.828468	83.13774	-52.64976	-54.021763	1.2144823	2643.961445093155
164	252.98767	18.753145	270.04883	226.87277	221.68974	27.528925	280.1497	178.8041	400.0	400.0	180399	53.939087	17.814964	99.73111	-54.196465	-54.111076	1.1123866	2663.71976685524
165	188.2642	8.601349	196.86555	179.66286	227.51648	28.315598	270.5169	173.14455	400.0	400.0	181499	54.146175	17.826534	90.59556	-54.490105	-54.30774	1.1286987	2683.0242512226105
166	241.13225	26.257582	275.94757	212.53929	221.20285	22.45452	259.916	168.7069	400.0	400.0	182599	53.994564	17.920559	91.33507	-55.40983	-54.158222	1.4433081	2702.706453561783
167	197.83714	12.436464	207.59326	180.2858	221.2565	34.4218	277.3578	168.41225	400.0	400.0	183699	54.141018	17.771517	104.468414	-56.598774	-54.309013	1.2816019	2722.113322019577
168	211.4923	20.970266	228.13927	181.91353	213.84167	30.351503	261.2026	158.73297	400.0	400.0	184799	54.04423	17.847694	91.634575	-58.01811	-54.19723	1.294092	2741.524878025055
169	221.76761	30.915642	252.68324	190.85196	231.78886	33.500984	312.11838	171.44168	400.0	400.0	185899	54.090805	17.860933	168.68176	-59.100567	-54.254547	1.3404006	2761.173219203949
170	212.48137	41.046856	263.391	162.87238	234.0787	28.08471	296.11203	181.14612	400.0	400.0	186999	54.18729	17.752047	86.092125	-64.686386	-54.341534	1.23376	2779.9316556453705
171	215.53044	31.572327	258.07327	182.52028	231.63327	22.972652	261.45215	184.46004	400.0	400.0	188099	54.024384	17.920984	98.00815	-69.96249	-54.182137	1.4412721	2799.864377260208
172	200.72353	7.3837004	210.69202	193.04662	243.54453	23.235937	278.58795	192.99217	400.0	400.0	189199	54.13097	17.594788	109.16653	-63.8961	-54.283665	1.3570163	2817.771955013275
173	244.87244	14.131905	259.00433	230.74052	212.85767	25.473154	281.06265	171.96794	400.0	400.0	190299	54.059727	17.835094	111.69306	-62.91639	-54.228325	1.3653432	2835.995965242386
174	201.44127	14.139531	219.4074	184.85536	233.56987	19.931503	269.01895	185.7868	400.0	400.0	191399	54.097027	17.769072	127.47875	-71.775696	-54.260323	1.3551216	2855.7540531158447
175	188.39754	35.785217	234.8259	147.74265	215.26718	24.176023	262.5509	177.48158	400.0	400.0	192499	54.12757	17.777985	86.40908	-71.034615	-54.268803	1.167021	2874.819062232971
176	221.73479	9.80171	234.53966	210.73488	213.58232	17.510118	237.51852	167.85902	400.0	400.0	193599	54.03957	17.77122	112.526436	-75.2081	-54.19206	1.4161243	2894.058708667755
177	193.88397	25.29284	219.1768	168.59113	238.50932	25.679794	271.2743	173.19116	400.0	400.0	194699	54.07719	17.713955	93.86408	-80.42421	-54.23016	1.4971762	2913.833997964859
178	217.08888	11.365799	228.90509	201.74388	208.46884	24.79638	247.11903	158.48776	400.0	400.0	195799	54.121353	17.379541	86.65917	-76.21928	-54.268394	1.2884501	2931.7739498615265
179	229.74977	18.671999	250.98174	205.53717	223.17986	21.049109	257.86877	183.61327	400.0	400.0	196899	54.055397	17.443624	102.06785	-80.74434	-54.217304	1.3177307	2951.769775390625
180	210.78441	12.217259	220.4503	193.54904	231.22397	21.982477	268.2996	197.34566	400.0	400.0	197999	54.140583	17.217773	84.31072	-81.80043	-54.29039	1.3904148	2971.557872772217
181	220.33574	19.35292	239.68866	200.98282	226.92578	21.368773	267.03278	183.8302	400.0	400.0	199099	54.06171	17.333427	100.42733	-69.83434	-54.21292	1.4547502	2990.0432007312775
182	219.8051	3.4538524	223.5039	215.19295	232.97946	29.745451	279.46417	173.72923	400.0	400.0	200199	54.03742	17.306759	87.680115	-74.07194	-54.185596	1.1602181	3007.9822957515717
183	236.68292	21.534687	253.60829	206.29393	230.50699	29.603123	277.20053	164.37302	400.0	400.0	201299	54.009014	17.255371	93.66364	-78.372765	-54.156265	1.2172998	3026.8356001377106
184	206.26672	20.06025	233.01547	184.70706	227.87167	27.517534	278.7926	182.23764	400.0	400.0	202399	53.955	17.263721	99.127716	-76.89963	-54.111576	1.2843194	3046.45578622818
185	204.36594	8.659233	213.02518	195.70671	225.66772	22.671455	270.85254	189.9665	400.0	400.0	203499	54.074432	17.186157	117.750824	-74.64783	-54.236866	1.3235214	3066.569543361664
186	235.48851	13.279772	249.0633	217.46179	235.93839	24.241428	273.34644	170.7193	400.0	400.0	204599	54.06572	17.110714	94.15875	-83.27779	-54.214474	1.0829867	3085.3524391651154
187	223.32098	15.444409	239.03221	202.32526	240.18674	27.644571	301.85202	179.29216	400.0	400.0	205699	54.157417	17.057531	92.71668	-68.4847	-54.31751	1.0899789	3105.330016851425
188	215.1743	2.912334	217.53297	211.0709	239.02539	18.473818	276.30417	205.41902	400.0	400.0	206799	54.27346	16.959723	85.07632	-72.830505	-54.428455	1.0335637	3124.1047372817993
189	228.74588	6.7774277	235.5233	221.96844	233.15938	21.471024	270.74197	191.67004	400.0	400.0	207899	54.268963	16.922516	88.528564	-85.242004	-54.41514	1.1683975	3143.1043798923492
190	225.68498	25.161943	251.15726	191.43007	221.14738	31.4859	274.0843	167.99722	400.0	400.0	208999	54.1609	17.067692	118.62296	-72.6049	-54.31725	1.4584395	3162.9733102321625
191	217.36012	6.900595	224.66618	208.10411	217.82468	27.254906	266.49677	162.40094	400.0	400.0	210099	54.16394	17.046581	99.06481	-74.89313	-54.31115	1.0922469	3182.5856964588165
192	244.60492	10.759473	253.3835	229.45218	227.83969	24.909052	272.02255	183.08737	400.0	400.0	211199	54.23082	16.787622	88.762245	-74.126884	-54.368427	1.087111	3203.880957841873
193	230.87721	24.871796	255.74901	206.00542	236.89522	27.661108	276.5059	164.59132	400.0	400.0	212299	54.18895	16.771343	108.9178	-73.62946	-54.32815	1.0558966	3223.722417116165
194	208.25433	11.794426	223.42319	194.66223	231.80429	23.984127	268.50995	180.78793	400.0	400.0	213399	54.104137	16.816938	89.28923	-80.31253	-54.24872	1.1299948	3243.6409752368927
195	208.45233	26.06631	245.20442	187.59805	221.18582	27.017702	276.49368	173.80873	400.0	400.0	214499	54.179768	16.677822	113.440674	-80.10371	-54.323032	1.1490945	3263.129141330719
196	264.10678	11.572534	279.8929	252.47423	227.6794	15.753938	252.94693	200.05782	400.0	400.0	215599	54.134285	16.851337	125.84302	-84.72809	-54.27329	1.2110938	3283.208570957184
197	222.68063	3.070076	225.75072	219.61057	225.33455	31.369087	282.98624	181.49274	400.0	400.0	216699	54.184147	16.624247	106.113815	-87.887344	-54.3233	0.9610638	3302.225119829178
198	198.71843	36.0316	249.33176	168.29976	233.87349	26.055346	279.84995	162.08861	400.0	400.0	217799	54.08454	16.822374	129.0841	-93.798134	-54.21811	0.9924256	3322.391176700592
199	227.48088	21.61808	247.00261	197.34383	231.92325	25.221304	267.26346	173.90617	400.0	400.0	218899	54.077732	16.745886	83.91638	-96.88464	-54.215397	0.9642844	3341.5358555316925
200	230.44402	2.5626335	232.96959	226.93028	234.70792	23.704887	272.29553	174.6235	400.0	400.0	219999	54.155785	16.66453	89.650246	-96.403595	-54.29017	0.9325858	3361.3579845428467
201	227.8988	0.20693207	228.10574	227.69188	220.48482	26.576628	268.1674	172.7675	400.0	400.0	221099	54.14682	16.723864	97.60281	-99.81243	-54.28288	1.0783639	3381.4167461395264
202	234.77974	12.595953	250.59622	219.77458	227.88806	32.70967	272.2607	165.50461	400.0	400.0	222199	54.165703	16.833336	131.64029	-116.95341	-54.306976	1.2601888	3401.307193994522
203	234.76826	14.4061775	250.01897	215.44382	234.1374	26.903845	277.58237	179.1617	400.0	400.0	223299	54.249012	16.768606	104.45163	-110.001724	-54.392735	1.023048	3420.4487540721893
204	223.90535	26.790884	261.0698	198.94107	222.58098	31.545534	279.48837	178.99828	400.0	400.0	224399	54.174744	16.885345	80.49868	-114.9765	-54.320377	1.1022104	3439.76828455925
205	271.6538	9.123276	280.7771	262.53055	220.37321	29.793755	265.62625	162.29402	400.0	400.0	225499	54.297314	16.760132	86.70217	-116.957565	-54.444492	1.1111652	3458.5733954906464
206	232.54114	5.7456837	238.53433	224.79265	232.14519	18.81884	266.0555	185.61127	400.0	400.0	226599	54.281208	16.964148	93.59841	-123.06935	-54.435406	1.1816108	3477.2252917289734
207	228.83623	31.33414	272.91046	202.8194	224.06448	25.545378	259.57748	172.06427	400.0	400.0	227699	54.467613	16.918331	121.41821	-121.10412	-54.6199	1.2018288	3497.347423315048
208	209.11617	7.163239	214.92955	199.02467	209.03333	27.092087	267.2961	166.97505	400.0	400.0	228799	54.570274	16.893526	78.14879	-121.36104	-54.70913	1.0416089	3516.3439095020294
209	242.40329	18.669106	261.0724	223.73418	241.78618	25.646505	290.62918	194.53455	400.0	400.0	229899	54.5185	17.061653	117.541565	-129.93463	-54.674908	1.2274305	3535.560263156891
210	221.14525	33.66378	256.5461	175.87746	228.54668	25.759647	282.3464	189.40044	400.0	400.0	230999	54.624153	17.047821	126.15062	-127.291565	-54.772537	1.169414	3554.514504432678
211	242.4611	27.191957	271.71378	206.2173	232.57462	32.393322	296.5096	171.02095	400.0	400.0	232099	54.77556	16.871704	95.4053	-138.19345	-54.91935	1.2005597	3573.533451795578
212	188.14906	15.123952	206.69003	169.64412	227.41634	26.100586	266.48404	179.18143	400.0	400.0	233199	54.67366	16.907976	101.952835	-137.51802	-54.806114	1.1949093	3592.669381380081
213	210.64804	25.836609	236.48465	184.81143	233.36081	24.541767	272.7766	184.09894	400.0	400.0	234299	54.653606	16.820406	122.66844	-141.42274	-54.797863	1.380036	3612.3375296592712
214	239.25462	10.207591	247.18204	224.84297	237.97873	29.258993	303.57507	186.64333	400.0	400.0	235399	54.708195	16.669098	76.84527	-140.4152	-54.84553	1.0496227	3632.6474611759186
215	242.92151	12.157443	257.20053	227.48819	227.28964	33.032215	278.4862	170.47832	400.0	400.0	236499	54.73725	16.63242	85.118805	-147.7897	-54.86965	1.0614665	3653.0537354946136
216	218.43079	24.237043	246.68784	187.5003	228.79172	37.57155	295.29868	180.6638	400.0	400.0	237599	54.776524	16.676937	78.26119	-144.3195	-54.921055	1.1082544	3673.0912647247314
217	169.70801	16.778282	186.48628	152.92972	235.07649	31.287933	320.53513	186.14569	400.0	400.0	238699	54.740314	16.799181	88.849365	-149.85968	-54.87721	1.1002668	3691.5132160186768
218	196.27385	15.27691	214.97128	177.55067	239.87178	34.227097	313.33484	165.22661	400.0	400.0	239799	54.75439	16.721773	105.65807	-150.58057	-54.89092	1.3127135	3712.578813314438
219	235.1031	20.761843	261.29105	210.51022	232.90097	31.132605	276.1265	182.45494	400.0	400.0	240899	54.663963	16.833755	83.14391	-150.23741	-54.808575	1.1998018	3739.2998735904694
220	221.36305	14.59895	240.5452	205.15926	231.04703	34.84175	293.06152	153.97888	400.0	400.0	241999	54.70401	16.95754	91.87617	-144.11613	-54.851677	1.440811	3764.367555141449
221	208.2922	1.4574814	209.7497	206.83473	240.5479	25.596891	275.9329	193.01953	400.0	400.0	243099	54.91703	16.760338	96.52134	-157.72995	-55.0586	1.0818157	3786.518162250519
222	212.40642	31.716904	255.5908	180.31306	250.09793	25.274467	296.94458	189.73935	400.0	400.0	244199	54.733826	17.004248	338.02887	-164.67473	-54.867065	1.9144099	3808.117829799652
223	212.1768	13.899074	229.40039	195.36212	222.36673	29.509861	269.23798	162.52885	400.0	400.0	245299	54.750664	16.88026	95.80571	-160.79182	-54.89949	1.1949263	3829.371437072754
224	224.41498	18.74666	237.68794	197.90321	243.15164	23.102777	291.95703	200.89899	400.0	400.0	246399	54.82316	16.942987	110.57868	-168.87901	-54.968018	1.3548458	3849.6156511306763
225	235.59521	36.099876	271.6951	199.49535	222.01648	31.453625	268.7862	162.63176	400.0	400.0	247499	54.89501	16.894081	98.44329	-169.62009	-55.04587	1.2028745	3869.8823482990265
226	238.62697	39.249695	292.3863	199.77821	246.21634	29.009647	297.44452	181.67883	400.0	400.0	248599	55.070477	16.82256	81.109955	-179.9874	-55.216957	1.059328	3895.080753326416
227	233.20605	15.698818	248.51245	211.62572	239.41711	26.32645	289.38834	173.32831	400.0	400.0	249699	55.15519	16.650091	113.98368	-163.3926	-55.287113	1.0580997	3920.4339599609375
228	244.9493	18.175337	261.92795	219.74745	234.10461	27.933455	298.02893	169.21007	400.0	400.0	250799	55.134453	16.490177	84.654945	-152.23941	-55.266632	1.166112	3940.4676098823547
229	222.04161	10.5902405	232.63185	211.45137	228.59	24.05891	275.58197	193.22772	400.0	400.0	251899	55.015953	16.706173	79.059555	-170.8441	-55.14154	1.058975	3960.5110454559326
230	209.91957	5.0762424	214.02509	202.76672	237.10617	40.24683	305.53287	180.45462	400.0	400.0	252999	55.009247	16.581001	119.370026	-172.14084	-55.14227	1.1898941	3981.020231485367
231	214.27124	45.981804	277.9524	171.0279	236.91446	21.8407	271.0871	186.91022	400.0	400.0	254099	55.05564	16.37737	94.34043	-169.90628	-55.19094	1.1980387	4001.682714700699
232	255.14636	9.465231	267.966	245.40059	238.06577	31.53495	278.08368	176.84483	400.0	400.0	255199	54.993156	16.476648	79.184975	-172.06711	-55.138542	1.0030193	4022.444497823715
233	219.01175	0.052017212	219.06377	218.95973	235.21175	25.106733	291.68622	194.0568	400.0	400.0	256299	55.06795	16.594109	80.702576	-161.67946	-55.200016	0.99637526	4042.581563472748
234	240.91191	22.551865	265.02377	210.77716	247.08179	23.412643	289.0436	203.32025	400.0	400.0	257399	55.150265	16.468435	102.86511	-171.50598	-55.279602	1.0219461	4064.113618373871
235	209.08386	18.744608	227.26778	183.28712	239.10518	31.526958	285.9322	169.13985	400.0	400.0	258499	55.12885	16.425007	98.571724	-171.25983	-55.268665	1.0474318	4084.3124344348907
236	234.41542	30.248684	274.64706	201.70851	228.89877	24.765724	262.66983	191.03851	400.0	400.0	259599	55.239243	16.240046	166.40367	-166.5002	-55.39626	1.2463703	4105.229029893875
237	227.60612	11.691483	239.2976	215.91464	245.18839	28.255892	293.10144	184.12115	400.0	400.0	260699	55.28713	16.326479	109.86656	-163.96588	-55.42578	1.1684964	4125.407161235809
238	246.24763	25.016352	281.62595	228.46436	237.82706	27.968683	290.22122	165.37776	400.0	400.0	261799	55.325745	16.194962	89.67111	-156.74103	-55.45907	1.1682487	4145.713612794876
239	213.32378	2.9292731	217.28699	210.29782	245.28377	24.783522	284.99457	208.72389	400.0	400.0	262899	55.290714	16.31315	80.89883	-161.53497	-55.42624	1.1522427	4165.7986097335815
240	245.77022	26.178362	282.5819	223.95343	230.90591	25.021227	269.32602	167.49681	400.0	400.0	263999	55.306385	16.247347	118.089516	-161.81578	-55.443417	1.2528955	4185.76739192009
241	216.75766	17.400826	234.1585	199.35684	248.04793	20.501379	297.5525	216.58496	400.0	400.0	265099	55.278194	16.085506	80.387375	-163.11456	-55.41202	1.1246428	4205.723111629486
242	240.96753	27.72512	278.14725	211.59457	250.87442	20.299364	284.00125	213.44975	400.0	400.0	266199	55.299988	16.184912	88.66767	-159.9159	-55.4423	1.1327736	4225.713773727417
243	216.54448	23.576086	246.62163	189.0451	234.35315	21.914873	264.20654	188.9113	400.0	400.0	267299	55.44091	16.160358	86.30611	-168.35353	-55.58229	1.1290367	4245.39834189415
244	219.66359	24.022955	253.6167	201.66565	227.12553	25.882774	277.48666	191.59161	400.0	400.0	268399	55.476994	15.911907	89.33733	-162.275	-55.610016	1.113308	4265.767836332321
245	197.30002	18.14164	215.44167	179.15839	230.9155	28.566484	280.3017	171.5521	400.0	400.0	269499	55.48386	16.016197	92.680244	-164.1264	-55.632633	1.1481035	4285.05587553978
246	224.77112	16.813137	239.44807	201.23195	241.89868	30.123728	289.15314	193.65482	400.0	400.0	270599	55.508675	15.941365	84.318085	-163.36806	-55.641712	1.055	4304.300708532333
247	232.48914	20.34491	248.81519	203.80861	237.67676	26.528484	287.9084	179.91245	400.0	400.0	271699	55.475704	16.01628	85.625404	-165.07336	-55.59649	1.0540074	4324.431349515915
248	219.33293	7.9080873	226.84032	208.40038	236.55069	26.845224	292.3114	191.95097	400.0	400.0	272799	55.42798	15.999411	80.22041	-161.7971	-55.55981	1.0197953	4344.813742876053
249	252.97694	0.15725708	253.1342	252.81969	233.35254	22.975767	273.40662	188.26971	400.0	400.0	273899	55.44578	16.104975	82.46979	-165.8653	-55.57304	0.9753884	4365.1813378334045
250	210.29228	18.010742	233.07175	189.0333	236.01152	26.466757	280.13092	176.10522	400.0	400.0	274999	55.37364	15.987292	85.22452	-174.5052	-55.49002	1.0795398	4384.281925201416
