Epoch	AverageEpRet	StdEpRet	MaxEpRet	MinEpRet	AverageTestEpRet	StdTestEpRet	MaxTestEpRet	MinTestEpRet	EpLen	TestEpLen	TotalEnvInteracts	AverageQVals	StdQVals	MaxQVals	MinQVals	LossPi	LossQ	Time
1	-108.63687	21.11864	-87.51823	-129.75551	140.4311	67.66957	263.60318	13.26326	400.0	400.0	1099	-0.5433467	0.08996066	-0.15931043	-0.67898256	0.54618096	0.10798611	3.714944839477539
2	-31.991705	97.33539	85.62761	-152.7331	-1.8560826	97.68073	235.16972	-130.56694	400.0	385.65	2199	-1.1892565	0.5688653	0.3845629	-3.6024094	1.1074625	0.032136545	13.829362392425537
3	-27.268318	28.52648	8.998585	-60.704514	-7.146468	121.24911	233.52528	-157.23907	400.0	371.75	3299	-0.9340275	1.3464416	2.2881424	-5.836455	0.6656041	0.01598125	23.64369511604309
4	-96.57671	1.829971	-94.827736	-99.10317	-29.67184	66.004326	205.96945	-137.95348	400.0	386.1	4399	0.054039996	2.0094898	4.0877476	-7.0211787	-0.3959228	0.015786158	35.48648023605347
5	17.524046	69.69072	87.21477	-52.166676	-37.06317	67.70958	194.91725	-124.03293	400.0	386.7	5499	1.2505771	2.3335435	5.544687	-7.241973	-1.5917574	0.016430613	45.67076230049133
6	4.2860236	66.76222	79.06221	-83.02385	-32.311317	72.87099	208.20062	-83.50657	400.0	386.0	6599	2.5030668	2.4191332	7.248113	-7.852292	-2.8548508	0.016139166	55.93145823478699
7	-5.304174	69.526146	67.47074	-98.95145	-22.612806	82.559616	205.31361	-132.22922	400.0	400.0	7699	3.9210823	2.661832	9.005477	-7.974766	-4.307982	0.01672625	65.91097664833069
8	-48.748127	38.03675	-1.1515942	-94.25166	33.646324	65.86479	192.60748	-36.216324	400.0	400.0	8799	5.390854	2.87147	10.657994	-8.3766775	-5.788189	0.017920654	77.89284157752991
9	-71.304886	7.3568554	-63.948032	-78.66174	15.5554905	61.76471	154.0393	-91.72727	400.0	400.0	9899	6.7123528	3.0418527	12.063928	-7.69634	-7.081852	0.019252913	88.80525231361389
10	-56.03123	22.613417	-24.25457	-75.039314	-9.0870285	57.714287	213.53502	-80.92844	400.0	400.0	10999	7.731998	3.2534773	13.224082	-9.018848	-8.089105	0.021899749	99.12554478645325
11	-82.69576	45.6413	-29.8848	-141.24069	-22.588919	76.991066	152.55557	-139.72562	400.0	373.55	12099	8.717264	3.294023	14.384474	-10.192315	-9.064922	0.022608152	109.8401403427124
12	-68.80499	18.265785	-50.286335	-93.66089	-20.042383	59.337433	186.64636	-118.94344	400.0	386.05	13199	9.468955	3.4075148	15.347467	-10.531595	-9.808047	0.03727153	120.32718825340271
13	-90.997116	28.515179	-62.48194	-119.5123	31.26562	48.427975	178.70233	-18.75809	400.0	400.0	14299	10.188958	3.3914013	16.242098	-10.935144	-10.529216	0.031396117	130.3048963546753
14	-22.871103	53.659164	47.924664	-81.931786	14.61557	34.32188	77.9008	-56.09908	400.0	400.0	15399	10.777176	3.398781	17.258007	-10.886071	-11.0945015	0.028643105	142.48161053657532
15	-30.801659	47.690216	36.598976	-66.59982	21.18572	27.987225	79.30569	-24.345728	400.0	400.0	16499	11.125683	3.7536185	18.148773	-11.360143	-11.35027	0.035429236	153.70485043525696
16	19.724356	20.314098	48.06944	1.500747	9.207431	60.01227	103.0364	-119.21076	400.0	386.35	17599	11.192012	4.605695	19.159225	-11.694207	-11.368065	0.04994274	164.60630702972412
17	56.702168	4.6767426	61.37891	52.025425	46.4461	64.44616	194.08008	-58.99157	400.0	400.0	18699	11.32062	5.5117345	20.100782	-12.466641	-11.501716	0.056693096	175.81694149971008
18	56.12202	79.63538	168.10472	-10.242329	98.57	41.464584	187.20119	15.859054	400.0	400.0	19799	11.552678	6.2629313	20.958055	-13.506992	-11.759695	0.086616	188.07532835006714
19	84.14382	24.79129	116.81349	56.789383	49.16116	57.2319	135.99446	-65.74735	400.0	400.0	20899	12.242984	6.8410673	21.736921	-14.561048	-12.489427	0.094567575	199.09209847450256
20	72.39289	34.35811	97.05199	23.80502	71.93417	59.854446	190.03566	-62.922028	400.0	400.0	21999	13.261902	7.165084	22.340042	-15.241372	-13.563407	0.1072309	211.28594732284546
21	118.81978	43.922424	162.7422	74.897354	97.153275	91.27041	235.06563	-83.86291	400.0	400.0	23099	14.3772335	7.241001	22.967249	-15.228912	-14.689083	0.12908356	221.66341948509216
22	44.627537	74.52577	146.98447	-28.30937	124.39309	114.41008	255.7085	-331.6809	400.0	400.0	24199	15.45772	7.1921163	23.730402	-15.075579	-15.787454	0.15074812	233.38702774047852
23	13.624087	122.03827	183.88112	-95.987404	29.730122	119.05823	229.50356	-138.17793	400.0	381.4	25299	17.045177	6.8021646	24.83642	-14.839411	-17.56624	0.27790338	245.45834827423096
24	34.469845	92.92259	165.80843	-35.013214	63.962883	127.42873	224.30081	-201.45227	400.0	400.0	26399	18.778004	6.316721	25.755686	-12.609093	-19.180511	0.20267075	256.2487676143646
25	-29.453411	91.37689	61.923477	-120.8303	123.89331	103.586754	241.48756	-77.75341	400.0	387.35	27499	19.745447	6.117658	26.960579	-12.566925	-20.06044	0.14369743	266.87029242515564
26	160.64284	37.59533	198.30597	109.31159	41.01515	111.06935	190.09232	-138.20076	400.0	334.25	28599	20.64931	6.30107	28.07664	-11.8249445	-20.991484	0.12090049	277.63846611976624
27	95.235664	88.599724	215.84192	5.5137367	-4.4604864	138.5264	240.13109	-333.85657	400.0	366.35	29699	21.742672	6.6106124	29.14151	-10.599073	-22.102589	0.118258364	288.51652455329895
28	37.78984	120.86884	150.1638	-129.94527	83.94254	91.18912	235.18076	-91.0091	400.0	384.65	30799	22.685232	6.974503	30.219816	-12.268587	-23.008423	0.122904055	300.6627628803253
29	23.62442	195.60814	219.23256	-171.98372	69.57894	104.92133	262.49155	-130.66228	400.0	385.65	31899	23.280008	7.537956	31.302496	-13.738933	-23.588356	0.12963109	310.9450078010559
30	41.849358	89.017456	160.83768	-53.24672	150.33705	57.399494	250.06146	35.279007	400.0	400.0	32999	23.975906	7.9148006	32.424892	-14.5921335	-24.283854	0.12921953	321.36377143859863
31	143.01152	16.325201	159.71094	120.85545	148.28246	64.657364	253.92984	64.84791	400.0	400.0	34099	24.719933	8.100137	33.483047	-14.932421	-25.036018	0.12290729	332.0764148235321
32	146.50145	64.569214	194.91452	55.2434	156.28792	49.83394	266.6553	75.60098	400.0	400.0	35199	25.502535	8.302027	34.619045	-14.778478	-25.820324	0.12668024	342.9867253303528
33	171.28064	5.829338	177.10997	165.4513	159.73296	67.388725	240.5199	-37.826057	400.0	400.0	36299	26.48188	8.383305	35.786903	-14.468868	-26.824444	0.13548598	353.9226486682892
34	106.8532	55.56215	180.689	46.655792	163.49014	68.20331	263.82306	18.99874	400.0	400.0	37399	27.490543	8.417793	36.941643	-12.786863	-27.826311	0.13544734	364.77513670921326
35	208.38403	38.138622	256.40405	163.10455	133.38625	123.49837	270.3512	-237.6745	400.0	386.4	38499	28.432196	8.582204	38.091663	-11.849131	-28.764238	0.1332123	375.79619121551514
36	224.99591	21.647934	245.91776	195.17894	46.06288	152.11679	270.10052	-293.20523	400.0	356.8	39599	29.50261	8.678507	39.278816	-10.860344	-29.843174	0.14469114	386.0906114578247
37	159.26399	18.670853	177.93484	140.59314	99.28036	118.53373	241.06387	-189.64703	400.0	393.6	40699	30.530596	8.753193	40.424862	-6.9093676	-30.862968	0.1510865	398.4884498119354
38	127.71295	75.308334	217.41972	33.14497	108.563	89.55619	228.67757	-93.17335	400.0	373.75	41799	31.415295	8.874132	41.55319	-5.5342503	-31.72897	0.16052756	409.03060007095337
39	83.371635	149.7066	212.16566	-126.549164	153.32506	56.80163	240.00566	49.88649	400.0	400.0	42899	32.10667	9.112099	42.640213	-5.190814	-32.409164	0.15642805	419.9501094818115
40	114.39576	39.580276	160.81595	64.097435	71.10074	136.0797	209.16585	-301.67807	400.0	385.05	43999	32.87303	9.4404955	43.652943	-5.751502	-33.172356	0.14580385	432.0926442146301
41	-75.74004	219.67932	143.93929	-295.41937	141.44711	96.96685	250.22655	-71.21304	400.0	400.0	45099	33.390976	10.0297	44.640717	-7.3047266	-33.68316	0.17244591	444.0760962963104
42	137.1216	110.99181	247.21198	-14.8196945	190.64542	46.50725	266.88443	74.9985	400.0	400.0	46199	34.027946	10.479273	45.610703	-8.607459	-34.336273	0.20039193	454.4957845211029
43	96.95005	106.72321	191.631	-52.181416	167.52356	34.253597	210.50037	100.773636	400.0	400.0	47299	34.75555	10.766853	46.57338	-9.228505	-35.08761	0.21285737	463.9420030117035
44	166.73318	44.191475	202.97641	104.51904	185.3989	45.096954	278.33752	96.21582	400.0	400.0	48399	35.755394	10.92531	47.49457	-8.158759	-36.096344	0.21828783	473.40186071395874
45	176.06522	25.587425	201.65263	150.47778	183.1691	49.038254	263.07666	77.024124	400.0	400.0	49499	36.60647	11.142022	48.35181	-8.089901	-36.93758	0.21311559	484.51184368133545
46	194.2179	8.249523	202.41718	182.93071	179.22542	42.443645	248.29143	89.79584	400.0	400.0	50599	37.549187	11.22822	49.153614	-6.6437016	-37.883953	0.21874948	495.69173550605774
47	203.2605	9.586274	215.00577	191.52429	179.5745	74.49393	274.25214	-68.85255	400.0	385.8	51699	38.505974	11.25591	49.90099	-5.7620726	-38.843674	0.21471292	505.01087379455566
48	148.01306	28.746073	171.57999	107.542404	186.2083	52.60943	246.59955	37.530132	400.0	400.0	52799	39.37503	11.320509	50.63965	-4.6049194	-39.709236	0.199115	517.2609140872955
49	210.66689	13.922577	224.58946	196.74431	161.23808	78.31101	235.09087	-129.4352	400.0	400.0	53899	40.264946	11.314244	51.33571	-3.911756	-40.591724	0.19234554	527.4623498916626
50	197.17323	25.004086	223.76952	163.6938	157.8748	54.891212	235.34953	9.705359	400.0	400.0	54999	41.14608	11.264619	52.011776	-4.336125	-41.478325	0.19265683	538.1195514202118
51	161.00533	18.947315	183.30919	136.99243	184.54178	55.003822	257.27435	25.066742	400.0	400.0	56099	41.925175	11.202949	52.64784	-6.23457	-42.249973	0.19165006	550.2347435951233
52	239.80315	9.549128	253.29129	232.48337	193.82492	60.2779	270.58517	-22.574566	400.0	400.0	57199	42.759003	11.109666	53.28143	-1.3438315	-43.083687	0.1821956	560.3928344249725
53	147.0861	20.952412	168.03851	126.13369	184.03629	44.404495	246.26018	87.43494	400.0	400.0	58299	43.506336	11.011025	53.859844	-0.03580284	-43.82402	0.1807269	570.9445762634277
54	199.95123	37.31229	252.5466	169.96497	159.29062	99.59071	279.91745	-75.16704	400.0	370.8	59399	44.18422	10.970516	54.46724	-5.4880323	-44.491444	0.18281654	581.5519208908081
55	157.31197	14.295955	171.71086	137.82166	194.5609	82.54674	289.25488	-106.49188	400.0	400.0	60499	44.786903	11.061803	55.08385	1.5568378	-45.0878	0.17019399	592.1238875389099
56	193.66554	52.59844	230.97235	119.280235	201.08951	43.95387	266.4586	80.86513	400.0	400.0	61599	45.403877	11.1659355	55.72763	-0.5554085	-45.69513	0.16514477	603.3727626800537
57	209.56815	0.26444244	209.8326	209.30371	170.4553	77.36656	259.7894	-93.13866	400.0	400.0	62699	45.99132	11.225394	56.279507	2.0737548	-46.280884	0.15948589	613.8643321990967
58	228.1032	13.367992	244.94621	212.246	205.0734	44.413208	266.43912	115.16533	400.0	400.0	63799	46.544067	11.304505	56.833195	2.0307274	-46.82452	0.16424419	624.0727627277374
59	206.01192	24.464989	233.23535	173.90785	187.20784	42.308933	262.82797	94.52943	400.0	400.0	64899	47.08844	11.440363	57.37882	1.1642013	-47.367897	0.1509442	633.5785677433014
60	190.81837	19.74307	212.5086	164.74718	190.71725	40.584694	250.92418	107.72541	400.0	400.0	65999	47.561672	11.627884	57.962704	1.0203118	-47.837357	0.14908546	643.8970367908478
61	206.18176	15.6605	221.84225	190.52126	128.12177	62.798264	262.3766	-34.945442	400.0	400.0	67099	48.08492	11.779895	58.499065	2.3852162	-48.3637	0.15087575	654.7039487361908
62	196.43787	18.528536	214.06712	170.83435	165.96309	41.217403	228.43825	98.25548	400.0	400.0	68199	48.641705	11.811946	59.072952	1.9054615	-48.91899	0.15658595	664.2914021015167
63	219.48344	7.172032	229.22328	212.16228	201.89717	42.060394	266.34384	104.82431	400.0	400.0	69299	49.148148	11.847909	59.61426	0.89925766	-49.428635	0.16204657	673.8967356681824
64	176.78969	34.443485	220.32104	136.09529	173.48631	41.021774	259.59106	68.251755	400.0	400.0	70399	49.703434	11.786048	60.117893	1.1045728	-49.97768	0.1717225	683.4388620853424
65	161.88185	61.948177	223.83003	99.93368	197.38425	41.848747	267.49036	106.97784	400.0	400.0	71499	50.141434	11.787627	60.595665	-0.75202346	-50.41608	0.17581736	695.8367652893066
66	118.717476	88.51237	217.34955	2.6523266	193.81442	41.613903	252.88419	87.607475	400.0	400.0	72599	50.496506	11.861163	61.03903	-1.6599796	-50.769054	0.16301365	707.2020604610443
67	187.51796	40.972885	238.03203	137.67612	190.46802	34.07223	236.8588	77.82668	400.0	400.0	73699	50.925777	11.868953	61.414085	-2.1787527	-51.194695	0.17308694	717.6645076274872
68	191.06404	22.229942	222.50156	175.21317	182.5662	41.49639	259.4798	94.53678	400.0	400.0	74799	51.338013	11.858098	61.80729	-2.6873894	-51.61019	0.16548848	728.1481080055237
69	159.41087	13.205475	172.61635	146.2054	186.79666	48.06399	271.349	90.27896	400.0	400.0	75899	51.768536	11.81025	62.19676	-2.6196184	-52.039604	0.15569016	738.417350769043
70	178.13458	44.424194	231.94829	123.15056	185.81425	46.677925	260.4657	72.56083	400.0	400.0	76999	52.18244	11.761124	62.593113	-3.816811	-52.449715	0.16311789	748.9232995510101
71	223.86687	17.320566	240.3347	199.92911	177.36215	53.601833	252.13533	61.706936	400.0	400.0	78099	52.52484	11.795439	62.911976	-4.109541	-52.78431	0.16158202	759.9069864749908
72	178.90718	48.090977	246.8129	141.67972	191.2618	40.60951	259.061	107.46577	400.0	400.0	79199	52.880043	11.787042	63.25395	-3.9850307	-53.128246	0.14792992	770.2072908878326
73	215.42264	9.340843	224.76349	206.0818	187.79306	38.75282	264.2364	118.71735	400.0	400.0	80299	53.158443	11.854268	63.55819	-3.3705225	-53.399902	0.14017223	781.0587627887726
74	195.47688	37.92849	246.23643	155.08191	186.98247	41.710155	261.62015	115.78715	400.0	400.0	81399	53.3916	11.990231	63.851147	-3.8074071	-53.629112	0.14381373	792.3224668502808
75	205.3888	34.52678	240.12741	158.30301	189.3994	37.419975	266.48923	116.04436	400.0	400.0	82499	53.678616	12.077587	64.06563	-4.6427326	-53.91488	0.13580328	803.6893570423126
76	151.77925	42.255703	210.31532	112.09666	150.35843	37.140186	198.7422	85.07441	400.0	400.0	83599	53.885387	12.241691	64.42272	-6.332262	-54.126476	0.14005375	816.1527571678162
77	127.69815	28.839706	156.53786	98.858444	171.14468	41.346363	239.12384	91.29056	400.0	400.0	84699	54.189583	12.360955	64.75159	-7.378976	-54.43413	0.14106524	826.6550159454346
78	189.01256	31.097963	232.58395	162.0524	166.22804	36.479336	253.0284	97.589516	400.0	400.0	85799	54.47437	12.43779	65.104645	-9.808424	-54.71792	0.14733954	837.9179997444153
79	195.27742	32.88613	235.61113	155.05713	176.67403	51.103443	266.35736	95.609924	400.0	400.0	86899	54.786037	12.43646	65.47075	-10.648258	-55.028522	0.15363389	848.1781995296478
80	192.74109	42.101048	248.43936	146.67043	196.74562	30.372421	268.88092	137.34056	400.0	400.0	87999	55.04168	12.479777	65.79931	-12.110145	-55.280888	0.14865376	858.4106504917145
81	207.7958	46.04226	253.83807	161.75356	207.0761	32.561356	246.39795	143.20096	400.0	400.0	89099	55.30709	12.515563	66.12477	-12.52175	-55.544857	0.14674632	868.9531857967377
82	195.35646	30.023458	237.61226	170.63026	203.49832	31.224289	257.8524	146.77916	400.0	400.0	90199	55.57466	12.522389	66.39159	-12.303496	-55.815777	0.13901894	881.1366982460022
83	190.54372	29.903656	232.77254	167.45743	185.96347	62.43853	265.78778	-9.975876	400.0	400.0	91299	55.851532	12.562753	66.66719	-12.042166	-56.089737	0.13585052	891.8004410266876
84	181.7887	21.05521	211.02199	162.26862	214.51482	40.80592	262.9729	131.44913	400.0	400.0	92399	56.122013	12.53069	66.883965	-11.5142145	-56.35879	0.14042114	902.2939252853394
85	167.25165	47.14609	214.39774	120.10555	199.73563	39.584896	249.3681	86.6817	400.0	400.0	93499	56.3379	12.563993	67.04477	-10.137447	-56.571545	0.14145038	912.5550134181976
86	221.9195	40.294376	273.18323	174.73589	197.50005	36.863094	268.59845	134.10556	400.0	400.0	94599	56.593765	12.560365	67.19387	-9.370125	-56.830242	0.13440804	925.0403807163239
87	224.95671	29.368341	266.2392	200.37009	215.18172	33.463005	280.17654	154.63539	400.0	400.0	95699	56.82752	12.538766	67.37473	-8.127661	-57.061707	0.14165758	936.3133652210236
88	215.89085	11.774732	232.28171	205.15155	228.17056	30.28165	278.56003	165.8833	400.0	400.0	96799	57.08434	12.526703	67.457596	-6.8593936	-57.31652	0.1370499	947.5069763660431
89	232.7434	37.508224	270.25162	195.23517	167.89604	138.84453	279.9328	-330.045	400.0	400.0	97899	57.329525	12.477917	67.59076	-5.1467967	-57.558464	0.1490072	958.0452883243561
90	210.25835	23.916197	232.25508	177.00949	208.98381	34.73598	263.76596	144.84857	400.0	400.0	98999	57.53636	12.400808	67.7335	-6.9759693	-57.760193	0.13931629	968.684919834137
91	98.99128	58.416412	179.01364	41.202805	219.67783	31.21249	269.37582	156.02267	400.0	400.0	100099	57.669174	12.461634	67.85373	-8.416994	-57.891308	0.1467536	979.1924421787262
92	211.68304	35.818016	260.7843	176.35303	197.86685	39.001266	265.7637	128.3679	400.0	400.0	101199	57.81794	12.486231	67.97722	-9.513955	-58.03649	0.14330474	989.4731214046478
93	243.87738	25.796793	269.67416	218.08058	204.9779	34.759487	259.33307	140.81831	400.0	400.0	102299	57.999508	12.450978	68.120186	-9.831857	-58.21736	0.14667492	1000.8761563301086
94	192.38808	22.444107	222.9397	169.65869	199.95317	31.354567	252.05801	133.35843	400.0	400.0	103399	58.1633	12.490743	68.324745	-9.026189	-58.381134	0.14347744	1013.1714904308319
95	182.92067	30.141247	206.9571	140.41591	199.1441	41.345905	272.83157	70.8195	400.0	400.0	104499	58.303402	12.544919	68.51609	-7.9810925	-58.52233	0.15360817	1025.434982061386
96	209.1408	46.11673	252.34286	145.22763	225.23714	29.010406	281.58875	183.56255	400.0	400.0	105599	58.48919	12.557928	68.652626	-6.5915985	-58.70595	0.14056641	1035.9690144062042
97	212.0277	1.252655	213.28035	210.77504	196.9792	42.17954	255.08176	94.147514	400.0	400.0	106699	58.65276	12.585654	68.77575	-5.2704344	-58.869373	0.14789462	1048.2695229053497
98	249.33191	12.758736	266.52975	236.00504	177.64615	53.449337	273.13623	56.297222	400.0	400.0	107799	58.827835	12.583957	68.93326	-3.015553	-59.045273	0.13090424	1059.1778059005737
99	199.35487	9.523564	212.12746	189.26814	186.5257	48.18846	271.62317	55.798508	400.0	400.0	108899	59.002804	12.613092	69.056816	-3.2685251	-59.220654	0.13717154	1070.9990231990814
100	187.36327	50.296482	257.89966	144.15364	203.22781	39.00374	260.883	94.03527	400.0	400.0	109999	59.227654	12.593925	69.14785	-3.4406664	-59.4438	0.12941758	1081.4147114753723
101	261.8683	4.451187	266.31946	257.41708	194.68112	31.847015	258.34656	131.27151	400.0	400.0	111099	59.42139	12.525627	69.219666	-4.055954	-59.632294	0.1287957	1092.0030615329742
102	164.76665	20.923372	179.7868	135.17767	189.95844	85.87213	263.61508	-72.79696	400.0	384.75	112199	59.552746	12.488845	69.31947	-4.0491695	-59.76195	0.119177885	1102.399692773819
103	200.70142	23.76976	234.3167	183.78595	179.92807	74.747444	262.8248	-50.26415	400.0	384.85	113299	59.66186	12.469719	69.36385	-4.765247	-59.864376	0.11457253	1113.0880148410797
104	189.37366	29.547243	213.78372	147.79738	192.03079	56.695625	253.57213	30.596882	400.0	400.0	114399	59.73912	12.509899	69.48544	-4.944395	-59.941902	0.1175107	1124.455813884735
105	188.06607	2.77108	190.83716	185.295	181.3801	84.11337	267.7792	-42.47422	400.0	384.55	115499	59.83135	12.521003	69.515434	-4.561673	-60.03091	0.12243239	1135.0623605251312
106	147.00172	122.26672	255.42793	-46.784466	175.00937	69.145836	243.56656	-30.759623	322.5	400.0	116599	59.91802	12.536592	69.54886	-6.861975	-60.111214	0.12498743	1145.7144231796265
107	228.1482	26.137785	264.868	206.11182	194.38272	51.18036	267.17343	13.120971	400.0	400.0	117699	59.981155	12.544327	69.5418	-7.613487	-60.174816	0.1254469	1157.177970647812
108	225.69342	32.675117	258.36853	193.0183	202.6641	40.181786	273.9415	127.88311	400.0	400.0	118799	60.074635	12.529585	69.59019	-9.111997	-60.267124	0.1301638	1166.647611618042
109	237.39839	12.782451	255.30559	226.30331	206.66512	32.985565	261.5563	116.721405	400.0	400.0	119899	60.146114	12.481576	69.56032	-8.713411	-60.335007	0.12753473	1176.240280866623
110	211.22478	55.720005	263.34625	133.98209	203.99216	47.628147	264.71344	82.04937	400.0	400.0	120999	60.229256	12.455471	69.56661	-7.8186717	-60.418907	0.12282823	1186.526272058487
111	153.11574	74.191864	223.205	50.45254	198.9551	56.200886	284.68365	93.875206	400.0	400.0	122099	60.28637	12.501656	69.55849	-7.628649	-60.47537	0.12662934	1198.9218277931213
112	238.19269	6.1900635	244.38275	232.00262	210.93074	35.742413	260.8633	139.83443	400.0	400.0	123199	60.3648	12.520319	69.573555	-7.5011244	-60.550858	0.12780263	1211.245651960373
113	224.0127	37.17627	260.15305	172.87411	210.54724	36.786327	265.5091	141.90768	400.0	400.0	124299	60.407925	12.601418	69.66717	-6.6718445	-60.592655	0.124124475	1223.3935587406158
114	157.78447	67.60473	222.2026	64.39268	192.00241	42.56539	254.26201	113.40683	400.0	400.0	125399	60.46103	12.648026	69.721886	-5.8244705	-60.64084	0.13487281	1234.190893650055
115	211.22969	16.436354	233.5632	194.48247	211.87454	38.58475	271.13962	135.48569	400.0	400.0	126499	60.44047	12.721524	69.87616	-6.2195745	-60.620453	0.13130236	1245.5990347862244
116	195.62476	81.57581	277.20056	114.04894	224.61768	36.890064	269.9059	125.39302	400.0	400.0	127599	60.53997	12.749128	69.98467	-5.2491283	-60.718254	0.12889458	1257.9609777927399
117	62.28242	229.38297	226.37328	-262.1067	191.77176	64.51191	282.15237	-42.05663	364.66666	400.0	128699	60.52608	12.867862	70.08938	-4.464616	-60.70716	0.13953374	1269.9303715229034
118	206.0941	16.023	228.09549	190.39673	184.44206	72.935196	270.64975	-45.87249	400.0	385.2	129799	60.557907	13.013529	70.22899	-3.774169	-60.739616	0.13193351	1280.1308147907257
119	225.73523	16.433966	237.7146	202.49783	188.4796	67.8872	260.30838	-64.21495	400.0	385.45	130899	60.673008	13.028312	70.36726	-2.9398441	-60.857086	0.14450747	1291.1346974372864
120	215.4469	49.565014	260.0665	146.31984	168.94707	39.655357	254.75964	87.24689	400.0	400.0	131999	60.732685	13.079174	70.44973	-4.7509413	-60.9226	0.14282608	1301.2907752990723
121	221.83914	8.524559	230.3637	213.31458	213.85417	37.74122	260.12292	138.1861	400.0	400.0	133099	60.838688	13.093303	70.564964	-8.597784	-61.029644	0.13701321	1311.7195987701416
122	180.3376	65.91695	248.10513	91.01706	192.47331	43.508152	256.42847	88.407394	400.0	400.0	134199	60.960846	13.041071	70.65363	-11.864124	-61.150654	0.14380902	1321.1888933181763
123	211.00969	51.05351	258.55038	140.17978	200.17142	52.80416	271.1104	31.35385	400.0	400.0	135299	61.054413	13.037984	70.69338	-14.097806	-61.24119	0.14587909	1331.6455602645874
124	205.34882	13.532152	224.39159	194.18175	210.44824	39.613297	265.6877	110.043976	400.0	400.0	136399	61.1684	13.014032	70.768906	-16.9044	-61.35551	0.13723361	1341.8979105949402
125	257.12402	7.8403625	264.9644	249.28366	180.11182	60.549828	269.8926	23.6814	400.0	400.0	137499	61.278603	13.021967	70.82146	-18.535389	-61.463764	0.13320649	1352.4665949344635
126	172.26384	54.229218	240.14519	107.41518	196.02136	51.522182	271.20734	89.87173	400.0	400.0	138599	61.36675	12.972407	70.89418	-19.750956	-61.551506	0.14240827	1363.4508390426636
127	170.3481	8.183113	179.70796	159.77412	182.12704	40.984455	250.73396	107.775635	400.0	400.0	139699	61.47074	12.947597	70.980225	-20.651028	-61.656902	0.14954787	1375.9143443107605
128	218.62158	47.247765	270.30386	156.10303	190.63875	52.95974	251.10318	78.074005	400.0	400.0	140799	61.576916	12.931772	70.99853	-21.342953	-61.7637	0.14117162	1388.0635890960693
129	141.52184	14.996674	156.51851	126.52516	181.86526	69.05136	273.0275	-44.82106	400.0	384.85	141899	61.66494	12.921946	71.03015	-22.116276	-61.85385	0.13877	1399.026129245758
130	220.17522	18.924936	239.44824	194.45633	203.37454	53.445553	266.74875	44.07424	400.0	400.0	142999	61.78499	12.904395	71.046265	-23.011614	-61.977665	0.142322	1410.1947059631348
131	224.56609	13.835062	244.0898	213.69443	172.351	62.74312	270.94446	73.759895	400.0	400.0	144099	61.934933	12.860465	71.132324	-23.234882	-62.127018	0.16019434	1420.6957960128784
132	145.91423	45.85011	197.88443	86.34829	200.87077	68.8437	279.89508	-64.14654	400.0	400.0	145199	62.034313	12.85886	71.10726	-23.483856	-62.224174	0.15762986	1431.964102268219
133	197.8422	11.684532	209.52672	186.15765	184.64825	48.36399	252.16422	97.426636	400.0	400.0	146299	62.114304	12.875191	71.146225	-23.962955	-62.30125	0.15178223	1443.8846690654755
134	151.42311	74.06714	244.98074	63.850433	198.85175	43.176277	277.05756	84.91408	400.0	400.0	147399	62.20569	12.879856	71.126785	-24.451107	-62.392826	0.15287489	1455.9483222961426
135	143.91109	64.029976	196.19084	53.740936	197.3227	69.361404	279.54892	32.959297	400.0	400.0	148499	62.23921	12.943236	71.145386	-24.653757	-62.427082	0.15993941	1466.1310443878174
136	206.21002	4.1363454	209.85509	200.42528	126.83037	181.52927	250.47	-345.46313	400.0	400.0	149599	62.35984	12.862614	71.12315	-24.697132	-62.55071	0.15960027	1478.4762179851532
137	170.55345	49.871487	220.42494	120.68197	180.51675	39.019974	254.16312	92.05072	400.0	400.0	150699	62.392006	12.93277	71.12659	-24.617584	-62.58058	0.16469762	1488.8776152133942
138	223.79504	48.963875	261.81683	154.6648	212.09976	43.961193	275.45337	98.218124	400.0	400.0	151799	62.50549	12.852296	71.0805	-24.271675	-62.690327	0.17212744	1501.1293733119965
139	146.15636	14.549949	166.73306	135.83794	215.58322	42.895344	275.67053	88.03985	400.0	400.0	152899	62.53834	12.808304	71.10874	-24.109903	-62.71888	0.16880593	1511.561721086502
140	159.86821	23.788622	187.59511	129.5044	197.86705	57.582165	276.59808	69.54284	400.0	400.0	153999	62.57995	12.79495	71.16144	-23.585682	-62.76209	0.17001234	1522.008719921112
141	226.91794	38.63575	265.55368	188.28218	206.29521	39.158447	263.81906	106.52254	400.0	400.0	155099	62.633236	12.7749195	71.24524	-22.910666	-62.814	0.1731887	1533.2516293525696
142	210.67957	34.18311	255.88512	173.242	182.43132	58.622246	268.66324	69.99021	400.0	400.0	156199	62.706116	12.654742	71.37299	-21.770546	-62.88203	0.16029638	1545.5538854599
143	192.52776	7.912771	202.8986	183.702	216.41702	37.425453	272.3224	101.93283	400.0	400.0	157299	62.729347	12.614961	71.441055	-20.702988	-62.904305	0.15952814	1557.6765735149384
144	175.27954	42.92861	235.6469	139.51602	181.35371	34.177002	237.15608	104.726845	400.0	400.0	158399	62.757374	12.566484	71.48647	-19.094246	-62.933643	0.15690623	1568.73250746727
145	187.77469	2.5467377	190.32143	185.22795	194.99767	34.783085	268.75287	122.10859	400.0	400.0	159499	62.786697	12.591442	71.48908	-17.87043	-62.95878	0.16000916	1579.0990238189697
146	179.92982	44.442013	242.76794	147.43048	209.59209	49.294502	267.37454	107.92823	400.0	400.0	160599	62.835827	12.609156	71.495056	-17.054104	-63.012104	0.1634682	1590.171109676361
147	147.04106	53.36054	213.6649	83.03764	210.72371	49.199894	276.5911	89.62876	400.0	400.0	161699	62.849403	12.679485	71.51863	-17.0642	-63.02027	0.15475559	1602.347903728485
148	192.01796	45.852577	247.61458	135.31549	201.61626	42.15407	267.97647	75.203766	400.0	400.0	162799	62.85968	12.764556	71.54099	-16.986258	-63.030006	0.15190779	1612.8663811683655
149	246.85783	8.573639	255.43147	238.2842	190.28133	45.134567	263.0208	87.98788	400.0	400.0	163899	62.89032	12.827409	71.54319	-17.3017	-63.059345	0.14974019	1623.0210571289062
150	181.55443	83.3445	248.53365	64.07198	195.33089	40.083313	259.3164	110.23958	400.0	400.0	164999	62.88387	12.939201	71.62475	-18.741465	-63.05224	0.150252	1635.3882312774658
151	216.63521	9.5969715	229.17139	205.86313	202.5524	41.676186	269.55475	125.52835	400.0	400.0	166099	62.94552	12.944368	71.672424	-20.538452	-63.111946	0.15158392	1644.8116655349731
152	153.74399	97.39218	244.9642	18.763811	220.49028	39.38176	278.3712	139.87738	400.0	400.0	167199	62.978394	12.93777	71.69899	-21.638765	-63.14323	0.15956394	1655.2284979820251
153	189.67575	2.5399094	192.21567	187.13585	189.28477	59.9652	270.61636	38.2551	400.0	400.0	168299	62.974304	12.963116	71.813034	-21.131367	-63.13944	0.16459766	1664.7332088947296
154	169.52824	27.198206	203.5272	136.951	225.15256	32.365677	272.7748	152.8502	400.0	400.0	169399	62.99266	12.996148	71.98971	-19.092918	-63.157047	0.1706068	1675.0452823638916
155	113.53107	52.83789	164.39546	40.692394	185.98148	72.720184	267.0747	9.747045	400.0	400.0	170499	62.989563	12.97424	72.11998	-15.990605	-63.153473	0.16252913	1687.1037440299988
156	170.85435	16.013672	190.76837	151.55762	186.90341	42.722534	276.12457	124.95079	400.0	400.0	171599	62.938435	13.030324	72.28795	-14.965505	-63.099716	0.15662098	1697.3356006145477
157	173.03088	41.979523	215.0104	131.05136	210.53511	35.281338	264.07443	140.69568	400.0	400.0	172699	62.954132	12.983609	72.28237	-13.971815	-63.11672	0.16406997	1708.5614001750946
158	172.23523	49.73247	238.77957	119.243385	206.41023	27.720198	250.3903	162.20241	400.0	400.0	173799	62.99115	12.968032	72.456436	-16.043314	-63.152557	0.15699282	1719.141967535019
159	184.99016	35.090813	234.46635	156.91647	186.25021	57.454918	253.31863	27.7917	400.0	400.0	174899	62.96169	13.000459	72.560555	-16.070965	-63.124718	0.16598666	1729.863918542862
160	217.04979	31.868246	249.77287	173.85025	168.01282	48.69682	277.5421	74.33426	400.0	400.0	175999	62.999165	12.950025	72.68174	-15.009098	-63.162605	0.15179382	1740.788144826889
161	209.63953	24.889503	234.52902	184.75002	207.61153	36.829697	274.67807	118.13279	400.0	400.0	177099	62.97549	12.957929	72.71668	-15.424963	-63.13779	0.16056624	1751.8339097499847
162	202.16768	30.2157	239.45166	165.44499	181.97116	55.993652	258.60107	56.58024	400.0	400.0	178199	63.026283	12.925373	72.81213	-15.965567	-63.18665	0.14722542	1762.8782331943512
163	233.25398	6.6584253	241.02379	224.76207	187.28714	59.885704	282.04794	29.139742	400.0	400.0	179299	63.01176	12.939995	72.77458	-16.767075	-63.17005	0.15100433	1772.8555047512054
164	142.6048	70.7869	236.31601	65.25599	176.17691	59.913063	277.9022	62.729805	400.0	400.0	180399	62.986576	12.978123	72.76207	-17.108318	-63.14679	0.15371382	1784.6206996440887
165	183.22327	7.1477737	190.37103	176.07549	207.76596	46.915646	266.8052	111.86653	400.0	400.0	181499	63.057755	13.011202	72.84093	-17.45982	-63.22659	0.15729901	1795.7629163265228
166	218.82751	53.50948	284.2242	153.15417	230.00024	31.767475	277.1371	156.5275	400.0	400.0	182599	63.114742	13.012138	72.88701	-18.012932	-63.283566	0.16080423	1806.9955651760101
167	229.28192	8.233851	239.23323	219.06956	185.06625	39.78487	265.2498	123.35092	400.0	400.0	183699	63.22888	13.041939	73.054985	-16.810753	-63.39646	0.14394273	1817.429503917694
168	168.65515	16.052702	191.32501	156.27534	196.76633	55.928703	273.72705	81.629875	400.0	400.0	184799	63.262074	13.101067	73.1419	-16.612165	-63.425682	0.15147641	1827.0029408931732
169	199.7084	39.394028	239.10243	160.31438	205.56526	45.22329	263.85507	59.234203	400.0	400.0	185899	63.28672	13.142122	73.1311	-15.610389	-63.443336	0.14600872	1837.4342336654663
170	193.86371	61.629642	280.94818	147.23283	189.72324	62.973747	273.4489	53.794586	400.0	400.0	186999	63.342632	13.102635	73.15367	-14.216299	-63.497997	0.14796084	1848.0307874679565
171	205.62439	58.60789	256.5229	123.524155	215.97617	49.427967	275.017	65.845085	400.0	400.0	188099	63.307724	13.189779	73.12594	-13.682482	-63.45628	0.1391911	1858.539653301239
172	157.90059	46.328888	194.94633	92.577515	199.98653	53.26497	276.16675	54.15599	400.0	400.0	189199	63.291805	13.289756	73.0864	-13.75179	-63.439346	0.14674394	1869.794927597046
173	182.57121	14.503494	197.0747	168.06772	206.16231	45.20452	262.1328	74.81268	400.0	400.0	190299	63.22203	13.372691	73.098236	-14.118694	-63.370674	0.14722298	1880.4659171104431
174	180.60498	43.806458	232.57805	125.41898	200.02402	61.854404	265.9933	-8.529228	400.0	400.0	191399	63.223587	13.444181	73.097015	-14.337367	-63.373146	0.14897223	1891.0874998569489
175	199.79066	8.599944	208.07346	187.93661	188.89236	38.051186	262.94363	94.02936	400.0	400.0	192499	63.245193	13.465429	73.02809	-14.937846	-63.394836	0.14951548	1903.2416236400604
176	221.79852	27.586098	256.2814	188.75558	212.90958	29.157917	262.26517	160.39705	400.0	400.0	193599	63.272358	13.447082	72.99813	-15.876845	-63.41968	0.14255208	1914.288108587265
177	186.40778	51.780937	238.18872	134.62685	200.87932	75.96361	276.65488	-90.72817	400.0	400.0	194699	63.22899	13.534934	72.92309	-17.25215	-63.379417	0.14554055	1925.5485436916351
178	247.87325	16.816751	267.94263	226.78778	210.94266	33.87104	267.75995	148.29448	400.0	400.0	195799	63.301476	13.443624	72.93488	-17.998373	-63.45218	0.13618147	1936.0168030261993
179	175.1593	14.26585	192.61394	157.66994	170.51295	87.92681	258.17984	-84.65156	400.0	400.0	196899	63.33314	13.42035	72.9389	-18.695147	-63.48679	0.14239231	1946.9910287857056
180	167.17322	20.630877	187.49873	138.88301	200.1071	37.306297	261.23193	88.974365	400.0	400.0	197999	63.366966	13.386938	72.98147	-20.883356	-63.520653	0.14080611	1959.6316404342651
181	225.83414	6.5217667	232.35591	219.31238	202.2208	34.032005	255.12254	145.23473	400.0	400.0	199099	63.430763	13.356145	73.03882	-20.869787	-63.588997	0.13969457	1970.7930200099945
182	188.5659	40.821217	246.22697	157.29442	190.5983	41.701813	261.24426	117.84335	400.0	400.0	200199	63.463593	13.3598	73.1046	-22.170279	-63.620667	0.14341153	1981.1154618263245
183	197.65765	19.43988	213.47066	170.27489	203.50732	46.522945	278.08466	101.681496	400.0	400.0	201299	63.568233	13.3059225	73.109024	-22.32921	-63.729546	0.14051497	1991.5979399681091
184	201.24068	26.676388	230.15555	165.79773	209.8997	40.403328	284.72366	135.48201	400.0	400.0	202399	63.61334	13.315603	73.12109	-22.20535	-63.775696	0.13868724	2001.9455893039703
185	246.16074	3.4205475	249.58128	242.74019	196.45668	39.283897	247.4997	89.249115	400.0	400.0	203499	63.71248	13.267052	73.182236	-21.569988	-63.873905	0.1469647	2012.7291593551636
186	179.76729	41.376038	224.01079	124.48156	196.79112	44.95299	252.46298	73.04581	400.0	400.0	204599	63.79386	13.220752	73.21156	-21.30112	-63.954433	0.14090839	2025.0784003734589
187	259.90768	1.7730408	261.60614	257.46097	180.82779	78.6432	272.83878	-98.36873	400.0	400.0	205699	63.879128	13.175123	73.290924	-21.598299	-64.03814	0.14153653	2035.388870716095
188	213.69347	37.17061	257.65433	166.7518	202.21262	36.594833	275.4766	126.84562	400.0	400.0	206799	63.959927	13.127055	73.35443	-21.258783	-64.119774	0.15078002	2045.677951335907
189	212.64182	40.71884	253.36066	171.92297	204.33289	59.120358	283.9138	26.146341	400.0	400.0	207899	64.03571	13.106982	73.39871	-21.603456	-64.19431	0.14450778	2058.139092683792
190	186.1591	57.192604	262.57883	125.00343	205.94162	53.841618	279.90915	38.199776	400.0	400.0	208999	64.07404	13.148982	73.469185	-22.318277	-64.230804	0.14204745	2068.184869289398
191	158.78737	93.399506	247.08102	29.561909	199.31924	51.003746	264.22827	71.805176	400.0	400.0	210099	64.118484	13.1956415	73.71313	-21.574463	-64.27819	0.13549674	2079.23503446579
192	226.5041	28.312513	260.61884	191.2936	167.68459	77.183266	256.7638	-77.565506	400.0	400.0	211199	64.20492	13.168608	73.82495	-23.01292	-64.3618	0.14593934	2090.5178442001343
193	163.76862	65.2822	229.05083	98.48641	214.33273	33.24546	275.84613	154.25415	400.0	400.0	212299	64.22151	13.170749	73.8814	-24.294727	-64.37642	0.14316055	2100.997410774231
194	205.88606	40.45525	238.17015	148.83871	206.47153	30.335417	247.25183	123.28901	400.0	400.0	213399	64.20923	13.22436	73.947525	-25.911568	-64.3604	0.15062508	2111.552736759186
195	168.00655	22.991596	188.04175	135.81096	183.35892	63.520187	265.6495	24.330694	400.0	400.0	214499	64.20641	13.24177	74.03612	-26.425694	-64.356224	0.16287512	2122.563721179962
196	220.03838	15.174274	232.89294	198.72961	203.06602	46.54953	256.29996	90.70449	400.0	400.0	215599	64.26584	13.091195	74.01208	-26.088276	-64.41065	0.15549475	2132.8154945373535
197	195.56183	30.56868	226.13051	164.99315	205.04007	41.481934	288.0066	86.80524	400.0	400.0	216699	64.2724	13.05438	73.91165	-22.613688	-64.42127	0.1546157	2143.8248479366302
198	207.02956	24.338024	236.33643	176.74475	207.11531	43.037865	267.9179	72.99639	400.0	400.0	217799	64.255455	13.015949	73.94751	-17.64093	-64.4005	0.14999361	2155.132572412491
199	238.99792	29.695526	273.6841	201.15147	202.47273	42.6259	272.01114	84.82875	400.0	400.0	218899	64.21736	12.995447	73.944214	-16.955444	-64.36064	0.14873897	2166.0585658550262
200	229.95619	21.13384	258.6198	208.29248	215.69514	43.484547	274.29434	99.07561	400.0	400.0	219999	64.244095	12.899063	73.93407	-15.504604	-64.38528	0.14275116	2176.4031431674957
201	239.58643	21.102608	260.68903	218.48381	196.7515	46.77476	263.02567	92.220924	400.0	400.0	221099	64.189964	12.950131	73.88119	-15.125573	-64.33116	0.13844396	2187.651812314987
202	203.61687	11.848617	213.07816	186.90927	203.56789	43.994072	271.57132	108.425644	400.0	400.0	222199	64.20314	12.895053	73.83838	-14.944134	-64.3447	0.13907154	2198.320016860962
203	198.32202	37.216763	239.8034	149.52599	200.90323	38.36632	251.7032	96.52444	400.0	400.0	223299	64.196686	12.923511	73.810585	-15.3891735	-64.339874	0.1372479	2209.0231323242188
204	162.67143	40.01681	203.9146	108.48992	223.63168	45.864094	278.43976	138.35387	400.0	400.0	224399	64.13767	13.013788	73.76295	-16.46582	-64.27735	0.13102016	2219.7167999744415
205	232.75058	9.393501	242.14407	223.35707	211.9006	32.484722	263.33914	134.32271	400.0	400.0	225499	64.15091	12.990341	73.649765	-17.806715	-64.292244	0.13230126	2230.3041157722473
206	200.7564	14.862643	221.06462	185.90875	214.2117	34.84094	268.58734	132.36101	400.0	400.0	226599	64.15751	12.99512	73.553185	-18.692623	-64.293884	0.13805395	2241.0328273773193
207	227.18135	29.024435	258.78677	188.69716	196.0743	63.440277	255.27924	-8.534799	400.0	400.0	227699	64.17794	12.975298	73.43959	-19.430147	-64.31626	0.13081662	2253.503906726837
208	188.62914	44.31303	246.98773	139.67175	219.62778	32.77288	264.32376	152.7529	400.0	400.0	228799	64.15882	13.003749	73.45326	-19.29701	-64.29755	0.12258172	2264.713086605072
209	170.68811	7.9669266	178.65504	162.72119	207.97148	41.909866	271.6888	101.93345	400.0	400.0	229899	64.12645	13.033327	73.33966	-19.526314	-64.264984	0.12721424	2275.1599605083466
210	198.7854	46.20691	259.32492	147.21207	212.13391	38.74837	278.1032	129.58191	400.0	400.0	230999	64.121346	13.03163	73.31761	-20.102919	-64.26248	0.12589218	2286.1826071739197
211	222.91496	12.555141	234.4844	205.46582	212.70987	31.967403	281.53522	153.59746	400.0	400.0	232099	64.11509	13.040945	73.24757	-19.08255	-64.25945	0.12917078	2296.6887378692627
212	197.14043	55.269676	237.93239	119.00262	197.74153	42.742695	252.6481	59.838097	400.0	400.0	233199	64.160286	13.02006	73.209175	-18.733011	-64.30216	0.13181476	2307.2251646518707
213	221.63249	22.251083	243.88358	199.38141	209.60262	31.199707	259.1274	138.56177	400.0	400.0	234299	64.16994	13.056901	73.05373	-18.267885	-64.31003	0.12255969	2317.840039730072
214	223.75594	38.616177	274.14575	180.32744	209.86243	46.8149	269.6165	60.329662	400.0	400.0	235399	64.16908	13.109699	72.98693	-17.939108	-64.30436	0.12223813	2328.9789714813232
215	223.2602	38.795094	271.9513	177.0178	205.55228	40.09873	265.40826	119.536514	400.0	400.0	236499	64.15036	13.131841	72.884254	-18.848883	-64.28442	0.12603167	2341.7719175815582
216	218.46765	2.7459385	222.34926	216.42615	211.72437	40.406338	277.13715	121.60946	400.0	400.0	237599	64.17995	13.134859	72.687454	-19.95305	-64.31173	0.123970255	2354.137942790985
217	220.94559	28.766014	249.7116	192.17957	215.47815	35.267338	267.14105	151.53677	400.0	400.0	238699	64.135796	13.207276	72.49669	-20.996004	-64.267914	0.12552342	2365.2104275226593
218	197.4163	13.855143	216.18483	183.1582	210.27304	39.813274	267.24228	136.25221	400.0	400.0	239799	64.13798	13.244433	72.317154	-21.891365	-64.27041	0.12754484	2375.4338521957397
219	207.66255	9.79151	219.7271	195.74423	212.20535	43.00103	275.01938	109.74747	400.0	400.0	240899	64.15464	13.257402	72.26158	-22.027489	-64.28697	0.121435076	2384.9756247997284
220	199.17706	20.64532	227.9886	180.67674	194.11067	43.01425	243.06949	101.91564	400.0	400.0	241999	64.15163	13.239428	72.23488	-22.315243	-64.28234	0.12162646	2397.267896413803
221	200.69676	10.298553	210.99532	190.39821	214.39409	39.217915	265.65686	129.31187	400.0	400.0	243099	64.1432	13.237251	72.22582	-22.467232	-64.27439	0.1188231	2409.408771753311
222	199.99211	32.51632	239.93202	160.28465	204.10608	48.29318	269.10394	52.595078	400.0	400.0	244199	64.17178	13.209637	72.23463	-22.580746	-64.303665	0.112230055	2419.6668441295624
223	206.44157	17.994024	225.21645	182.1778	218.5649	37.18957	279.6174	112.739975	400.0	400.0	245299	64.15032	13.238485	72.31635	-22.001997	-64.28138	0.11140058	2430.2068870067596
224	209.09734	24.415674	235.93187	176.86203	198.22076	36.844173	266.16922	118.01242	400.0	400.0	246399	64.21803	13.19683	72.321495	-23.078127	-64.349815	0.12170774	2441.4212715625763
225	228.8241	14.5006485	243.32474	214.32344	203.5399	37.440453	254.79558	130.3808	400.0	400.0	247499	64.18286	13.216993	72.354645	-24.94843	-64.312035	0.106654	2451.9160845279694
226	197.89793	44.027725	239.85028	137.0763	214.12466	24.439325	248.08817	156.98491	400.0	400.0	248599	64.21307	13.186676	72.41041	-27.7898	-64.34284	0.1126696	2462.3533174991608
227	226.10205	40.4079	283.24744	197.49213	224.70134	38.170013	272.73447	145.66068	400.0	400.0	249699	64.22748	13.208178	72.48653	-29.699888	-64.35652	0.118831284	2472.8311007022858
228	228.91553	20.870377	257.41086	208.00673	211.21565	37.908695	269.9603	113.60119	400.0	400.0	250799	64.26143	13.175498	72.4992	-31.256346	-64.38987	0.11118059	2485.50643658638
229	272.2249	1.3932648	273.6182	270.83167	185.15788	66.763824	269.92313	48.721428	400.0	400.0	251899	64.236595	13.250184	72.555786	-32.035885	-64.36544	0.11995214	2499.3358228206635
230	180.50873	41.45245	217.03394	122.53604	202.59023	45.391254	258.6538	62.778835	400.0	400.0	252999	64.284775	13.187362	72.56959	-33.36254	-64.41492	0.112965755	2511.0322778224945
231	210.50038	18.03549	235.99498	197.09145	217.51099	32.756443	255.15126	145.14833	400.0	400.0	254099	64.28826	13.209632	72.630905	-33.954903	-64.41879	0.118544504	2521.5660791397095
232	198.87024	5.277628	206.09909	193.64713	213.44162	31.887472	270.00455	170.50122	400.0	400.0	255199	64.33982	13.167755	72.68441	-35.48561	-64.47086	0.11450117	2531.064855337143
233	213.91757	10.862755	224.78032	203.05481	219.02885	40.07513	273.47635	110.59501	400.0	400.0	256299	64.33535	13.206746	72.70243	-36.51021	-64.46789	0.11595712	2540.5061762332916
234	218.60986	21.514566	236.22786	188.31786	226.48093	31.598562	265.5484	160.34586	400.0	400.0	257399	64.43302	13.134094	72.77993	-36.969154	-64.565	0.11709178	2552.80500292778
235	217.89021	29.12471	258.553	191.8776	212.6687	36.190002	276.39893	146.85269	400.0	400.0	258499	64.470566	13.120381	72.848	-37.74362	-64.60318	0.11248738	2565.1256279945374
236	209.70363	11.349817	223.8714	196.0865	207.5756	30.855373	263.84155	147.11522	400.0	400.0	259599	64.49636	13.099333	72.857506	-38.128067	-64.62721	0.12001284	2575.7706010341644
237	183.40887	3.1314163	186.54028	180.27745	208.33093	33.911327	277.88998	165.38383	400.0	400.0	260699	64.5418	13.058188	72.94139	-38.102154	-64.67243	0.10941677	2586.2018899917603
238	201.08846	31.052917	238.16237	162.16599	210.31111	35.578938	258.39706	127.7423	400.0	400.0	261799	64.5678	13.080972	73.04758	-37.891777	-64.698364	0.115496546	2597.431390762329
239	199.88336	40.852676	257.60953	168.97598	226.30379	37.09183	273.50555	158.15689	400.0	400.0	262899	64.62207	13.048644	73.15772	-38.61479	-64.75187	0.11116455	2607.561138868332
240	233.8349	20.938084	257.92416	206.87767	212.07028	32.99254	262.3409	131.94865	400.0	400.0	263999	64.64493	13.032051	73.251976	-38.714214	-64.77862	0.11987313	2618.764891386032
241	211.40866	0.18149567	211.59016	211.22717	221.32219	39.37669	273.9284	123.329315	400.0	400.0	265099	64.693565	13.056098	73.27251	-38.41255	-64.827385	0.115304895	2629.974816799164
242	171.14667	17.298302	195.55191	157.4829	191.77597	37.747055	260.65433	108.76082	400.0	400.0	266199	64.70999	13.073436	73.41725	-39.028103	-64.844604	0.11674635	2641.655955553055
243	214.23204	9.336509	227.07465	205.15439	216.48994	36.164215	263.1218	144.43729	400.0	400.0	267299	64.76196	13.067414	73.45267	-39.0246	-64.89534	0.11041733	2651.5838792324066
244	184.10193	4.8199286	187.95784	177.30606	216.76175	41.068806	276.3948	150.73166	400.0	400.0	268399	64.84897	12.998827	73.43599	-38.772457	-64.97883	0.115730494	2663.6369807720184
245	174.36319	22.455627	196.81882	151.90756	234.18855	24.379208	265.09604	187.3605	400.0	400.0	269499	64.88249	12.970604	73.44851	-39.0396	-65.01225	0.1054673	2674.2553119659424
246	207.40517	18.307158	232.76526	190.211	209.21538	41.48255	275.74265	102.70652	400.0	400.0	270599	64.85023	13.039698	73.51784	-39.304283	-64.97948	0.10636382	2685.0564329624176
247	201.49524	21.202938	224.74416	173.4707	226.83415	31.290804	266.73312	156.87563	400.0	400.0	271699	64.88023	13.027633	73.52203	-39.418278	-65.006905	0.117706105	2696.5242795944214
248	236.40752	18.40694	259.99387	215.07567	216.3594	34.64002	266.47293	133.13393	400.0	400.0	272799	64.89872	13.008965	73.50834	-40.157257	-65.02446	0.110074274	2707.0009014606476
249	194.6674	34.89438	229.56178	159.77303	221.30453	32.709812	281.7663	157.33865	400.0	400.0	273899	64.88521	13.07508	73.499596	-40.12692	-65.00951	0.11501937	2717.6967856884003
250	209.06694	40.89107	264.96094	168.27414	210.37732	34.335037	260.90555	146.92076	400.0	400.0	274999	64.91468	13.031592	73.53442	-40.13409	-65.04031	0.108760275	2727.975594520569
