Epoch	AverageEpRet	StdEpRet	MaxEpRet	MinEpRet	AverageTestEpRet	StdTestEpRet	MaxTestEpRet	MinTestEpRet	EpLen	TestEpLen	TotalEnvInteracts	AverageQVals	StdQVals	MaxQVals	MinQVals	LossPi	LossQ	Time
1	-10.091833	39.30468	29.212845	-49.39651	-95.465744	7.323921	-78.94102	-104.6861	400.0	400.0	1099	-0.39605132	0.087434776	-0.2332583	-0.55130136	0.3960859	0.015859056	3.2328646183013916
2	-41.144222	5.9758563	-34.651684	-49.075733	-101.46587	6.355092	-90.42081	-111.504105	400.0	400.0	2199	-0.50840133	0.37498876	0.3136003	-1.5969871	0.5038217	0.014252133	14.473792552947998
3	-15.160556	18.493618	8.613901	-36.487186	98.928246	40.29306	203.9637	31.311579	400.0	400.0	3299	-0.54672605	0.9242376	2.041699	-2.2245681	0.42405596	0.0072363988	27.324756145477295
4	-9.44004	25.810047	25.69028	-35.58618	77.94068	26.116142	130.49484	31.283129	400.0	400.0	4399	0.082823165	1.4839497	3.7781925	-2.3337688	-0.28623268	0.007399422	39.33017635345459
5	-20.857857	1.8225756	-19.035282	-22.680433	81.4023	25.9629	125.917625	39.206043	400.0	400.0	5499	1.0135314	1.9987673	5.3552113	-2.668241	-1.2153358	0.013905206	51.282851696014404
6	11.243805	50.605183	82.34858	-31.337814	85.329315	43.877377	174.6638	18.842817	400.0	400.0	6599	1.7683462	2.4455025	6.9388804	-3.0262988	-1.9667889	0.02160123	64.15795683860779
7	24.04671	36.697243	74.198845	-12.588063	93.753075	30.791271	158.69278	50.649876	400.0	400.0	7699	2.6724403	3.011214	8.596886	-3.4062896	-2.8655217	0.027605653	76.94420742988586
8	-23.410187	24.873608	3.1196725	-56.67935	114.91268	37.98353	198.69864	43.050518	400.0	400.0	8799	3.5113814	3.5106382	10.14539	-3.7357416	-3.7052183	0.0334697	89.33608293533325
9	-50.87594	10.852936	-40.023003	-61.728874	99.15595	38.883057	183.00482	44.856133	400.0	400.0	9899	3.8868759	3.935482	11.60472	-4.091315	-4.0817447	0.038461663	100.24239349365234
10	-10.248139	25.110565	16.182926	-44.002895	93.059906	37.99286	148.05496	12.86765	400.0	400.0	10999	4.35136	4.3953094	12.949737	-4.3612013	-4.5463805	0.05122589	111.08190107345581
11	-32.936222	13.786559	-20.303417	-52.113922	92.39219	37.526115	170.5068	35.6479	400.0	400.0	12099	4.7567763	4.7743864	14.229459	-4.557403	-4.9557767	0.05915834	120.95870542526245
12	-20.606155	25.702238	13.810393	-47.940308	99.30004	42.522045	185.35027	31.624466	400.0	400.0	13199	5.2612915	5.1170583	15.443946	-4.769983	-5.462459	0.06473411	131.86970496177673
13	17.188152	0.94183826	18.12999	16.246313	102.12368	40.071484	192.70604	41.47615	400.0	400.0	14299	5.850765	5.4251823	16.585405	-4.9839683	-6.0559998	0.07591669	142.89616560935974
14	11.600354	16.760702	33.59827	-7.043892	79.86484	44.250565	186.33632	14.353876	400.0	400.0	15399	6.416099	5.8351493	17.703014	-5.2013164	-6.624225	0.07950137	154.03850197792053
15	89.25565	18.226152	104.2657	63.60366	108.903915	55.166477	212.0976	27.495182	400.0	400.0	16499	7.035747	6.24492	18.875025	-5.448916	-7.236224	0.09059461	165.3571743965149
16	146.20828	13.539821	160.45482	128.00497	113.7383	44.899372	182.92218	18.356873	400.0	400.0	17599	7.9285517	6.710761	20.278404	-5.7442856	-8.121998	0.10378969	176.65510034561157
17	76.31484	8.571587	84.88643	67.743256	145.80655	52.959984	248.71774	34.751823	400.0	400.0	18699	8.760183	7.1614065	21.575397	-5.983542	-8.947491	0.121887594	187.89795994758606
18	153.71376	43.46762	214.17986	113.887	109.24605	40.742817	229.8128	40.168056	400.0	400.0	19799	9.54651	7.611386	22.874722	-6.2783866	-9.729385	0.13859954	199.82472491264343
19	125.232414	30.368317	147.97768	82.310745	134.3752	50.897133	232.11476	58.8591	400.0	400.0	20899	10.498998	8.130613	24.236912	-6.5298986	-10.677772	0.1628266	212.931902885437
20	166.47014	47.778366	201.36458	98.91362	146.599	62.32252	230.44086	10.937758	400.0	400.0	21999	11.479545	8.642359	25.571445	-6.8238716	-11.654423	0.19420402	224.41113758087158
21	171.65239	29.414932	201.06732	142.23746	147.31416	53.13387	244.50554	39.582417	400.0	400.0	23099	12.50236	9.163397	26.878716	-7.104855	-12.67859	0.2086028	236.49254441261292
22	113.53143	66.90295	187.76624	25.611446	150.18448	63.14597	237.23892	27.117693	400.0	400.0	24199	13.369779	9.556393	28.100077	-7.3058586	-13.5466585	0.22777541	249.41483855247498
23	150.55438	36.19551	199.87619	114.032104	124.464195	76.4136	233.30699	0.8959385	400.0	400.0	25299	14.410703	10.010077	29.331194	-7.610372	-14.587489	0.24647544	262.3204131126404
24	140.70006	34.17528	186.48283	104.396805	148.64436	70.49775	247.58635	-2.7335033	400.0	400.0	26399	15.410475	10.432055	30.546268	-7.9249682	-15.591005	0.27981523	275.18998885154724
25	89.78139	40.975983	130.75737	48.805405	125.061295	59.5802	236.82771	20.782322	400.0	400.0	27499	16.260925	10.810472	31.629128	-8.1216545	-16.444279	0.31107378	286.965060710907
26	35.315937	20.034788	60.25052	11.195791	135.19394	80.98907	240.4478	-37.376038	400.0	400.0	28599	16.837452	11.082913	32.593166	-8.217164	-17.024206	0.343384	299.57353162765503
27	154.57964	95.178505	260.24722	29.536476	130.53055	73.71807	237.15057	-7.993435	400.0	400.0	29699	17.449488	11.453736	33.54976	-8.270372	-17.640728	0.34988144	309.8020615577698
28	159.59872	60.42345	210.22423	74.66816	124.32279	93.91826	238.35486	-57.195286	400.0	400.0	30799	18.5409	11.88225	34.54367	-8.310187	-18.731964	0.3877004	321.0103693008423
29	87.195045	84.109406	171.30444	3.0856414	137.72615	65.10165	232.0583	19.855448	400.0	400.0	31899	19.39042	12.133571	35.42197	-8.336613	-19.584393	0.41138995	332.54751086235046
30	30.000387	9.851443	40.55411	16.846941	134.18576	103.47331	287.80743	-95.91221	400.0	400.0	32999	19.961372	12.356906	36.269547	-8.302191	-20.157722	0.42118788	344.61158990859985
31	58.947124	64.549	149.60933	4.3892174	103.466515	95.94898	255.0452	-82.9061	400.0	400.0	34099	20.3719	12.645012	37.023167	-8.183742	-20.57037	0.49503008	356.1548173427582
32	151.9219	27.839666	182.0327	114.8989	99.28725	90.103935	236.84349	-67.5065	400.0	400.0	35199	21.191193	12.810951	37.741173	-8.004135	-21.384449	0.5062392	367.53184509277344
33	190.81958	8.513611	199.33319	182.30597	162.91475	62.70453	291.41342	49.72394	400.0	400.0	36299	22.017021	12.981291	38.4201	-7.829308	-22.204088	0.5300933	379.00797867774963
34	132.92035	59.850563	211.04732	65.65638	136.16232	64.02846	255.71506	3.7935238	400.0	400.0	37399	22.779552	13.091122	39.059822	-7.712001	-22.958399	0.546787	392.2152783870697
35	197.31416	42.35571	241.7752	140.32129	165.71567	41.4864	222.26622	72.22034	400.0	400.0	38499	23.624037	13.267033	39.759823	-7.4791737	-23.79865	0.51997346	403.961905002594
36	210.10933	8.915647	222.0253	200.58197	157.34483	53.578262	207.60468	-27.872066	400.0	400.0	39599	24.410824	13.398258	40.41696	-7.1757393	-24.581882	0.5582691	417.07483291625977
37	117.569115	2.7664032	120.33552	114.80271	174.92575	43.18196	241.85835	61.99004	400.0	400.0	40699	25.156727	13.514936	41.069878	-6.649279	-25.326956	0.56608415	428.66644167900085
38	162.86293	22.800499	184.42793	131.31972	154.65424	70.027306	252.02611	-16.220943	400.0	400.0	41799	25.86774	13.592001	41.66822	-6.277957	-26.038685	0.5790997	440.9263072013855
39	177.22491	13.940504	196.62221	164.47418	156.83145	68.48313	253.77681	29.739948	400.0	400.0	42899	26.599277	13.653392	42.219444	-5.6146607	-26.768774	0.62632596	451.6953675746918
40	145.40057	35.289825	194.34743	112.48842	122.83601	73.6663	238.90254	-29.895275	400.0	400.0	43999	27.264202	13.692532	42.745815	-5.052841	-27.432526	0.62302387	462.9001450538635
41	183.02905	1.9298248	184.95888	181.09923	130.75491	67.80383	230.61745	-39.436684	400.0	400.0	45099	27.898787	13.781724	43.262802	-4.2928658	-28.066742	0.62377757	474.1083984375
42	69.888115	95.6804	193.22856	-39.97399	149.669	57.100357	257.37198	18.093939	400.0	400.0	46199	28.365356	13.941501	43.72978	-3.9105	-28.530952	0.6350111	487.0360987186432
43	172.68034	19.81166	193.70453	146.12953	130.4209	72.38937	228.00854	-56.394535	400.0	400.0	47299	28.971552	14.014022	44.186134	-4.14738	-29.137346	0.6318514	499.9159243106842
44	78.55026	82.89868	195.18518	9.961093	122.29405	56.093582	189.11035	-10.536348	400.0	400.0	48399	29.415546	14.084087	44.606316	-4.3420367	-29.57731	0.63506156	511.7472450733185
45	181.87053	16.993195	198.86372	164.87733	157.90121	69.2412	254.27591	-33.87094	400.0	400.0	49499	29.859825	14.181912	45.027393	-4.3823237	-30.020739	0.6456151	523.767637014389
46	157.91524	22.014868	176.82692	127.041115	173.87431	53.74549	251.68091	54.062355	400.0	400.0	50599	30.375984	14.251767	45.42864	-4.1872554	-30.536446	0.63725543	534.7856426239014
47	155.22556	19.290842	177.52618	130.46582	176.66269	50.645237	248.16957	21.335209	400.0	400.0	51699	30.960941	14.28994	45.763985	-3.5747714	-31.123508	0.65308315	547.520275592804
48	89.000916	84.264626	178.59917	-23.841621	144.27519	69.905815	264.8775	-42.27876	400.0	400.0	52799	31.433952	14.367364	46.16967	-3.7633238	-31.603533	0.66255784	559.0065279006958
49	94.60878	105.63525	200.24402	-11.026466	166.6041	49.466873	246.30275	23.374838	400.0	400.0	53899	31.842953	14.501564	46.52109	-3.8111873	-32.017044	0.6599507	570.0201835632324
50	140.14539	19.010075	166.82457	123.93525	171.39621	67.21552	247.88602	-45.77953	400.0	400.0	54999	32.309544	14.488434	46.841526	-3.9240456	-32.487663	0.6996228	582.6903567314148
51	67.41867	106.81533	176.45071	-77.641716	161.66844	65.001015	261.90213	-57.251842	400.0	400.0	56099	32.775314	14.501665	47.192894	-3.8668778	-32.958035	0.66871524	595.4710793495178
52	91.91999	117.78068	195.28061	-72.87914	140.44589	57.987915	233.90096	-7.3817487	400.0	400.0	57199	33.09107	14.549528	47.570698	-3.8799348	-33.27633	0.64298594	605.3791983127594
53	166.74765	23.41153	190.15918	143.33612	140.8794	73.91873	258.25693	-20.136505	400.0	400.0	58299	33.56335	14.550197	47.911896	-4.5352316	-33.749607	0.6262021	617.3814191818237
54	56.621365	103.39409	198.21782	-45.77336	159.09723	55.156197	240.63533	37.236557	400.0	400.0	59399	33.875336	14.5551815	48.264336	-5.177654	-34.056	0.68822753	628.4802885055542
55	221.45862	41.072666	254.29236	163.5459	148.9411	53.352627	238.36847	-29.564655	400.0	400.0	60499	34.291195	14.550679	48.62967	-5.963015	-34.466682	0.65570694	640.2354915142059
56	190.6042	2.3020384	193.05786	187.52434	143.37424	54.0219	225.22437	-25.33455	400.0	400.0	61599	34.76524	14.551348	49.049843	-6.118713	-34.935345	0.6025293	650.7172496318817
57	155.9481	38.629578	194.57768	117.31853	169.7681	50.168056	240.90147	32.343197	400.0	400.0	62699	35.19613	14.554842	49.43688	-6.5749927	-35.362736	0.63010067	663.4135203361511
58	150.22581	25.193178	183.45854	122.48589	144.89291	54.95759	236.76344	4.915883	400.0	400.0	63799	35.582516	14.524735	49.764713	-6.824397	-35.7466	0.647129	675.4362134933472
59	166.07117	33.438305	201.10593	121.04734	161.16983	56.517387	243.78275	43.51432	400.0	400.0	64899	35.934814	14.516513	50.120247	-7.0783224	-36.098347	0.64544535	687.4395961761475
60	120.858864	87.02241	194.41663	-1.3676133	131.47562	68.95902	217.36035	-50.29358	400.0	400.0	65999	36.26995	14.527906	50.44007	-7.1188	-36.434357	0.6603977	699.5491697788239
61	178.97993	14.483505	193.46344	164.49643	85.83644	80.11164	224.93875	-84.67444	400.0	400.0	67099	36.586517	14.540004	50.78355	-7.151911	-36.75234	0.6780721	712.5160226821899
62	193.8289	39.25577	225.58026	138.5145	158.40555	42.010704	240.79236	38.49835	400.0	400.0	68199	37.00183	14.56267	51.08391	-7.207966	-37.16757	0.68145794	723.6976311206818
63	132.74124	108.66327	221.05904	-20.328327	109.4492	87.09236	214.29897	-77.64383	400.0	400.0	69299	37.331715	14.613515	51.377182	-7.333623	-37.496716	0.7085272	735.5276417732239
64	163.82751	39.743374	213.89067	116.669846	105.51213	103.08976	247.5253	-60.305435	400.0	400.0	70399	37.538242	14.729664	51.64168	-7.6799865	-37.706104	0.710596	747.5200645923615
65	195.78577	1.8077011	197.59346	193.97806	70.064545	106.890205	246.99536	-105.12243	400.0	400.0	71499	37.91993	14.764286	51.889748	-7.594226	-38.09116	0.7131211	760.6153848171234
66	54.183247	96.97396	179.13669	-57.241417	101.15602	92.47075	247.2883	-64.37587	400.0	400.0	72599	38.073933	14.917888	52.15145	-7.7437973	-38.244255	0.73241824	772.5313603878021
67	120.14172	60.171036	195.41762	48.138317	127.31466	58.138386	214.48953	-29.80469	400.0	400.0	73699	38.304173	15.044502	52.41457	-7.913913	-38.47255	0.69876	784.5889399051666
68	164.55904	24.326433	196.91077	138.2497	155.54709	54.27256	227.97826	-11.068608	400.0	400.0	74799	38.544155	15.09179	52.656185	-8.2185955	-38.709244	0.75717485	797.5594856739044
69	89.48576	22.148788	111.63455	67.336975	169.40387	31.276632	223.09482	88.54885	400.0	400.0	75899	38.86903	15.037098	52.839657	-8.637163	-39.034084	0.77853686	810.4168257713318
70	164.54872	30.916094	200.94022	125.366035	146.05115	77.44008	220.99675	-51.661396	400.0	400.0	76999	39.098366	15.014585	53.02126	-8.910562	-39.265633	0.7402425	823.2792463302612
71	167.92169	17.357346	191.2967	149.744	162.83382	59.12917	221.18085	-8.946874	400.0	400.0	78099	39.403217	14.980764	53.226677	-9.565491	-39.57065	0.7593055	835.9717066287994
72	187.63951	15.677624	200.44745	165.56233	105.12964	105.001854	225.38666	-74.79106	400.0	400.0	79199	39.72057	14.931201	53.372574	-10.308224	-39.89193	0.8017354	846.2420828342438
73	54.7437	113.36633	168.11003	-58.62263	128.94348	76.58672	220.3276	-57.03829	400.0	400.0	80299	39.9132	14.9486065	53.579018	-10.857525	-40.086464	0.7517641	856.3013460636139
74	168.07066	25.889402	204.56642	147.28584	144.71349	76.63427	254.84813	-60.782623	400.0	400.0	81399	40.250443	14.866973	53.74545	-11.287163	-40.428352	0.76637137	867.4453732967377
75	120.71987	113.45907	205.6458	-39.641914	107.451675	114.21962	265.06232	-92.14234	400.0	400.0	82499	40.448887	14.942915	53.883587	-11.655235	-40.628887	0.79367405	879.1027753353119
76	106.25352	130.63022	210.98445	-77.90708	164.3173	64.48568	234.50429	-23.148962	400.0	400.0	83599	40.70305	14.959544	54.048904	-11.894148	-40.88277	0.77943003	892.0050051212311
77	168.13892	8.084885	176.2238	160.05403	154.02966	80.64099	231.926	-63.970905	400.0	400.0	84699	40.99004	14.944388	54.17169	-12.227933	-41.168274	0.7601913	901.6840393543243
78	80.16679	102.176636	194.04495	-53.804237	103.58716	114.90304	255.62515	-61.29349	400.0	400.0	85799	41.143078	15.01481	54.332035	-12.328195	-41.322433	0.7236607	912.8814663887024
79	91.620705	50.313972	158.57065	37.276546	81.178604	94.852135	245.47153	-75.002815	400.0	400.0	86899	41.32806	14.987536	54.465527	-12.268389	-41.50969	0.7725871	923.964911699295
80	112.38058	57.95528	160.22003	30.826117	108.81045	86.05876	235.69482	-67.668304	400.0	400.0	87999	41.57191	14.876737	54.594585	-12.225412	-41.7462	0.73428756	935.2368369102478
81	-23.514565	59.085495	35.57093	-82.60006	112.23726	95.25378	266.49014	-55.602974	400.0	400.0	89099	41.64013	14.879143	54.770134	-12.141343	-41.811165	0.73818445	948.0632357597351
82	141.01369	60.03621	218.87973	72.76891	148.95622	73.114975	233.83095	-38.04443	400.0	400.0	90199	41.70147	14.907745	54.885223	-11.963989	-41.873543	0.7333697	959.4336280822754
83	137.71199	55.806347	189.38667	60.214043	106.26205	111.67886	243.60881	-99.93251	400.0	400.0	91299	41.89116	14.843131	54.988308	-11.610283	-42.06142	0.7732565	971.1591200828552
84	181.72362	24.305872	214.8767	157.28464	135.37846	67.169655	232.68584	-3.4058683	400.0	400.0	92399	41.98663	14.815301	55.089096	-10.910944	-42.150467	0.79480755	982.243577003479
85	77.97037	90.53854	168.50891	-12.568177	98.9977	96.14692	255.15175	-111.03556	400.0	400.0	93499	42.15663	14.7792635	55.209255	-10.606951	-42.31977	0.7753046	993.5025200843811
86	30.615593	121.115776	201.25558	-67.55123	108.86742	103.413956	238.79301	-81.87928	400.0	400.0	94599	42.12257	14.864129	55.2674	-10.178486	-42.28401	0.80674726	1005.8017311096191
87	155.6452	6.405865	162.39154	147.03583	149.29782	85.97706	239.15463	-64.35601	400.0	400.0	95699	42.15584	14.924581	55.3603	-9.769138	-42.317337	0.8120665	1016.7388029098511
88	86.45638	81.56837	198.51239	6.707376	127.74314	95.94174	251.89944	-46.826897	400.0	400.0	96799	42.19195	14.949948	55.39228	-9.067282	-42.35162	0.82944137	1029.836077928543
89	85.05452	19.8172	104.87172	65.23732	90.628296	95.18526	245.82135	-67.18241	400.0	400.0	97899	42.221096	14.966353	55.449608	-9.390314	-42.378605	0.81295365	1042.8178882598877
90	189.0898	41.481476	232.84499	133.37167	140.13472	71.54864	210.69	-65.43728	400.0	400.0	98999	42.283974	14.899577	55.47546	-9.643488	-42.43962	0.8591476	1054.7375085353851
91	159.24237	59.296627	241.81224	105.27682	143.79205	59.798805	229.55763	-43.45958	400.0	400.0	100099	42.361645	14.812078	55.477192	-9.942503	-42.519684	0.8781692	1066.533716917038
92	201.8715	45.926445	262.07037	150.65503	157.6481	56.261818	210.59631	-3.679159	400.0	400.0	101199	42.51361	14.729878	55.478138	-10.218118	-42.674206	0.86702615	1078.4877798557281
93	74.44879	93.025894	167.47469	-18.5771	150.52673	67.43687	229.00557	-56.53107	400.0	400.0	102299	42.615547	14.565782	55.51323	-10.620237	-42.780933	0.89051545	1089.9639041423798
94	118.786255	9.888445	127.983665	105.06462	181.46523	38.10659	243.65848	57.211617	400.0	400.0	103399	42.739227	14.411752	55.488377	-11.138037	-42.906845	0.87239444	1101.2924530506134
95	172.0108	49.31459	224.26692	105.884415	126.69429	99.93566	241.2407	-85.50895	400.0	400.0	104499	42.88931	14.230506	55.503475	-11.564262	-43.05885	0.82990336	1112.628954410553
96	204.83104	29.35901	244.32735	173.99422	153.76479	69.97404	239.49689	-91.68943	400.0	400.0	105599	43.107693	14.041459	55.52948	-11.93896	-43.272137	0.8345755	1124.0670294761658
97	160.89539	10.777222	171.6726	150.11816	144.02731	81.31312	215.22276	-87.63763	400.0	400.0	106699	43.24211	13.946054	55.53947	-11.768389	-43.403316	0.90048015	1135.5484642982483
98	90.305565	89.02321	166.8602	-34.529476	162.41045	52.172718	251.16443	33.135166	400.0	400.0	107799	43.286743	13.829741	55.526043	-11.217476	-43.448723	0.86480594	1148.1758546829224
99	168.86589	3.1229682	172.92644	165.33118	152.99232	55.204967	221.11864	-30.620708	400.0	400.0	108899	43.418713	13.710601	55.565117	-9.916251	-43.578415	0.8752798	1160.1203315258026
100	188.43361	26.997566	222.73293	156.75912	157.63908	49.847057	221.8381	62.765526	400.0	400.0	109999	43.558613	13.6113615	55.558823	-7.395281	-43.716053	0.88357586	1172.1051709651947
101	219.08084	7.2195435	226.30038	211.8613	156.81532	60.297546	234.47966	-12.485737	400.0	400.0	111099	43.64254	13.586686	55.617447	-7.4121723	-43.795372	0.83306193	1185.1969327926636
102	169.9311	41.745117	225.28703	124.48313	160.9218	58.731777	240.75204	-0.66471934	400.0	400.0	112199	43.800354	13.5076065	55.632805	-7.5758767	-43.951202	0.82090044	1197.9784405231476
103	172.65022	18.406338	186.48958	146.63751	170.18146	59.81357	250.25607	-16.224691	400.0	400.0	113299	43.851753	13.496397	55.66883	-7.716192	-44.000206	0.7791169	1210.7361216545105
104	169.09613	25.852327	189.72694	132.64088	162.72812	41.470676	223.49841	43.189957	400.0	400.0	114399	43.93819	13.4261265	55.6979	-7.6592703	-44.08739	0.83773977	1222.5755858421326
105	153.72482	24.385002	178.10983	129.33983	138.27673	67.80805	242.6608	-91.528305	400.0	400.0	115499	43.98837	13.373597	55.748955	-7.6047735	-44.135338	0.8163938	1232.58274435997
106	143.97638	21.398445	162.50378	113.99091	153.03728	73.79517	242.12567	-21.148687	400.0	400.0	116599	44.033916	13.322831	55.767227	-7.8997545	-44.176014	0.8000806	1245.6224234104156
107	133.64557	86.19551	198.06654	11.813914	154.47423	57.59852	211.7535	-2.337025	400.0	400.0	117699	44.034992	13.254988	55.770237	-7.6234674	-44.17314	0.79817	1256.8071703910828
108	139.4896	45.84608	188.78827	78.37075	151.2095	67.86083	235.74765	-66.03598	400.0	400.0	118799	44.044403	13.185804	55.80176	-8.115188	-44.18098	0.8233539	1267.6043031215668
109	209.46278	1.1023254	210.56511	208.36046	172.89381	39.48924	238.9075	55.792587	400.0	400.0	119899	44.065643	13.13021	55.840782	-8.709545	-44.201324	0.78384054	1279.9653735160828
110	177.88008	19.997515	206.14404	162.90382	145.63521	68.94431	236.38591	-87.91763	400.0	400.0	120999	44.11973	13.064967	55.88574	-8.936733	-44.25293	0.7981959	1291.9357788562775
111	181.58296	33.831203	229.06207	152.73196	149.11234	59.6808	233.61316	-64.89638	400.0	400.0	122099	44.133923	13.057222	55.890717	-8.642616	-44.2653	0.8328658	1303.7203793525696
112	154.63748	58.882687	216.57854	75.467	135.97229	77.55328	219.5669	-84.272934	400.0	400.0	123199	44.16568	12.990348	55.916897	-7.8403225	-44.29829	0.8181118	1314.743783712387
113	164.42679	9.821754	174.24854	154.60503	170.0633	36.456562	229.42569	87.02294	400.0	400.0	124299	44.183613	12.951374	55.96274	-5.7269144	-44.31809	0.75517976	1327.244865179062
114	124.2345	32.859135	169.71332	93.228195	140.57611	73.37531	249.23607	-106.22776	400.0	400.0	125399	44.2342	12.848561	56.000458	-5.3141236	-44.370895	0.83309346	1338.5367052555084
115	125.94672	23.31126	146.11311	93.27791	156.02013	59.46197	222.13452	-61.20032	400.0	400.0	126499	44.23023	12.795138	56.030254	-5.1842732	-44.366997	0.8222339	1349.8412585258484
116	99.9174	132.8944	246.50667	-75.235306	166.0426	45.174072	219.55821	75.788475	400.0	400.0	127599	44.19528	12.766364	56.128372	-5.0926094	-44.332535	0.8559716	1360.9552400112152
117	158.82123	2.2326279	161.05386	156.58861	160.66055	67.180626	226.62677	-73.71757	400.0	400.0	128699	44.22914	12.717776	56.14113	-4.807563	-44.3649	0.8587376	1373.9497652053833
118	153.72296	33.628433	192.29288	110.34281	121.50264	88.20982	219.34283	-74.14673	400.0	400.0	129799	44.287647	12.677851	56.20399	-5.0880556	-44.420006	0.80043656	1385.528157711029
119	171.27312	24.015516	200.93695	142.11778	154.67584	56.43249	210.6669	-21.978956	400.0	400.0	130899	44.332157	12.63096	56.22219	-5.3365126	-44.46204	0.83188576	1397.265201807022
120	45.120068	80.641754	122.5844	-66.09725	152.37791	54.09477	212.70334	-42.921566	400.0	400.0	131999	44.3075	12.639881	56.291862	-4.662683	-44.436462	0.8332979	1407.9605123996735
121	178.68234	45.8404	224.52275	132.84195	155.03433	41.294945	232.93216	48.050922	400.0	400.0	133099	44.253483	12.70252	56.309826	-4.6846943	-44.378437	0.78859377	1419.3124105930328
122	167.87021	49.822792	220.45493	100.96256	154.40633	79.55338	246.86996	-57.90001	400.0	400.0	134199	44.22841	12.725709	56.40399	-5.4959126	-44.353024	0.8060259	1434.4956259727478
123	157.80138	36.525047	185.1909	106.17931	148.30139	51.381535	201.06258	-50.69879	400.0	400.0	135299	44.235485	12.734405	56.477013	-6.2870073	-44.359894	0.84370303	1448.402755022049
124	192.91548	15.2513075	213.07414	176.1935	152.24759	56.350002	219.23442	-31.81205	400.0	400.0	136399	44.241386	12.772141	56.58526	-7.4400406	-44.364086	0.82086426	1461.8322322368622
125	189.0008	27.837898	216.83868	161.16289	155.66907	27.927835	204.6549	107.538475	400.0	400.0	137499	44.282406	12.800561	56.69277	-8.99581	-44.401085	0.8215288	1475.0414605140686
126	112.4719	62.73219	161.80902	23.948994	146.31787	56.37458	208.82637	-56.14397	400.0	400.0	138599	44.224804	12.866993	56.76304	-9.901112	-44.346996	0.8312703	1487.1439349651337
127	146.30739	9.419445	159.62141	139.2739	149.43683	50.943813	208.25215	-36.27069	400.0	400.0	139699	44.240982	12.938031	56.867157	-10.677609	-44.36516	0.8261438	1500.5256564617157
128	161.05855	35.69398	198.50757	113.02075	131.37605	85.86991	207.89081	-74.226776	400.0	400.0	140799	44.258926	13.050687	56.98334	-11.163236	-44.387466	0.86395055	1516.8139142990112
129	144.48462	1.3707047	145.85532	143.1139	102.83769	97.7433	198.01482	-96.54752	400.0	400.0	141899	44.334938	13.070202	57.07585	-11.659382	-44.466385	0.87713367	1530.243671655655
130	155.0934	13.131379	172.40282	140.61308	113.65993	113.33941	245.5583	-106.82998	400.0	400.0	142999	44.391315	13.124569	57.14188	-11.9562	-44.524548	0.8468433	1545.0144264698029
131	191.04285	22.684147	216.78108	161.59021	162.53908	56.320293	245.2251	45.961273	400.0	400.0	144099	44.50702	13.10277	57.209167	-11.931738	-44.64446	0.8543201	1557.8427176475525
132	60.340527	132.60658	229.81511	-93.93475	158.50923	58.077473	241.77295	14.646294	400.0	400.0	145199	44.516487	13.220444	57.262638	-11.231358	-44.652996	0.85132706	1570.1482133865356
133	148.26935	13.761642	162.03099	134.5077	151.13745	91.25294	259.90176	-127.20122	400.0	400.0	146299	44.579845	13.24039	57.321148	-10.66857	-44.721344	0.9112812	1581.163114786148
134	181.08342	40.591515	238.28719	148.32191	146.56621	99.457245	253.54106	-116.679855	400.0	400.0	147399	44.714367	13.213607	57.31613	-11.446695	-44.84929	0.89128596	1593.0583622455597
135	208.91667	40.88422	262.27313	162.94867	157.64334	47.61589	236.23845	67.39791	400.0	400.0	148499	44.769623	13.252813	57.37131	-12.12155	-44.907074	0.8400546	1606.2487335205078
136	165.68234	48.19087	211.93768	99.20871	150.15378	66.27315	277.397	34.884445	400.0	400.0	149599	44.925957	13.202715	57.40366	-12.890732	-45.064644	0.8927975	1617.092008113861
137	226.59769	26.086496	252.68417	200.51118	135.92331	78.336845	243.36554	-72.669846	400.0	400.0	150699	45.011322	13.15409	57.402885	-12.651909	-45.149384	0.88777405	1630.3468480110168
138	105.34833	128.35167	215.6199	-74.65282	165.73134	61.417187	248.95024	-14.451698	400.0	400.0	151799	45.088608	13.187428	57.445927	-12.640934	-45.229767	0.90704507	1644.1610543727875
139	183.02971	54.0941	238.68808	109.74872	129.07315	82.959404	225.42908	-83.78718	400.0	400.0	152899	45.167458	13.185698	57.49935	-12.652006	-45.304604	0.9111465	1656.1044251918793
140	217.31042	30.773674	241.98398	173.92625	162.69518	46.671196	231.20348	48.378487	400.0	400.0	153999	45.276867	13.166094	57.55743	-13.13614	-45.4138	0.8808497	1670.88037109375
141	45.6523	120.57864	166.23094	-74.92634	150.70291	68.5591	251.0889	23.308891	400.0	400.0	155099	45.363327	13.126772	57.60679	-12.999261	-45.50017	0.8940795	1684.8759291172028
142	160.6488	11.68629	170.92572	144.3013	133.97815	80.829414	237.05441	-50.161133	400.0	400.0	156199	45.387543	13.104214	57.628166	-12.398862	-45.517967	0.9267779	1700.436543226242
143	154.05807	22.621023	184.33408	129.97084	142.1917	85.71762	239.04083	-45.465298	400.0	400.0	157299	45.463284	13.064077	57.639244	-12.606398	-45.5967	0.91936624	1714.7570588588715
144	179.57729	23.924738	207.45607	149.03459	176.48587	38.38806	239.30128	64.77458	400.0	400.0	158399	45.530357	13.053246	57.67238	-12.550282	-45.66388	0.9125908	1729.4448919296265
145	199.38669	16.850716	216.23741	182.53598	164.05103	47.465977	248.15504	45.892708	400.0	400.0	159499	45.58759	13.046124	57.664726	-11.234128	-45.71654	0.9600714	1744.5163745880127
146	182.02602	51.18479	249.2285	125.128975	141.38066	74.89276	243.96658	-43.11785	400.0	400.0	160599	45.66047	13.010353	57.66443	-10.888977	-45.7867	0.960686	1758.8497059345245
147	196.24438	27.339598	224.47289	159.24905	153.67569	66.6946	245.53455	-57.735214	400.0	400.0	161699	45.743576	12.999288	57.664043	-11.495319	-45.86961	0.95114577	1773.4845612049103
148	79.87476	59.929783	133.34984	-3.8073165	133.1571	74.474754	240.30727	-81.09584	400.0	400.0	162799	45.709038	13.051502	57.650497	-11.830408	-45.8347	0.9856866	1796.059583902359
149	97.78283	108.65095	206.43378	-10.868115	168.51225	55.433464	250.27141	60.018047	400.0	400.0	163899	45.71903	13.065342	57.64489	-12.121818	-45.846237	0.93913394	1812.9532816410065
150	117.06147	79.194916	227.23672	44.543636	148.30147	78.06836	249.90227	-96.30055	400.0	400.0	164999	45.71708	13.091617	57.66141	-12.6339245	-45.841965	0.9787519	1831.1981678009033
151	86.116425	46.28563	135.10341	24.02312	140.31409	81.61953	234.79951	-64.70368	400.0	400.0	166099	45.71426	13.099613	57.607197	-12.822687	-45.840508	1.0170823	1849.6945514678955
152	72.226204	111.5556	210.18317	-63.03113	151.9365	80.94811	239.60406	-81.899956	400.0	400.0	167199	45.612106	13.163849	57.61073	-13.056467	-45.738617	1.0448524	1868.5182700157166
153	69.45057	98.35972	167.81029	-28.909151	144.6948	68.02945	240.62338	-11.492351	400.0	400.0	168299	45.590496	13.2003765	57.59238	-13.004139	-45.720387	1.0477834	1889.7887997627258
154	137.95581	9.884016	150.0963	125.88581	157.69284	55.106346	237.46901	37.6874	400.0	400.0	169399	45.61289	13.208992	57.59841	-13.062595	-45.740334	1.0427389	1909.4176969528198
155	131.45395	77.23202	192.28021	22.476824	135.65665	81.19034	246.12845	-86.58762	400.0	400.0	170499	45.680405	13.200134	57.636314	-13.264152	-45.81001	0.9973823	1927.8832349777222
156	151.77925	14.6274805	167.36778	132.20819	192.05573	40.54767	267.1135	126.01674	400.0	400.0	171599	45.69406	13.218932	57.703194	-13.576883	-45.821304	1.0372701	1947.3013122081757
157	174.43687	6.8153687	181.25224	167.6215	157.61652	64.70637	230.73862	-9.059952	400.0	400.0	172699	45.685738	13.222598	57.743523	-13.868565	-45.813374	1.0183969	1967.2599165439606
158	47.83078	99.074295	150.60773	-86.027374	140.07648	64.323494	210.73766	-41.864655	400.0	400.0	173799	45.674686	13.258191	57.804443	-14.070967	-45.802933	1.0087962	1987.398191690445
159	145.43881	48.21279	191.52885	78.879524	142.63301	94.886024	241.0173	-95.02787	400.0	400.0	174899	45.70819	13.240336	57.83235	-14.360476	-45.83784	1.0081042	2008.4290125370026
160	116.51608	86.91313	219.03563	6.535382	151.09338	54.787254	236.17111	42.26537	400.0	400.0	175999	45.720867	13.246862	57.875355	-14.732389	-45.85144	1.000678	2027.7049825191498
161	70.40717	111.63551	182.04268	-41.228336	120.30331	74.21905	254.05223	-59.747112	400.0	400.0	177099	45.67973	13.29001	57.92572	-14.978458	-45.811092	1.0112258	2047.3619377613068
162	185.98706	25.190233	220.52835	161.16684	176.31645	46.821255	241.62119	29.72416	400.0	400.0	178199	45.722076	13.282392	57.96811	-15.121059	-45.855545	1.0237862	2066.5717222690582
163	168.81554	33.79394	214.96643	134.98755	172.16858	75.243065	258.32333	-40.063297	400.0	400.0	179299	45.79344	13.276662	57.984364	-15.36646	-45.927258	1.0178396	2087.4867391586304
164	153.39014	34.091354	201.50204	126.639015	149.69919	66.11267	230.62364	-13.593994	400.0	400.0	180399	45.83957	13.255423	58.003143	-15.444137	-45.97047	1.0288328	2106.4892020225525
165	163.51491	12.11586	175.63077	151.39905	162.32246	65.59195	225.07196	-18.747858	400.0	400.0	181499	45.887943	13.234211	58.059498	-15.78096	-46.02175	1.0383245	2124.7804358005524
166	109.71273	100.38372	244.87143	4.524438	148.20454	63.326626	224.79532	-45.490948	400.0	400.0	182599	45.910965	13.241464	58.071434	-16.206232	-46.0385	1.0916351	2148.574474811554
167	156.96849	11.306675	170.43993	142.77277	155.75461	78.35368	230.14009	-122.8648	400.0	400.0	183699	45.92989	13.210011	58.083755	-16.558588	-46.055824	1.07875	2173.0413613319397
168	148.86092	21.91809	179.58781	129.96227	150.40303	84.952194	246.46352	-64.66273	400.0	400.0	184799	45.969376	13.214232	58.110245	-17.053823	-46.09553	1.0622312	2193.2307019233704
169	215.78313	8.310455	224.09358	207.47267	114.31339	93.53125	222.23354	-73.08639	400.0	400.0	185899	45.999847	13.229127	58.11679	-17.542358	-46.124607	1.0858259	2215.1288578510284
170	152.4267	55.548466	230.70781	107.58539	133.04526	99.86907	268.55313	-106.225655	400.0	400.0	186999	46.0446	13.217989	58.098053	-17.584843	-46.167465	1.0437319	2235.341010570526
171	177.72742	21.019783	199.04543	149.12674	104.48903	123.731705	236.22263	-95.42552	400.0	400.0	188099	46.042606	13.2609005	58.05743	-17.844963	-46.16641	1.0812056	2253.4625589847565
172	66.7974	69.71805	161.97433	-3.0828164	108.633644	105.2551	236.91164	-91.38011	400.0	400.0	189199	46.065342	13.252057	58.07405	-18.451027	-46.186142	1.1191005	2270.6037125587463
173	152.23228	29.749695	181.98198	122.48259	130.2937	103.412155	296.37842	-61.40403	400.0	400.0	190299	46.05062	13.2662325	58.012512	-19.017471	-46.16985	1.1116323	2288.6142041683197
174	138.1032	58.274506	206.90283	64.41171	141.2165	80.338684	256.65396	-30.576633	400.0	400.0	191399	46.017475	13.301883	58.0039	-19.413357	-46.13471	1.0867723	2307.720857858658
175	98.30955	102.2539	191.3759	-44.076527	113.107506	107.44927	238.67752	-90.04386	400.0	400.0	192499	45.95539	13.362144	58.23544	-19.762913	-46.07206	1.069031	2327.130432844162
176	170.83893	39.151257	220.72362	125.09106	128.76114	94.1479	222.551	-105.413704	400.0	400.0	193599	45.915043	13.388446	58.166626	-19.875744	-46.03285	1.1704128	2347.964246034622
177	152.79712	41.481598	194.27872	111.31552	153.01074	78.316444	250.59915	-48.216072	400.0	400.0	194699	45.896053	13.427259	58.14628	-20.088074	-46.01323	1.059494	2368.859918832779
178	71.98766	91.13203	168.84375	-50.072876	155.67865	78.22821	260.19812	-84.66359	400.0	400.0	195799	45.91757	13.420322	57.997673	-20.227316	-46.037003	1.0850853	2389.0736451148987
179	145.01218	97.1352	226.78139	8.533542	178.19164	64.77188	269.26422	-38.202484	400.0	400.0	196899	45.89951	13.479232	58.19566	-20.289957	-46.018955	1.1148883	2409.0754578113556
180	191.88664	49.517136	257.85486	138.55394	174.08157	55.545013	245.26718	20.455593	400.0	400.0	197999	45.86691	13.516919	58.108147	-20.378487	-45.98856	1.1163208	2427.29354095459
181	176.81096	20.692413	197.50337	156.11855	186.74823	47.96137	303.7262	96.79489	400.0	400.0	199099	45.904137	13.5234165	58.04384	-20.437708	-46.0255	1.1207597	2446.4459075927734
182	184.32195	16.045372	206.62178	169.53624	173.41292	33.98203	233.2668	81.86567	400.0	400.0	200199	45.892464	13.529093	58.443176	-20.42158	-46.014297	1.1287031	2466.568020105362
183	154.92354	29.09495	195.35999	128.1141	186.55273	48.918427	256.3184	45.368607	400.0	400.0	201299	45.907578	13.5318985	58.28555	-20.335052	-46.02843	1.0879598	2486.528751373291
184	162.8369	37.27992	195.11044	110.59608	185.46388	49.649254	256.031	37.9611	400.0	400.0	202399	45.949757	13.523611	58.37922	-20.316467	-46.069004	1.0462201	2508.1700024604797
185	162.29173	67.35088	229.64261	94.94085	174.6913	52.563435	265.67673	47.965176	400.0	400.0	203499	45.936	13.51856	58.480206	-20.61519	-46.053623	1.0662094	2524.4148445129395
186	161.81741	39.878937	211.73494	114.12817	191.41327	22.085949	225.79791	136.90587	400.0	400.0	204599	45.976162	13.479703	58.42364	-20.42379	-46.093952	1.0642514	2542.5617940425873
187	181.26534	17.320608	203.13588	160.77681	182.76315	47.939407	272.6069	62.944565	400.0	400.0	205699	45.982357	13.426805	58.36192	-20.371742	-46.101604	1.0752903	2559.962953567505
188	168.11304	35.807003	218.72517	141.38531	168.28238	53.83951	245.09528	-9.460498	400.0	400.0	206799	46.008255	13.405123	58.260765	-20.746244	-46.12746	1.0829151	2577.9159836769104
189	67.044556	122.85193	189.89648	-55.80737	172.96112	56.443657	286.57648	39.437267	400.0	400.0	207899	45.999443	13.426248	58.31459	-20.78214	-46.117348	1.0489866	2594.278745174408
190	114.97226	85.79201	197.03627	-3.4517744	182.32712	47.84341	257.32248	68.564644	400.0	400.0	208999	45.963497	13.4477625	58.2397	-21.203419	-46.08286	1.0529424	2610.7611021995544
191	179.25822	10.862838	188.80655	164.06178	186.724	52.70182	258.80975	-6.5832686	400.0	400.0	210099	46.00467	13.405411	58.3441	-21.090399	-46.12482	1.0583446	2627.044706583023
192	104.40403	78.60982	215.08727	40.05286	154.69637	70.71582	283.96432	-12.73978	400.0	400.0	211199	46.03852	13.392003	58.41872	-21.349909	-46.16034	1.088435	2645.081647634506
193	170.72643	18.065735	188.79216	152.66069	161.726	53.323875	231.7788	-13.535821	400.0	400.0	212299	46.06597	13.361873	58.423637	-21.444555	-46.187004	1.1284596	2663.6251459121704
194	155.14638	36.917213	207.26501	126.43068	129.02307	87.700554	226.79047	-62.15893	400.0	400.0	213399	46.11232	13.314573	58.320866	-21.535984	-46.23538	1.113112	2681.2376205921173
195	213.19806	14.99745	233.24748	197.18163	187.0413	28.160316	231.37851	138.93867	400.0	400.0	214499	46.181797	13.252273	58.37929	-21.584232	-46.300327	1.1150455	2698.9585642814636
196	127.10853	89.95404	215.82866	3.7918391	177.30817	38.529	248.49304	102.36979	400.0	400.0	215599	46.175064	13.242894	58.562355	-21.70721	-46.29475	1.0913945	2716.424680709839
197	163.90033	72.92048	236.8208	90.97984	167.98445	37.894203	229.99045	86.9527	400.0	400.0	216699	46.20527	13.264449	58.45137	-21.985851	-46.32291	1.0730313	2733.1852128505707
198	200.5236	26.076344	220.77158	163.70734	176.04947	44.914104	244.57251	39.233505	400.0	400.0	217799	46.274986	13.219695	58.307865	-21.920876	-46.39737	1.1099131	2752.379874229431
199	115.18502	46.28798	166.2868	54.203617	176.38101	52.155945	273.4192	11.3170595	400.0	400.0	218899	46.29755	13.2142515	58.35698	-21.864073	-46.420376	1.0715754	2772.6017258167267
200	175.85895	3.398983	178.90701	171.11597	167.70488	68.48576	248.53548	-70.53342	400.0	400.0	219999	46.367355	13.226258	58.35373	-22.021038	-46.487537	1.1033047	2788.2592096328735
201	84.135666	86.37855	170.51422	-2.2428854	169.40984	64.712364	272.33444	-14.021671	400.0	400.0	221099	46.391697	13.196174	58.435513	-22.273561	-46.507923	1.1141069	2807.060359954834
202	172.26562	26.282408	208.49736	146.96687	176.14272	36.595673	225.24092	105.56946	400.0	400.0	222199	46.38142	13.22137	58.51327	-22.621248	-46.501633	1.1539042	2825.800402402878
203	113.898254	41.28822	172.03514	80.12316	179.8775	35.85342	229.13751	98.47178	400.0	400.0	223299	46.39771	13.245251	58.477264	-22.861988	-46.517605	1.1391648	2841.829239845276
204	163.9655	40.635826	219.29953	122.86294	184.09888	42.97538	261.40897	98.47349	400.0	400.0	224399	46.43492	13.229606	58.33375	-22.91372	-46.552723	1.1358529	2857.5231280326843
205	64.421646	151.90259	216.32425	-87.48095	174.09604	64.66094	241.65248	-69.9299	400.0	400.0	225499	46.386585	13.324314	58.283573	-23.113432	-46.50283	1.1137778	2877.616771697998
206	187.41028	41.174564	245.5348	155.31947	164.8848	67.60052	256.64627	-69.92368	400.0	400.0	226599	46.38894	13.367044	58.356037	-23.187834	-46.501774	1.0879292	2893.3056523799896
207	165.02179	27.105759	202.45605	139.15694	177.89067	44.873856	275.76572	106.96337	400.0	400.0	227699	46.42873	13.359662	58.336853	-23.257797	-46.542385	1.0804434	2911.393470287323
208	209.5575	41.11722	267.3967	175.45064	187.3835	48.701023	271.47592	74.74622	400.0	400.0	228799	46.45597	13.377572	58.169086	-23.228704	-46.56809	1.1697016	2927.841824531555
209	166.86307	32.539963	199.40303	134.3231	177.15532	59.028137	256.15906	-22.837648	400.0	400.0	229899	46.430267	13.4006	58.381824	-23.212961	-46.54108	1.1509153	2943.5650906562805
210	163.057	25.214506	188.37193	128.65045	170.81822	39.214695	246.06583	79.905205	400.0	400.0	230999	46.420555	13.471124	58.32969	-23.072998	-46.5312	1.1070567	2960.338351249695
211	150.51312	58.54317	232.47835	99.41956	184.0322	41.23937	245.02658	98.87941	400.0	400.0	232099	46.45377	13.441197	58.234394	-23.263554	-46.56391	1.1327701	2977.6913800239563
212	224.98083	44.26573	269.68857	164.67838	168.74507	62.327053	272.78275	-55.89041	400.0	400.0	233199	46.44066	13.457904	58.16543	-23.34716	-46.550285	1.1330415	2993.858681201935
213	189.26572	20.585701	209.85141	168.68001	173.7883	64.36457	263.6029	-56.70989	400.0	400.0	234299	46.440308	13.463849	58.158493	-23.34867	-46.54906	1.1444347	3013.8508348464966
214	171.90529	13.70163	190.46654	157.80676	154.89426	54.88879	207.61824	-7.103426	400.0	400.0	235399	46.45122	13.501114	58.111523	-23.370922	-46.56221	1.1043142	3031.2043948173523
215	194.90102	35.774082	230.90492	146.11812	176.23863	64.64616	228.80894	-75.146194	400.0	400.0	236499	46.488304	13.508583	58.18881	-23.471083	-46.599773	1.1162074	3051.5359303951263
216	103.51104	104.43143	224.24715	-30.518257	156.7138	74.953445	257.8838	-53.87668	400.0	400.0	237599	46.541603	13.532509	58.084244	-23.572117	-46.65188	1.1091917	3070.335287809372
217	187.28683	8.806206	196.09305	178.48064	206.56836	34.235905	271.6642	110.32679	400.0	400.0	238699	46.502983	13.577112	58.39731	-23.785372	-46.61341	1.1222767	3088.85103058815
218	148.97704	9.801061	159.81245	136.07358	152.10684	99.708	267.97574	-87.58319	400.0	400.0	239799	46.50833	13.605197	58.133842	-23.600698	-46.616528	1.1222982	3112.148574590683
219	180.57329	7.758656	191.52748	174.5492	179.26956	51.264816	267.8023	65.73829	400.0	400.0	240899	46.52049	13.588387	58.40112	-23.681717	-46.628445	1.1048146	3132.647709608078
220	184.82314	33.362473	228.84914	148.11778	139.83313	54.06486	216.47592	-14.043944	400.0	400.0	241999	46.545113	13.612705	58.3729	-23.847404	-46.65251	1.1005944	3151.1597802639008
221	157.94136	15.494537	173.4359	142.44682	185.03079	58.405365	311.52066	67.09843	400.0	400.0	243099	46.597485	13.587936	58.438538	-23.920563	-46.705555	1.1138849	3173.6259150505066
222	208.56822	23.455484	229.29498	175.77628	189.43758	49.93205	265.99652	74.52793	400.0	400.0	244199	46.648506	13.587855	58.31323	-24.191328	-46.75486	1.1163985	3191.9407076835632
223	208.35059	21.980055	230.84564	178.52448	156.0471	43.066803	237.40752	63.109245	400.0	400.0	245299	46.644497	13.586709	58.34206	-24.349123	-46.75121	1.1116921	3210.5302228927612
224	192.18571	41.775562	249.42967	150.90895	179.7222	43.74919	244.04593	81.298004	400.0	400.0	246399	46.664295	13.628369	58.42386	-24.481192	-46.771988	1.0795581	3226.5817461013794
225	182.76704	4.728485	187.49553	178.03856	162.17014	66.25065	246.42836	-73.16555	400.0	400.0	247499	46.676003	13.629966	58.381126	-24.482822	-46.78359	1.0885834	3239.898493051529
226	87.997505	7.2596717	96.018005	78.43677	160.38773	87.31972	237.32726	-115.3006	400.0	400.0	248599	46.731453	13.556394	58.41617	-24.586267	-46.837326	1.1071113	3257.4884688854218
227	158.05586	26.236147	194.06622	132.30835	160.88191	65.78587	248.17686	-28.819313	400.0	400.0	249699	46.69658	13.569966	58.345856	-24.646149	-46.80759	1.0718052	3275.9948184490204
228	202.40065	25.641596	238.52313	181.58047	191.52449	37.713276	256.36945	110.45431	400.0	400.0	250799	46.724728	13.581555	58.435505	-24.686563	-46.837452	1.1173791	3293.076879262924
229	191.6264	10.750839	202.37724	180.87556	189.0934	41.464684	249.30618	76.99195	400.0	400.0	251899	46.769352	13.572413	58.583225	-24.760984	-46.881577	1.1089116	3311.83926987648
230	150.91551	25.082298	183.82565	122.998566	169.7659	57.282608	253.40411	67.67713	400.0	400.0	252999	46.833893	13.49694	58.569664	-24.796856	-46.944695	1.0978003	3329.832354068756
231	170.9596	19.046095	195.39453	148.92729	186.39272	38.040718	247.76736	101.0267	400.0	400.0	254099	46.869625	13.50717	58.480526	-24.861408	-46.979694	1.0350246	3346.6141974925995
232	176.4358	32.125343	217.15913	138.63097	153.47746	48.2087	236.27153	46.98454	400.0	400.0	255199	46.87772	13.504256	58.47505	-24.915277	-46.98553	1.0698369	3362.3145933151245
233	127.87471	4.319889	132.1946	123.55482	186.54112	31.053438	250.74112	108.922134	400.0	400.0	256299	46.92267	13.476437	58.40462	-24.898127	-47.03677	1.1049778	3378.1294300556183
234	161.19397	21.110832	181.53519	132.0978	188.49736	44.207428	255.04933	75.5565	400.0	400.0	257399	46.917305	13.455763	58.303238	-24.960644	-47.0287	1.0367305	3395.1455821990967
235	139.90097	43.150932	200.83829	106.60611	190.03317	43.47348	253.26451	87.81967	400.0	400.0	258499	47.02147	13.426575	58.430702	-25.437454	-47.132664	1.0212632	3412.0811750888824
236	179.59935	31.277153	210.91345	136.88753	164.06572	64.15367	280.55078	-36.599743	400.0	400.0	259599	47.00769	13.463258	58.506348	-25.035625	-47.11667	1.0686177	3426.716984272003
237	203.65955	20.184578	223.84412	183.47496	158.20633	71.7858	237.9957	-82.517525	400.0	400.0	260699	47.02397	13.450162	58.41893	-25.263165	-47.132217	1.0204751	3442.035325050354
238	191.93121	13.188062	208.69319	176.46753	165.3474	49.763805	255.20218	34.66441	400.0	400.0	261799	47.0458	13.443381	58.399117	-25.13025	-47.153835	1.0770344	3457.949291944504
239	196.52403	11.454704	212.59981	186.75624	161.94217	59.083202	234.27101	-53.274918	400.0	400.0	262899	47.10559	13.408723	58.50819	-25.030704	-47.210186	1.0592916	3473.4043595790863
240	183.11324	20.534294	209.75024	159.77783	168.97708	39.55993	260.24133	108.08096	400.0	400.0	263999	47.157124	13.342212	58.453335	-25.319578	-47.26312	1.0376965	3489.6658380031586
241	204.14519	31.710342	235.85553	172.43484	176.53635	32.42829	248.02068	125.328575	400.0	400.0	265099	47.15623	13.346309	58.44218	-25.579016	-47.262245	1.0968089	3507.376184463501
242	169.69392	17.121277	193.35585	153.41414	175.19972	42.458145	233.79922	99.91396	400.0	400.0	266199	47.173218	13.2765875	58.45642	-26.019077	-47.277103	1.0385478	3525.926835536957
243	162.80298	44.527397	224.14432	119.80493	176.66194	45.266598	241.54243	96.88078	400.0	400.0	267299	47.1777	13.264852	58.45323	-26.053528	-47.28321	1.1222166	3541.327650308609
244	160.06467	32.19244	187.42532	114.87124	169.5779	39.33253	253.1599	104.82807	400.0	400.0	268399	47.187943	13.280679	58.35974	-26.283558	-47.295433	1.0927277	3559.9506232738495
245	234.439	10.209747	244.64874	224.22925	157.78717	57.788418	259.68588	-5.1877475	400.0	400.0	269499	47.18866	13.268798	58.57778	-26.280396	-47.29218	1.04803	3577.5074927806854
246	186.88652	24.427492	205.14136	152.3598	187.38918	43.811985	264.96265	105.5509	400.0	400.0	270599	47.2128	13.223956	58.48127	-26.611744	-47.315083	1.0867667	3594.01869392395
247	170.84747	29.532223	208.52661	136.40533	193.82913	33.90829	241.2055	85.688416	400.0	400.0	271699	47.250675	13.183731	58.48442	-26.87755	-47.353424	1.0366087	3611.184630393982
248	174.7503	37.158237	226.04268	139.2086	197.72273	31.930426	257.5901	132.02087	400.0	400.0	272799	47.279766	13.142989	58.270912	-26.851042	-47.384235	1.0658641	3628.4488694667816
249	151.0448	83.970406	235.01521	67.074394	191.02292	33.775932	232.9403	120.43876	400.0	400.0	273899	47.304108	13.155143	58.27516	-27.127495	-47.412	1.0012697	3646.336286306381
250	130.91365	81.19961	205.63126	18.036478	160.25429	81.198006	233.43587	-105.57149	400.0	400.0	274999	47.25796	13.235403	58.146637	-26.920893	-47.363846	1.033673	3665.2383182048798
