Epoch	AverageEpRet	StdEpRet	MaxEpRet	MinEpRet	AverageTestEpRet	StdTestEpRet	MaxTestEpRet	MinTestEpRet	EpLen	TestEpLen	TotalEnvInteracts	AverageQVals	StdQVals	MaxQVals	MinQVals	LossPi	LossQ	Time
1	-25.851978	19.30006	-6.5519185	-45.15204	133.56184	51.273186	279.21448	46.184498	400.0	400.0	1099	0.37561047	0.02664872	0.51098174	0.19613777	-0.3900723	0.079808705	3.197876214981079
2	-34.913666	32.19212	-0.8753444	-78.11571	-127.60439	78.525604	-40.19503	-295.90085	400.0	237.5	2199	0.27531636	0.58585894	2.3212237	-2.7268538	-0.332946	0.0266343	10.431364297866821
3	-21.014791	62.211224	65.63655	-77.53186	-0.42507514	88.95419	183.96318	-151.94075	400.0	371.55	3299	0.78650254	1.2131307	3.8479044	-3.8983178	-1.0291349	0.015303483	18.784112215042114
4	-41.651062	50.063824	14.864747	-106.84204	-53.647346	65.488716	145.45558	-177.59572	400.0	356.95	4399	1.5740997	1.6460665	5.7934556	-4.891038	-1.7909876	0.015086625	26.490391969680786
5	-40.731575	16.669695	-24.061882	-57.40127	-15.085817	71.51714	210.87964	-102.48377	400.0	400.0	5499	2.2098362	2.137519	7.751791	-5.2155066	-2.404442	0.02104298	34.74436926841736
6	-91.94085	19.05599	-74.25223	-118.392845	-7.610836	41.4037	85.02835	-112.36845	400.0	400.0	6599	2.506295	2.5705917	9.777311	-5.754292	-2.688298	0.024196288	43.05969595909119
7	-20.548185	54.54024	48.909744	-84.32287	-55.217308	34.828125	6.370666	-146.56061	400.0	400.0	7699	2.792729	3.1110377	11.683553	-6.4682384	-3.007661	0.019970858	51.34213924407959
8	-80.21591	49.77969	-9.816979	-115.5513	-20.768345	42.12898	66.61756	-91.336494	400.0	400.0	8799	3.4775898	3.763205	13.097452	-6.922158	-3.8083642	0.02304083	59.68480205535889
9	-88.07318	0.49406815	-87.57911	-88.567245	-60.941517	32.19929	8.148557	-120.335556	400.0	400.0	9899	4.7074103	3.9689581	14.080685	-7.423205	-5.1409483	0.035820626	67.70442366600037
10	-18.631548	33.271656	27.158615	-50.904808	3.3273072	34.786842	65.94254	-50.254242	400.0	400.0	10999	6.4035945	3.851859	15.156062	-8.195933	-6.8677573	0.050492365	76.4461259841919
11	-8.192134	26.557444	22.843685	-42.027527	-0.49615002	31.521513	39.06258	-70.899895	400.0	400.0	12099	7.8376436	3.784384	16.23031	-6.4860935	-8.199527	0.035492435	85.7387855052948
12	-78.9139	20.176416	-50.396183	-94.0013	46.318333	33.597927	109.240204	-19.295574	400.0	400.0	13199	8.881353	3.8758109	17.228014	-5.719853	-9.263589	0.03130039	94.24474382400513
13	-27.388748	8.452625	-18.936123	-35.841373	35.935143	40.571697	79.382706	-96.21685	400.0	400.0	14299	9.950145	3.9178674	18.328629	-5.767788	-10.335982	0.032342725	103.85644006729126
14	-34.86364	19.591354	-13.060696	-60.5707	39.42472	77.227875	175.02324	-104.25915	400.0	400.0	15399	10.9526415	4.0636687	19.45913	-5.7927074	-11.334903	0.038450062	113.3391981124878
15	30.156525	69.752914	126.26926	-37.13419	54.077625	65.58997	128.39706	-104.614296	400.0	400.0	16499	11.616379	4.4588795	20.703144	-6.804758	-11.871524	0.046308894	121.46647524833679
16	91.93945	40.549904	129.2819	35.577404	67.33465	53.662796	182.61714	-9.911141	400.0	400.0	17599	12.13254	5.098321	21.874989	-10.121954	-12.382849	0.0585883	129.7694272994995
17	60.10508	31.10153	91.20661	29.003551	84.13722	79.04423	211.59673	-55.938488	400.0	400.0	18699	12.843619	5.6371574	22.878971	-12.595849	-13.101169	0.076511286	138.98182916641235
18	117.62255	13.695937	127.9365	98.26752	155.97267	53.81596	232.12354	11.8948965	400.0	400.0	19799	13.675918	6.0282865	23.937471	-14.223512	-13.960021	0.10415846	147.6209180355072
19	74.538635	125.564285	240.25867	-63.56846	159.5103	71.344284	241.32893	-25.732967	400.0	400.0	20899	14.636046	6.4517727	25.111782	-15.903278	-14.924698	0.1323552	157.02464985847473
20	161.42569	94.893486	254.98372	31.326015	150.85556	64.60676	258.42557	21.2103	400.0	400.0	21999	15.702998	6.9543	26.7035	-18.484587	-16.019281	0.13627914	166.41705131530762
21	168.6783	29.265701	197.944	139.4126	145.24495	54.48917	243.069	58.809135	400.0	400.0	23099	17.106354	7.361384	28.247738	-19.608463	-17.442394	0.15047419	174.70785689353943
22	112.63141	67.77193	183.77916	21.442348	173.1304	36.00261	236.25443	116.61104	400.0	400.0	24199	18.47769	7.663849	29.516556	-20.578306	-18.810963	0.16349232	183.08313989639282
23	148.62952	82.05226	241.6461	42.03964	156.28621	42.763214	222.38898	37.489735	400.0	400.0	25299	19.80899	7.8408303	30.837494	-21.908623	-20.152725	0.17835647	192.66166162490845
24	217.94508	15.882899	233.29314	196.06798	117.09465	73.72842	202.6253	-50.98654	400.0	369.35	26399	21.421474	7.85798	32.57386	-22.70021	-21.814022	0.22291836	201.11007595062256
25	137.73468	77.29162	215.0263	60.44307	118.20624	70.49337	229.40742	-0.6403284	400.0	400.0	27499	23.116201	7.898657	34.033546	-22.85521	-23.512468	0.20028055	209.11932706832886
26	172.17433	27.10219	209.7507	146.84357	79.40457	100.93795	199.48883	-179.65027	400.0	384.35	28599	24.786304	8.013834	35.60871	-22.740253	-25.164911	0.18721597	216.96079778671265
27	66.50718	51.64881	139.38484	25.821615	115.972885	85.85176	213.64763	-97.89398	400.0	400.0	29699	26.369665	8.038124	37.049534	-22.006369	-26.771679	0.27479076	225.21255922317505
28	98.697105	71.69567	150.11203	-2.6924815	112.26466	72.30071	254.42073	-63.90794	400.0	400.0	30799	27.712734	8.394669	38.45073	-16.063652	-28.070477	0.25070035	233.90538620948792
29	147.15366	10.195572	157.34923	136.95808	100.02473	98.4131	172.30156	-272.34717	400.0	400.0	31899	29.072998	8.6343155	39.736717	-15.174454	-29.442993	0.25660518	243.65615582466125
30	173.85008	30.55629	216.7686	148.02841	114.47935	81.569374	219.49756	-74.69464	400.0	400.0	32999	30.607014	8.484221	40.976562	-15.848138	-31.010618	0.27404812	252.54420471191406
31	49.831257	112.77643	198.11256	-75.174644	119.11904	137.73676	220.20787	-320.31732	400.0	369.55	34099	31.970348	8.352459	42.357136	-12.611794	-32.365604	0.27062106	260.6002061367035
32	178.09276	55.458218	248.60243	113.09385	51.302612	176.2293	238.01407	-322.49924	400.0	364.85	35199	33.1498	8.341709	43.710487	-7.3625526	-33.488834	0.2143167	268.5148448944092
33	166.81642	72.30475	239.12117	94.51167	113.82982	138.81331	264.6697	-295.36066	400.0	377.15	36299	34.211357	8.421382	44.91971	-5.629698	-34.54005	0.19988622	276.3941054344177
34	126.67223	95.90193	213.82574	-6.8987947	169.29813	98.715034	268.7706	-199.26802	400.0	400.0	37399	35.210537	8.640326	45.968395	-10.420086	-35.531578	0.18898001	285.75033926963806
35	154.59813	52.7077	204.4577	81.682205	158.65541	45.058006	256.03525	92.29103	400.0	400.0	38499	36.03891	8.978775	47.027637	-15.087324	-36.34318	0.1907115	293.42602610588074
36	127.789314	65.748405	203.54665	43.221256	163.53073	62.220448	248.42873	-10.134334	400.0	400.0	39599	36.861343	9.175365	47.9274	-20.742235	-37.157684	0.17453805	301.82843494415283
37	164.03284	47.02349	211.05634	117.00935	182.09402	42.515533	255.26399	74.40969	400.0	400.0	40699	37.68952	9.382749	48.86942	-6.766332	-37.99247	0.16140236	310.03555035591125
38	150.94637	35.87761	196.57996	108.92056	167.34314	65.46253	234.87471	-74.634315	400.0	400.0	41799	38.562428	9.665639	49.906353	-5.986168	-38.87727	0.16355538	318.3287980556488
39	67.201164	82.168846	169.09764	-32.12486	159.36455	62.202896	221.25404	-38.408993	400.0	400.0	42899	39.3061	10.0176735	51.024982	-6.075699	-39.634327	0.17049275	327.864417552948
40	118.781975	93.401375	187.3502	-13.274952	160.53053	59.38582	239.13846	24.706202	400.0	400.0	43999	40.218624	10.215543	51.99621	-5.899417	-40.5466	0.15820557	336.6046133041382
41	157.91522	34.56281	192.47803	123.35241	167.44736	55.261337	262.3742	-7.4877253	400.0	400.0	45099	40.976135	10.51586	52.739418	-7.6022606	-41.275867	0.15050143	344.65420722961426
42	144.00543	23.504034	163.60342	110.95567	152.01518	65.06081	233.90921	-19.804718	400.0	400.0	46199	41.664474	10.885232	53.75882	-7.9384384	-41.956627	0.14961001	352.64027881622314
43	162.14156	24.97539	196.46239	137.75511	149.68448	70.66437	261.92267	-43.73704	400.0	400.0	47299	42.309715	11.1966505	54.361195	-8.628797	-42.58741	0.15570809	360.63228368759155
44	138.10016	43.824417	185.47656	79.80738	173.7793	58.28174	275.4625	19.1762	400.0	400.0	48399	42.92725	11.417998	54.822433	-8.718983	-43.209988	0.16761696	369.7285032272339
45	88.12039	30.353289	118.47368	57.7671	148.20822	56.275436	248.83887	27.699764	400.0	400.0	49499	43.598064	11.494901	55.78081	-7.5699267	-43.893467	0.16678858	379.5614478588104
46	190.64555	29.921059	232.95642	168.99309	174.93706	52.487007	260.50064	58.719837	400.0	400.0	50599	44.300663	11.560649	56.59174	-6.9639883	-44.602077	0.16038416	389.22387433052063
47	150.0807	66.262375	206.19394	57.02768	143.4963	89.89763	263.3176	-88.21626	400.0	385.55	51699	45.10084	11.492082	57.323334	-7.11331	-45.419155	0.15778014	397.79191970825195
48	184.2928	39.974545	240.46095	150.65881	158.66864	54.617496	267.39764	28.825724	400.0	400.0	52799	45.91736	11.373038	57.866814	-7.4702687	-46.239986	0.16746527	405.8806993961334
49	193.36536	30.890251	224.25562	162.47511	139.65009	85.537254	275.76086	-62.645264	400.0	370.1	53899	46.743835	11.24359	58.45655	-2.3840158	-47.062492	0.165271	415.26022148132324
50	184.89355	36.078438	230.24304	141.96916	198.89798	42.9059	279.79068	138.30293	400.0	400.0	54999	47.512157	11.087226	59.062805	-3.6339853	-47.82112	0.16422561	424.8887150287628
51	237.6479	19.600622	265.0108	220.12837	186.33823	61.698586	267.67014	32.40382	400.0	400.0	56099	48.23137	10.944571	59.63329	-1.5838305	-48.53069	0.1594753	433.1427073478699
52	168.27083	71.89951	247.14313	73.25879	166.11043	67.99399	244.80167	-57.756523	400.0	384.75	57199	48.868748	10.863941	60.160393	-1.6095465	-49.155155	0.15053245	441.2373356819153
53	124.09004	92.498276	216.58832	31.591763	162.47205	73.461334	257.9985	-76.21856	400.0	386.15	58299	49.2991	10.933516	60.714394	-3.4141922	-49.56751	0.14374727	449.42204213142395
54	206.46234	16.768864	229.26091	189.40964	168.61537	42.110947	238.2177	81.38383	400.0	400.0	59399	49.709408	11.022436	61.220387	-5.161896	-49.968784	0.13086973	457.63475251197815
55	157.4328	30.714113	199.1204	126.022896	172.85556	62.549976	257.9822	58.6439	400.0	400.0	60499	50.08956	11.155467	61.78648	-6.706249	-50.354256	0.145437	465.9738652706146
56	152.43028	60.373997	217.18158	71.857315	195.03987	49.2305	272.01016	91.21774	400.0	400.0	61599	50.52127	11.286861	62.214996	-6.688056	-50.793934	0.14452028	474.30921959877014
57	198.48575	11.82518	210.31093	186.66057	180.41315	53.491104	247.52773	78.679146	400.0	400.0	62699	50.999702	11.306838	62.675674	-5.3724775	-51.276203	0.14894421	482.626305103302
58	183.60405	34.246037	221.38588	138.4722	172.1437	54.538055	258.42923	26.185486	400.0	400.0	63799	51.449623	11.301261	63.01335	-3.598064	-51.722805	0.15099533	490.97152733802795
59	133.63878	60.353016	204.43938	56.95669	203.92107	47.90453	272.987	67.10145	400.0	400.0	64899	51.877926	11.244037	63.33796	-0.5480095	-52.147778	0.15435167	499.342413187027
60	127.39657	64.51386	175.46889	36.205006	151.54834	64.31031	228.94696	-52.60898	400.0	385.15	65999	52.229546	11.211538	63.73768	1.9842588	-52.49115	0.14392982	507.46844148635864
61	181.3429	41.81977	223.16267	139.52313	175.31668	54.58693	263.47006	76.91865	400.0	400.0	67099	52.564556	11.250422	64.067726	-0.3485564	-52.815456	0.1490104	516.0196897983551
62	177.07674	38.643013	231.65912	147.44113	171.33138	51.16432	279.60977	82.401405	400.0	400.0	68199	52.824368	11.318543	64.45503	0.9729841	-53.072506	0.1495072	524.5614001750946
63	177.16411	48.949665	231.88216	113.0824	183.75302	66.64979	280.53308	58.70953	400.0	400.0	69299	53.117455	11.374327	64.78956	2.0102952	-53.367508	0.15118714	532.6486921310425
64	132.57332	131.08044	226.55045	-52.796425	179.01302	83.70133	267.59225	-55.032215	302.66666	385.0	70399	53.50184	11.369506	65.18548	1.2304976	-53.757977	0.15950423	540.373302936554
65	148.26819	60.139378	210.53185	66.96122	167.3707	58.531918	254.87744	31.332798	400.0	400.0	71499	53.783096	11.460439	65.50896	-0.5013411	-54.047787	0.17420463	548.4997706413269
66	214.322	28.955462	254.88127	189.16003	161.59412	94.07394	268.47696	-93.51259	400.0	387.55	72599	54.162327	11.470836	65.91296	-1.6732769	-54.43074	0.1871895	556.7078549861908
67	151.35046	44.39367	195.74413	106.95679	139.91702	68.53046	227.95134	-16.19534	400.0	400.0	73699	54.55877	11.550564	66.35674	-1.7807364	-54.82569	0.18291785	564.9895031452179
68	30.47645	99.22945	166.43317	-64.16917	166.9178	85.22991	283.17764	-55.021927	280.2	385.1	74799	54.792767	11.773837	66.867035	-6.151616	-55.051178	0.19053872	573.1971054077148
69	175.93286	17.273865	193.20673	158.659	129.3394	79.05843	255.35251	-38.530273	400.0	400.0	75899	55.026917	11.948068	67.185135	-7.359514	-55.273678	0.18953918	581.2792761325836
70	165.95052	61.43644	232.24612	84.16812	184.31738	49.683506	237.08102	57.14301	400.0	400.0	76999	55.25909	12.066539	67.45322	-7.4999523	-55.501278	0.20646423	589.6780183315277
71	154.48314	89.24833	253.94577	37.4593	180.80795	71.268364	263.44656	-13.044536	400.0	400.0	78099	55.486465	12.170929	67.68179	-8.680258	-55.734715	0.2072077	598.1408786773682
72	227.6402	8.731068	238.02263	216.66096	184.95566	69.91181	273.3964	48.456253	400.0	400.0	79199	55.76247	12.285474	67.84371	-10.156036	-56.014256	0.22614011	606.0650067329407
73	224.79013	3.9800339	228.77017	220.8101	171.68144	83.46191	267.65213	-114.49921	400.0	400.0	80299	56.079815	12.361555	68.071556	-11.206722	-56.33461	0.21310915	616.025794506073
74	146.0875	115.20052	238.92262	-45.605904	172.13208	69.474075	250.80843	-44.794243	321.25	400.0	81399	56.395958	12.434813	68.298775	-12.057606	-56.64809	0.21305048	624.8676824569702
75	195.78645	16.616434	216.79308	176.16173	179.95908	51.01012	237.95052	14.5137005	400.0	400.0	82499	56.689674	12.569586	68.44281	-12.261208	-56.94433	0.21591851	632.9083518981934
76	213.12422	10.580958	227.66121	202.78293	173.00194	67.37635	259.497	-58.207077	400.0	384.8	83599	57.046936	12.690481	68.57219	-12.845074	-57.305428	0.21064115	640.8653936386108
77	179.79263	20.903511	200.69614	158.88911	188.79773	49.119827	269.22717	71.64531	400.0	400.0	84699	57.39546	12.760516	68.693375	-13.470888	-57.647953	0.22031763	649.6078200340271
78	208.40434	27.556786	247.3282	187.27982	191.16536	41.739346	265.6395	83.99416	400.0	400.0	85799	57.732502	12.723175	68.88909	-14.498524	-57.988976	0.22121291	659.4779546260834
79	203.40718	27.040977	234.07895	168.29117	184.31424	44.030544	244.24272	100.190155	400.0	400.0	86899	58.03778	12.685668	69.06749	-14.763284	-58.290726	0.2175219	667.9330680370331
80	227.23016	24.207329	258.0398	198.8999	175.76625	58.5821	259.82413	-8.960112	400.0	400.0	87999	58.417423	12.6160345	69.23015	-14.427393	-58.683884	0.22061764	675.9580688476562
81	201.43405	11.288002	212.72206	190.14606	202.3605	43.719456	278.76447	124.11672	400.0	400.0	89099	58.813385	12.566337	69.65115	-14.775269	-59.079918	0.21305369	685.6415061950684
82	173.95251	20.20534	193.59181	146.15768	174.57022	55.036293	241.7731	0.282508	400.0	400.0	90199	59.128014	12.628499	70.00653	-14.500818	-59.39	0.20281433	693.8070025444031
83	189.4915	27.426144	211.85602	150.86545	178.6679	44.214153	254.56793	70.48486	400.0	400.0	91299	59.438557	12.619693	70.245255	-15.628121	-59.689106	0.20174505	702.0314362049103
84	191.6873	43.153774	246.05988	140.49915	191.89316	38.983673	256.72458	93.972046	400.0	400.0	92399	59.68177	12.678878	70.390396	-15.585318	-59.93385	0.19957843	711.8726651668549
85	212.08679	13.71862	225.80542	198.36818	199.34163	39.05958	269.52563	127.419685	400.0	400.0	93499	59.990715	12.651615	70.45496	-17.50362	-60.239212	0.20633477	720.0254282951355
86	195.8479	23.374014	225.68831	168.61188	181.70781	66.101974	275.18607	-68.60649	400.0	386.55	94599	60.20477	12.663195	70.452385	-17.716873	-60.44611	0.19922723	730.026504278183
87	164.28395	19.943182	179.83229	136.1313	168.98663	64.4704	242.6932	20.538708	400.0	400.0	95699	60.34738	12.707849	70.47664	-17.68657	-60.582672	0.20656514	738.4705510139465
88	199.22533	62.401314	283.96848	135.5269	202.04329	30.736496	256.8178	149.51491	400.0	400.0	96799	60.54528	12.695871	70.60855	-18.077457	-60.77521	0.21144842	746.7919280529022
89	181.87549	4.606575	186.48207	177.26892	197.76044	50.632866	271.2003	80.03346	400.0	400.0	97899	60.678238	12.695879	70.78709	-18.557981	-60.898735	0.20245625	754.8183863162994
90	215.63141	17.808851	238.27739	194.76366	197.16795	52.37322	252.46747	101.2465	400.0	400.0	98999	60.765453	12.704941	71.007225	-19.030766	-60.983723	0.21153148	762.9901835918427
91	202.66106	50.878513	265.61414	141.00809	210.81204	48.045666	281.27744	85.58921	400.0	400.0	100099	60.852932	12.692929	71.1893	-19.571955	-61.065243	0.19509327	770.6083765029907
92	207.12004	12.898228	219.18167	189.23874	156.72627	101.78468	260.19598	-201.11852	400.0	400.0	101199	60.96522	12.616806	71.42215	-19.697863	-61.182243	0.2158164	780.3864917755127
93	123.1015	175.75186	261.71292	-124.87494	190.77353	57.52533	262.1621	20.480227	329.0	400.0	102299	61.0898	12.564008	71.7555	-19.64654	-61.31906	0.20177953	788.0829257965088
94	181.46185	67.96414	248.9814	88.46087	191.60522	75.84752	270.59705	-38.758278	400.0	400.0	103399	61.2252	12.67509	72.06432	-19.414324	-61.45915	0.2021324	795.6721243858337
95	213.55397	30.8069	244.36087	182.74707	156.54942	113.96923	258.79288	-314.81488	400.0	400.0	104499	61.387577	12.702032	72.371895	-19.834621	-61.61206	0.19175823	803.7046401500702
96	133.6345	81.520164	191.44237	18.347729	170.8013	127.03469	254.04874	-345.47504	400.0	400.0	105599	61.47304	12.799814	72.56144	-20.593967	-61.691505	0.1956971	813.7594473361969
97	172.05672	45.15214	221.13937	112.14247	203.79404	35.92906	255.01712	110.697044	400.0	400.0	106699	61.550014	12.850734	72.6694	-20.40295	-61.763985	0.20101546	821.7769284248352
98	169.90852	54.04865	234.84319	102.51983	211.23515	57.75621	271.0372	31.434908	400.0	400.0	107799	61.606087	12.921819	72.78276	-20.213528	-61.816635	0.19258633	830.0351903438568
99	244.9682	1.3819809	246.35019	243.58623	145.21552	163.88457	254.40045	-336.2041	400.0	400.0	108899	61.658867	12.922697	73.029175	-20.150887	-61.863075	0.19806297	837.2802448272705
100	199.59526	32.640957	244.95454	169.4961	207.24007	52.81235	269.2799	48.50952	400.0	400.0	109999	61.743774	12.951011	73.229004	-21.091417	-61.951122	0.19582646	845.3153176307678
101	225.02637	22.068855	245.46564	194.38055	185.01373	77.503525	262.33273	-124.8292	400.0	400.0	111099	61.831047	12.945848	73.30584	-21.879784	-62.035675	0.21504933	855.285727262497
102	191.22667	39.155777	233.52925	139.12976	213.70467	32.532314	263.14728	132.42604	400.0	400.0	112199	61.89718	12.872864	73.35888	-20.346083	-62.101036	0.2032179	865.0662915706635
103	240.21938	7.778122	247.9975	232.44125	194.32034	107.42358	268.25702	-257.33035	400.0	400.0	113299	61.96184	12.807798	73.391174	-21.016104	-62.16287	0.20432255	873.0566012859344
104	160.42009	26.043524	188.35976	125.66735	182.01413	125.71988	268.19675	-343.3714	400.0	400.0	114399	61.988037	12.83658	73.35888	-20.140661	-62.191093	0.20757051	881.1002380847931
105	240.63399	24.871653	266.166	206.916	155.47989	152.62544	251.70697	-343.77197	400.0	400.0	115499	62.082516	12.85669	73.31273	-20.471857	-62.28635	0.2035184	889.3448107242584
106	166.59724	25.560947	195.80362	133.54727	199.255	50.770386	271.7251	83.03035	400.0	400.0	116599	62.154057	12.878176	73.06815	-19.94767	-62.35416	0.20088074	897.1720087528229
107	127.94214	61.01077	188.95291	66.93137	201.01627	39.732227	256.1463	126.18282	400.0	400.0	117699	62.15435	12.996952	73.37964	-19.7543	-62.358025	0.19337389	905.5834617614746
108	226.87376	19.012205	247.5573	201.65451	171.93187	143.63362	269.617	-256.28088	400.0	400.0	118799	62.3167	12.986856	73.71574	-19.761295	-62.52033	0.1963415	913.9404230117798
109	208.64787	24.428251	230.79626	174.61293	207.269	34.877083	270.49106	143.35866	400.0	400.0	119899	62.374805	13.053825	73.8669	-19.445679	-62.572613	0.19603793	922.0104477405548
110	213.24385	9.052641	223.29837	201.35326	188.30092	117.16062	261.63852	-302.88638	400.0	400.0	120999	62.457558	13.116126	73.9057	-19.806381	-62.6587	0.181119	930.4118683338165
111	221.40533	49.37039	270.77573	172.03494	204.05602	62.56116	270.1896	-42.50271	400.0	400.0	122099	62.58672	13.079061	73.918335	-19.712086	-62.789276	0.20417623	938.0115652084351
112	210.05574	39.012974	264.16293	173.65726	199.95538	44.719715	270.39886	105.36089	400.0	400.0	123199	62.69219	13.021557	73.81892	-19.302448	-62.893772	0.18580095	946.4158401489258
113	172.00496	32.54528	197.13324	126.045906	219.83305	37.87351	283.36823	156.20827	400.0	400.0	124299	62.775223	12.996555	73.799355	-19.996832	-62.974686	0.20469174	955.2736110687256
114	199.24818	19.780447	227.13335	183.3788	214.95328	35.946377	264.67084	160.95897	400.0	400.0	125399	62.838093	12.953752	73.62202	-20.023935	-63.037754	0.19196352	963.6253497600555
115	138.13237	77.16119	215.29355	60.97118	203.89828	44.116745	267.4317	110.737144	400.0	400.0	126499	62.86531	12.940323	73.48584	-19.60853	-63.061058	0.20526803	972.1159715652466
116	195.44444	15.1365595	215.4452	178.83723	216.07285	44.013874	278.42142	88.94422	400.0	400.0	127599	62.90723	12.95246	73.47296	-18.942862	-63.100254	0.20463912	981.6026985645294
117	210.17479	42.278595	256.623	154.34482	188.76262	45.062355	277.00327	65.00055	400.0	400.0	128699	62.993977	12.865103	73.5054	-17.79972	-63.18436	0.20520255	989.972265958786
118	210.09418	44.148453	267.87234	160.71384	219.37117	49.33855	279.72217	87.078705	400.0	400.0	129799	63.026333	12.876632	73.44475	-16.970898	-63.214474	0.20084617	999.8422915935516
119	84.9767	104.36761	189.34431	-19.39091	193.77225	64.73658	257.89456	-36.230465	400.0	400.0	130899	63.077927	12.868326	73.36024	-15.819693	-63.26677	0.21132866	1008.4582996368408
120	207.4019	39.122135	261.2494	169.47142	217.70627	32.842457	274.8745	149.62828	400.0	400.0	131999	63.09179	12.866334	73.38458	-13.838085	-63.27924	0.2158436	1017.2670423984528
121	131.53188	54.287594	187.82726	58.175365	222.01201	37.864204	275.35367	111.906555	400.0	400.0	133099	63.05697	12.90935	73.313774	-12.749147	-63.23983	0.21685794	1026.0411653518677
122	201.33562	58.086277	275.97284	134.30191	207.40134	49.057995	261.55884	45.737656	400.0	400.0	134199	63.034058	12.927885	73.188126	-11.4779415	-63.21172	0.21389735	1034.7660701274872
123	204.41568	9.603371	214.01906	194.81232	187.83904	40.861473	271.70682	124.50797	400.0	400.0	135299	63.042233	12.889054	73.15864	-10.352691	-63.22015	0.22383149	1043.0962462425232
124	241.97626	4.0331807	247.6736	238.89297	202.1173	31.677382	254.66324	136.9408	400.0	400.0	136399	63.051025	12.875951	73.09552	-10.500489	-63.228737	0.20230274	1051.8972387313843
125	215.79128	39.263596	244.0433	160.26704	219.38364	35.942535	275.30682	147.60658	400.0	400.0	137499	63.098248	12.813054	73.05796	-10.271941	-63.27463	0.2065308	1060.1637299060822
126	263.5576	9.926664	277.5808	255.98093	181.89932	40.13601	246.56636	95.852066	400.0	400.0	138599	63.1335	12.760408	73.15111	-9.300216	-63.31278	0.20415924	1068.2377469539642
127	222.88147	25.449776	248.33124	197.43169	222.26042	25.905045	259.75787	177.09897	400.0	400.0	139699	63.204212	12.698455	73.20519	-8.398617	-63.38274	0.20258231	1076.592290878296
128	217.94753	22.835333	249.11307	195.036	192.04878	51.745914	268.72656	68.83444	400.0	400.0	140799	63.191505	12.709219	73.20758	-10.312603	-63.36727	0.19901447	1083.8099620342255
129	231.60657	12.385844	246.15228	215.88206	195.64221	46.372013	258.20132	38.43625	400.0	400.0	141899	63.23214	12.668657	73.22754	-9.122591	-63.40713	0.19933948	1092.6049621105194
130	192.39607	50.691338	260.04688	138.02939	211.69632	34.446075	269.52817	134.94933	400.0	400.0	142999	63.234573	12.649078	73.18394	-12.991352	-63.402657	0.19683896	1102.5760641098022
131	223.78046	4.684227	228.46468	219.09622	238.69662	23.715902	282.33197	189.52042	400.0	400.0	144099	63.19816	12.699341	73.249306	-8.471995	-63.367344	0.19388053	1111.3331055641174
132	243.6679	3.9790785	248.1901	238.50647	211.55399	37.71655	283.74765	134.12457	400.0	400.0	145199	63.250698	12.707468	73.43161	-7.884371	-63.41469	0.18630755	1119.2297291755676
133	234.09969	19.617931	261.74493	218.25212	208.18974	29.620876	250.9661	148.01663	400.0	400.0	146299	63.266838	12.735588	73.55359	-8.685354	-63.430733	0.1851957	1127.2913899421692
134	260.17972	19.812754	276.45325	232.28954	203.39522	46.9866	270.51743	89.13535	400.0	400.0	147399	63.27491	12.775942	73.671104	-6.0661073	-63.438126	0.18817663	1135.5299761295319
135	235.02673	1.6696243	236.69637	233.35712	201.94153	32.52894	269.86462	149.68776	400.0	400.0	148499	63.306248	12.815308	73.67332	-6.081378	-63.46515	0.18632223	1143.6012334823608
136	159.18463	20.331911	186.50322	137.75674	215.41325	33.602543	275.19354	156.90335	400.0	400.0	149599	63.311985	12.848534	73.63983	-6.985784	-63.469006	0.19467579	1151.664436340332
137	180.64192	27.249798	204.6538	142.53235	219.21126	43.70277	280.81674	117.72002	400.0	400.0	150699	63.271877	12.94658	73.58261	-8.404055	-63.430225	0.1970911	1160.057237625122
138	196.84877	23.49113	225.37714	167.84183	231.69893	30.08852	280.2612	161.92189	400.0	400.0	151799	63.27784	12.92761	73.52157	-8.971821	-63.435966	0.20120145	1168.9753062725067
139	-13.527435	298.9941	285.46667	-312.52155	219.05728	36.4024	276.9935	95.042946	400.0	400.0	152899	63.212814	13.088198	73.35991	-9.443562	-63.37421	0.20060118	1178.8174135684967
140	232.54707	26.666039	255.50156	195.15778	217.61015	52.44533	284.23187	59.69162	400.0	400.0	153999	63.19219	13.28137	73.40308	-11.140504	-63.356777	0.2059322	1188.6489882469177
141	209.76488	29.277962	251.02722	186.15678	223.91458	34.98578	277.8538	136.1873	400.0	400.0	155099	63.228268	13.373002	73.44551	-12.708499	-63.398716	0.22177967	1196.3863780498505
142	227.24983	37.44524	263.66016	175.744	209.44278	46.475925	276.5291	110.93355	400.0	400.0	156199	63.361115	13.336408	73.57227	-14.402476	-63.534218	0.21104422	1206.2182257175446
143	202.42307	36.28994	238.71301	166.13313	210.86026	54.4098	270.24063	51.036667	400.0	400.0	157299	63.46348	13.343332	73.79755	-15.080917	-63.640297	0.22718795	1213.8170804977417
144	243.80214	21.964434	274.8338	227.08986	200.41508	50.731056	265.99652	49.844685	400.0	400.0	158399	63.597965	13.299647	73.95493	-14.538055	-63.779858	0.21575068	1222.5607166290283
145	175.70528	69.12274	271.5049	110.96047	202.34128	52.31534	272.38443	18.043278	400.0	400.0	159499	63.731606	13.300703	74.130104	-14.593131	-63.92148	0.21830581	1232.0920269489288
146	164.3763	22.012354	183.60576	133.56047	199.2473	53.937073	269.87274	20.808908	400.0	400.0	160599	63.841316	13.281679	74.27883	-16.7436	-64.02434	0.22998057	1239.2444636821747
147	184.63498	34.32119	218.95616	150.31378	194.3136	78.47907	279.00012	-103.768524	400.0	400.0	161699	63.96035	13.151824	74.25704	-17.925737	-64.14007	0.22575766	1247.4167051315308
148	192.70381	51.205956	239.41458	121.42502	203.886	45.329536	269.66223	71.967	400.0	400.0	162799	64.04527	13.122049	74.16167	-19.487885	-64.2219	0.21811773	1255.6346979141235
149	217.37813	29.410051	257.48743	187.7914	189.11424	44.710022	257.55154	64.618164	400.0	400.0	163899	64.073814	13.065488	74.201904	-19.949936	-64.24084	0.2275467	1263.9692828655243
150	189.98592	66.146355	269.83994	107.862785	181.07613	67.53615	247.32771	-59.739517	400.0	385.1	164999	64.12368	13.069431	74.23525	-21.060747	-64.29574	0.20827654	1272.0355107784271
151	199.96999	30.947144	230.91713	169.02284	192.31473	97.34822	290.37473	-63.19968	400.0	370.5	166099	64.20153	13.11725	74.00524	-21.573687	-64.37258	0.19847924	1280.4721570014954
152	151.31288	22.246069	175.0917	121.58371	204.09126	32.02788	281.33463	154.25674	400.0	400.0	167199	64.26494	13.18311	74.04489	-20.350056	-64.43973	0.20394225	1288.8366990089417
153	212.30037	24.349695	230.44666	177.88171	184.78159	47.751255	252.85538	42.841366	400.0	400.0	168299	64.33361	13.265952	74.17495	-20.564629	-64.509285	0.19016457	1298.69185256958
154	201.32005	24.764599	234.99886	176.16011	188.96657	56.324837	283.01135	37.061184	400.0	400.0	169399	64.43976	13.348634	74.241295	-19.880713	-64.61673	0.19723585	1307.4929480552673
155	200.05359	6.353302	206.40689	193.70029	176.99074	38.62649	243.77733	107.479935	400.0	400.0	170499	64.55705	13.374273	74.49567	-19.286337	-64.73765	0.19670464	1317.265608549118
156	210.61174	11.449109	224.04865	196.06958	177.91505	48.49516	236.72261	18.726843	400.0	400.0	171599	64.64771	13.440239	74.73297	-19.596548	-64.82324	0.20158586	1325.4923028945923
157	160.85672	74.63041	221.72017	55.75052	199.33134	44.378326	263.995	62.685486	400.0	400.0	172699	64.73593	13.414433	74.7678	-19.673204	-64.90717	0.21004671	1335.2619273662567
158	188.44972	33.744488	231.64046	149.2772	189.90065	35.413616	272.5636	134.37555	400.0	400.0	173799	64.80501	13.390875	74.648964	-19.724537	-64.97085	0.20549724	1344.0885617733002
159	196.5449	12.305786	208.8507	184.23912	206.44788	40.996864	277.16916	127.062035	400.0	400.0	174899	64.82206	13.379051	74.61964	-19.99487	-64.98567	0.19906713	1353.3853917121887
160	206.63457	18.835464	229.49356	183.36185	194.8184	33.54369	252.17613	141.45457	400.0	400.0	175999	64.85361	13.368114	74.716515	-19.596615	-65.01639	0.18702024	1362.0857264995575
161	237.20818	37.90643	266.60068	183.68658	213.37924	34.29452	282.09598	144.18745	400.0	400.0	177099	64.870605	13.397114	74.9883	-18.712204	-65.040054	0.20160384	1370.0288865566254
162	207.82588	29.77787	236.91333	166.9094	195.3829	35.657997	249.9766	121.08488	400.0	400.0	178199	64.93545	13.425317	75.409546	-18.108208	-65.10555	0.21085835	1378.1801028251648
163	145.39046	36.59772	181.98817	108.79273	207.8717	37.92081	276.47736	129.63475	400.0	400.0	179299	65.020584	13.430233	75.52548	-18.406334	-65.185394	0.19967286	1386.4764020442963
164	220.59944	16.05554	235.7987	198.39134	216.00542	33.687225	258.8279	130.94907	400.0	400.0	180399	65.02711	13.499535	75.6127	-17.719576	-65.18983	0.21400763	1394.8226583003998
165	200.23439	32.04691	240.16371	161.70245	191.98694	58.489353	262.32635	-12.955141	400.0	400.0	181499	65.076614	13.499746	75.56779	-15.584363	-65.236435	0.20055003	1404.716210603714
166	217.23047	19.659847	238.94154	191.33377	194.22617	43.083237	268.29822	108.66375	400.0	400.0	182599	65.09316	13.527816	75.61283	-15.826655	-65.256165	0.20631099	1414.5175867080688
167	181.83353	11.788078	193.6216	170.04544	197.7705	30.61925	257.7059	145.07346	400.0	400.0	183699	65.186806	13.532742	75.89917	-16.257946	-65.355095	0.19354664	1421.996529340744
168	178.59846	23.799143	209.571	151.70494	215.668	35.83897	275.58768	137.24864	400.0	400.0	184799	65.172585	13.629581	76.17417	-15.187589	-65.33121	0.19702345	1430.236694574356
169	177.99164	49.520374	248.00392	141.53253	208.03235	42.5147	266.75	117.17194	400.0	400.0	185899	65.15274	13.691689	76.21602	-14.835606	-65.30199	0.19835147	1438.8669967651367
170	173.88092	67.77096	231.43977	78.73441	211.81589	52.208122	283.95593	79.5169	400.0	400.0	186999	65.18422	13.671898	76.30351	-14.626838	-65.330795	0.19314812	1448.7536571025848
171	190.26926	38.4934	228.76266	151.77586	208.65579	35.70042	273.62915	120.61743	400.0	400.0	188099	65.12998	13.724672	76.32851	-14.736981	-65.275085	0.19242015	1458.4642000198364
172	211.19588	30.683607	251.64731	177.36917	211.83748	44.255028	286.3182	71.975365	400.0	400.0	189199	65.0858	13.764237	76.30424	-16.50995	-65.231964	0.19571747	1466.7285907268524
173	223.82329	26.326443	247.99986	187.21475	213.19861	35.485073	282.17923	153.12729	400.0	400.0	190299	65.0654	13.782184	76.309166	-16.576101	-65.21537	0.18573216	1475.1943662166595
174	180.57922	35.825542	230.00174	146.21059	204.30174	46.865047	276.68854	117.8133	400.0	400.0	191399	65.02967	13.805671	76.20972	-17.86764	-65.18101	0.1892443	1483.9645159244537
175	231.56161	24.900124	256.46173	206.66148	216.41692	27.756783	266.24948	153.73798	400.0	400.0	192499	65.112076	13.723076	76.12859	-17.780659	-65.26189	0.18532923	1492.6169686317444
176	244.1667	10.745436	258.69437	233.04195	202.16957	32.642002	255.7889	130.43013	400.0	400.0	193599	65.14572	13.686901	76.09707	-17.623373	-65.2982	0.18793066	1500.828600883484
177	187.49187	24.469538	208.09537	153.11192	201.77896	46.968216	290.4749	103.806015	400.0	400.0	194699	65.179695	13.656541	76.088	-17.13043	-65.33317	0.20374633	1510.1160979270935
178	198.68779	15.437055	217.52548	179.71332	209.09663	44.052204	281.2751	112.082245	400.0	400.0	195799	65.200676	13.688127	76.02117	-16.94008	-65.352036	0.1901861	1518.2951543331146
179	194.20605	17.401024	211.60707	176.80502	223.61417	30.105446	266.64246	158.09473	400.0	400.0	196899	65.226616	13.675024	75.85116	-16.520576	-65.38122	0.18963356	1527.9886758327484
180	193.77129	38.99451	246.35272	153.0843	214.39893	25.008223	261.93985	163.86804	400.0	400.0	197999	65.20261	13.740802	75.76997	-16.977896	-65.35295	0.1861507	1537.6307628154755
181	222.09511	22.652681	240.12627	190.14758	209.29956	37.476692	251.98953	127.29404	400.0	400.0	199099	65.25106	13.705428	75.50923	-19.648144	-65.40402	0.19795494	1545.1093051433563
182	187.71928	41.88171	221.31686	128.67693	206.97331	38.70879	289.97443	126.680374	400.0	400.0	200199	65.298676	13.7014065	75.428604	-19.204565	-65.45196	0.19603346	1553.3067927360535
183	163.81421	9.213768	173.02797	154.60043	213.948	32.425915	259.0663	149.94455	400.0	400.0	201299	65.27888	13.739224	75.39246	-21.579235	-65.42846	0.19552882	1561.6018805503845
184	141.67152	35.568707	171.00249	91.61578	195.67543	42.563126	286.7688	93.43073	400.0	400.0	202399	65.29241	13.720559	75.2649	-22.777958	-65.44337	0.19957653	1569.578403711319
185	171.83305	15.811884	186.21379	149.813	209.79887	37.524685	261.49738	104.14628	400.0	400.0	203499	65.29856	13.739288	75.31783	-22.79728	-65.43908	0.20344286	1577.8784515857697
186	192.64592	16.378433	214.75456	175.60951	208.9003	34.998066	277.20264	148.20424	400.0	400.0	204599	65.29382	13.744947	75.59855	-25.39588	-65.444084	0.19971606	1587.651373386383
187	226.15625	41.94568	268.10193	184.21057	206.24863	30.106304	264.09625	141.89517	400.0	400.0	205699	65.33589	13.764254	75.671295	-25.256533	-65.480934	0.20840083	1595.4373083114624
188	175.69609	4.9637127	182.17021	170.10915	211.81514	43.600964	285.54755	103.99727	400.0	400.0	206799	65.30345	13.783635	75.810356	-25.50112	-65.44998	0.2145986	1602.613303899765
189	213.98816	14.176599	232.64372	198.30103	212.16264	27.829073	253.90793	141.40677	400.0	400.0	207899	65.31807	13.787511	76.12736	-27.647076	-65.46107	0.20691665	1609.815631389618
190	206.73853	17.404377	222.74796	182.543	195.78873	42.852413	276.77603	87.60727	400.0	400.0	208999	65.33146	13.830222	76.35007	-28.891483	-65.47848	0.2062341	1618.0685091018677
191	209.82031	55.622406	265.44272	154.1979	197.16237	37.59974	262.91837	102.76939	400.0	400.0	210099	65.39208	13.852598	76.72219	-28.876648	-65.5488	0.20023477	1626.1062836647034
192	202.95753	60.762386	258.5404	118.41216	181.29959	132.7888	254.2579	-373.65796	400.0	400.0	211199	65.43751	13.910788	77.37456	-30.088612	-65.586685	0.20297869	1635.8887271881104
193	192.31897	46.046265	244.77574	132.67497	214.75998	27.713104	266.61917	170.36435	400.0	400.0	212299	65.46891	13.96009	77.62367	-29.606123	-65.60893	0.19213304	1644.1184995174408
194	236.94086	41.9985	276.57706	178.81427	213.90445	34.164093	273.32294	118.74962	400.0	400.0	213399	65.4333	13.96962	77.613976	-29.27134	-65.56601	0.17911585	1651.7067656517029
195	172.43492	6.7772217	179.21214	165.6577	182.19556	58.255104	280.358	53.0264	400.0	400.0	214499	65.41159	13.972638	77.38531	-29.451784	-65.54431	0.18003815	1660.3315098285675
196	236.8313	13.877426	255.60773	222.49751	218.54448	32.4006	269.8708	143.58273	400.0	400.0	215599	65.40731	13.995848	77.00376	-29.055534	-65.540665	0.18561532	1668.9382665157318
197	205.78613	2.2662842	208.92816	203.66757	209.84004	34.793438	276.02515	141.5463	400.0	400.0	216699	65.39721	13.92891	76.687294	-28.627337	-65.53262	0.18154955	1676.9856915473938
198	221.53076	17.46234	246.15884	207.63785	208.41028	33.678925	269.11282	149.70557	400.0	400.0	217799	65.370415	13.985191	76.614815	-27.981174	-65.504906	0.1946	1685.4481325149536
199	200.02438	11.524841	211.54922	188.49954	210.59233	32.507957	266.39374	149.85992	400.0	400.0	218899	65.375885	14.023065	76.690605	-27.954206	-65.514824	0.18868183	1694.5616841316223
200	197.11906	28.106565	230.06522	161.3877	213.20671	35.411407	279.46506	122.05106	400.0	400.0	219999	65.448105	13.919433	76.8452	-27.047743	-65.58659	0.1905332	1702.8267164230347
201	201.17336	34.132736	239.2499	156.44077	206.83652	33.060993	276.73026	144.52055	400.0	400.0	221099	65.45518	13.909071	77.10123	-25.880142	-65.59804	0.20335321	1710.7054386138916
202	190.40508	19.79239	208.95317	162.97656	196.51158	35.187283	264.92935	130.09772	400.0	400.0	222199	65.478676	13.909663	77.29712	-24.72538	-65.618515	0.20408773	1719.6030650138855
203	241.82498	9.496193	251.32118	232.3288	216.90178	30.478956	265.65286	145.76297	400.0	400.0	223299	65.53661	13.887516	77.38772	-23.770157	-65.689606	0.20608366	1728.0948910713196
204	224.22955	43.65427	280.2469	173.74675	191.05359	75.66319	281.14774	-76.84546	400.0	385.85	224399	65.6412	13.816289	77.392166	-23.383554	-65.79274	0.2070168	1737.4349839687347
205	186.22096	10.918702	197.61543	171.49867	202.35684	37.557034	262.08694	120.09942	400.0	400.0	225499	65.702614	13.753311	77.37534	-22.003199	-65.85008	0.20830826	1746.2869012355804
206	191.70757	28.635576	228.06435	158.08144	204.75688	44.428135	272.12634	139.17552	400.0	400.0	226599	65.79813	13.600118	77.25767	-21.801548	-65.94812	0.20260777	1756.0014019012451
207	223.71951	15.961761	239.68127	207.75775	207.89326	36.318207	261.30975	131.11334	400.0	400.0	227699	65.84384	13.578826	77.46681	-21.375624	-65.992935	0.20597936	1763.9686787128448
208	195.50586	25.31657	231.26442	176.08148	205.22542	51.511642	280.67526	96.80801	400.0	400.0	228799	65.92038	13.520149	77.76008	-22.177755	-66.07648	0.20865692	1771.960021495819
209	235.11316	28.939491	260.88	194.69261	214.0207	38.319016	277.93387	131.12018	400.0	400.0	229899	66.03357	13.4211	77.770035	-21.86756	-66.18785	0.20956627	1780.137710571289
210	227.84216	16.273838	249.38629	210.05977	197.39116	36.956074	256.55917	101.5259	400.0	400.0	230999	66.09178	13.38694	77.837204	-20.699385	-66.2438	0.20628057	1788.447304725647
211	192.85686	36.74655	229.60341	156.1103	214.16174	39.07299	282.6305	158.95036	400.0	400.0	232099	66.11264	13.397818	77.98072	-19.452435	-66.263504	0.20178246	1795.8763904571533
212	156.40143	57.013233	234.17145	99.08733	158.74725	133.87851	280.38928	-331.60657	400.0	385.45	233199	66.18501	13.316417	77.94031	-20.839922	-66.33742	0.20585252	1805.6328036785126
213	244.87378	16.81957	265.677	224.48386	180.69571	51.05558	255.57819	56.042915	400.0	400.0	234299	66.24929	13.282981	78.10098	-20.462336	-66.40088	0.20799577	1813.8493661880493
214	130.38148	143.59274	257.8907	-70.24665	198.84311	46.789356	277.05054	60.19762	301.33334	400.0	235399	66.271774	13.316506	78.196594	-20.251295	-66.42357	0.21850212	1820.9898374080658
215	167.63646	62.702366	234.28563	83.65818	218.0828	30.473667	285.9137	168.3296	400.0	400.0	236499	66.27178	13.357423	78.21862	-19.49528	-66.42646	0.21014881	1829.0809621810913
216	140.06744	36.9473	183.351	93.077	201.09727	34.933018	265.1977	102.25453	400.0	400.0	237599	66.36216	13.261016	78.02127	-20.758793	-66.509094	0.20841517	1836.671175956726
217	227.85579	20.822401	248.91975	199.50273	185.35242	41.86498	254.98781	110.93767	400.0	400.0	238699	66.379234	13.277099	77.804825	-20.719028	-66.52802	0.1998363	1844.9568061828613
218	184.4076	45.553047	229.96065	138.85455	200.02104	40.406967	273.19852	119.22405	400.0	400.0	239799	66.40542	13.238838	77.68638	-21.266186	-66.54561	0.21382038	1853.2578580379486
219	220.94978	29.809912	243.25992	178.81668	197.33499	52.161686	271.63132	68.207146	400.0	400.0	240899	66.41736	13.235125	77.51142	-21.656977	-66.559814	0.21473426	1861.5877921581268
220	194.63733	35.382607	243.25084	160.06227	203.91182	38.36818	273.94943	144.27975	400.0	400.0	241999	66.41656	13.194366	77.683266	-21.210531	-66.559204	0.2101911	1869.9940860271454
221	228.06633	23.348146	257.82492	200.79657	211.84001	43.633442	275.74344	114.30186	400.0	400.0	243099	66.421974	13.236976	78.31806	-21.217176	-66.56384	0.20986597	1879.7744657993317
222	134.2409	31.270908	165.51181	102.96999	200.24	31.589758	257.63843	147.78032	400.0	400.0	244199	66.457954	13.241452	78.76273	-21.705357	-66.600685	0.2104707	1887.3188407421112
223	211.13434	48.452736	245.40627	142.61182	215.30667	30.731905	263.79874	171.62502	400.0	400.0	245299	66.43702	13.239358	78.855095	-21.533806	-66.5732	0.21105488	1895.6565577983856
224	236.41328	16.120287	259.2046	224.55655	209.78537	39.048676	260.4435	149.55307	400.0	400.0	246399	66.40938	13.244797	78.75448	-21.94492	-66.54539	0.20577897	1904.6588068008423
225	206.15865	33.16285	236.03107	159.91124	213.30034	42.790543	270.52228	112.55828	400.0	400.0	247499	66.42896	13.186592	78.7615	-21.741144	-66.56359	0.21248633	1912.9319591522217
226	188.16664	73.309616	261.47626	114.85702	221.16484	29.645296	278.09882	164.97061	400.0	400.0	248599	66.41705	13.131473	78.74052	-22.05311	-66.55609	0.21280642	1921.0116083621979
227	177.90833	18.717829	195.74435	152.05092	200.66566	41.720016	270.06525	113.135284	400.0	400.0	249699	66.396576	13.114351	78.72268	-20.926056	-66.52875	0.21625963	1929.1888220310211
228	250.1438	30.206654	277.40775	208.03078	206.5645	38.924263	266.68066	116.267975	400.0	400.0	250799	66.35415	13.168803	78.576805	-21.730728	-66.49227	0.21460919	1937.2357385158539
229	206.28583	33.66112	253.56358	177.82854	206.28622	42.155777	256.96722	112.050735	400.0	400.0	251899	66.37646	13.146793	78.403046	-20.446667	-66.50971	0.21401237	1945.7554161548615
230	231.23889	30.834656	262.07355	200.40424	204.35239	38.107685	277.9599	132.99768	400.0	400.0	252999	66.34972	13.187305	78.28434	-20.506645	-66.48109	0.21858981	1953.8464121818542
231	167.06099	12.360835	183.11638	153.0455	220.01176	48.285713	271.96204	94.81785	400.0	400.0	254099	66.32615	13.159573	78.05327	-19.984638	-66.46136	0.208184	1962.1397500038147
232	204.3949	47.958504	249.4534	137.96434	209.26582	31.378593	263.18985	141.46384	400.0	400.0	255199	66.33524	13.089124	77.842255	-19.108887	-66.46818	0.21438177	1970.7052090168
233	185.78209	32.48202	218.07344	141.342	224.93938	28.87667	271.5994	176.80145	400.0	400.0	256299	66.31537	13.079962	77.65901	-18.35817	-66.44973	0.21017578	1979.0377733707428
234	247.47845	0.46407318	247.94254	247.01439	201.53307	39.969734	263.74457	124.681625	400.0	400.0	257399	66.32205	13.025736	77.42687	-18.06108	-66.456055	0.21131118	1988.9136793613434
235	214.55566	34.811665	260.17432	175.71568	207.75443	33.882698	262.26273	138.48892	400.0	400.0	258499	66.31527	12.963834	77.15073	-17.372843	-66.45074	0.21178453	1997.1462500095367
236	234.50786	37.10628	276.91306	186.53468	192.78249	59.24302	271.64856	40.78977	400.0	400.0	259599	66.34265	12.868506	76.88071	-17.092312	-66.47904	0.21616548	2004.437884092331
237	229.91362	24.680622	264.44727	208.25706	212.60176	35.349537	268.15375	122.80969	400.0	400.0	260699	66.33718	12.80439	76.4742	-16.670795	-66.47469	0.21637993	2012.7375659942627
238	227.43866	31.394203	258.83286	196.04445	221.19019	30.690931	282.79034	181.35847	400.0	400.0	261799	66.370636	12.764774	76.26113	-17.328983	-66.50982	0.21398477	2020.0102610588074
239	179.83653	43.945637	217.16884	118.1407	208.22354	35.06881	263.85144	144.08925	400.0	400.0	262899	66.41962	12.728109	76.06024	-17.560497	-66.55881	0.21562125	2028.1093831062317
240	239.77089	25.553846	258.49014	203.64018	228.58199	29.636759	273.35336	177.17975	400.0	400.0	263999	66.42644	12.696848	75.97777	-17.546658	-66.56439	0.20658724	2036.2293417453766
241	189.523	28.014732	229.1418	169.68349	229.18571	32.07291	281.9329	169.10254	400.0	400.0	265099	66.46824	12.611186	75.83315	-19.881264	-66.60554	0.20423464	2044.6067552566528
242	190.20605	14.017044	204.2231	176.18901	216.34323	38.742493	273.87384	132.58768	400.0	400.0	266199	66.45713	12.637197	75.63394	-22.51976	-66.59192	0.2019965	2053.340699195862
243	212.18433	12.371983	229.52841	201.5158	212.73088	32.043736	257.02454	150.70184	400.0	400.0	267299	66.45587	12.612988	75.47244	-23.298424	-66.59737	0.20175254	2062.184944629669
244	215.66347	8.582012	226.73764	205.8254	203.81148	32.02778	260.7258	143.39546	400.0	400.0	268399	66.5082	12.57998	75.35522	-25.585936	-66.651985	0.21153224	2071.0807366371155
245	215.08025	15.533588	236.99396	202.78911	211.4198	45.46647	276.46307	114.324646	400.0	400.0	269499	66.57595	12.567342	75.673065	-25.828884	-66.72138	0.19418457	2080.711626768112
246	180.99231	21.729744	202.72205	159.26256	220.85559	34.260334	273.7459	143.30353	400.0	400.0	270599	66.59545	12.570478	76.065384	-25.595842	-66.73639	0.2025802	2089.80965256691
247	227.44328	18.555403	253.63852	212.99976	206.72897	30.032131	256.7158	153.8381	400.0	400.0	271699	66.61136	12.514983	76.02635	-26.776382	-66.74198	0.19670856	2098.472263097763
248	195.04903	28.673756	230.12686	159.89093	210.15051	34.101936	273.0207	149.1427	400.0	400.0	272799	66.60972	12.476521	76.076355	-26.056755	-66.73861	0.19289994	2107.188720703125
249	215.69185	46.433487	248.95888	150.02689	207.53618	41.54234	273.34918	151.10277	400.0	400.0	273899	66.57841	12.460234	76.14656	-26.152958	-66.712425	0.20289214	2115.506667613983
250	188.47559	7.325287	195.80087	181.1503	211.12708	31.370037	271.38403	153.55922	400.0	400.0	274999	66.539795	12.455765	76.150345	-22.781502	-66.66811	0.19149517	2123.0551447868347
