Epoch	AverageEpRet	StdEpRet	MaxEpRet	MinEpRet	AverageTestEpRet	StdTestEpRet	MaxTestEpRet	MinTestEpRet	EpLen	TestEpLen	TotalEnvInteracts	AverageQVals	StdQVals	MaxQVals	MinQVals	LossPi	LossQ	Time
1	83.21881	65.6454	156.3582	-2.8680518	0.21672817	22.98765	28.723883	-41.8247	332.33334	50.55	1099	-0.10523451	1.0099871	38.114708	-24.784302	0.07026748	0.5887299	1.7774372100830078
2	50.191437	54.566414	166.78625	-1.0111333	2.0379415	22.163134	27.715181	-59.129345	194.66667	50.4	2199	0.8262563	1.837433	17.65445	-10.087401	-0.89733535	0.09401648	9.598904609680176
3	-88.62938	48.216446	-16.860518	-159.50163	4.218594	18.926811	27.513777	-34.603424	181.2	49.6	3299	1.5534501	4.2397594	13.844535	-22.321388	-1.6184297	0.25664097	17.368079662322998
4	29.195831	156.82036	270.35287	-224.06499	5.6287265	16.84619	30.628279	-32.95778	247.6	49.8	4399	2.1291502	6.8503084	25.186113	-29.882622	-2.2024784	0.6493743	23.938332080841064
5	35.13731	60.437218	119.02695	-78.36178	-3.9569023	19.943083	25.592268	-42.591736	182.16667	46.6	5499	2.8357575	8.763977	25.927853	-35.797367	-2.9322586	0.9660205	29.289270877838135
6	93.47291	60.85295	174.3581	27.578144	0.78273886	20.250685	27.555407	-37.207336	349.33334	48.05	6599	3.986845	10.616574	27.95044	-39.73582	-4.1105156	1.39	35.57831144332886
7	32.5343	61.615345	125.515205	-46.793312	-5.80611	19.4089	25.302317	-47.83583	247.5	50.1	7699	4.95117	12.30383	28.822386	-44.17883	-5.0760593	1.5667394	42.22516632080078
8	32.939682	118.432625	173.18976	-154.4146	1.1190951	19.528692	24.526026	-43.932976	285.25	48.75	8799	5.8217063	13.83227	32.1521	-47.88017	-5.949118	1.9191619	48.46628546714783
9	47.219563	143.2147	216.2786	-141.19746	-8.686587	26.355028	30.619959	-56.573273	249.4	66.0	9899	6.810767	15.376782	33.764088	-50.601738	-6.963883	2.4310176	54.67686080932617
10	121.83209	85.09604	243.76326	3.402142	-1.420416	26.832684	37.363533	-49.039043	276.5	65.7	10999	7.999649	16.751228	37.088276	-51.942513	-8.192125	2.6523237	61.23210787773132
11	2.1794376	80.95173	67.59735	-136.4981	2.6758149	26.525326	44.97734	-51.94244	270.0	66.55	12099	9.088423	18.2702	40.895966	-54.32341	-9.312307	2.9311945	68.81410789489746
12	61.877113	56.040684	137.0101	-3.94269	14.878386	23.265144	38.2195	-45.97602	269.25	67.9	13199	10.34046	19.384558	44.39945	-56.182983	-10.590428	3.2285337	75.65633177757263
13	-13.983194	101.9943	93.084366	-192.39796	4.748847	25.279938	38.31632	-47.84442	229.6	63.55	14299	11.148106	20.803967	47.715984	-58.615055	-11.387054	3.5584295	82.28207159042358
14	-17.785954	41.51925	31.72006	-102.34975	-2.2795684	28.914528	37.795147	-52.78333	120.55556	60.3	15399	11.446704	21.990364	52.060276	-61.325428	-11.679475	4.0502577	88.97324252128601
15	-8.437164	38.151005	52.570156	-59.5471	7.8672204	44.286816	87.778435	-58.34457	103.90909	135.95	16499	11.798681	22.935131	54.12203	-63.120888	-12.027975	5.4051294	98.7835168838501
16	7.374321	48.177162	94.183266	-74.15944	39.65442	77.541565	289.84253	-56.566994	110.1	122.25	17599	12.474019	23.940317	56.722797	-63.74285	-12.725314	6.1282516	110.005863904953
17	-14.473896	55.919647	55.35987	-149.22662	-7.739989	34.95362	79.56549	-57.82287	84.083336	73.1	18699	12.99014	24.628857	59.490097	-74.096725	-13.260334	6.946282	118.2205810546875
18	21.67325	42.758934	107.12035	-33.15086	12.036255	43.791862	162.91748	-68.66241	109.90909	77.35	19799	13.5281515	25.060413	62.335136	-73.02314	-13.811206	7.562555	125.48722052574158
19	10.154359	39.035507	99.70766	-44.168327	72.40096	104.06238	293.09082	-56.40557	85.166664	189.8	20899	14.575463	25.600948	64.89182	-88.88474	-14.89332	8.121035	134.44853162765503
20	132.91084	113.05897	303.31305	26.64662	35.547447	59.863514	178.4485	-43.103325	222.4	136.5	21999	15.912796	26.580418	66.96405	-91.23736	-16.28058	9.42342	143.80726623535156
21	25.944708	29.22266	66.01086	-34.879333	25.477365	64.03365	233.72717	-55.622475	107.27273	105.7	23099	17.80277	27.309652	68.95728	-94.49019	-18.206343	9.724387	155.91075658798218
22	63.66094	107.047554	294.785	-33.692604	119.16443	157.86423	303.5631	-68.55645	144.85715	225.0	24199	19.398228	27.975239	70.3787	-93.91182	-19.826643	10.74767	166.29326224327087
23	293.1552	3.2760773	296.43127	289.87912	186.78902	143.41351	303.905	-59.068993	400.0	293.9	25299	22.123737	28.966293	71.92727	-92.06915	-22.579922	10.225392	175.4836676120758
24	134.37654	148.72243	296.7101	-36.021145	272.10184	71.865036	303.4149	-35.444992	241.33333	382.1	26399	24.887733	29.78448	72.61223	-90.67509	-25.364157	10.120781	189.460608959198
25	185.16785	161.47507	299.6345	-43.192135	259.6817	84.16554	303.77713	-55.670696	285.33334	371.45	27499	27.530254	30.661207	72.93519	-90.905464	-28.011284	9.90876	199.662029504776
26	289.1135	9.505884	302.55374	282.14398	274.86176	72.87434	304.28918	-40.600834	400.0	383.2	28599	30.22248	31.348	84.01133	-91.71287	-30.698576	9.639049	211.05512928962708
27	285.12402	13.19133	303.19556	272.0781	255.19522	100.87706	304.0071	-60.285805	400.0	366.9	29699	32.76529	31.958843	77.09819	-93.34065	-33.256706	9.441717	226.32893133163452
28	273.01166	20.316406	293.32806	252.69525	242.3435	110.73367	303.80362	-74.93504	400.0	358.7	30799	35.306984	32.51358	79.29008	-94.986	-35.808266	9.41504	238.9178910255432
29	271.64105	10.250502	282.0769	257.7094	275.4442	66.71133	304.18057	-7.7478285	400.0	383.2	31899	37.715683	32.83029	81.66058	-94.87814	-38.229347	9.489227	249.88837552070618
30	294.6101	9.958738	303.39218	280.6838	288.9044	19.834354	303.94678	218.28168	400.0	400.0	32999	40.27629	33.14583	83.546684	-96.57605	-40.801586	8.773338	259.7554044723511
31	271.9468	10.682051	286.9964	263.28525	278.13177	74.167885	302.51608	-43.68665	400.0	382.2	34099	42.54788	33.459564	85.362915	-98.058174	-43.08233	8.764251	268.95521569252014
32	294.32196	1.9471588	296.26913	292.37482	288.28168	12.940171	301.28412	241.79662	400.0	400.0	35199	44.899014	33.511818	87.761116	-98.45636	-45.44267	8.894214	278.31281566619873
33	258.78384	39.1469	299.76895	206.05956	288.7024	13.783016	299.56085	240.38742	400.0	400.0	36299	47.173935	33.625065	95.85201	-97.50389	-47.72578	8.467594	289.45955085754395
34	277.4788	21.823462	297.10007	247.03687	284.10757	19.136753	300.62433	222.7714	400.0	400.0	37399	49.211292	33.945854	92.67872	-98.193245	-49.771328	8.203591	301.9919683933258
35	199.97482	131.85904	286.69135	-27.905603	270.4604	72.963394	303.71463	-43.968147	312.75	382.25	38499	51.214664	34.02368	95.05274	-98.49317	-51.763542	8.392378	312.89150738716125
36	294.94473	0.32144165	295.26617	294.6233	288.87695	12.338169	302.7721	259.07434	400.0	400.0	39599	52.916897	34.245716	97.306625	-99.09457	-53.46898	8.509344	322.50286746025085
37	263.5411	27.534145	293.74454	227.1554	295.1767	5.822748	301.70917	276.27292	400.0	400.0	40699	54.780056	34.244198	102.013435	-100.187675	-55.323715	8.028408	331.1123685836792
38	290.84534	6.0462728	298.96204	284.4577	235.90005	88.24256	304.49377	-37.982826	400.0	346.1	41799	56.499344	34.33481	102.69693	-100.3815	-57.035862	7.786136	338.58571600914
39	290.24704	3.556529	295.276	287.65784	266.0552	72.95229	304.57474	-38.804478	400.0	377.35	42899	58.165512	34.428574	103.87023	-102.554054	-58.71237	7.815545	348.7231431007385
40	272.80093	20.388145	293.1891	252.4128	263.5672	40.233646	298.73184	116.60045	392.5	380.35	43999	59.81445	34.437344	111.31052	-103.55297	-60.349445	8.05064	358.4054856300354
41	221.52129	65.4363	287.3427	114.02717	272.61453	72.31195	302.2723	-40.23913	344.25	382.05	45099	61.045544	34.476166	107.82643	-102.58504	-61.566044	8.224159	368.68049597740173
42	287.67523	0.9766846	288.65192	286.69855	277.279	16.989246	302.2162	238.7333	400.0	400.0	46199	62.321316	34.54693	113.04845	-101.49017	-62.84507	8.0893755	377.93897223472595
43	269.34158	14.902716	290.3337	257.22244	266.31317	72.220184	301.86597	-42.61447	400.0	382.25	47299	63.606205	34.447514	112.23122	-101.93178	-64.132355	8.137714	389.4916181564331
44	254.81673	23.134224	284.31985	227.81924	256.27582	74.97487	301.84656	-41.668667	400.0	375.4	48399	64.84109	34.273453	119.11891	-102.9291	-65.36562	7.759423	402.1938283443451
45	279.23206	2.6231995	281.65955	275.58887	266.99124	13.081736	288.59122	239.79091	400.0	400.0	49499	65.90554	34.31546	114.60612	-103.54601	-66.42179	7.7559533	416.11787033081055
46	289.92285	12.18103	302.10388	277.74182	268.73663	75.30234	302.15714	-53.696194	400.0	383.3	50599	67.021515	34.151	116.33032	-99.60881	-67.52779	8.196044	426.7602479457855
47	268.65567	8.109428	278.44125	258.5835	280.52264	13.366687	303.63898	249.57062	400.0	400.0	51699	68.06729	33.949673	117.80771	-99.265114	-68.560295	7.658027	437.7111973762512
48	265.6038	14.408645	280.43436	246.08669	269.96097	73.013626	302.89435	-44.18461	400.0	382.45	52799	68.84699	33.81265	119.269646	-99.2758	-69.33678	7.67112	447.46433758735657
49	279.5943	20.803522	297.35336	250.4012	276.38852	18.444578	299.66965	235.50879	400.0	400.0	53899	69.513115	33.68635	122.99787	-100.08659	-69.9841	7.4415793	456.6438002586365
50	279.0219	18.626724	297.64862	260.39517	284.3502	12.11502	302.72107	258.98853	400.0	400.0	54999	70.15541	33.469368	125.57353	-99.00635	-70.622444	7.6300993	465.13244366645813
51	266.6372	7.4435472	274.8331	256.81824	284.81128	12.682524	300.76328	242.1583	400.0	400.0	56099	70.607994	33.185123	135.48654	-98.36908	-71.06707	7.4444027	474.4055619239807
52	209.61343	145.54424	299.14038	-42.319054	283.5511	23.429483	302.48477	213.00179	310.75	400.0	57199	71.218346	33.055504	132.37637	-99.398575	-71.678055	7.258531	486.30833768844604
53	296.58447	4.7633247	302.0101	290.41394	266.54935	72.0625	302.85736	-41.81389	400.0	382.15	58299	71.844376	32.89285	150.5485	-101.632706	-72.30357	7.283507	496.35861372947693
54	104.72895	155.9835	275.36203	-53.815617	286.57904	13.729317	304.59702	257.8165	226.75	400.0	59399	72.29807	32.7251	126.22045	-102.960075	-72.7592	7.571447	506.4784803390503
55	280.77997	20.140255	302.47763	253.95135	285.16937	15.945848	303.41473	248.99756	400.0	400.0	60499	72.777214	32.661983	127.182434	-102.92143	-73.226204	7.3593493	519.3719894886017
56	296.98648	3.1636832	299.29578	292.51315	273.4173	73.11743	301.59525	-40.71842	400.0	382.05	61599	73.0301	32.443913	129.63586	-102.729744	-73.47392	7.517618	530.5031147003174
57	247.95865	55.227654	303.1863	192.731	243.78232	77.5204	303.2938	74.72365	371.0	348.9	62699	73.5713	32.2466	142.11882	-101.96945	-74.02021	7.5383744	541.1312923431396
58	287.94595	13.532339	298.24353	268.82733	277.8996	13.7899275	295.30533	249.61403	400.0	400.0	63799	74.177284	32.042152	135.30902	-103.26138	-74.63014	7.390286	550.1557867527008
59	238.78136	49.338703	285.15256	170.44328	267.62463	75.49388	304.3983	-44.505135	400.0	382.3	64899	74.522194	31.769773	127.628395	-103.81052	-74.971306	6.892309	558.8767755031586
60	290.67532	8.859979	299.85733	278.70078	289.9655	9.119002	303.4276	269.77512	400.0	400.0	65999	74.73667	31.554628	140.70122	-103.31921	-75.183525	6.8679614	569.2812509536743
61	274.80963	11.569321	286.37897	263.24033	282.232	15.253774	304.5153	240.92427	400.0	400.0	67099	75.21078	31.24377	153.06236	-103.30528	-75.653496	6.620326	578.9812090396881
62	296.75534	5.2921395	300.97696	289.29257	286.36993	10.969892	302.40286	258.03806	400.0	400.0	68199	75.73226	30.936132	138.21144	-103.0858	-76.18668	6.877526	589.1625633239746
63	284.77988	8.652251	295.74872	274.59912	285.1333	18.63804	303.70874	229.13675	400.0	400.0	69299	76.06423	30.660063	135.76869	-98.65309	-76.53091	6.7010145	599.8440034389496
64	286.7197	7.814736	296.2668	277.12488	277.2251	17.162394	300.58292	231.10657	400.0	400.0	70399	76.50722	30.475998	150.43477	-96.34057	-76.97497	6.4011865	609.0901753902435
65	276.92416	15.366058	292.29022	261.5581	276.31583	20.82256	301.2298	232.60124	400.0	400.0	71499	76.88653	30.227003	146.27292	-96.900734	-77.36076	6.413544	618.6552934646606
66	203.84752	148.1064	300.8434	-52.37371	287.1672	9.8099985	300.32175	267.06216	313.75	400.0	72599	77.285484	30.079218	163.87785	-95.794075	-77.75517	6.3579626	628.542768239975
67	293.17142	6.3337865	300.6043	285.12607	291.8748	9.477553	304.07455	267.79263	400.0	400.0	73699	77.732086	29.857533	142.75569	-93.85601	-78.20409	6.216827	637.503696680069
68	277.59677	22.342339	301.58667	247.79356	286.9889	15.17079	304.10086	238.16983	400.0	400.0	74799	78.280945	29.666767	147.71329	-94.54519	-78.76204	6.297765	646.0942454338074
69	279.378	16.595871	295.97388	262.78214	278.57755	16.123507	296.84848	234.15724	400.0	400.0	75899	78.76038	29.471052	159.71031	-92.274254	-79.24642	6.046891	654.8754498958588
70	288.9487	8.23265	298.62854	278.50607	278.64792	18.804445	302.28983	232.21834	400.0	400.0	76999	79.17313	29.231127	141.33826	-91.54439	-79.6552	5.849653	664.6031155586243
71	282.18997	12.607761	299.64548	270.31384	282.19858	17.548796	301.16693	222.80553	400.0	400.0	78099	79.72897	29.132486	148.05994	-91.76716	-80.22707	5.527391	676.1362142562866
72	266.2098	14.979737	287.37366	254.81715	287.61325	13.221336	301.96576	253.10883	400.0	400.0	79199	80.18671	29.030897	144.60152	-90.46289	-80.70134	5.532553	686.0667560100555
73	299.9903	1.1456604	301.13596	298.84464	284.1051	19.078588	302.88254	233.87665	400.0	400.0	80299	80.68238	28.990616	148.69319	-90.118416	-81.20698	5.860622	697.2833161354065
74	298.1724	1.8176614	300.1161	295.7437	284.1917	15.494975	303.65082	238.3226	400.0	400.0	81399	81.37704	28.879824	141.8437	-90.878944	-81.8983	5.497705	705.6749746799469
75	295.86536	5.1865683	299.65298	288.53177	286.50848	15.244114	303.8217	241.85667	400.0	400.0	82499	82.009834	28.823185	147.74289	-89.7222	-82.52404	5.143455	714.8068172931671
76	272.7073	16.7291	295.6683	256.28833	286.38287	19.42701	302.3909	232.30348	400.0	400.0	83599	82.533195	28.669104	140.7882	-91.09997	-83.04785	5.434702	725.0688962936401
77	281.30328	15.645828	296.94913	265.65747	287.74982	19.93775	301.40085	219.26585	400.0	400.0	84699	83.08814	28.525986	168.6824	-92.19701	-83.58112	5.503718	737.3070342540741
78	291.83615	6.2556148	297.01865	283.0356	291.87146	13.192953	303.2044	252.7	400.0	400.0	85799	83.515205	28.276184	145.06725	-90.67029	-84.01122	5.227893	747.6370596885681
79	272.04684	14.929303	290.59256	254.03508	267.7788	27.27013	297.1478	195.34836	400.0	400.0	86899	83.91543	28.090448	143.03864	-88.1541	-84.40155	5.2480016	758.8697621822357
80	247.18877	36.832893	289.95056	200.04813	279.5885	27.991306	301.09607	193.52565	400.0	400.0	87999	84.25801	27.988054	151.125	-89.1682	-84.74229	5.2090597	769.532577753067
81	294.97394	5.9785004	300.95245	288.99545	284.49142	25.08692	301.87433	217.75842	400.0	400.0	89099	84.63173	27.771612	144.5624	-87.98552	-85.113365	5.1980247	781.0443592071533
82	268.7448	37.59008	300.96338	216.01595	284.55792	17.829815	302.775	241.98582	400.0	400.0	90199	84.953156	27.619791	153.55386	-88.51765	-85.42956	5.0561013	789.8287787437439
83	295.4955	7.004416	301.72595	285.71103	278.27078	44.00365	302.92783	125.61012	400.0	400.0	91299	85.234985	27.570263	154.36859	-90.211586	-85.706856	4.9138885	801.7504205703735
84	298.43506	2.7440646	300.5525	294.55994	279.1016	63.31274	302.9642	12.188998	400.0	387.95	92399	85.53434	27.450949	153.84229	-90.854706	-86.013664	4.940549	812.9991173744202
85	289.59125	4.8362885	294.42755	284.75497	287.13364	17.080822	302.64825	247.35356	400.0	400.0	93499	85.837105	27.262495	147.79723	-85.40637	-86.31708	4.7844977	822.397215127945
86	289.736	15.143284	301.07144	268.33267	289.29364	12.4485855	302.20963	250.71066	400.0	400.0	94599	86.24474	27.043287	147.95464	-89.88006	-86.732315	4.5094395	831.3850698471069
87	279.1084	16.26434	298.61353	258.79858	268.24493	73.398346	303.99277	-4.7352033	400.0	386.75	95699	86.52254	26.917444	163.9068	-89.34509	-87.003426	4.586156	841.8563950061798
88	300.0604	0.39980596	300.5641	299.5861	269.66098	56.97208	303.11453	46.01945	400.0	387.65	96799	86.945045	26.6675	163.74197	-89.063774	-87.42585	4.6794434	850.9931650161743
89	235.26123	62.64209	297.90332	172.61914	273.42773	44.678852	303.6067	158.28755	400.0	400.0	97899	87.182884	26.534513	157.23271	-89.39412	-87.65086	4.4844317	860.5896172523499
90	292.1371	4.163178	298.0247	289.17728	280.73834	25.780228	302.67734	208.13225	400.0	400.0	98999	87.47645	26.273336	149.80008	-85.561775	-87.94731	4.456481	870.107161283493
91	301.473	1.747177	303.19122	299.0761	291.2041	9.712	301.22238	262.87323	400.0	400.0	100099	87.7572	26.107927	153.79785	-83.263824	-88.229904	4.1849155	878.5537827014923
92	293.91348	10.372025	301.986	279.2709	283.17255	29.896921	304.00427	173.83952	400.0	400.0	101199	88.00113	25.991777	150.48154	-84.62933	-88.46676	4.284629	888.3146278858185
93	281.93884	15.7552185	297.69406	266.18362	256.08087	68.25576	302.79056	64.81161	400.0	388.35	102299	88.151726	25.754683	161.00392	-82.82747	-88.6105	4.352406	897.659910440445
94	237.92989	76.35414	301.47598	130.5503	285.3633	20.984224	302.5407	230.5484	400.0	400.0	103399	88.25352	25.715748	154.74797	-80.32963	-88.71079	4.315575	909.8210678100586
95	291.55588	11.705449	300.1354	275.0056	294.02728	10.321041	303.315	260.03598	400.0	400.0	104499	88.480804	25.426456	167.00098	-85.33086	-88.93313	3.8250458	921.3434672355652
96	294.3735	2.931436	296.66086	290.23547	289.83453	14.719432	303.43015	249.72556	400.0	400.0	105599	88.61774	25.322353	147.93997	-85.95954	-89.062805	4.119832	931.0897996425629
97	294.2628	2.213684	296.47647	292.0491	283.96088	26.999218	301.483	199.46754	400.0	400.0	106699	88.82334	24.943121	162.48788	-82.90836	-89.2708	3.9045823	944.1205282211304
98	294.55215	4.1604958	299.9685	289.85352	282.1518	21.22727	302.50586	241.34464	400.0	400.0	107799	88.83018	24.905409	145.05794	-83.65071	-89.26951	3.6112926	954.9028720855713
99	268.53162	17.568176	293.28302	254.28842	282.49228	21.713657	303.43054	218.9457	400.0	400.0	108899	88.948555	24.849302	171.8694	-85.42696	-89.38334	3.983711	972.3954982757568
100	283.041	20.768085	299.52484	253.74716	293.05	10.354794	303.0943	267.71292	400.0	400.0	109999	89.15867	24.699987	144.61148	-81.60542	-89.599045	3.8914337	987.1171038150787
101	258.5469	23.82611	282.37302	234.7208	291.72064	20.421007	303.75955	210.61905	400.0	400.0	111099	89.24852	24.625834	146.34215	-82.190865	-89.69027	3.6512918	1000.5707864761353
102	289.38318	2.2041838	291.61856	286.384	289.08176	21.863876	303.99335	212.19028	400.0	400.0	112199	89.39944	24.506315	152.09677	-81.80764	-89.83324	3.9177778	1013.9200077056885
103	275.89648	12.933331	293.98413	264.50018	263.7868	72.82244	303.52484	-42.72032	400.0	382.15	113299	89.41231	24.401594	154.50844	-78.6833	-89.83859	3.705791	1025.930505514145
104	298.2643	2.9726164	300.681	294.077	287.01324	25.083406	304.12906	207.0012	400.0	400.0	114399	89.48011	24.373217	146.82043	-79.888985	-89.907005	3.7001166	1035.5666229724884
105	300.1792	3.6071167	303.78632	296.57208	287.753	16.431828	304.2897	250.30171	400.0	400.0	115499	89.59096	24.253448	160.35538	-79.2298	-90.022224	3.9255557	1047.2079684734344
106	275.5792	18.293903	301.43378	261.84238	294.35455	14.8179245	304.11694	240.40286	400.0	400.0	116599	89.72052	24.095287	150.42957	-77.86069	-90.14425	3.3617544	1061.0107250213623
107	295.70926	4.200442	300.69476	290.41934	286.41962	15.030343	304.08377	251.84985	400.0	400.0	117699	89.80507	24.008488	160.89397	-77.63219	-90.22115	3.5188038	1073.6075427532196
108	295.5071	6.480802	304.4187	289.1969	297.44382	7.531524	304.37906	277.9628	400.0	400.0	118799	89.856186	23.965298	161.61317	-78.2055	-90.26774	3.7760005	1084.027051448822
109	277.98553	21.954834	299.94037	256.0307	288.7188	12.93582	304.33038	257.2544	400.0	400.0	119899	89.95023	23.811327	159.74525	-78.34827	-90.363754	3.252203	1094.6797034740448
110	292.26678	9.387767	300.39764	279.11224	291.02957	14.227762	302.83652	251.34363	400.0	400.0	120999	89.984314	23.693272	158.53018	-79.21764	-90.392136	3.476694	1106.5243842601776
111	298.334	4.2787905	304.06833	293.79343	292.45316	11.060747	304.4576	262.7714	400.0	400.0	122099	90.045746	23.575441	150.51317	-76.01497	-90.452995	3.3853004	1120.6410157680511
112	274.44238	13.871087	290.45813	256.6247	290.51172	14.977978	303.3023	250.62996	400.0	400.0	123199	90.02378	23.50045	148.40413	-79.25758	-90.424904	3.2808466	1135.606407403946
113	295.7634	7.6496277	303.41302	288.11377	295.84732	8.399753	302.66037	272.57968	400.0	400.0	124299	90.05657	23.237898	155.50456	-75.175674	-90.454636	3.4493594	1144.9872462749481
114	291.08127	9.63077	304.20633	281.36798	297.81805	6.2091665	304.24377	280.74985	400.0	400.0	125399	90.1323	23.00073	171.2843	-73.382484	-90.524605	3.1737623	1154.0654809474945
115	298.72485	7.1399026	303.9551	288.62973	290.69757	15.62687	303.55707	254.09491	400.0	400.0	126499	90.17782	22.828207	149.89542	-73.44993	-90.559814	3.0572941	1163.5160970687866
116	287.99313	19.166994	301.68423	260.88736	277.5363	73.765076	304.0292	-39.73751	400.0	382.0	127599	90.166046	22.806936	137.52527	-73.01399	-90.55993	3.1324184	1175.1327805519104
117	299.2534	1.3912659	300.64465	297.86212	286.21634	25.827263	304.10443	196.93703	400.0	400.0	128699	90.177895	22.675238	149.63799	-73.332054	-90.565796	3.135645	1185.5571174621582
118	297.1747	4.034989	300.6054	291.51038	294.90735	8.993766	303.82156	267.07422	400.0	400.0	129799	90.16697	22.512112	135.94615	-74.92925	-90.546265	3.0891137	1194.8371231555939
119	289.40805	8.744253	301.0093	279.89917	282.98114	38.839775	303.62762	152.42615	400.0	400.0	130899	90.20652	22.445017	136.22679	-75.611916	-90.5876	2.8942726	1203.778035402298
120	299.36337	1.0381255	300.2091	297.9012	289.77963	15.224704	303.89575	248.95413	400.0	400.0	131999	90.23561	22.457607	154.49594	-74.607185	-90.6198	3.1768196	1212.4054553508759
121	295.20178	2.8506317	298.0524	292.35114	294.32416	11.132897	303.8309	260.88284	400.0	400.0	133099	90.27932	22.288412	159.88742	-76.43936	-90.66771	2.8470218	1220.8399045467377
122	265.01657	48.16628	300.5178	196.91983	298.6948	4.863064	304.07132	284.04486	400.0	400.0	134199	90.37635	22.170435	178.77802	-73.479744	-90.75945	3.2095969	1230.2195417881012
123	288.19934	9.45226	299.99377	276.8536	297.04926	5.558782	303.81613	284.48093	400.0	400.0	135299	90.38806	22.06398	145.8248	-75.75275	-90.767685	3.0671272	1238.086139202118
124	272.02206	39.584778	301.33356	216.06184	290.36414	21.295572	303.72668	201.39906	400.0	400.0	136399	90.3846	22.015812	215.00665	-76.407616	-90.768555	3.10696	1246.5118584632874
125	269.2057	1.5974884	270.80316	267.6082	288.50162	14.746608	302.48035	251.49	400.0	400.0	137499	90.48558	21.879465	159.2964	-76.61644	-90.87359	2.969778	1257.144334077835
126	293.48404	9.895325	300.70166	279.49228	288.75104	17.258837	301.43445	234.03252	400.0	400.0	138599	90.5953	21.79573	144.48178	-76.54828	-90.97866	2.9662108	1268.2223858833313
127	299.9571	1.444228	301.35657	297.96902	292.579	12.677977	304.3071	252.4293	400.0	400.0	139699	90.638016	21.759228	154.22836	-75.92371	-91.02043	3.0976272	1277.3564381599426
128	297.24295	4.126406	302.59634	292.5546	288.01575	24.219067	303.24506	198.34796	400.0	400.0	140799	90.748856	21.66176	152.18243	-74.84063	-91.12484	2.9547033	1288.628212928772
129	301.36914	0.6305084	301.99963	300.73862	287.42767	24.461887	303.9882	187.44405	400.0	400.0	141899	90.88089	21.509401	168.679	-75.86115	-91.25879	2.9143867	1296.8612821102142
130	298.87985	1.529015	300.5787	296.87186	290.25018	20.790722	303.6237	214.30246	400.0	400.0	142999	90.978745	21.420341	156.11096	-74.403366	-91.34852	2.8545423	1304.6988017559052
131	288.41003	11.443546	297.60022	272.2786	294.81656	8.551955	301.30246	264.70575	400.0	400.0	144099	90.91524	21.330061	144.34653	-73.45981	-91.27983	2.9884841	1312.5842657089233
132	287.7074	18.195694	300.97394	261.979	293.5103	12.114478	302.36252	259.40594	400.0	400.0	145199	90.94739	21.242971	137.66075	-74.03266	-91.3121	2.732162	1319.8344399929047
133	281.6319	9.008102	290.63998	272.62378	287.7457	18.64342	301.20596	223.86485	400.0	400.0	146299	90.92936	21.177801	154.17749	-73.68296	-91.29099	2.6398256	1327.6177299022675
134	282.7836	15.0246935	301.13507	264.33264	285.25897	16.427097	301.81097	247.65538	400.0	400.0	147399	90.91807	21.050829	144.95268	-71.97005	-91.26482	2.9263465	1334.7453236579895
135	287.72403	17.510508	301.19806	262.99356	286.43747	18.635466	302.4158	240.47202	400.0	400.0	148499	90.90142	20.895357	182.68047	-71.88433	-91.25619	2.7008643	1341.8185005187988
136	296.14847	3.521481	300.4328	291.80753	281.42447	29.801594	302.30872	212.6696	400.0	400.0	149599	90.85668	20.803333	149.65901	-70.76686	-91.1986	2.903129	1349.125839471817
137	299.56226	0.6071167	300.16937	298.95514	289.7232	14.502079	302.55298	252.93335	400.0	400.0	150699	90.83544	20.769287	171.35469	-70.816414	-91.192474	2.694645	1358.2246112823486
138	292.26315	6.655968	301.2193	285.27643	290.05692	14.805282	302.8586	259.50912	400.0	400.0	151799	90.81029	20.654545	142.3703	-71.63828	-91.152275	2.7335613	1365.7097022533417
139	292.89633	11.149273	301.1593	277.13507	291.74878	13.605956	302.49548	255.34909	400.0	400.0	152899	90.69261	20.706165	147.26056	-69.86709	-91.036606	2.9579778	1373.5156905651093
140	291.61905	11.799796	301.42267	275.02237	297.03717	4.8840766	301.42978	283.59222	400.0	400.0	153999	90.69969	20.569834	140.97598	-69.80884	-91.035614	2.646638	1382.479406118393
141	283.12006	11.110687	294.23074	272.00937	295.60773	6.3892884	301.7959	279.61502	400.0	400.0	155099	90.61164	20.5644	155.32185	-70.082306	-90.954346	2.8595133	1390.002224445343
142	300.12277	1.2898753	301.9337	299.02728	292.53827	15.411873	302.24365	231.23764	400.0	400.0	156199	90.64959	20.361052	133.61975	-70.32218	-90.99293	2.5105991	1397.5229785442352
143	297.17133	2.1606612	300.15115	295.09564	287.69836	23.80581	301.81885	195.08449	400.0	400.0	157299	90.66592	20.26934	142.35735	-69.642166	-91.00279	2.612842	1405.043753862381
144	256.6193	29.134808	297.4457	231.39375	290.82773	13.6291685	302.3824	243.66414	400.0	400.0	158399	90.574615	20.174469	152.18071	-70.19285	-90.90747	2.428644	1412.6234421730042
145	299.17346	1.5918732	300.76535	297.5816	281.13678	25.251974	301.86755	196.04842	400.0	400.0	159499	90.47358	20.054306	146.95752	-70.19978	-90.798225	2.694389	1419.4911921024323
146	297.64078	1.0491542	299.12445	296.88788	293.20944	8.913108	303.05035	268.98096	400.0	400.0	160599	90.37681	19.98961	131.85176	-71.42072	-90.69569	2.425825	1426.3238909244537
147	289.78223	7.766781	298.0949	279.40826	287.9985	13.965926	301.07828	253.12447	400.0	400.0	161699	90.2409	19.923634	204.8312	-71.253586	-90.55446	2.7995179	1433.187232017517
148	296.28207	6.748398	302.13208	286.8268	282.28616	25.16841	302.36288	213.12196	400.0	400.0	162799	90.1506	19.816095	151.71616	-69.37976	-90.462234	2.5589988	1440.0427622795105
149	272.74042	17.154366	289.89478	255.58604	291.07764	12.491347	301.74017	257.65375	400.0	400.0	163899	89.94195	19.899118	137.82745	-70.541794	-90.25185	2.6136644	1447.5307314395905
150	298.37375	2.6111295	301.93756	295.75436	293.79315	6.0636034	303.0517	282.17056	400.0	400.0	164999	89.92851	19.68727	152.2874	-75.18345	-90.24591	2.5027864	1456.2167394161224
151	290.32092	5.9238496	297.64844	283.14026	292.98062	11.06129	301.41592	248.51768	400.0	400.0	166099	89.860115	19.560762	145.0934	-72.55062	-90.16872	2.5049064	1464.089775800705
152	278.13138	23.193415	296.4039	245.40514	288.77313	13.107484	300.9061	255.34775	400.0	400.0	167199	89.73173	19.487799	174.29509	-70.35898	-90.037186	2.8139203	1471.357890367508
153	276.90524	22.178505	299.08374	254.72673	288.5102	14.835619	303.611	247.20348	400.0	400.0	168299	89.58724	19.434378	140.236	-74.58068	-89.88766	2.4484272	1478.9004502296448
154	298.36563	1.7138795	300.77545	296.93567	292.93625	12.891002	303.7515	258.5512	400.0	400.0	169399	89.48678	19.361933	173.05771	-72.05635	-89.793594	2.6897345	1487.329285621643
155	291.1788	6.888048	299.1055	282.31204	288.4038	14.585941	302.2293	242.785	400.0	400.0	170499	89.41077	19.262512	135.92715	-70.63055	-89.71112	2.4248185	1495.9287955760956
156	274.1663	6.201186	279.90118	265.55295	289.47174	17.262146	300.25027	223.14404	400.0	400.0	171599	89.39017	19.072676	139.02121	-72.38456	-89.69053	2.556157	1504.6782178878784
157	288.5636	5.609024	294.17264	282.9546	291.20944	12.850545	301.98682	254.08635	400.0	400.0	172699	89.27004	19.002922	140.95232	-73.96315	-89.56509	2.5058985	1513.7275500297546
158	298.88623	1.9748992	301.5179	296.76044	287.46466	14.7992525	302.83453	251.08447	400.0	400.0	173799	89.13145	19.02899	136.91014	-71.26974	-89.429634	2.3722293	1522.8145835399628
159	286.49893	3.507652	289.00183	281.53842	280.8244	26.382122	302.36926	181.97371	400.0	400.0	174899	89.09029	18.858164	180.32614	-72.8425	-89.39333	2.4360704	1530.4605467319489
160	292.21695	8.962984	299.81104	279.6307	288.77832	11.494712	299.34274	258.07874	400.0	400.0	175999	88.98309	18.854692	145.63625	-71.81239	-89.2728	2.5566542	1538.8332352638245
161	297.1214	1.972702	299.09412	295.1487	282.6846	20.127533	298.44507	237.98083	400.0	400.0	177099	88.91256	18.820606	150.85388	-70.11885	-89.209435	2.464276	1546.995745420456
162	292.1462	0.8036811	292.85162	291.02173	288.99698	14.358825	301.05756	242.24326	400.0	400.0	178199	88.82424	18.733559	142.30226	-70.035645	-89.12249	2.2474377	1556.5707199573517
163	298.8776	2.3176522	302.13654	296.9451	282.65555	24.199879	300.76483	211.84006	400.0	400.0	179299	88.78434	18.698112	148.86223	-68.33829	-89.086815	2.3998687	1565.1548526287079
164	297.49023	3.2905498	300.47232	292.90533	288.13022	14.322368	301.04846	247.3351	400.0	400.0	180399	88.792404	18.66651	155.56947	-70.93549	-89.101074	2.4665585	1573.8047947883606
165	289.91824	4.969635	294.88788	284.9486	285.0362	16.92339	302.5081	233.58177	400.0	400.0	181499	88.81069	18.534708	128.34933	-68.09959	-89.116776	2.3413293	1581.8543093204498
166	296.62094	2.3523152	299.85214	294.3201	281.81	23.591232	303.4311	189.29758	400.0	400.0	182599	88.7746	18.611723	145.30858	-69.22388	-89.08213	2.4872715	1590.899273633957
167	289.21896	13.727334	302.85635	270.43466	296.76913	6.546442	303.7946	280.53494	400.0	400.0	183699	88.83364	18.421541	144.35596	-69.09885	-89.13799	2.480599	1599.4688847064972
168	285.41794	13.812114	295.71298	265.89435	291.50702	8.640386	302.1556	268.72803	400.0	400.0	184799	88.85526	18.506258	141.42175	-70.02418	-89.16703	2.3472369	1608.2272810935974
169	295.9984	2.4940948	298.4925	293.5043	284.67325	17.893608	303.4368	228.15933	400.0	400.0	185899	88.91501	18.426376	134.3295	-69.26411	-89.229614	2.2976127	1618.2811241149902
170	295.50546	5.3888025	302.099	288.8992	292.44806	7.03189	300.59732	277.53613	400.0	400.0	186999	88.90196	18.367527	150.17628	-67.57528	-89.20544	2.4500701	1626.1972138881683
171	288.4596	9.304068	295.3322	275.3061	286.2363	16.808907	300.19775	225.28676	400.0	400.0	188099	88.91057	18.357323	155.0546	-71.571106	-89.21769	2.4731233	1636.595786333084
172	297.87738	2.7153172	300.45773	294.12433	290.9917	9.301949	303.74918	262.53543	400.0	400.0	189199	88.95851	18.253923	149.17857	-71.474884	-89.26125	2.4652352	1646.0749869346619
173	295.47675	1.3931122	296.86984	294.08362	290.12433	18.109665	303.41602	236.88351	400.0	400.0	190299	88.92017	18.160118	136.93513	-70.768196	-89.21017	2.2576575	1654.5853688716888
174	288.14566	13.854455	300.59665	268.8187	289.6299	14.133655	302.7852	251.69305	400.0	400.0	191399	88.8609	18.084505	142.26936	-73.430664	-89.147804	2.2060275	1665.7370657920837
175	291.59497	11.038352	303.80194	277.06473	292.0755	12.992491	303.038	266.51648	400.0	400.0	192499	88.838486	17.911757	132.72527	-73.327736	-89.122734	2.0854487	1674.9104731082916
176	283.595	14.466217	295.60153	263.24637	292.2596	9.957918	302.5808	259.05225	400.0	400.0	193599	88.74213	18.031164	219.70604	-74.87751	-89.02657	2.3283763	1682.765293598175
177	209.3079	127.396324	300.38373	29.145948	289.20435	14.702339	302.97623	247.08093	311.66666	400.0	194699	88.65335	18.02657	169.86963	-74.53907	-88.932335	2.4872575	1692.8620851039886
178	284.28207	10.644	298.4341	272.76398	291.35455	12.56767	303.18588	255.12604	400.0	400.0	195799	88.541985	17.963327	149.6502	-74.346695	-88.81761	2.2669969	1701.5460367202759
179	290.05444	6.4548798	296.50934	283.59958	288.43283	13.391413	301.6146	247.33191	400.0	400.0	196899	88.456955	17.989674	159.03474	-75.10697	-88.72497	2.3030572	1712.7666037082672
180	209.16286	145.21263	298.85455	-42.223766	292.7245	11.333183	302.97977	268.8349	320.0	400.0	197999	88.3308	17.925797	147.92303	-71.4052	-88.59332	2.3107407	1721.8712894916534
181	273.49203	18.579336	288.58548	247.31929	296.3617	10.250481	303.1432	258.7847	400.0	400.0	199099	88.2304	17.71327	164.69176	-70.110725	-88.49075	2.3824565	1731.727412700653
182	299.642	1.8912597	301.07324	296.96964	290.72992	14.7458105	302.86182	238.09412	400.0	400.0	200199	88.088905	17.646208	142.43216	-73.952415	-88.35212	2.357616	1740.3071932792664
183	287.38168	2.045105	289.4268	285.33658	275.57397	32.27543	301.58536	175.75255	400.0	400.0	201299	87.981865	17.645157	136.72797	-72.332466	-88.248924	2.3163228	1748.6528623104095
184	295.89978	2.6130989	299.43857	293.20834	295.61752	7.713594	302.89816	271.60428	400.0	400.0	202399	87.909325	17.470463	145.2504	-72.15737	-88.172226	2.258042	1756.8252222537994
185	294.249	6.8950586	301.84784	285.1575	284.52145	12.671922	302.64676	258.6233	400.0	400.0	203499	87.83903	17.294916	137.49965	-71.227394	-88.10233	2.0532372	1764.581300020218
186	299.99243	0.6852282	300.70236	299.06622	292.46277	12.7755575	302.33365	253.1105	400.0	400.0	204599	87.75882	17.229868	142.01917	-72.362564	-88.01572	2.155073	1773.3188009262085
187	291.43832	10.369202	301.80753	281.06912	289.50272	17.741478	303.15475	248.2935	400.0	400.0	205699	87.671906	17.154455	149.52226	-68.84058	-87.92824	2.1838753	1781.0972843170166
188	289.07278	17.014013	302.8751	265.10303	288.501	16.177542	301.90515	248.75375	400.0	400.0	206799	87.55812	17.0714	156.83282	-70.11873	-87.81462	2.2441726	1788.8505237102509
189	287.74075	9.23331	300.42365	278.7087	293.71103	10.4344845	301.89035	256.67038	400.0	400.0	207899	87.47722	17.010471	156.4155	-69.777435	-87.729645	2.243126	1798.231810092926
190	292.32507	3.3466866	296.8096	288.77237	294.52643	9.913249	302.67905	262.86578	400.0	400.0	208999	87.38049	16.929165	139.63837	-71.22969	-87.63169	2.1734095	1807.0956947803497
191	282.8544	3.8673096	286.7217	278.9871	289.71454	15.306529	302.5599	242.77335	400.0	400.0	210099	87.273254	16.89132	143.48407	-72.54331	-87.52475	2.0232942	1816.767181634903
192	285.52414	17.625769	300.57495	260.791	291.58075	11.922175	302.9071	260.2746	400.0	400.0	211199	87.17736	16.905067	142.68706	-73.19978	-87.43141	2.2125843	1825.9086678028107
193	290.90018	14.69362	302.48938	270.16833	276.62106	26.514688	304.14975	217.09315	400.0	400.0	212299	87.10614	16.88847	139.39073	-73.40315	-87.36108	2.0349264	1836.2335391044617
194	298.14014	6.389427	302.77112	289.10507	291.20233	14.173928	302.96872	250.97893	400.0	400.0	213399	87.087746	16.71329	172.10829	-72.13432	-87.34342	2.0548801	1845.2638382911682
195	283.9087	10.972549	294.88126	272.93616	292.7469	17.54614	303.838	234.41325	400.0	400.0	214499	87.00904	16.76551	135.98537	-71.22506	-87.26029	2.0422332	1855.9919927120209
196	285.19583	16.486853	300.51743	262.31464	295.92786	8.246915	302.3298	269.25766	400.0	400.0	215599	86.958855	16.7298	210.72026	-103.58516	-87.212944	2.109685	1864.9266018867493
197	297.9236	4.3257356	303.8567	293.66595	290.29938	18.161308	303.40982	237.38857	400.0	400.0	216699	86.947174	16.606194	133.64752	-72.50654	-87.20303	1.946082	1873.2259166240692
198	290.86966	7.995804	302.09314	284.06436	291.69952	22.476202	303.87796	206.68823	400.0	400.0	217799	86.90188	16.59845	133.61989	-69.88477	-87.15088	2.008462	1880.8305616378784
199	301.64978	1.3466797	302.99646	300.3031	290.47675	19.071186	302.92072	231.10889	400.0	400.0	218899	86.91231	16.467299	139.27762	-71.21715	-87.16962	1.8581039	1888.1948351860046
200	292.93005	8.544687	300.505	280.9889	291.20294	23.106102	304.25192	215.49295	400.0	400.0	219999	86.90897	16.368988	152.79564	-75.21699	-87.15887	2.0595696	1895.8828854560852
201	298.3307	1.7577235	299.7181	295.85074	290.24963	18.539097	303.2449	239.11275	400.0	400.0	221099	86.8107	16.499638	144.01343	-75.051765	-87.06171	2.020903	1905.159197807312
202	299.1883	2.1442993	301.70862	296.46765	297.0649	9.90178	303.4623	262.1074	400.0	400.0	222199	86.813324	16.37972	138.2451	-72.98204	-87.06403	2.010878	1914.2852580547333
203	289.35434	2.8719788	292.22632	286.48236	286.25592	19.072062	303.26868	232.3709	400.0	400.0	223299	86.8207	16.24408	166.77419	-73.41292	-87.073654	2.043247	1923.2175912857056
204	272.22986	28.967808	300.07523	232.28453	294.59808	13.79484	303.9571	255.33168	400.0	400.0	224399	86.77079	16.285416	131.93184	-74.64545	-87.01727	1.775383	1933.5583674907684
205	296.45667	5.533642	302.5778	289.17346	292.46774	16.854086	303.6104	242.73448	400.0	400.0	225499	86.75945	16.168211	197.42184	-75.679924	-87.00483	2.0220675	1943.4743723869324
206	279.5017	28.7879	303.01447	238.96204	287.59564	15.049083	303.99985	258.83316	400.0	400.0	226599	86.68542	16.218792	148.87228	-73.204765	-86.93119	2.0206063	1954.2262003421783
207	259.74792	24.697365	284.44528	235.05055	285.817	24.175858	303.25632	225.15758	400.0	400.0	227699	86.69181	16.136976	156.06631	-73.01499	-86.93571	2.1029544	1964.8192160129547
208	298.60446	4.949072	302.55463	291.62564	289.27905	13.563015	304.57565	258.26517	400.0	400.0	228799	86.68165	16.0977	128.29999	-73.98552	-86.929436	1.7485476	1976.4917352199554
209	289.033	19.245392	303.66995	261.84247	287.29218	20.562912	303.57404	207.32613	400.0	400.0	229899	86.67276	16.087667	143.1876	-73.1858	-86.92933	1.9693938	1987.8164796829224
210	284.4424	15.58918	302.72318	264.6299	289.38666	18.655548	303.78223	238.91786	400.0	400.0	230999	86.75742	15.981734	134.14894	-73.20197	-87.00864	1.9465257	1997.463222026825
211	297.8939	4.8493958	302.7433	293.0445	292.90903	16.058659	304.14722	240.443	400.0	400.0	232099	86.75314	15.996283	137.0229	-74.19376	-86.99839	1.792175	2009.2402160167694
212	290.3694	13.26856	303.3246	272.13577	290.11063	18.543007	304.1577	242.40395	400.0	400.0	233199	86.79673	15.877041	152.5446	-71.979164	-87.04638	2.083707	2018.8809840679169
213	288.55225	14.854478	300.23816	267.591	286.4092	24.318645	303.91302	208.8919	400.0	400.0	234299	86.74391	15.981968	152.6261	-73.6184	-86.9949	1.9794074	2028.3267018795013
214	289.2955	7.014781	296.4671	279.77365	282.98227	25.00466	304.01077	217.54219	400.0	400.0	235399	86.85581	15.755934	138.00357	-75.68351	-87.11052	2.0069118	2039.4049603939056
215	273.47995	29.686378	303.16632	243.79356	293.01562	11.911322	303.5196	257.2724	400.0	400.0	236499	86.865135	15.773725	129.84999	-71.51781	-87.11969	1.8164725	2049.4304797649384
216	273.06296	27.633053	299.9854	235.07085	290.01468	17.043642	304.2035	245.66826	400.0	400.0	237599	86.87952	15.710372	141.04694	-70.77112	-87.12715	1.9046764	2059.6532340049744
217	293.7615	7.3924346	300.8434	283.56046	293.86795	13.957736	304.05594	250.48549	400.0	400.0	238699	86.91791	15.618274	129.12473	-68.914635	-87.16648	2.042083	2070.7184760570526
218	298.2274	7.218844	303.46924	288.01962	290.36142	19.73003	304.4628	221.8382	400.0	400.0	239799	86.9153	15.56171	139.11469	-70.9026	-87.16725	1.8123192	2084.146337747574
219	277.99835	24.688911	302.68726	253.30943	297.88687	7.8905864	304.4079	271.11017	400.0	400.0	240899	86.9676	15.413863	133.3265	-71.21622	-87.216805	1.7699096	2096.0628044605255
220	275.60312	33.874786	303.73962	227.95654	291.9256	17.694273	304.2419	239.61188	400.0	400.0	241999	86.962296	15.40641	149.04242	-70.31657	-87.207825	1.8539405	2105.3754954338074
221	285.29483	5.660383	289.63593	277.29968	297.27734	11.599631	304.58923	250.49826	400.0	400.0	243099	86.984184	15.301135	188.58641	-70.79666	-87.23289	2.0147874	2115.4408535957336
222	298.70584	3.4940386	301.63412	293.79477	293.3167	16.861382	304.15088	225.72827	400.0	400.0	244199	87.02933	15.1972475	156.34737	-70.507095	-87.28054	1.7839408	2123.8673005104065
223	300.91168	1.0241241	301.9358	299.88754	287.32275	11.877438	302.41693	261.11142	400.0	400.0	245299	87.0788	15.160061	131.34578	-70.78245	-87.323616	1.8520149	2132.6196961402893
224	289.60233	8.569168	298.7765	278.158	296.28165	10.114977	304.61743	264.41315	400.0	400.0	246399	87.07225	15.017373	155.26846	-71.20046	-87.31607	1.7956829	2144.2567884922028
225	299.2491	5.1399765	303.42453	292.0084	289.3982	18.133755	304.614	246.24533	400.0	400.0	247499	87.09653	14.919497	139.08948	-69.63021	-87.34098	1.7077788	2154.076870203018
226	295.22086	11.133932	304.56155	279.57278	293.60315	19.664478	304.57062	217.573	400.0	400.0	248599	87.08096	14.960456	156.41373	-69.11609	-87.32224	1.9022201	2164.374720096588
227	293.7091	8.838684	302.5478	284.87042	287.99002	20.311567	304.24237	225.92165	400.0	400.0	249699	87.11682	14.814753	140.56664	-68.6077	-87.35598	1.7391951	2174.5679972171783
228	262.26044	17.616785	286.89764	246.73518	291.94754	22.141668	304.62088	203.91724	400.0	400.0	250799	87.07739	14.756752	140.66498	-69.87299	-87.313835	1.7499241	2185.3059644699097
229	286.80692	8.482732	293.6055	274.84787	290.3937	20.323744	304.13123	218.70155	400.0	400.0	251899	87.04769	14.842966	162.4583	-70.41524	-87.289665	1.9033533	2197.3635227680206
230	291.66125	17.954695	304.55533	266.2705	290.28854	20.155636	304.51242	233.455	400.0	400.0	252999	87.03843	14.796721	139.32681	-70.02754	-87.27405	1.8277017	2209.7138566970825
231	296.7117	1.736145	298.44785	294.97556	296.24603	12.086852	304.06134	251.42801	400.0	400.0	254099	87.00578	14.791917	130.67271	-67.98509	-87.23892	1.8347872	2221.9715135097504
232	283.56036	20.887877	303.9084	254.84117	289.03113	20.428291	304.47678	241.50157	400.0	400.0	255199	86.97075	14.778676	140.94023	-70.90643	-87.203384	1.7833179	2238.206426858902
233	281.10355	32.329914	304.58975	235.38792	288.39	17.556759	304.3628	245.92223	400.0	400.0	256299	86.96368	14.592196	142.16779	-71.88217	-87.1968	1.7380726	2248.96271443367
234	291.70157	10.763371	302.55173	277.0309	287.775	24.64709	304.36646	209.95192	400.0	400.0	257399	86.91078	14.618133	182.2841	-69.50627	-87.13689	1.8439289	2266.553192138672
235	270.75198	33.34527	304.09726	237.40672	291.9621	12.165645	304.1131	272.63345	400.0	400.0	258499	86.85111	14.620673	134.51772	-70.67676	-87.07594	1.8169317	2282.504059314728
236	294.2208	14.016273	304.44086	274.40204	289.62784	17.547915	303.53375	244.87364	400.0	400.0	259599	86.8391	14.496633	181.07613	-73.85771	-87.07354	1.75953	2296.7374455928802
237	281.16037	3.6678658	284.86664	276.16437	292.68195	12.094791	302.87177	253.70055	400.0	400.0	260699	86.79702	14.514616	138.14679	-73.722145	-87.02615	1.6396203	2309.728589296341
238	283.7266	13.333921	301.6957	269.78992	290.5044	29.22516	304.08887	182.21335	400.0	400.0	261799	86.784676	14.355828	134.43921	-73.96933	-87.00913	1.6478645	2337.4724731445312
239	262.9748	3.2964478	266.27124	259.67834	292.94125	13.850508	303.9563	252.12756	400.0	400.0	262899	86.69972	14.301302	129.16806	-69.772316	-86.91828	1.5561981	2352.0042111873627
240	300.89297	2.9230745	303.7116	296.86487	296.64697	14.085284	303.70306	243.8637	400.0	400.0	263999	86.607445	14.366587	132.54834	-73.403755	-86.82662	1.7077677	2365.849187850952
241	288.71878	15.965482	301.00632	266.17053	279.56366	30.57779	304.23242	190.13878	400.0	400.0	265099	86.52638	14.262345	146.36739	-75.86715	-86.74279	1.8676869	2377.4135744571686
242	263.77127	19.737999	283.86472	236.9444	284.6987	36.825447	304.29865	150.58273	400.0	400.0	266199	86.49125	14.053384	130.57248	-76.31991	-86.70895	1.6569258	2390.2049226760864
243	288.03873	10.988586	299.0273	277.05014	293.5274	17.965681	303.90527	225.92262	400.0	400.0	267299	86.4171	14.037949	131.69824	-73.01766	-86.63822	1.5855211	2403.6779425144196
244	301.02737	2.3100264	303.26233	297.84637	298.97354	8.386554	303.91708	267.43344	400.0	400.0	268399	86.369156	14.050594	127.79569	-76.26986	-86.585724	1.6496098	2417.680894136429
245	281.09604	25.078888	303.65723	246.11586	289.52838	20.165363	303.77985	232.69289	400.0	400.0	269499	86.31697	14.023519	161.71101	-75.98539	-86.53368	1.7212608	2428.5124990940094
246	295.54953	8.865638	302.13895	283.01718	285.32294	19.650509	303.93024	236.79706	400.0	400.0	270599	86.24499	14.102311	165.32733	-73.49933	-86.46125	1.8634963	2439.798486471176
247	254.3745	11.406631	265.78113	242.96786	286.34137	17.678251	303.75446	236.55946	400.0	400.0	271699	86.23045	14.00139	141.78394	-74.24013	-86.45047	1.6380056	2454.1154820919037
248	294.93533	4.813405	300.7363	288.95023	289.9634	18.488712	304.2165	235.90248	400.0	400.0	272799	86.169716	13.965891	178.51073	-74.463326	-86.381744	1.7735724	2470.3841462135315
249	273.60788	29.898363	297.4094	231.44186	293.24866	11.313726	303.82605	268.53888	400.0	400.0	273899	86.103546	13.917393	139.364	-72.05952	-86.314545	1.6355364	2487.0737750530243
250	289.84378	18.720234	303.1573	263.3695	296.65085	10.183819	303.99548	269.78696	400.0	400.0	274999	86.059875	13.862563	137.8293	-74.29768	-86.27222	1.6371442	2516.8938598632812
