Epoch	AverageEpRet	StdEpRet	MaxEpRet	MinEpRet	AverageTestEpRet	StdTestEpRet	MaxTestEpRet	MinTestEpRet	EpLen	TestEpLen	TotalEnvInteracts	AverageQVals	StdQVals	MaxQVals	MinQVals	LossPi	LossQ	Time
1	12.565397	17.415878	29.981276	-4.850481	-160.02701	0.0013811522	-160.02498	-160.0296	400.0	400.0	1099	0.1781252	0.3077734	1.0857651	-0.37810552	-0.1795229	0.022206407	4.999382495880127
2	16.970602	24.527933	47.572273	-12.475287	52.496418	18.22964	79.6645	17.644602	400.0	400.0	2199	0.43371466	1.1465228	3.9205413	-1.3247405	-0.43563464	0.018380359	23.69998025894165
3	31.010193	31.697918	74.714554	0.5218335	-8.493734	74.81889	115.68807	-107.64996	400.0	400.0	3299	1.04444	2.5593328	7.3410554	-2.0441995	-1.1338321	0.024469275	40.37362861633301
4	54.632618	47.449005	119.5173	7.3715463	126.30951	38.548954	180.3358	54.373596	400.0	400.0	4399	2.6034894	3.76107	9.256148	-2.4155924	-2.7407165	0.03400996	56.40172505378723
5	25.157883	7.555478	32.71336	17.602404	140.0438	28.858826	221.58282	112.87136	400.0	400.0	5499	3.7127526	4.644171	12.075376	-2.9518888	-3.8676639	0.042535234	72.90948987007141
6	5.6798153	7.177604	15.725442	-0.60436743	118.794815	9.865493	141.56581	100.04369	400.0	400.0	6599	4.3229766	5.598814	14.786523	-3.10787	-4.4911523	0.04636348	89.65782523155212
7	16.502028	21.772963	36.371857	-13.804075	116.44624	50.38776	199.348	25.273247	400.0	400.0	7699	5.2363157	6.362233	17.808405	-3.163731	-5.415061	0.07764021	107.4440929889679
8	36.512775	44.32993	96.3641	-9.570807	136.10066	19.547943	169.3127	100.920395	400.0	400.0	8799	6.2214646	7.1756797	20.017668	-3.2553442	-6.4093537	0.071604125	124.03621125221252
9	51.412357	7.5946465	59.007004	43.81771	126.46478	35.644234	168.25409	19.212862	400.0	400.0	9899	7.1550775	7.985727	22.196156	-3.5369813	-7.3394027	0.09610937	142.43389558792114
10	0.3052055	2.9254737	2.9839993	-3.7646937	149.80394	22.395285	191.94237	111.09946	400.0	400.0	10999	7.9756823	8.608777	24.36301	-3.9108212	-8.160005	0.093785055	160.89725518226624
11	42.84222	14.144631	59.04865	24.58422	131.40262	20.95993	173.89767	102.69713	400.0	400.0	12099	8.637635	9.288542	26.521679	-4.179278	-8.823548	0.10849163	179.20437049865723
12	21.111448	15.53495	42.561142	6.2713866	139.66736	24.807938	186.24957	101.77385	400.0	400.0	13199	9.182946	9.946193	28.53156	-4.451668	-9.373693	0.11616967	197.94839239120483
13	9.417458	16.444418	25.861876	-7.026961	90.37427	17.225613	138.82556	73.128494	400.0	400.0	14299	9.380067	10.662826	30.416796	-4.7700195	-9.573889	0.13019215	219.56439900398254
14	2.9997845	12.981761	21.351845	-6.6128054	150.90105	23.836973	225.59741	122.42766	400.0	400.0	15399	9.622318	11.334403	32.466793	-4.9804406	-9.821636	0.15476759	238.5350844860077
15	134.33923	33.49445	174.67216	92.66096	146.38383	26.88077	186.41412	97.65572	400.0	400.0	16499	10.184588	12.080474	34.306847	-5.3773046	-10.380309	0.19419608	258.21247482299805
16	154.707	14.30338	168.36823	134.95709	162.11667	43.054974	235.88565	91.97981	400.0	400.0	17599	11.411282	12.839734	35.26843	-5.3549185	-11.610401	0.1960973	277.5261926651001
17	191.30261	16.969109	208.27171	174.3335	148.8581	28.20562	209.69337	97.526764	400.0	400.0	18699	12.523718	13.615865	37.6348	-5.1430783	-12.718653	0.24461795	297.7985188961029
18	146.69963	8.319433	154.08348	135.07495	174.49973	23.408772	221.39166	142.77284	400.0	400.0	19799	13.816875	14.499024	39.07995	-5.0292873	-14.015947	0.35002005	317.76019501686096
19	179.09923	22.054745	195.59155	147.92665	192.57938	47.660706	258.87924	124.97408	400.0	400.0	20899	14.819992	15.208593	40.71655	-4.9771433	-15.019173	0.40828174	337.9486448764801
20	170.64806	26.215998	198.08614	135.33546	183.21115	34.476948	240.06546	139.08247	400.0	400.0	21999	16.250128	15.854713	42.248627	-4.83088	-16.455685	0.4343747	359.3567476272583
21	239.80447	1.3811646	241.18564	238.42331	199.08168	35.90046	272.72894	152.6095	400.0	400.0	23099	17.572355	16.499727	43.66492	-5.156253	-17.777088	0.33245257	380.04935240745544
22	208.94551	39.43152	245.76501	154.2658	209.58102	45.401665	278.81775	104.88422	400.0	400.0	24199	19.118322	17.20182	45.60418	-5.1849256	-19.324036	0.4061341	400.71182203292847
23	200.20049	34.279278	225.59328	151.74086	202.17159	58.121723	275.03073	91.590904	400.0	400.0	25299	20.425095	17.644785	46.66297	-5.217956	-20.638058	0.48996338	421.33589720726013
24	206.91956	33.93119	249.8543	166.89296	206.62415	63.4718	273.89352	81.20539	400.0	400.0	26399	21.96759	18.124903	48.16881	-5.036201	-22.18474	0.59401625	439.8687016963959
25	199.79987	18.895973	218.69585	180.9039	219.45357	29.311953	264.54654	168.90672	400.0	400.0	27499	23.33602	18.657177	49.42156	-4.968119	-23.555859	0.5913018	458.2481920719147
26	197.33638	56.248775	242.42664	118.03708	208.53006	44.180443	247.30794	50.98526	400.0	400.0	28599	24.790117	19.136099	50.427807	-5.330472	-25.018436	0.68475354	476.61810207366943
27	178.0531	12.877239	194.97746	163.76775	212.52261	20.971342	249.11789	174.08466	400.0	400.0	29699	26.094688	19.45485	51.67938	-5.518829	-26.346355	0.5997367	496.5105731487274
28	192.30908	47.95748	234.31482	125.19203	207.4701	36.788006	278.8601	140.44925	400.0	400.0	30799	27.528498	19.756565	52.464092	-5.978186	-27.78265	0.7181529	516.8036835193634
29	219.8945	10.291199	230.1857	209.6033	223.46243	34.34122	287.15137	172.34967	400.0	400.0	31899	29.121584	19.9588	53.592445	-6.448161	-29.386969	0.6739838	537.4839763641357
30	159.36252	25.99944	185.54054	123.91306	214.37207	34.40158	269.0154	141.06145	400.0	400.0	32999	30.46147	20.19323	54.006126	-7.0356436	-30.727571	0.639913	556.883957862854
31	190.28252	9.238211	203.03906	181.46095	233.84546	40.858673	279.8171	116.06295	400.0	400.0	34099	31.688011	20.259777	54.95212	-7.7214313	-31.954119	0.6910493	576.555526971817
32	262.7827	9.828647	275.6057	251.72563	224.55424	23.498434	271.38638	186.92703	400.0	400.0	35199	33.087227	20.289892	56.278286	-7.851596	-33.352493	0.6945394	596.7837152481079
33	206.68242	9.904999	216.58742	196.77742	217.53564	35.486702	267.5448	147.10164	400.0	400.0	36299	34.451237	20.424454	56.922115	-7.739648	-34.71142	0.55730826	617.3629097938538
34	226.1602	40.806488	283.54324	192.16357	224.51297	45.271862	282.74493	99.68515	400.0	400.0	37399	35.615753	20.411728	57.83531	-7.651435	-35.855774	0.5997761	640.7485203742981
35	231.46211	30.389717	270.08734	195.82861	230.99243	26.293703	272.08658	177.74997	400.0	400.0	38499	36.532677	20.450264	58.333977	-7.6326733	-36.76206	0.59522414	661.5258476734161
36	201.80518	31.561209	228.44456	157.47061	223.01346	26.457363	274.2094	184.87955	400.0	400.0	39599	37.43028	20.366125	59.323	-7.912216	-37.653687	0.64198434	677.575799703598
37	224.52228	9.68824	234.21051	214.83403	218.66733	26.713886	271.70203	170.29527	400.0	400.0	40699	38.383453	20.33142	60.132603	-7.8798227	-38.59542	0.5895864	694.2961311340332
38	212.22466	15.564643	227.15509	190.75233	210.64066	37.22785	271.35767	119.65557	400.0	400.0	41799	39.175583	20.207155	60.811836	-7.828369	-39.384518	0.5515967	709.8445203304291
39	171.40216	42.119366	224.25722	121.18769	211.02705	36.889793	278.02338	118.02176	400.0	400.0	42899	39.81219	20.122782	61.28964	-7.7236137	-40.013348	0.64300495	724.203994512558
40	212.91743	39.796803	246.57297	157.0236	201.58391	29.795473	260.13974	148.28236	400.0	400.0	43999	40.45185	20.099712	61.91559	-7.8646297	-40.643276	0.65254295	738.4420747756958
41	214.77522	40.215973	254.9912	174.55925	215.04745	21.571383	250.47023	180.12057	400.0	400.0	45099	40.970062	20.024227	62.336437	-7.5695133	-41.165764	0.6601825	752.0939033031464
42	213.21144	23.643938	234.05424	180.14635	220.99028	28.791292	263.4013	143.48318	400.0	400.0	46199	41.57617	19.952637	63.20021	-7.352192	-41.7755	0.57838815	766.8850240707397
43	204.41608	13.239982	221.22511	188.86748	222.00784	37.31506	278.0	108.55401	400.0	400.0	47299	42.229515	19.859375	63.572536	-7.7283025	-42.421658	0.6604421	781.5722017288208
44	190.9986	39.128185	229.03014	137.173	217.97299	27.647987	284.98813	151.71442	400.0	400.0	48399	42.783237	19.72539	64.221664	-7.9742217	-42.98224	0.63065284	795.7342994213104
45	206.20801	66.900085	273.1081	139.30792	193.24503	32.514385	252.37712	111.96544	400.0	400.0	49499	43.33179	19.719807	64.84929	-8.115315	-43.538578	0.76183313	810.6575093269348
46	186.0103	37.88918	239.5052	156.59714	211.27713	30.158773	269.024	156.03452	400.0	400.0	50599	43.93484	19.516556	65.20306	-7.915631	-44.138958	0.69855833	824.4672577381134
47	200.98564	7.1726484	206.57492	190.86023	225.30562	25.461962	271.06903	171.56819	400.0	400.0	51699	44.412373	19.440899	66.033005	-7.0638437	-44.621323	0.65393746	838.0134301185608
48	199.93434	25.285715	233.3189	172.14455	232.26175	32.277924	264.20712	132.87279	400.0	400.0	52799	44.92774	19.283756	65.90024	-6.6828637	-45.135635	0.65564066	851.5453610420227
49	176.22464	15.807213	192.03185	160.41742	216.53313	27.956593	270.8392	155.27242	400.0	400.0	53899	45.552956	19.021944	66.2526	-6.625038	-45.76263	0.65617734	864.8264017105103
50	219.36464	20.154179	242.33755	193.26756	233.1044	23.014523	276.2705	174.39671	400.0	400.0	54999	46.05109	18.80591	66.54307	-6.1271286	-46.25933	0.71611476	878.0650532245636
51	200.94011	8.942494	212.453	190.6513	220.55042	20.682253	256.05066	169.7396	400.0	400.0	56099	46.55846	18.614767	67.11889	-5.7544484	-46.768505	0.57051605	892.013147354126
52	207.11015	15.618275	224.87112	186.85835	206.49142	24.81043	275.53458	168.08022	400.0	400.0	57199	46.92625	18.51503	67.31067	-5.766263	-47.130936	0.6532453	905.8168594837189
53	211.4798	22.403671	233.88347	189.07613	219.68527	24.813822	271.60468	170.22005	400.0	400.0	58299	47.470123	18.195356	67.7322	-5.8927116	-47.67354	0.6517442	917.8794939517975
54	215.427	32.20328	259.85187	184.5312	225.45947	34.768787	286.1681	151.02141	400.0	400.0	59399	47.936626	18.038666	68.34194	-6.215834	-48.141895	0.64481723	932.1271946430206
55	205.43623	5.5440454	211.8219	198.30359	225.38916	34.271496	273.87466	166.11732	400.0	400.0	60499	48.33486	17.83884	68.507706	-6.1300383	-48.541977	0.72474676	946.6399059295654
56	185.50726	23.976933	218.24535	161.48949	233.60555	36.469677	306.56174	178.67781	400.0	400.0	61599	48.814106	17.674492	68.712204	-6.57766	-49.01982	0.70287925	961.6858904361725
57	190.47641	9.8153	200.29172	180.66112	232.75964	24.092068	284.39844	187.93652	400.0	400.0	62699	49.130745	17.52667	69.04602	-6.4152026	-49.341187	0.7475449	976.6580247879028
58	229.86375	43.05492	273.95844	171.4525	230.06497	32.969845	297.37674	174.30548	400.0	400.0	63799	49.64503	17.28045	69.11083	-5.9957957	-49.84565	0.76157135	991.1167078018188
59	192.21191	9.8241625	206.06857	184.40833	229.45235	32.384846	281.98682	170.2581	400.0	400.0	64899	49.987446	17.121412	69.246506	-5.675972	-50.189632	0.72749984	1005.042177438736
60	234.8429	15.028902	255.60168	220.513	233.15845	34.0282	283.59833	163.55223	400.0	400.0	65999	50.382645	17.045328	69.47426	-5.084675	-50.584953	0.74697286	1018.4851081371307
61	261.94254	35.210304	297.15283	226.73222	228.84521	28.089018	274.32498	173.78178	400.0	400.0	67099	50.769535	16.911942	69.981186	-4.6605973	-50.958622	0.756489	1032.0021369457245
62	225.74825	18.711784	252.20865	212.23232	223.82793	27.424574	276.78827	160.06601	400.0	400.0	68199	51.108395	16.854675	70.23199	-4.4997416	-51.292484	0.7172018	1045.2221398353577
63	209.47815	11.540526	219.6678	193.34232	235.031	31.39678	285.48456	172.91437	400.0	400.0	69299	51.355427	16.81993	70.40176	-4.291279	-51.53462	0.74849385	1058.9130911827087
64	217.10686	8.151288	227.10657	207.14015	229.79932	27.110031	275.7639	179.12859	400.0	400.0	70399	51.578587	16.82723	70.64846	-4.924258	-51.76022	0.73640436	1071.9235486984253
65	241.46542	1.726944	243.19237	239.73848	231.4559	25.590834	273.54517	179.84128	400.0	400.0	71499	51.887413	16.614286	70.93952	-5.443615	-52.072445	0.79698306	1085.0643382072449
66	239.18614	25.288952	264.31125	204.58173	228.13322	26.3862	269.8378	182.91428	400.0	400.0	72599	52.242588	16.481054	70.93694	-6.3910213	-52.434345	0.8064062	1098.7190525531769
67	213.75258	19.298126	239.79572	193.66399	237.02036	21.308405	272.197	196.0191	400.0	400.0	73699	52.54752	16.328608	71.047455	-6.5658345	-52.73772	0.6979302	1112.3145570755005
68	215.76784	27.335825	247.13258	180.51353	216.93555	33.28963	274.40964	160.27986	400.0	400.0	74799	52.854134	16.27402	71.90407	-6.35441	-53.035236	0.7304894	1125.4283123016357
69	227.70003	17.618866	245.3189	210.08116	205.1077	26.929987	248.88828	165.3082	400.0	400.0	75899	53.08155	16.12486	71.19035	-6.7622266	-53.259113	0.6894148	1138.2968399524689
70	208.60303	8.832506	219.03697	197.43884	226.10783	24.997776	264.4902	160.42374	400.0	400.0	76999	53.292538	16.143253	71.468	-5.8982944	-53.47695	0.71334624	1151.023235797882
71	241.18086	9.960812	253.86615	229.53357	226.22519	15.129422	259.24243	203.10797	400.0	400.0	78099	53.546284	16.050406	71.78384	-4.963137	-53.730034	0.7236838	1164.1348638534546
72	216.68266	24.102257	247.3563	188.47244	223.56734	30.541126	281.15326	168.49211	400.0	400.0	79199	53.87372	15.874114	72.09764	-4.3515344	-54.05604	0.77625346	1177.6485114097595
73	226.15785	15.375992	241.53384	210.78186	226.04797	27.218906	270.75735	179.36247	400.0	400.0	80299	54.040127	15.767691	71.98161	-4.1284623	-54.215015	0.7304043	1190.4070682525635
74	237.49536	16.279324	257.06165	217.20532	216.67123	25.316301	273.1064	172.99463	400.0	400.0	81399	54.24628	15.783797	72.339264	-3.6291306	-54.40985	0.83784163	1203.8464114665985
75	222.59456	23.85892	256.32632	205.02304	234.1276	22.71553	281.34323	188.70969	400.0	400.0	82499	54.439777	15.703317	72.3064	-3.9164515	-54.613922	0.7383841	1217.0745894908905
76	213.17975	26.109047	233.96065	176.35751	227.68005	22.79954	257.35138	183.77716	400.0	400.0	83599	54.622944	15.752437	72.485054	-4.322203	-54.796795	0.72417015	1229.4655346870422
77	207.96759	1.4243927	209.39198	206.5432	231.4794	26.602802	268.6738	172.83363	400.0	400.0	84699	54.831318	15.675227	72.64084	-3.3390033	-55.003876	0.71277034	1242.9140102863312
78	234.47246	18.898247	252.85992	208.48166	230.33658	39.43392	281.0493	128.86961	400.0	400.0	85799	54.985138	15.673731	72.82994	-3.738731	-55.16221	0.8092828	1256.2704496383667
79	210.51851	19.19861	227.26576	183.6374	221.65369	21.762943	275.40088	177.68118	400.0	400.0	86899	55.24074	15.578266	72.83197	-3.018415	-55.41919	0.788418	1268.9785523414612
80	191.64592	24.722752	209.13943	156.68266	226.13101	30.950943	265.82056	166.14287	400.0	400.0	87999	55.44239	15.554828	72.852776	-2.8214207	-55.623276	0.75609475	1281.8492920398712
81	252.24094	18.32721	270.56815	233.91373	231.33835	28.80125	286.98334	173.89793	400.0	400.0	89099	55.58592	15.569723	72.7461	-2.5212495	-55.77246	0.72582287	1295.9396059513092
82	220.72066	11.924519	235.75113	206.58311	232.20877	25.177534	273.30972	192.38199	400.0	400.0	90199	55.90628	15.454625	73.02665	-2.7519126	-56.08605	0.846455	1309.1362562179565
83	223.84406	26.653563	261.51093	203.77596	237.4235	18.765882	281.17868	202.11186	400.0	400.0	91299	56.08689	15.415081	73.335754	-2.846051	-56.267803	0.84013563	1322.6255650520325
84	221.5836	18.891413	242.2153	196.56816	237.04712	26.006636	282.38486	193.04247	400.0	400.0	92399	56.287464	15.352174	73.505974	-4.3067813	-56.464558	0.8469929	1336.1495804786682
85	237.08183	9.682602	246.76443	227.39923	240.13452	22.898205	269.96567	198.69852	400.0	400.0	93499	56.49596	15.412202	73.85694	-4.391519	-56.68071	0.93093264	1349.7399280071259
86	229.25554	12.068219	244.28986	214.74268	232.54843	17.998463	259.7298	188.08519	400.0	400.0	94599	56.740967	15.3666315	73.79702	-4.4344106	-56.91647	0.8353474	1363.4007060527802
87	249.72932	19.995897	277.36783	230.72948	223.27914	23.589195	257.6421	179.79544	400.0	400.0	95699	56.913425	15.405522	74.27975	-3.967767	-57.088516	0.83256793	1376.887217283249
88	199.02788	31.65689	221.85065	154.26115	222.24226	27.082317	308.30182	186.35269	400.0	400.0	96799	57.075314	15.342729	73.89784	-3.4951866	-57.252045	0.79737794	1390.6382925510406
89	173.84698	19.978928	193.82591	153.86806	229.37454	23.155254	290.13297	199.5211	400.0	400.0	97899	57.113438	15.460544	74.05456	-3.3555257	-57.28795	0.8528683	1404.1603424549103
90	228.5789	12.554472	245.2743	214.99959	220.34665	25.94227	260.40707	149.8649	400.0	400.0	98999	57.2726	15.342099	74.301346	-3.2007267	-57.444885	0.7769394	1417.395479440689
91	227.72612	3.5818918	232.37196	223.65477	231.43571	22.82297	277.40656	197.7243	400.0	400.0	100099	57.410942	15.235858	74.35365	-3.2380915	-57.586487	0.8152891	1430.6705904006958
92	227.05872	18.583849	251.43127	206.3564	218.99353	31.698988	270.81964	140.15826	400.0	400.0	101199	57.453915	15.270991	75.27228	-3.301244	-57.62553	0.936441	1444.9901044368744
93	170.0391	4.7486877	174.78778	165.2904	211.13168	44.284374	283.794	130.11165	400.0	400.0	102299	57.572227	15.157967	74.28971	-2.8556623	-57.74791	0.8069061	1458.714659690857
94	192.82979	17.604414	206.2294	167.95827	221.86633	23.464212	250.38708	148.30692	400.0	400.0	103399	57.705315	15.008446	74.40401	-1.6064321	-57.883854	0.880047	1471.4256055355072
95	181.558	17.27799	202.52676	160.20961	218.90128	24.721952	276.5506	184.85031	400.0	400.0	104499	57.84698	14.976661	74.73463	-1.8951304	-58.020966	0.9117313	1483.8873054981232
96	220.2818	29.283253	260.11185	190.54643	205.65137	31.395405	255.46669	148.79701	400.0	400.0	105599	57.99884	14.790083	75.22556	-2.7364342	-58.167114	1.045934	1496.3999152183533
97	221.60396	14.461655	236.06561	207.1423	235.07857	32.726257	283.88388	166.72758	400.0	400.0	106699	58.13506	14.664573	74.4612	-2.3023117	-58.30145	0.881619	1508.816128730774
98	223.52168	12.164259	238.53284	208.73924	238.42166	32.760067	289.2915	179.64839	400.0	400.0	107799	58.127712	14.723509	74.70303	-2.8119485	-58.294537	0.9736418	1521.3535423278809
99	216.78859	14.114387	236.59776	204.75763	221.70747	26.236689	271.80524	170.56435	400.0	400.0	108899	58.18684	14.688012	74.65027	-2.7504735	-58.349102	0.87755626	1534.5368571281433
100	215.52472	23.894802	243.48364	185.10852	238.63303	31.022585	293.14587	160.52234	400.0	400.0	109999	58.309673	14.656026	74.959526	-2.0834827	-58.473022	0.9419941	1548.2647066116333
101	230.99268	14.589226	245.58191	216.40346	223.56099	25.024853	273.89923	180.39189	400.0	400.0	111099	58.418407	14.648496	74.65573	-1.6830354	-58.588074	0.8700639	1561.7856211662292
102	218.29362	30.590115	261.1123	191.54083	221.48589	25.449745	284.32355	164.72852	400.0	400.0	112199	58.419365	14.740479	75.05771	-2.2136261	-58.58468	0.8939598	1575.4428074359894
103	195.73163	14.468973	207.8622	175.39526	235.6379	29.54302	283.50952	171.09511	400.0	400.0	113299	58.484177	14.730327	74.738785	-1.9813143	-58.643925	0.97275925	1589.0204875469208
104	196.8997	7.903725	208.0755	191.14084	213.28867	27.780516	270.94754	163.7501	400.0	400.0	114399	58.374138	14.80934	74.85403	-2.0220356	-58.53527	0.95084417	1602.5520288944244
105	189.45963	13.127235	202.58687	176.3324	225.3804	30.150345	274.31964	175.30183	400.0	400.0	115499	58.491455	14.781677	74.72296	-2.9206936	-58.6554	0.9558041	1615.919105052948
106	194.18176	10.394665	205.61847	180.46498	219.87415	22.875233	249.3821	175.73322	400.0	400.0	116599	58.536823	14.899307	74.90268	-3.3120208	-58.70073	0.915466	1629.211163520813
107	225.84871	26.094692	262.52454	203.96642	232.97261	25.80178	290.0432	184.0214	400.0	400.0	117699	58.60439	14.933852	74.67652	-2.969347	-58.76656	0.9918468	1642.4851565361023
108	214.35869	19.60921	234.53555	187.79445	224.75671	32.153248	275.78073	163.50272	400.0	400.0	118799	58.61229	14.872749	74.85216	-3.4868095	-58.77358	0.9114208	1655.82825922966
109	263.92026	13.574707	277.49496	250.34555	228.71843	26.73718	268.94153	166.2045	400.0	400.0	119899	58.70582	14.871627	74.939384	-3.6107903	-58.87303	0.899371	1668.9716787338257
110	230.6123	5.9307847	236.4555	222.47975	223.34673	21.287746	267.0245	186.53735	400.0	400.0	120999	58.89823	14.782076	74.96662	-4.3229566	-59.07969	0.8876063	1681.9175238609314
111	207.31157	27.3691	231.49959	169.04874	217.19662	20.066422	245.97899	176.36533	400.0	400.0	122099	58.87834	14.892986	74.97321	-4.649606	-59.041355	0.81435156	1694.9743266105652
112	233.23163	35.843792	259.69174	182.55743	228.40288	33.1978	282.11737	164.35797	400.0	400.0	123199	59.004765	14.762864	75.22057	-5.021195	-59.16362	0.94496846	1707.5377247333527
113	214.30995	19.811798	234.12175	194.49815	229.82133	33.291653	292.02985	174.14436	400.0	400.0	124299	59.087494	14.694122	75.035484	-5.1419144	-59.241905	0.812057	1720.5792500972748
114	232.29675	28.277287	268.1779	199.06516	215.80888	29.089087	259.53467	164.05559	400.0	400.0	125399	59.170887	14.527873	75.520325	-5.4027915	-59.32779	1.0187775	1733.80286860466
115	219.09615	19.22822	238.8749	193.04547	236.5344	29.18712	267.83868	154.4834	400.0	400.0	126499	59.028667	14.635562	75.26968	-5.8743887	-59.188026	0.88521	1747.0143148899078
116	209.79163	16.363523	232.93114	197.95795	234.8046	23.631775	273.1111	171.41965	400.0	400.0	127599	59.119217	14.58968	75.13022	-5.690985	-59.28788	0.9794883	1760.078920841217
117	206.01103	20.852509	226.86354	185.15852	219.08072	26.919283	264.8223	157.8293	400.0	400.0	128699	59.276653	14.460796	75.380486	-5.838208	-59.445507	0.95149803	1773.6029255390167
118	236.08165	16.045656	258.47647	221.71434	230.9421	27.913523	288.86383	178.80249	400.0	400.0	129799	59.400112	14.311512	75.073235	-6.0491934	-59.568794	0.9680207	1786.5597019195557
119	233.90045	19.073576	260.6136	217.30225	231.95956	32.089134	272.50592	171.43872	400.0	400.0	130899	59.52626	14.353736	74.962616	-5.832667	-59.694717	1.0112431	1799.2274310588837
120	180.31023	12.204565	195.02728	165.14252	225.77737	27.262892	273.89633	163.72879	400.0	400.0	131999	59.599857	14.197426	75.29347	-5.832721	-59.76358	0.94121504	1810.9040338993073
121	242.56494	0.84326935	243.40822	241.72168	228.7603	20.025217	265.4223	183.92758	400.0	400.0	133099	59.766037	14.138189	75.23514	-5.807861	-59.94444	1.141558	1823.5418689250946
122	220.21544	11.036455	230.22496	204.83946	216.53581	31.07364	285.93787	156.50621	400.0	400.0	134199	59.866085	14.089738	75.141594	-6.5108614	-60.034645	1.0431596	1836.150741815567
123	228.81587	27.256182	255.1478	191.2712	240.10893	26.729322	286.48544	181.82584	400.0	400.0	135299	59.922718	14.082854	75.7706	-6.9358273	-60.091656	1.1103833	1848.7584338188171
124	217.43005	46.061867	282.57132	184.78021	240.50162	19.232796	271.0291	201.03574	400.0	400.0	136399	60.022026	14.105506	75.821945	-6.90034	-60.191277	0.8848195	1861.4510991573334
125	233.038	18.58915	251.62715	214.44885	231.91495	22.544975	285.68826	196.45206	400.0	400.0	137499	60.177826	13.815052	75.76603	-6.799391	-60.332672	1.0457338	1874.1726174354553
126	207.88667	14.501382	224.93527	189.491	222.25766	22.653212	263.24295	187.74849	400.0	400.0	138599	60.015686	13.9787035	75.204124	-7.1939874	-60.168026	1.0991246	1886.8750069141388
127	200.21802	11.042529	213.54648	186.50607	214.8085	26.005848	256.13406	172.68726	400.0	400.0	139699	60.094738	13.839611	74.60051	-7.047197	-60.23713	0.97776425	1900.0858421325684
128	206.61375	13.276029	222.53537	190.03575	228.1824	23.991335	256.83524	174.88306	400.0	400.0	140799	60.064663	13.842953	75.005714	-6.442826	-60.21524	1.0637194	1913.5236885547638
129	195.5349	24.710098	220.245	170.8248	208.16129	29.6492	264.93182	136.4665	400.0	400.0	141899	60.03681	13.727394	74.60947	-7.1819735	-60.18571	1.0070552	1926.4578478336334
130	213.76176	3.1765594	216.38902	209.29236	234.81921	29.401562	278.97253	170.34082	400.0	400.0	142999	59.974705	13.855528	74.50653	-7.7297897	-60.123352	1.0202892	1939.8840732574463
131	216.59113	7.3511944	225.42819	207.43025	245.39688	24.240414	287.1635	190.79248	400.0	400.0	144099	59.928867	13.764299	74.28139	-7.820012	-60.073223	0.9041491	1952.9702186584473
132	203.82751	32.816082	236.7989	159.0574	220.1705	24.021255	250.5303	174.4938	400.0	400.0	145199	59.98852	13.562194	74.484695	-8.262254	-60.131386	0.9913074	1965.6731097698212
133	221.69589	2.7654953	224.46138	218.93039	220.58113	18.65922	258.9312	187.97585	400.0	400.0	146299	59.873028	13.48425	74.21428	-9.155126	-60.02025	0.9872783	1978.662517786026
134	201.82959	33.288	238.6247	158.00122	220.4799	25.286722	266.21954	169.51251	400.0	400.0	147399	59.896046	13.398205	73.98003	-9.088768	-60.043026	0.90444267	1992.2929434776306
135	215.67241	28.930288	256.18417	190.46274	228.245	23.854542	267.54147	186.98776	400.0	400.0	148499	59.919262	13.421925	74.42847	-9.019353	-60.071697	1.0347973	2004.9909703731537
136	219.33818	42.83345	275.07104	170.91835	219.31253	28.629444	281.7356	172.67365	400.0	400.0	149599	59.917515	13.345949	74.325294	-9.66492	-60.070435	1.0378159	2018.2905423641205
137	185.55713	10.376549	195.93367	175.18057	227.36716	31.698244	295.74792	161.57645	400.0	400.0	150699	59.9315	13.3116	74.17357	-9.18084	-60.08456	0.91071814	2031.0202684402466
138	211.13664	38.702328	259.49002	164.7503	226.71565	30.313324	271.12656	155.50343	400.0	400.0	151799	60.021015	13.186183	74.50859	-9.540058	-60.177593	0.9902359	2044.575893163681
139	213.56984	23.390776	232.74748	180.63887	207.50085	32.87591	248.79327	128.94104	400.0	400.0	152899	60.039856	13.155133	74.739655	-9.820403	-60.190342	0.98668635	2057.183857679367
140	228.52869	13.837689	244.94452	211.09511	225.78792	36.231075	279.41086	136.0052	400.0	400.0	153999	60.184544	12.989066	74.23701	-11.250087	-60.33879	0.85675883	2069.7517759799957
141	170.03687	21.988434	192.0253	148.04843	225.45004	34.184647	280.88168	146.53429	400.0	400.0	155099	60.19191	12.961803	73.833496	-12.019688	-60.344482	0.96959275	2082.4756615161896
142	208.74507	11.566926	221.57275	193.5404	219.5417	25.207233	257.8929	178.79167	400.0	400.0	156199	60.104286	13.115291	73.659775	-12.048429	-60.252586	1.1181552	2095.9249675273895
143	226.41023	32.72764	250.86775	180.15178	227.70589	28.557398	273.3717	141.36201	400.0	400.0	157299	60.139767	13.036278	74.32153	-12.714664	-60.285526	0.92196363	2108.146863937378
144	208.25801	27.001625	237.74767	172.50362	213.90952	35.998505	289.81406	143.56982	400.0	400.0	158399	60.200806	12.970349	74.28892	-12.501505	-60.34902	0.9507454	2119.7487981319427
145	249.98514	8.340767	258.3259	241.64436	228.40425	25.94885	269.41544	178.16016	400.0	400.0	159499	60.16955	12.967689	74.10549	-11.558362	-60.313183	0.91052914	2133.930766105652
146	232.04118	20.433437	254.15323	204.87364	227.75964	20.851591	268.9051	192.21942	400.0	400.0	160599	60.21432	12.90358	73.60262	-10.368579	-60.35611	0.95160246	2147.129312992096
147	228.3039	11.889237	242.04726	213.04347	209.81946	18.858723	252.31192	172.39914	400.0	400.0	161699	60.179363	12.915291	73.56609	-9.006433	-60.31299	0.91712594	2160.2116148471832
148	220.51001	11.153385	232.33612	205.5579	219.7454	28.027279	266.47388	150.20229	400.0	400.0	162799	60.191833	12.743951	74.70442	-5.9528165	-60.330624	0.9155321	2173.6318995952606
149	225.68973	33.59414	259.28387	192.0956	223.79321	24.565886	262.35233	178.51213	400.0	400.0	163899	60.10922	12.845409	73.34756	-3.861258	-60.241505	0.8348001	2185.8427584171295
150	230.1203	17.51306	254.86789	216.89308	228.46658	25.70704	269.31528	174.41193	400.0	400.0	164999	60.05667	12.881418	73.37928	-3.1535435	-60.187508	0.85150313	2198.8216795921326
151	234.5092	31.277979	273.81757	197.2878	207.9147	24.395582	250.98663	162.78918	400.0	400.0	166099	60.10104	12.825556	73.22243	-2.5991385	-60.232487	0.7817849	2211.8828852176666
152	212.02116	18.512712	233.15059	188.06834	212.96536	38.267464	251.32458	102.80023	400.0	400.0	167199	60.05345	12.894473	72.953094	-2.6284091	-60.192585	0.9234543	2225.038130760193
153	188.41913	21.920822	210.33995	166.4983	200.90375	41.340996	271.34396	134.46664	400.0	400.0	168299	60.117905	12.810244	72.64497	-3.77365	-60.26889	0.9052018	2237.9898211956024
154	212.88252	17.749458	237.08527	195.01613	219.6639	36.66006	276.74203	127.73449	400.0	400.0	169399	60.18012	12.749783	73.0138	-5.5199475	-60.319412	0.9548423	2250.8251304626465
155	199.7091	4.2911615	203.50444	193.7105	226.06587	23.057964	262.38116	174.86339	400.0	400.0	170499	60.221806	12.693947	72.79584	-8.084908	-60.366802	0.9514451	2264.7227308750153
156	225.91595	5.149537	231.11562	218.90033	208.35999	35.619537	260.94955	133.73877	400.0	400.0	171599	60.088882	12.90053	72.508575	-8.824886	-60.22603	0.9386165	2278.6516518592834
157	171.01358	1.771492	172.78506	169.24208	215.65439	21.23418	249.45718	174.10507	400.0	400.0	172699	60.212708	12.814628	73.67083	-8.296747	-60.364006	0.9231763	2291.952155828476
158	205.10663	5.3543553	212.26631	199.39186	233.14322	30.433163	280.13455	158.36375	400.0	400.0	173799	60.265705	12.861785	72.71144	-9.387753	-60.40747	0.9002072	2304.931512117386
159	213.92519	24.141474	247.16681	190.56183	215.50888	32.142418	283.593	147.37952	400.0	400.0	174899	60.38062	12.790841	73.08556	-9.278042	-60.52497	1.0311223	2318.218889474869
160	218.03874	24.32711	252.37851	199.05302	229.25241	22.37955	267.48404	188.12027	400.0	400.0	175999	60.379738	12.869661	73.00896	-8.821347	-60.52464	1.0059975	2331.985491991043
161	221.24652	55.42334	276.66986	165.82318	223.69536	31.041893	265.97308	147.49893	400.0	400.0	177099	60.450474	12.829415	73.05051	-9.258748	-60.596188	1.019911	2345.7328929901123
162	205.56734	26.220488	232.39592	169.98457	212.69153	29.440187	270.5317	158.66487	400.0	400.0	178199	60.53694	12.888145	73.81783	-9.573271	-60.687984	0.99144024	2359.583389520645
163	220.57362	37.799774	249.14177	167.1599	226.30396	34.99637	270.8002	178.4274	400.0	400.0	179299	60.588524	12.832481	73.58881	-10.13495	-60.73111	1.0239093	2373.1669335365295
164	233.12712	30.607784	267.2747	193.01614	213.97148	28.899664	259.01846	158.5672	400.0	400.0	180399	60.587612	12.93645	73.80899	-9.676462	-60.73014	0.92672735	2386.2471573352814
165	202.0587	3.9927826	206.05148	198.06592	221.91675	36.07091	278.96826	161.29381	400.0	400.0	181499	60.756226	12.832387	73.38631	-9.621927	-60.90513	0.8963323	2399.688119649887
166	232.7085	34.81617	272.66925	187.81624	213.36417	22.821997	249.36923	168.58774	400.0	400.0	182599	60.778072	12.75456	73.41993	-8.372153	-60.927216	0.90737635	2413.293288230896
167	208.20642	12.681029	224.75708	193.95033	222.49936	31.868185	274.43683	169.94974	400.0	400.0	183699	60.856403	12.664794	72.839035	-8.370319	-60.99951	0.9235407	2426.446745157242
168	221.73969	20.531584	248.9975	199.44604	207.80461	29.594395	258.1091	154.7811	400.0	400.0	184799	60.808353	12.66005	72.53653	-7.929093	-60.93875	0.8674415	2439.6480889320374
169	200.98984	22.624474	223.61432	178.36537	224.45572	25.672012	277.64902	183.91492	400.0	400.0	185899	60.761078	12.653717	72.837906	-8.884998	-60.89267	0.8512237	2453.2237074375153
170	201.92987	43.965168	246.5378	142.11586	221.73117	28.117334	278.9434	181.29083	400.0	400.0	186999	60.840424	12.460343	72.30409	-7.309004	-60.97022	0.84689283	2466.47447347641
171	202.52037	27.671915	229.97333	164.64117	224.39706	29.237848	258.0047	167.27599	400.0	400.0	188099	60.686794	12.495504	72.89121	-8.779576	-60.81767	0.96557707	2479.5694587230682
172	213.23633	6.653962	222.17867	206.22769	233.06363	28.7542	291.65237	181.28943	400.0	400.0	189199	60.676807	12.24673	72.427536	-7.5663815	-60.80794	0.9271698	2492.235025167465
173	245.45534	0.8737488	246.32909	244.58159	225.2122	23.890442	276.69547	163.60902	400.0	400.0	190299	60.61887	12.317549	72.48092	-7.5247154	-60.75253	0.84163713	2505.373980283737
174	212.43764	20.673996	235.43813	185.30556	223.89209	26.321636	260.74918	149.72037	400.0	400.0	191399	60.65779	12.187897	72.214935	-6.883586	-60.79067	0.86498904	2518.3714632987976
175	192.45787	31.483097	236.9811	169.99548	212.41707	21.302471	250.02124	175.1052	400.0	400.0	192499	60.609585	12.2519	72.46906	-5.8741484	-60.744785	0.8597968	2531.4278569221497
176	219.57092	19.455503	235.12477	192.13864	232.40308	26.225286	264.7061	163.31493	400.0	400.0	193599	60.56986	12.182703	72.58969	-5.2794466	-60.701256	1.0048611	2544.618066549301
177	190.0593	18.588333	208.64763	171.47096	221.3217	33.847065	264.48984	130.57935	400.0	400.0	194699	60.642864	12.03855	73.01816	-5.3196406	-60.77601	1.0174906	2557.9264221191406
178	198.29205	11.369001	214.33961	189.40913	215.62296	22.600948	264.7512	166.82785	400.0	400.0	195799	60.615803	12.004056	73.70271	-7.248924	-60.75074	0.9409472	2571.146944284439
179	222.0868	24.638584	253.68358	193.56746	207.16084	23.779259	254.67064	167.13129	400.0	400.0	196899	60.60465	11.917205	72.88887	-6.95714	-60.738594	1.1002896	2584.451231956482
180	209.222	23.55849	242.39204	189.9324	214.3198	20.42122	242.35547	170.5355	400.0	400.0	197999	60.56605	11.865367	73.54771	-7.5788503	-60.687614	1.0625998	2598.037274122238
181	229.7985	11.279701	241.0782	218.5188	204.17386	28.027927	260.2134	147.52547	400.0	400.0	199099	60.491745	11.90384	72.765465	-7.708495	-60.620384	1.0537549	2610.971184015274
182	223.857	8.79633	236.00227	215.45361	216.27783	26.397703	250.25356	164.37973	400.0	400.0	200199	60.464413	11.902566	72.84067	-8.551154	-60.593765	0.95601696	2623.765000104904
183	226.26366	15.82683	239.09058	203.96512	207.21216	24.844898	239.19307	147.77914	400.0	400.0	201299	60.366062	11.9037	73.17186	-9.825267	-60.48951	0.987884	2638.0396089553833
184	208.63202	19.603209	236.17142	192.10284	206.68057	26.5586	261.47675	162.83868	400.0	400.0	202399	60.289997	11.869879	72.85503	-9.61197	-60.418068	1.0151352	2651.3527081012726
185	186.52188	7.2839737	193.80585	179.2379	205.9708	24.045094	263.63037	174.86327	400.0	400.0	203499	60.30546	11.812391	72.55233	-8.960679	-60.430782	1.0864477	2664.747482061386
186	212.3404	11.256258	225.00636	197.65666	217.89885	29.643965	259.97244	131.57529	400.0	400.0	204599	60.2088	11.84534	74.97142	-6.9768643	-60.332386	1.0198205	2677.684374332428
187	203.96173	9.514951	213.96172	191.1642	224.42654	24.578495	277.76764	167.55711	400.0	400.0	205699	60.200035	11.827999	73.20983	-7.7843375	-60.329624	0.91098434	2690.938081741333
188	210.3863	13.846647	228.2958	194.57358	216.52596	16.986149	246.91447	188.29828	400.0	400.0	206799	60.252213	11.69962	73.32025	-8.143852	-60.380577	0.91934615	2704.100711584091
189	209.77258	0.077171326	209.84976	209.69542	232.40158	23.216103	271.33322	178.83955	400.0	400.0	207899	60.2743	11.682721	73.47238	-8.2922945	-60.405354	0.95956045	2716.98566699028
190	216.69429	16.427662	236.29694	196.09462	205.86165	30.88206	258.00305	151.15955	400.0	400.0	208999	60.266865	11.6195	72.93643	-8.209346	-60.395447	0.93564963	2729.762905359268
191	201.02266	14.511508	221.54497	190.7188	217.06519	21.862804	264.00934	173.48569	400.0	400.0	210099	60.21476	11.610413	73.111755	-8.310579	-60.341515	0.958792	2744.3544743061066
192	190.48103	43.718964	250.96275	149.12746	217.53818	25.343822	259.68823	149.3849	400.0	400.0	211199	60.254803	11.492354	73.61336	-7.7534003	-60.383083	0.98500997	2758.7724463939667
193	241.9364	12.920624	254.85703	229.01578	203.44809	32.122303	250.68527	130.13385	400.0	400.0	212299	60.24059	11.482833	72.807335	-7.9984627	-60.370453	0.84760743	2772.8768780231476
194	200.3361	24.534166	229.84879	169.77979	231.47531	24.72151	281.3106	180.13263	400.0	400.0	213399	60.228855	11.484763	73.87515	-8.112377	-60.3625	1.0423086	2786.8938505649567
195	201.16914	34.053997	233.66316	154.13876	215.13387	28.054884	263.6638	159.73228	400.0	400.0	214499	60.268833	11.283589	73.09893	-8.098083	-60.394814	0.9537558	2800.6883816719055
196	264.47137	4.6318793	268.65518	258.01447	230.87466	16.536165	270.78253	204.06592	400.0	400.0	215599	60.24122	11.358693	72.44553	-7.5690327	-60.36634	1.0089276	2814.420030593872
197	224.04547	2.608879	226.65436	221.4366	225.9899	28.679768	279.3963	178.42621	400.0	400.0	216699	60.24424	11.233513	73.216805	-7.5070543	-60.36934	1.0177821	2828.299863100052
198	189.77681	45.97329	254.6945	154.2222	231.69214	26.823444	277.80472	174.07095	400.0	400.0	217799	60.176617	11.24993	73.00521	-7.365837	-60.302357	1.0293381	2842.238425016403
199	234.0507	18.019697	247.00807	208.56822	228.47763	22.36281	264.54248	164.12807	400.0	400.0	218899	60.16377	11.392139	72.31753	-7.1004076	-60.28997	0.9193298	2856.5634183883667
200	222.21864	10.239023	234.94704	209.87553	240.19356	30.79425	286.19345	157.8547	400.0	400.0	219999	60.2713	11.213622	72.673805	-6.597491	-60.402046	0.9577834	2869.752380132675
201	232.2619	10.542908	242.80481	221.719	221.50093	21.890415	265.39026	171.89212	400.0	400.0	221099	60.251846	11.266291	72.46257	-6.796923	-60.38672	0.9852153	2882.982712984085
202	230.13423	12.973258	245.68521	213.92764	224.92166	27.230534	262.28067	172.16634	400.0	400.0	222199	60.322124	11.28157	72.87928	-6.7770143	-60.45259	0.9753853	2896.375128507614
203	216.5543	13.290768	233.54413	201.09691	233.27188	16.90284	258.08853	197.7782	400.0	400.0	223299	60.365086	11.364541	72.95774	-6.4403343	-60.498154	0.9132251	2908.470646381378
204	236.62532	18.599117	250.74677	210.34665	218.40486	30.513416	280.91614	166.69449	400.0	400.0	224399	60.3893	11.361133	73.20791	-6.6417847	-60.519985	1.050793	2921.8940947055817
205	280.15308	12.230103	292.38318	267.92297	219.28023	27.502857	262.1803	173.6964	400.0	400.0	225499	60.451515	11.410119	72.67303	-6.664159	-60.58233	0.90669036	2935.2642724514008
206	216.95172	8.88639	228.45569	206.81842	232.16772	18.879461	251.90189	179.40039	400.0	400.0	226599	60.463017	11.515974	73.002914	-6.9214745	-60.597755	0.8769208	2948.639568090439
207	230.04889	11.645861	243.5894	215.1589	230.0354	23.041428	254.15352	166.08788	400.0	400.0	227699	60.573135	11.427483	72.93369	-7.04786	-60.70867	0.91902786	2961.406501054764
208	216.31923	21.972801	244.09036	190.35976	211.12349	21.730145	255.31903	169.15337	400.0	400.0	228799	60.64687	11.5476465	73.150246	-6.9971523	-60.776775	0.8194631	2974.7450110912323
209	239.47299	18.76934	258.24234	220.70366	218.89658	34.17267	291.19202	147.0099	400.0	400.0	229899	60.629692	11.597882	73.638565	-7.21712	-60.764874	0.90450686	2988.663491010666
210	215.38362	45.820602	260.46292	152.5304	226.70251	27.64129	277.0655	169.31906	400.0	400.0	230999	60.701138	11.557843	72.75919	-7.033295	-60.83622	0.94124115	3002.7079458236694
211	228.76971	21.761415	248.38509	198.42506	218.37886	29.021786	268.1471	165.25035	400.0	400.0	232099	60.808647	11.45716	73.95596	-7.114876	-60.936157	0.96331143	3016.605217695236
212	187.3195	11.862679	201.1536	172.18369	228.13528	32.48714	284.18298	168.7133	400.0	400.0	233199	60.704185	11.554836	73.273895	-6.945681	-60.833096	0.9885935	3030.486086368561
213	205.39005	42.08036	247.4704	163.30968	225.66553	27.23352	284.68518	177.15736	400.0	400.0	234299	60.724487	11.455304	73.97986	-6.717767	-60.84558	0.9564431	3043.6035056114197
214	234.77568	23.906403	267.59793	211.34322	226.61076	27.957413	272.45663	167.12393	400.0	400.0	235399	60.7665	11.376251	73.49581	-8.077735	-60.89257	0.89477956	3056.6160128116608
215	228.17351	3.6790533	232.60547	223.59714	214.23894	32.706833	270.7985	148.8517	400.0	400.0	236499	60.761055	11.416591	73.0807	-6.6239195	-60.893692	0.9753744	3068.7315332889557
216	213.62549	10.265854	223.79147	199.56635	208.3544	24.165365	265.58856	157.1907	400.0	400.0	237599	60.823097	11.414683	73.10611	-6.5073586	-60.961384	1.0431651	3081.39608502388
217	165.90802	19.93563	185.84364	145.97238	226.64449	25.8761	270.21103	187.25168	400.0	400.0	238699	60.84598	11.381885	74.06879	-7.175257	-60.985554	0.991794	3095.9538218975067
218	173.88078	15.868235	195.70856	158.45444	224.86018	25.139147	260.35953	169.74847	400.0	400.0	239799	60.898346	11.32198	74.1011	-7.630711	-61.029015	0.95627785	3110.008174419403
219	214.77893	28.227583	250.572	181.57434	210.89297	25.32489	262.6951	141.26721	400.0	400.0	240899	60.870544	11.310714	72.919075	-7.872825	-60.997913	0.9517686	3124.2240676879883
220	212.23706	6.664838	221.62553	206.81989	201.91458	25.920727	254.38498	161.00017	400.0	400.0	241999	60.827766	11.42873	74.05529	-7.56632	-60.950974	0.9448318	3138.396547794342
221	198.1167	17.217354	215.33405	180.89934	227.96692	21.348015	264.57803	183.25563	400.0	400.0	243099	60.94158	11.190602	73.577545	-6.729422	-61.06175	0.80741197	3151.943008184433
222	207.96832	29.8566	232.546	165.94603	233.84651	22.57545	277.3947	193.02272	400.0	400.0	244199	60.794735	11.297527	74.10161	-6.7096405	-60.911846	0.8411274	3164.1185295581818
223	205.6789	27.63817	242.85205	176.63191	223.6414	28.97852	269.5626	163.13135	400.0	400.0	245299	60.76252	11.180838	73.72963	-7.4481754	-60.885	0.82148546	3176.9623794555664
224	203.58153	16.068369	216.16867	180.90315	232.22119	14.155225	263.68738	193.77786	400.0	400.0	246399	60.7428	11.063831	73.81476	-7.837793	-60.86437	0.8805608	3190.2894456386566
225	234.46225	13.374466	247.83672	221.08778	231.28511	25.845264	279.63608	190.00378	400.0	400.0	247499	60.690144	11.123148	73.27785	-7.608275	-60.81127	0.881791	3203.8584485054016
226	231.5935	25.587229	264.0054	201.45338	235.41818	25.488342	274.56766	178.12772	400.0	400.0	248599	60.66757	11.073982	73.56792	-8.364468	-60.78692	0.8736231	3218.1825091838837
227	224.81175	10.421595	237.47336	211.94817	221.3555	23.748142	263.9119	161.48508	400.0	400.0	249699	60.743828	10.878791	73.198326	-10.0475645	-60.868282	0.89644945	3231.4352424144745
228	248.25768	22.937551	279.25043	224.4677	224.97104	25.376774	267.72675	145.388	400.0	400.0	250799	60.67376	10.892502	74.07166	-11.846939	-60.79883	0.95368385	3244.6547391414642
229	241.72455	4.2931824	246.01773	237.43137	219.31412	25.394653	268.7222	177.71404	400.0	400.0	251899	60.64635	10.833696	72.97449	-11.5292425	-60.77125	0.9385003	3257.9148671627045
230	212.12889	12.351737	229.59395	203.11966	218.89209	34.149437	278.79724	157.6852	400.0	400.0	252999	60.633965	10.720238	74.23585	-12.309762	-60.755795	0.8719467	3271.67716050148
231	213.84645	26.928457	251.65202	190.9729	231.43643	21.009827	268.1413	186.3132	400.0	400.0	254099	60.663815	10.735433	73.86876	-12.2701	-60.788147	0.928341	3285.424922466278
232	237.76619	10.379242	250.4752	225.05136	229.80473	23.491259	269.7821	180.43907	400.0	400.0	255199	60.601044	10.869286	73.36738	-12.484183	-60.724445	0.89302355	3299.018652677536
233	213.86417	0.18032837	214.0445	213.68384	237.79561	20.315266	280.98816	199.42738	400.0	400.0	256299	60.63921	10.794385	74.357704	-12.696057	-60.763706	0.8369123	3312.637479543686
234	240.77602	7.772821	251.74092	234.62025	234.26126	19.354649	271.90002	206.32536	400.0	400.0	257399	60.652176	10.772011	74.048546	-13.350855	-60.776817	0.80291206	3326.3464601039886
235	214.67442	27.311468	249.45143	182.73277	228.36772	21.734581	265.97375	178.52795	400.0	400.0	258499	60.63222	10.809189	73.513794	-13.805395	-60.753708	0.8217305	3340.6888275146484
236	216.25874	10.080442	229.63748	205.30557	225.42766	22.273907	275.43634	185.01033	400.0	400.0	259599	60.648167	10.764232	73.816055	-13.265901	-60.769566	0.7929843	3353.064261198044
237	226.64664	10.821571	237.46822	215.82507	237.11284	24.082613	284.56903	183.67505	400.0	400.0	260699	60.61261	10.861765	74.18668	-13.649524	-60.73054	0.7837116	3366.3386509418488
238	237.04057	29.17809	277.75067	210.8497	239.3164	23.823044	286.8671	186.09636	400.0	400.0	261799	60.659992	10.730265	74.078735	-14.324985	-60.786713	0.83273715	3379.5995676517487
239	226.1334	10.658933	240.0392	214.14157	242.59175	24.75442	289.7709	210.596	400.0	400.0	262899	60.680733	10.675193	72.81993	-12.869251	-60.807026	0.9008022	3393.4333193302155
240	246.16602	37.344494	298.74203	215.54916	239.04805	18.310654	275.14267	203.27203	400.0	400.0	263999	60.71492	10.618979	74.20007	-13.592701	-60.846138	0.85406286	3407.204676389694
241	229.69043	13.653297	243.34373	216.03714	249.91956	21.68893	295.71747	213.1624	400.0	400.0	265099	60.715897	10.638769	72.69233	-11.781045	-60.840897	0.8362793	3421.3103363513947
242	244.86963	25.475508	270.49478	210.12498	238.11417	21.109539	266.85446	206.33955	400.0	400.0	266199	60.71039	10.688336	73.95299	-12.768728	-60.84051	0.93826306	3435.425623655319
243	231.14775	22.60919	258.66983	203.29187	230.20703	20.373978	274.39325	196.68178	400.0	400.0	267299	60.776096	10.578177	73.70128	-12.984839	-60.900005	0.8883614	3450.0294864177704
244	222.17497	22.989256	254.62122	204.16605	214.24617	22.442486	266.31015	182.31247	400.0	400.0	268399	60.77515	10.47659	73.454865	-10.997264	-60.89654	0.8775797	3463.6004185676575
245	209.97867	23.430954	233.40962	186.54771	236.25806	28.373405	291.91318	179.26514	400.0	400.0	269499	60.777813	10.4293785	73.4977	-7.892417	-60.90198	0.82996476	3477.6892104148865
246	219.63658	13.50674	229.93126	200.55501	234.96689	28.4219	281.1179	179.74408	400.0	400.0	270599	60.757996	10.409563	73.562126	-4.819935	-60.878872	0.7990381	3491.610876560211
247	236.1569	16.660686	250.62814	212.81833	234.76736	29.887384	290.4512	179.31113	400.0	400.0	271699	60.753956	10.4786215	75.18646	-5.418062	-60.87449	0.7786564	3505.0764484405518
248	210.90059	1.501246	212.7523	209.0753	214.36191	31.755384	270.49936	151.70125	400.0	400.0	272799	60.766666	10.421147	74.7538	-6.27239	-60.882473	0.7994437	3518.436509370804
249	243.7752	2.763649	246.53885	241.01155	242.79736	18.297867	269.1254	210.3444	400.0	400.0	273899	60.78519	10.383474	73.161446	-7.818441	-60.909416	0.7684067	3532.45196890831
250	207.63782	19.013643	233.45367	188.21574	232.9836	28.85489	279.06192	167.3056	400.0	400.0	274999	60.791073	10.473469	73.15283	-8.967998	-60.923084	0.85322744	3545.810204267502
251	235.11772	4.6004066	240.37718	229.1715	235.46341	21.49391	270.27228	182.44073	400.0	400.0	276099	60.869892	10.573303	73.11424	-10.258146	-60.996944	0.9414638	3559.597273826599
252	222.02315	29.852367	256.72903	183.85262	239.80762	23.429655	271.91916	178.54565	400.0	400.0	277199	60.884865	10.623467	73.00548	-10.28977	-61.00249	0.8005863	3574.5093064308167
253	232.85603	21.944916	254.80095	210.91112	243.41602	18.943943	276.42978	193.15346	400.0	400.0	278299	60.835163	10.691829	73.098175	-8.785513	-60.955624	0.8903003	3588.685735464096
254	241.82552	12.290067	258.623	229.55994	216.10059	21.100092	251.16649	179.30087	400.0	400.0	279399	60.863663	10.653936	72.98727	-10.132008	-60.977486	0.8474174	3602.7189054489136
255	258.89636	5.2450275	265.74185	252.99977	238.58228	27.109243	290.57068	187.78435	400.0	400.0	280499	60.780865	10.751211	74.13661	-11.424912	-60.890057	0.8567628	3616.7939388751984
256	245.098	22.210135	273.98843	219.97841	231.93132	23.473608	269.45197	176.50536	400.0	400.0	281599	60.735714	10.744159	73.0093	-12.3736725	-60.84912	0.89175856	3630.1519153118134
257	197.63052	4.306473	201.937	193.32405	228.63644	26.427183	274.21707	193.02115	400.0	400.0	282699	60.7579	10.755187	73.37823	-14.441995	-60.87355	0.8510382	3643.70343208313
258	248.59619	11.32353	261.9329	234.25107	225.36362	24.264154	268.90945	181.22885	400.0	400.0	283799	60.782845	10.700374	72.423996	-14.119417	-60.906498	0.9552182	3657.365056037903
259	200.05664	3.2913485	202.55734	195.4064	219.26859	21.078388	255.5437	171.72482	400.0	400.0	284899	60.790314	10.708503	73.33136	-14.404277	-60.911434	0.7956093	3671.7813358306885
260	229.96269	24.148746	261.22717	202.42911	238.67366	29.03497	285.36856	173.18312	400.0	400.0	285999	60.82233	10.708144	73.322235	-14.678242	-60.944473	0.8475822	3686.186673641205
261	228.12613	13.050049	241.17618	215.07608	227.5758	25.268364	267.072	170.7648	400.0	400.0	287099	60.751083	10.784465	73.07203	-14.650727	-60.870937	0.8660433	3701.460615873337
262	212.56317	34.904034	261.87997	186.08067	217.1377	21.388014	247.87651	159.23291	400.0	400.0	288199	60.773827	10.773764	73.59056	-15.04887	-60.88544	0.8454664	3715.89026761055
263	214.92317	35.426422	243.17667	164.96555	222.57047	28.72777	281.60492	180.03906	400.0	400.0	289299	60.745613	10.72705	73.462135	-15.539104	-60.855114	0.78367746	3730.2365074157715
264	251.26868	4.7203174	257.2416	245.70052	230.51157	23.598984	280.0285	183.47845	400.0	400.0	290399	60.794346	10.595882	73.08324	-15.640164	-60.907867	0.74440926	3744.643898487091
265	241.77734	4.9069824	246.68433	236.87036	214.6436	29.36435	260.66757	163.52441	400.0	400.0	291499	60.724293	10.663063	73.49093	-15.639754	-60.83757	0.76230544	3759.102972984314
266	204.43616	25.023832	234.3626	173.11462	225.2959	23.874033	261.74374	166.91637	400.0	400.0	292599	60.694794	10.69585	72.37951	-16.186207	-60.80331	0.7503841	3773.5332086086273
267	208.25421	22.622728	228.4844	176.67435	218.3688	25.727308	260.53992	170.12393	400.0	400.0	293699	60.704037	10.773281	72.60928	-16.492476	-60.82172	0.77943903	3788.222288131714
268	197.02315	37.59069	249.88535	165.71535	229.72298	23.372469	281.49353	176.46436	400.0	400.0	294799	60.746117	10.618341	73.31683	-17.04637	-60.860725	0.77112615	3802.4965929985046
269	223.50507	7.390686	230.89575	216.11438	237.40198	17.067564	268.01364	212.66318	400.0	400.0	295899	60.69298	10.700171	72.32888	-16.358463	-60.805695	0.8605954	3816.6957018375397
270	246.42366	5.3689623	250.74281	238.85602	236.95381	22.352757	265.72498	186.95625	400.0	400.0	296999	60.717495	10.6667185	72.794525	-16.619917	-60.834217	0.83577085	3830.0046710968018
271	198.91309	30.797565	240.50488	166.92224	231.01697	15.716845	255.52649	199.64688	400.0	400.0	298099	60.69732	10.819946	72.79422	-16.798187	-60.81845	0.8133141	3843.5560598373413
272	235.02269	12.338457	247.63293	218.27283	232.4375	21.309763	260.3779	176.78416	400.0	400.0	299199	60.687214	10.763881	72.601	-17.253641	-60.8006	0.923187	3857.1444375514984
273	246.8937	6.0659637	252.95967	240.82774	241.14934	29.358398	284.15512	196.81444	400.0	400.0	300299	60.637856	10.707303	72.9508	-16.96312	-60.75483	0.9609939	3871.5828335285187
274	200.32597	9.627101	207.6564	186.72495	219.91458	27.11782	269.78122	154.91963	400.0	400.0	301399	60.737263	10.34674	73.70025	-15.95454	-60.85247	0.8751529	3885.817813396454
275	222.27228	9.450327	233.5554	210.42738	227.80367	20.721394	269.96103	174.88171	400.0	400.0	302499	60.884724	10.153415	73.07555	-15.483085	-60.998863	0.7265228	3899.7850375175476
276	230.38646	20.29026	255.38023	205.68198	219.8323	28.618591	259.34042	164.61949	400.0	400.0	303599	61.064854	9.776368	72.63438	-15.806053	-61.17983	0.8222391	3913.5028536319733
277	199.82346	44.12496	243.94843	155.6985	240.30301	19.488495	274.64053	205.26904	400.0	400.0	304699	61.14421	9.6287985	72.72593	-15.331034	-61.26045	0.83095026	3927.047643661499
278	204.80298	39.062363	258.88632	168.01212	227.65764	27.368217	264.64957	175.34398	400.0	400.0	305799	61.203297	9.455515	73.49996	-14.849853	-61.31268	0.79815066	3941.3331644535065
279	193.05145	13.387102	211.95876	182.75694	227.90207	29.98278	276.95102	175.65347	400.0	400.0	306899	61.3275	9.103544	72.783035	-14.785025	-61.44377	0.8512787	3954.8627438545227
280	217.84843	35.547348	249.43336	168.1854	230.76114	24.064724	269.72803	179.63231	400.0	400.0	307999	61.471226	8.790386	73.38003	-15.347107	-61.583466	0.9159253	3968.305503129959
281	217.00142	13.981613	230.98303	203.0198	230.57568	14.356391	255.69427	202.62982	400.0	400.0	309099	61.53913	8.614818	73.951416	-19.166151	-61.652576	0.8197936	3981.522444009781
282	201.7939	19.967646	226.54341	177.64389	205.35721	29.83901	284.59882	165.909	400.0	400.0	310199	61.65402	8.342377	73.39303	-15.094787	-61.76415	0.8711	3994.373340845108
283	222.58934	24.904945	256.16205	196.5813	231.51921	22.561758	271.22202	192.2087	400.0	400.0	311299	61.813755	7.9382	73.056854	-13.92189	-61.93038	0.91695225	4007.731738090515
284	237.32526	19.329174	258.92175	212.0143	231.18694	22.39442	262.7042	184.37198	400.0	400.0	312399	61.940563	7.7598796	73.844604	-13.233683	-62.05806	0.8598514	4022.6890840530396
285	201.18411	11.989891	213.17401	189.19423	235.87057	17.720707	262.5494	207.23428	400.0	400.0	313499	62.076553	7.4690046	72.587715	-1.3515291	-62.19272	0.91422176	4037.4848403930664
286	237.09601	6.656863	245.38322	229.08429	229.09477	22.136782	274.22272	187.90804	400.0	400.0	314599	62.29707	6.9810176	73.25549	-0.07866424	-62.41547	1.0207862	4052.2395112514496
287	200.42021	23.529251	233.08948	178.61041	239.41069	22.909006	276.54044	178.78975	400.0	400.0	315699	62.555145	6.4288473	73.43781	-0.6059364	-62.67949	0.9107304	4066.43367600441
288	198.77419	12.972913	208.23149	180.43068	232.93742	20.595749	276.37997	179.74571	400.0	400.0	316799	62.690136	6.20046	74.88872	0.6763483	-62.81167	0.9143845	4080.2471685409546
289	239.94293	4.538414	244.48134	235.40451	242.23462	21.46846	291.2783	205.60986	400.0	400.0	317899	62.87887	6.0590935	73.38384	6.406621	-62.99436	0.9678752	4094.8147349357605
290	200.15106	38.833538	253.96535	163.75275	211.34818	15.750921	244.25377	172.31125	400.0	400.0	318999	62.90933	6.0534286	74.09842	7.438259	-63.028473	0.9872554	4109.662215232849
291	205.19098	16.584097	219.6468	181.96869	245.71062	24.62799	304.84988	201.79608	400.0	400.0	320099	63.03508	5.9210963	74.42131	7.0079603	-63.154675	0.9549751	4123.782490730286
292	223.04779	7.8141003	234.07649	216.92842	214.57109	18.580656	247.05957	178.44157	400.0	400.0	321199	63.122078	5.8551373	73.61785	9.752321	-63.242683	1.032714	4137.692496061325
293	237.19621	1.1628113	238.35902	236.0334	236.41629	22.26993	268.58243	197.40906	400.0	400.0	322299	63.186195	5.8465824	75.408	15.31356	-63.303593	0.9666839	4152.289327383041
294	226.19179	8.831518	238.60643	218.80074	232.7996	21.390005	268.2205	188.86665	400.0	400.0	323399	63.257217	5.8783727	75.53438	14.584411	-63.369686	0.9410912	4166.445018291473
295	213.12776	7.6991587	223.81381	205.97594	235.37057	19.74161	264.45966	183.94997	400.0	400.0	324499	63.318836	5.9128456	75.66805	14.104254	-63.433594	0.88023835	4181.700204372406
296	222.25026	43.893604	260.0405	160.70662	231.8803	22.393902	273.30392	183.65335	400.0	400.0	325599	63.373497	5.957942	75.78753	11.049385	-63.492657	0.92719716	4195.464765787125
297	220.81482	19.975365	240.79018	200.83945	230.54765	28.662	281.1174	179.78476	400.0	400.0	326699	63.479706	6.0052037	76.52823	13.980039	-63.608173	0.92568904	4209.880069255829
298	232.24059	2.360301	234.77135	229.09027	216.39864	22.861774	265.52237	179.20506	400.0	400.0	327799	63.582558	6.0846896	76.15287	13.5588875	-63.70738	0.9492503	4223.955526590347
299	218.00806	22.596924	247.68285	192.9	229.00984	28.627851	292.89328	180.03133	400.0	400.0	328899	63.600864	6.167999	76.12867	12.5240345	-63.718422	0.94722456	4238.154878616333
300	207.08675	34.166977	234.7867	158.94965	227.84152	26.054222	267.48026	163.32124	400.0	400.0	329999	63.677387	6.252462	76.70872	11.610506	-63.809284	0.9876151	4252.602230787277
301	226.72296	28.133438	254.8564	198.58952	226.26273	30.340193	282.37823	160.61234	400.0	400.0	331099	63.758156	6.2525945	76.75519	10.582174	-63.8996	1.1773033	4266.9823842048645
302	186.57454	12.998081	199.53917	168.80667	225.8354	27.052412	274.83398	168.32089	400.0	400.0	332199	63.91199	6.3727474	75.949524	10.098133	-64.05641	1.0191495	4281.652962446213
303	215.73213	16.718096	237.1651	196.37198	222.75461	34.661026	278.13553	155.68837	400.0	400.0	333299	64.07546	6.4108686	77.587845	10.70569	-64.22877	1.1158818	4296.202000141144
304	236.31108	45.385433	277.5084	173.08798	232.67978	30.45405	281.57123	164.30049	400.0	400.0	334399	64.305016	6.4026403	76.63174	10.008613	-64.44226	1.0142674	4310.400356531143
305	203.95267	2.04187	205.99454	201.9108	219.79948	29.1605	273.3091	171.67188	400.0	400.0	335499	64.39465	6.4377084	76.97619	8.950283	-64.53209	1.1115953	4324.188760995865
306	211.77461	30.369743	248.04958	173.72289	232.03348	32.04411	296.2811	182.49484	400.0	400.0	336599	64.47999	6.429442	77.867584	10.145969	-64.61895	1.1194669	4338.1639404296875
307	224.53096	13.28358	240.9127	208.3771	226.22795	30.85781	280.69592	130.29297	400.0	400.0	337699	64.639885	6.4818153	77.2349	9.270662	-64.77802	1.0638288	4352.886601448059
308	229.47746	19.414454	249.69202	203.2795	209.14682	33.81598	258.17886	152.34094	400.0	400.0	338799	64.68129	6.4514704	76.08416	7.1522913	-64.82725	1.1817143	4367.610727310181
309	183.93668	42.556076	226.49275	141.3806	220.94113	25.01421	269.5065	168.68246	400.0	400.0	339899	64.78597	6.459116	76.80599	6.5917816	-64.9255	1.182882	4381.739834070206
310	203.34723	33.368862	242.25693	160.76776	229.27225	26.098799	282.7455	179.82516	400.0	400.0	340999	64.903175	6.3816967	77.28773	8.629624	-65.04857	1.1553067	4396.492444038391
311	233.26585	11.748846	249.31569	221.51869	232.0845	29.370771	276.38373	182.96175	400.0	400.0	342099	64.9648	6.332065	77.40637	5.72377	-65.09523	1.1835798	4411.630002737045
312	226.87477	15.484109	248.7689	215.57898	243.27893	32.322617	297.42462	171.85721	400.0	400.0	343199	65.02858	6.2361956	77.983604	7.3335752	-65.158875	1.0763354	4425.580163240433
313	218.67426	18.456955	237.13121	200.2173	239.65303	30.621534	303.9036	169.5503	400.0	400.0	344299	65.07615	6.0308814	75.88267	7.888725	-65.198975	1.0067011	4440.268188238144
314	203.8103	8.778161	214.80399	193.31963	226.94751	24.748466	274.0401	159.80667	400.0	400.0	345399	65.13009	5.9821715	76.3826	7.93159	-65.26164	1.0270174	4454.829083442688
315	230.50739	12.200782	245.57216	215.68953	230.6916	27.092594	286.09372	172.79651	400.0	400.0	346499	65.14516	5.8901496	76.243774	9.886319	-65.27378	0.95887876	4469.657872915268
316	216.16333	17.242	228.54391	191.78043	234.49106	26.831308	286.4648	172.7762	400.0	400.0	347599	65.19179	5.784802	76.80276	11.187485	-65.318855	0.9409208	4483.271200895309
317	235.63303	9.291969	244.925	226.34106	237.35452	26.728481	279.53363	187.25386	400.0	400.0	348699	65.20891	5.738253	76.79642	12.651471	-65.328354	0.9334819	4497.098828077316
318	228.84808	19.189793	246.71693	202.22467	224.05106	24.235601	271.72653	179.24481	400.0	400.0	349799	65.20204	5.7007823	75.8577	10.048327	-65.31961	0.8132374	4511.342469215393
319	218.98332	17.987133	243.08833	199.89401	239.45157	24.736403	273.09268	187.58385	400.0	400.0	350899	65.166084	5.647718	77.28031	10.837595	-65.280655	0.91069245	4525.93438410759
320	230.21759	19.491705	251.80605	204.57938	235.48552	28.935997	307.5622	161.79402	400.0	400.0	351999	65.06666	5.626548	76.114204	12.138032	-65.17438	0.84344643	4541.801359415054
321	203.65646	17.946365	221.60283	185.7101	215.33525	29.154648	256.40936	157.73581	400.0	400.0	353099	65.00516	5.576866	77.149185	16.520882	-65.10838	0.7697164	4556.827689409256
322	202.58202	33.92264	247.28816	165.15782	225.47461	29.626081	292.52518	178.50899	400.0	400.0	354199	64.94457	5.5835752	77.31364	18.817732	-65.046585	0.7905751	4571.854907035828
323	237.09673	10.236575	251.53168	228.92781	227.27998	27.60661	274.4214	163.63478	400.0	400.0	355299	64.82448	5.602375	76.76156	21.859798	-64.921524	0.8304415	4586.5960392951965
324	227.8022	25.796501	259.70923	196.53055	231.07114	28.228006	272.4635	144.511	400.0	400.0	356399	64.706024	5.56812	76.41319	21.886192	-64.80004	0.8590933	4601.573127269745
325	222.21994	27.240486	249.46043	194.97946	236.41833	23.27028	280.17636	183.1235	400.0	400.0	357499	64.53937	5.6175604	77.56225	22.014874	-64.63069	0.79146737	4616.727000951767
326	226.05286	2.5452843	229.00871	222.79591	241.4897	21.152626	288.04263	199.08914	400.0	400.0	358599	64.360245	5.597006	76.10159	20.855902	-64.44697	0.81539154	4631.942380428314
327	216.53587	32.7835	262.86115	191.75664	242.06161	31.511227	290.8502	167.67119	400.0	400.0	359699	64.189606	5.568776	76.1542	21.436152	-64.27438	0.83880514	4647.086785078049
328	220.27654	27.406834	258.4347	195.30954	245.31882	26.683407	289.96808	198.83401	400.0	400.0	360799	64.04307	5.630497	75.53861	21.3729	-64.13139	0.7956302	4661.817554235458
329	252.75589	5.152954	257.90884	247.60294	225.33313	28.887102	275.3818	162.304	400.0	400.0	361899	63.935173	5.6055074	75.604294	21.376812	-64.025856	0.7448167	4676.497971057892
330	221.11646	19.90318	242.29349	194.47008	233.50351	23.743206	273.95978	175.78996	400.0	400.0	362999	63.824883	5.677147	76.33564	21.099768	-63.916138	0.8141186	4690.735951185226
331	226.04503	31.758274	263.98038	186.25516	231.12166	24.378618	278.46774	184.6398	400.0	400.0	364099	63.684803	5.7106123	76.87134	22.0894	-63.777557	0.7771094	4704.12942481041
332	231.26903	22.304237	262.80228	214.82527	232.28543	22.8866	269.6087	170.42538	400.0	400.0	365199	63.634792	5.676636	75.76443	21.217932	-63.72326	0.8337591	4718.585544347763
333	252.17712	4.291374	256.4685	247.88576	203.65639	37.10202	258.39706	133.75806	400.0	400.0	366299	63.48792	5.714618	76.92156	21.263733	-63.581955	0.7891802	4733.074863195419
334	231.17079	30.45353	274.2116	208.33038	244.93819	33.72202	297.5406	189.91241	400.0	400.0	367399	63.413307	5.7510324	76.58784	20.46657	-63.508556	0.7458446	4747.376970529556
335	254.91975	17.238806	276.25168	234.03242	231.67339	22.944689	276.69992	190.1596	400.0	400.0	368499	63.344376	5.729971	77.18759	19.03151	-63.440086	0.783502	4761.763845920563
336	233.71721	11.814937	250.42456	225.1705	233.52853	30.270254	284.4095	172.11053	400.0	400.0	369599	63.27524	5.7532935	76.43099	21.912086	-63.36742	0.7256455	4776.751779794693
337	205.19348	0.8174057	206.0109	204.37608	244.60703	19.274029	283.81506	204.06715	400.0	400.0	370699	63.226444	5.7194014	76.6166	22.84462	-63.319588	0.8674891	4791.869419336319
338	234.6831	23.556887	260.12976	203.33879	232.82967	26.253428	276.99762	179.5132	400.0	400.0	371799	63.15239	5.750675	78.26766	22.869583	-63.24949	0.80314547	4806.729761123657
339	220.49615	26.450832	257.1621	195.74637	234.53958	26.004164	275.05576	186.14441	400.0	400.0	372899	63.11343	5.7738113	76.584206	22.03242	-63.215652	0.7841671	4821.5778703689575
340	228.44673	19.552984	243.90932	200.86197	235.95525	24.81034	276.91507	188.11555	400.0	400.0	373999	63.01277	5.8233137	76.99438	21.48492	-63.112797	0.80572265	4836.404751777649
341	173.23111	24.129662	197.36078	149.10146	230.52551	31.310066	280.0246	163.8488	400.0	400.0	375099	62.995255	5.8471217	76.839226	22.174675	-63.098274	0.8092822	4851.395645618439
342	231.9558	10.324445	244.73978	219.45491	219.04984	41.19683	284.04074	110.18043	400.0	400.0	376199	62.971085	5.889011	76.69126	22.358147	-63.080242	0.6882577	4866.564006567001
343	221.48366	14.805951	237.52924	201.8106	228.61458	25.580528	280.29138	174.0231	400.0	400.0	377299	63.021767	5.9153304	76.66943	22.59656	-63.1312	0.765668	4881.538373231888
344	240.0332	23.948528	273.04294	216.96585	232.9853	25.826353	277.70032	185.7345	400.0	400.0	378399	63.02073	6.002417	77.1804	22.757328	-63.123425	0.8408879	4896.630125284195
345	241.1991	0.51252747	241.71162	240.68657	230.6471	29.486696	293.91367	168.83705	400.0	400.0	379499	62.996155	5.9585648	77.17481	22.913052	-63.09976	0.8730083	4911.930199384689
346	212.74878	1.6574975	214.3986	210.48181	214.86414	30.198483	267.5609	133.12552	400.0	400.0	380599	63.05239	6.0103593	77.18333	21.68372	-63.171223	0.82489204	4926.893486499786
347	213.5424	30.788465	255.84062	183.44681	202.7933	30.775614	255.96242	157.07164	400.0	400.0	381699	63.020855	6.0851345	77.32796	21.535044	-63.141605	0.89589655	4941.925790071487
348	198.35634	26.342987	235.46326	176.93283	237.01347	39.68307	317.3817	161.89671	400.0	400.0	382799	63.124413	6.127459	77.7466	20.646679	-63.242527	0.93671906	4956.866649389267
349	228.57556	5.55777	234.13333	223.01779	227.87346	32.140472	276.71115	163.05743	400.0	400.0	383899	63.134743	6.1009383	76.861534	22.203947	-63.255836	0.97740436	4971.3242337703705
350	213.82518	13.778444	230.01903	196.34274	227.42212	27.185286	255.19739	144.3188	400.0	400.0	384999	63.244835	6.1197557	78.12435	23.957203	-63.369503	0.96917415	4985.9604234695435
351	224.10915	26.70785	260.6641	197.59969	203.16824	37.68447	289.53366	148.25034	400.0	400.0	386099	63.35082	6.207528	78.75528	22.317541	-63.476585	0.9710842	5001.227525472641
352	190.1452	11.917234	201.58563	173.70734	215.45956	35.200188	274.07986	147.97653	400.0	400.0	387199	63.418728	6.249481	78.22412	22.7355	-63.55375	0.9789581	5016.589411735535
353	181.13574	31.59835	212.73409	149.53738	223.92465	17.309347	247.6601	181.26231	400.0	400.0	388299	63.53004	6.2331123	78.93633	21.575474	-63.663956	0.9420319	5031.007552623749
354	220.23499	29.11926	243.5198	179.17726	229.12395	33.32053	315.21576	172.22707	400.0	400.0	389399	63.67202	6.2411795	78.07067	21.678278	-63.8103	1.0335387	5046.974386692047
355	234.62544	15.012481	251.03256	214.75284	231.29639	21.714857	271.0816	190.60013	400.0	400.0	390499	63.81829	6.2793818	77.92184	21.065184	-63.953445	0.9470981	5062.72539973259
356	234.98712	14.333804	254.58365	220.69788	232.3221	23.29306	270.15	190.38084	400.0	400.0	391599	63.918663	6.2854676	77.52108	22.157532	-64.05663	1.0953877	5078.199609518051
357	196.59259	3.445198	200.03778	193.14738	228.59793	35.34528	277.17426	116.322334	400.0	400.0	392699	64.014244	6.2553635	78.505684	21.516703	-64.152405	1.0904402	5093.1387577056885
358	223.58124	31.09411	255.40662	181.38881	240.0115	25.467253	282.6667	189.5135	400.0	400.0	393799	64.09054	6.264639	77.79361	21.943527	-64.22472	1.0638056	5108.16458439827
359	230.8986	19.033833	249.92757	204.89612	231.65422	25.52316	272.00632	170.64307	400.0	400.0	394899	64.21221	6.221274	77.77579	19.38824	-64.351326	1.105905	5123.436186790466
360	214.7567	11.305955	230.7385	206.3493	227.1171	36.241447	309.83276	159.50809	400.0	400.0	395999	64.246155	6.2566977	78.91982	17.37149	-64.379974	0.9821329	5139.388544082642
361	254.47382	19.439934	273.91376	235.03389	236.50607	20.631353	282.7098	199.57805	400.0	400.0	397099	64.31809	6.238058	78.36279	17.674809	-64.44777	1.0734648	5154.745444774628
362	222.27937	26.044638	258.63794	198.99854	235.61618	21.83874	278.6764	191.37007	400.0	400.0	398199	64.37772	6.2834635	79.37021	19.190279	-64.51386	0.9260823	5170.134456396103
363	215.89172	28.02588	253.01642	185.30885	222.1835	28.4132	271.23703	144.13518	400.0	400.0	399299	64.455025	6.323497	78.14285	20.276106	-64.58248	1.0176613	5185.470262289047
364	217.47517	9.0855055	223.94345	204.62642	220.09799	34.638798	276.63385	146.08083	400.0	400.0	400399	64.45761	6.3328924	78.944855	20.885094	-64.586296	1.0727967	5200.839524269104
365	194.12875	11.964745	206.09349	182.164	233.89128	29.150053	287.96634	153.28429	400.0	400.0	401499	64.521736	6.2827854	79.20848	21.111431	-64.65273	1.0521683	5216.274357318878
366	225.24242	4.180153	231.08159	221.52379	236.33582	24.63284	287.87512	197.92247	400.0	400.0	402599	64.59228	6.2392845	78.71495	22.000765	-64.72744	1.06127	5231.637183427811
367	204.60359	33.172695	249.63533	170.69698	227.37503	26.542023	275.89	181.79735	400.0	400.0	403699	64.68356	6.2437644	77.98462	22.08818	-64.82093	1.0376651	5246.910755872726
368	204.7046	3.975452	207.91754	199.10263	239.45786	20.912779	269.7462	196.33537	400.0	400.0	404799	64.76672	6.2661905	79.240585	22.158794	-64.89766	0.9786905	5262.094790220261
369	232.04608	7.893059	239.93913	224.15302	231.20682	39.36327	293.2515	136.2857	400.0	400.0	405899	64.83581	6.280294	78.5114	22.981306	-64.96778	1.0844647	5277.192645549774
370	224.93745	22.266333	247.04214	194.46292	203.9347	31.553137	258.2341	154.36588	400.0	400.0	406999	64.88444	6.2491603	79.39914	22.560345	-65.01653	1.0374544	5292.156441688538
371	202.82011	34.04031	231.12303	154.94443	190.64145	38.110424	246.81372	129.18103	400.0	400.0	408099	64.97006	6.2666354	78.870224	24.276413	-65.10566	0.8538373	5307.160614490509
372	218.7533	6.134963	224.04535	210.15309	211.65413	27.529129	252.97801	141.87639	400.0	400.0	409199	65.072	6.3632283	78.875435	23.82531	-65.211044	1.0177649	5322.199898481369
373	206.22163	0.25346375	206.4751	205.96817	223.02145	29.45996	264.70477	156.10278	400.0	400.0	410299	65.1583	6.3094993	79.08706	23.572409	-65.30602	0.93818915	5337.0908398628235
374	165.79749	13.659307	181.31483	148.07518	223.01147	29.640673	261.51697	160.16885	400.0	400.0	411399	65.324905	6.3703074	79.4471	23.258698	-65.48768	1.01828	5351.726257324219
375	237.41998	13.302111	253.91652	221.34117	232.34439	28.053171	273.6318	180.96292	400.0	400.0	412499	65.61792	6.4686885	79.96551	19.052898	-65.80457	1.0983888	5366.320739507675
376	237.76009	26.361143	274.75967	215.30582	226.16272	31.469767	270.88007	169.2209	400.0	400.0	413599	65.97109	6.614372	80.29516	23.424791	-66.18012	1.1102545	5381.474871873856
377	196.00037	15.46579	211.46616	180.53458	217.54195	32.700157	279.24243	161.23633	400.0	400.0	414699	66.41665	6.7703037	80.2771	23.201405	-66.64484	1.2030395	5396.840687513351
378	206.57585	2.4172573	208.99994	203.27634	225.40408	33.451042	281.26825	161.62534	400.0	400.0	415799	66.8558	6.816633	80.64694	24.924007	-67.044106	1.1514572	5411.383455276489
379	221.65059	28.028227	257.1134	188.58412	207.1315	26.138689	241.28525	160.08005	400.0	400.0	416899	67.118095	6.6923575	80.92057	25.321377	-67.29781	1.1392798	5424.96583366394
380	219.61487	21.879675	238.97432	189.03087	224.80869	27.241875	267.08032	157.49965	400.0	400.0	417999	67.298225	6.4608016	80.75352	24.881754	-67.46041	1.2288643	5438.534219264984
381	226.67111	44.665375	271.3365	182.00574	221.08804	24.403746	263.99826	168.83661	400.0	400.0	419099	67.42715	6.234043	80.15222	24.687906	-67.57805	0.985613	5452.913684606552
382	203.70537	25.308046	236.70532	175.20547	220.9335	26.538038	259.196	163.35126	400.0	400.0	420199	67.43976	6.061196	80.06847	25.691463	-67.57194	0.9854572	5467.691549062729
383	189.96565	13.420706	203.95813	171.86397	227.65657	28.540726	267.59927	157.18086	400.0	400.0	421299	67.31569	5.8873153	81.04372	24.797287	-67.43582	1.0706365	5482.409652709961
384	194.83318	4.25067	200.83844	191.59625	217.29585	24.327364	254.07469	181.84683	400.0	400.0	422399	67.15131	5.8030057	80.18444	24.880299	-67.271126	0.96225566	5497.6688940525055
385	207.97946	17.926178	225.90564	190.05328	221.02539	21.431206	266.8078	181.66324	400.0	400.0	423499	67.036285	5.7774835	79.59413	23.76486	-67.157524	0.79975194	5512.55468416214
386	201.17702	48.112427	266.2935	151.52806	221.16399	24.242283	259.8739	182.69183	400.0	400.0	424599	66.93086	5.8130236	80.44232	25.266626	-67.052414	0.8344723	5527.296615362167
387	208.91138	32.57692	240.21321	163.98538	219.94609	20.577448	263.8483	180.62611	400.0	400.0	425699	66.778366	5.8361564	79.75468	26.562685	-66.891205	0.8722828	5542.012744665146
388	206.87415	10.375346	219.73566	194.3272	213.11479	26.981934	266.27347	173.74321	400.0	400.0	426799	66.64634	5.850258	80.03381	28.178032	-66.75419	0.7789622	5556.669131278992
389	249.66669	28.199577	277.86627	221.46712	226.13411	21.20839	251.86864	173.9658	400.0	400.0	427899	66.46797	5.8974395	80.23378	28.044775	-66.57723	0.8530446	5571.186537027359
390	203.47078	29.529245	244.87523	178.05487	216.56155	22.935997	260.7018	172.45184	400.0	400.0	428999	66.29443	5.963575	80.426796	26.269295	-66.40603	0.8122316	5585.99751830101
391	222.2077	32.258247	251.7767	177.33754	228.88152	31.117563	280.683	169.76842	400.0	400.0	430099	66.25953	6.0398817	80.08836	28.015362	-66.39233	0.88178176	5601.218216657639
392	222.99316	10.384559	237.32948	213.0662	199.33482	26.192518	255.99976	138.95023	400.0	400.0	431199	66.17239	6.0445395	80.18453	25.739683	-66.306114	1.0013647	5616.339732646942
393	217.70609	11.709457	229.41554	205.99663	221.1041	27.472708	258.48294	161.76662	400.0	400.0	432299	66.19323	6.0916777	80.443054	25.630663	-66.33022	0.9249635	5631.389344930649
394	206.79475	45.39392	267.80286	158.98694	222.65347	19.472006	255.45264	184.94334	400.0	400.0	433399	66.19736	6.0881667	80.71256	27.297674	-66.33689	0.99535865	5645.997322559357
395	213.20789	30.087093	248.08226	174.65948	223.82271	21.766888	265.8856	180.1663	400.0	400.0	434499	66.17193	6.1407847	80.459206	27.962465	-66.317116	0.94546074	5661.193539619446
396	244.03596	21.97364	267.81628	214.82144	221.46475	24.807232	252.30666	172.12003	400.0	400.0	435599	66.23922	6.118242	80.39197	27.551388	-66.38182	1.031078	5676.310487270355
397	196.02026	12.015907	208.03618	184.00436	232.90332	22.86609	269.7614	158.55722	400.0	400.0	436699	66.20466	6.087554	80.87468	27.487852	-66.33331	0.94516736	5690.927627086639
398	225.02367	29.03397	255.90857	186.14941	228.18364	17.679167	246.48056	169.8325	400.0	400.0	437799	66.15592	6.116272	79.89176	27.095335	-66.28153	0.98894465	5705.703409194946
399	235.64769	6.775708	242.45433	226.40334	216.20723	25.358297	268.4929	169.04132	400.0	400.0	438899	66.1609	6.0740647	80.96437	27.437418	-66.29185	1.0924171	5720.327749013901
400	237.57591	12.269434	246.25713	220.2243	225.0734	19.928228	266.31192	189.61552	400.0	400.0	439999	66.1043	6.1518836	80.32399	26.952522	-66.23212	1.0075936	5735.869003295898
401	224.8956	18.824547	243.72015	206.07106	238.61523	33.762424	297.11917	157.36507	400.0	400.0	441099	66.09981	6.238516	80.71659	27.614807	-66.230865	0.95342374	5750.804021596909
402	218.88246	6.081759	225.30373	210.71631	240.74959	22.675205	291.85645	199.66057	400.0	400.0	442199	65.989075	6.2868752	79.9357	26.950495	-66.10741	0.9922959	5766.304958343506
403	211.16945	33.74542	250.56808	168.1476	233.8198	24.62197	273.10214	176.9702	400.0	400.0	443299	65.90176	6.248727	79.96088	27.188904	-66.0166	0.93630195	5780.929616451263
404	231.26765	24.37212	255.45801	197.90935	236.99333	22.149645	284.0517	199.05852	400.0	400.0	444399	65.73834	6.2342224	80.053	28.667854	-65.85089	0.9302663	5795.591268539429
405	238.9076	8.786034	247.69363	230.12157	228.66605	18.200079	262.42947	187.68163	400.0	400.0	445499	65.64411	6.265543	80.173744	26.994682	-65.75626	0.9064783	5810.432888031006
406	206.33952	17.675089	231.14485	191.2658	236.2373	26.477486	298.11227	174.29884	400.0	400.0	446599	65.493744	6.2710958	79.99185	26.427032	-65.599075	0.88801324	5825.634299278259
407	186.98994	13.617707	205.66049	173.56555	240.88858	25.0109	285.32007	187.6121	400.0	400.0	447699	65.390625	6.3167124	79.98677	24.480494	-65.49667	0.936512	5841.014412403107
408	240.925	17.838737	263.64905	220.07382	247.0682	30.90209	306.06183	186.98444	400.0	400.0	448799	65.22818	6.353972	79.98833	28.315582	-65.34003	0.93467265	5856.572813987732
409	250.95673	2.1337967	253.09052	248.82292	227.5051	22.667755	272.2	189.8923	400.0	400.0	449899	65.152695	6.4109397	80.08463	28.602734	-65.26533	0.92668533	5871.358574390411
410	229.60284	10.759563	244.04868	218.23979	219.28464	27.687944	293.69702	178.93187	400.0	400.0	450999	65.025635	6.4585295	80.04788	26.418396	-65.13351	0.89994377	5886.959821462631
411	235.731	28.586222	257.6133	195.35124	229.67258	24.447172	276.57913	185.80066	400.0	400.0	452099	64.93673	6.4858484	80.11615	25.859116	-65.041084	1.0196611	5903.0139327049255
412	218.62013	12.935226	235.91988	204.82057	238.4685	17.135698	276.06183	205.95055	400.0	400.0	453199	64.76949	6.505338	80.26262	24.421959	-64.877205	0.93737215	5917.842472553253
413	192.9286	18.631973	211.56058	174.29663	218.09314	25.886187	271.97983	159.26257	400.0	400.0	454299	64.66442	6.5276604	80.15702	23.926289	-64.77608	1.0360533	5933.4482226371765
414	235.37099	28.747784	255.95505	194.71657	228.415	28.363474	272.39206	172.73721	400.0	400.0	455399	64.636734	6.486068	79.88906	22.97948	-64.74547	0.90809214	5949.47549366951
415	231.96425	13.746683	246.01627	213.3037	242.63431	35.42264	285.06546	137.0636	400.0	400.0	456499	64.55687	6.4974236	79.78452	22.830704	-64.6523	0.9807264	5965.410330533981
416	221.77647	10.846037	231.61928	206.66713	223.02261	35.069595	299.6987	150.37627	400.0	400.0	457599	64.383484	6.4937344	79.5977	20.605465	-64.482574	0.88361436	5981.2390785217285
417	274.31915	7.3713226	281.69046	266.9478	239.30911	27.060106	286.8127	161.77682	400.0	400.0	458699	64.250206	6.4375687	79.426414	19.213413	-64.34642	1.0280802	5996.731589317322
418	216.82808	19.508118	235.0782	189.78516	232.80832	25.25446	290.86145	186.67476	400.0	400.0	459799	64.09521	6.3962216	79.11014	18.46742	-64.195145	0.937526	6011.879823446274
419	229.42908	16.53621	247.71173	207.6593	246.50955	27.575884	287.655	179.6544	400.0	400.0	460899	63.996403	6.34708	78.95326	18.73665	-64.09836	0.9915907	6026.759039878845
420	237.65385	15.087028	258.41507	223.01219	228.69958	21.520916	257.03888	169.16827	400.0	400.0	461999	63.91813	6.340084	78.93512	17.660746	-64.020546	0.8779875	6040.663942813873
421	178.98535	22.70417	201.68951	156.28117	230.28922	25.578125	279.57385	178.21835	400.0	400.0	463099	63.82909	6.360534	78.9322	17.93266	-63.92906	0.79413784	6056.315103769302
422	222.47282	17.54547	244.54565	201.62021	221.88379	23.709665	264.95673	176.83461	400.0	400.0	464199	63.76174	6.3413377	78.9393	17.285372	-63.86787	0.86738575	6072.151994943619
423	226.62708	21.99106	257.58478	208.57419	238.05595	31.682491	313.49188	177.26547	400.0	400.0	465299	63.674973	6.3728666	79.34497	16.495687	-63.77965	0.8430915	6088.574147224426
424	228.67256	14.314845	248.80212	216.74426	241.09933	21.015686	266.12482	190.08308	400.0	400.0	466399	63.700573	6.385717	78.69614	17.534449	-63.813396	0.9268236	6104.366135120392
425	221.2388	21.870369	243.10916	199.36842	236.53984	22.105486	270.08133	188.79579	400.0	400.0	467499	63.641758	6.415331	78.76883	16.703407	-63.751633	0.8830252	6120.057681798935
426	224.57234	21.194796	247.49806	196.38712	230.2467	24.448812	288.20663	194.2111	400.0	400.0	468599	63.664482	6.4605474	78.77448	16.083357	-63.787975	0.9237864	6135.750338077545
427	212.13548	15.859667	225.85498	189.90936	224.59721	23.847338	264.92062	176.97937	400.0	400.0	469699	63.67403	6.4888506	78.85854	16.72662	-63.793026	1.0107334	6151.391226053238
428	230.19987	14.081774	250.08621	219.33762	232.73465	27.109032	278.4905	156.5503	400.0	400.0	470799	63.706562	6.549953	78.75722	16.875265	-63.83108	0.9191792	6167.049569368362
429	195.61337	5.7620926	201.37547	189.85129	218.4043	20.469078	253.27591	181.07935	400.0	400.0	471899	63.773624	6.5630965	78.807014	17.83987	-63.89753	0.8722426	6182.6875784397125
430	233.92969	14.597889	247.78258	213.74727	234.9863	32.206196	295.58517	181.19742	400.0	400.0	472999	63.864136	6.582613	78.96274	18.101433	-63.986607	1.0455972	6197.976228713989
431	223.93126	24.402021	258.43726	206.24315	234.0292	17.37387	266.68735	210.69923	400.0	400.0	474099	63.8847	6.643688	79.04493	19.6432	-64.00956	1.0464073	6211.415496349335
432	232.90442	11.246199	248.80383	224.60516	244.4208	20.327217	275.058	203.13309	400.0	400.0	475199	63.911503	6.6529202	79.0821	17.251312	-64.03166	1.0382922	6226.205304145813
433	243.55595	17.868637	261.4246	225.68732	227.21384	26.213917	284.3641	180.50354	400.0	400.0	476299	63.905197	6.681225	79.230316	18.446056	-64.02865	1.0453913	6241.55869436264
434	229.34282	26.59153	265.0516	201.27443	233.6132	18.164724	265.50775	201.29231	400.0	400.0	477399	63.994526	6.703373	79.203735	18.020739	-64.130806	1.1624603	6257.169446229935
435	201.09631	39.437187	256.11505	165.67235	214.53409	20.079922	236.70685	167.86372	400.0	400.0	478499	64.0538	6.7356296	79.50205	17.161226	-64.18961	1.0655265	6272.29234290123
436	195.77147	33.896336	243.70811	171.77512	233.67903	31.767601	294.35953	175.35269	400.0	400.0	479599	64.12494	6.8093123	79.37993	17.547039	-64.27348	1.065132	6287.631464242935
437	247.7017	7.672531	255.37424	240.02917	233.31909	34.97167	275.24216	147.65833	400.0	400.0	480699	64.33269	6.883994	79.87347	17.144564	-64.478935	1.1704248	6301.19700217247
438	229.5	23.764746	262.71994	208.47743	237.55688	23.975584	291.32584	193.871	400.0	400.0	481799	64.464806	6.8657575	79.64126	17.50555	-64.60847	1.1657659	6314.783379077911
439	228.18286	32.292847	254.40155	182.69023	229.21683	22.08688	260.44464	185.65346	400.0	400.0	482899	64.60826	6.877059	79.89565	18.218748	-64.75429	1.2266498	6329.80055975914
440	212.43315	42.273373	260.9432	157.91861	233.86636	25.117931	272.12088	179.11885	400.0	400.0	483999	64.655045	6.896351	79.87614	18.208593	-64.79183	1.1708974	6346.822429656982
441	230.94214	15.987907	246.93004	214.95422	233.44275	23.230486	260.55646	188.64392	400.0	400.0	485099	64.69338	6.8790874	80.03782	18.419369	-64.83993	1.1790434	6361.953253746033
442	213.33235	22.413338	244.33792	192.12625	232.71365	25.48108	268.84354	167.59016	400.0	400.0	486199	64.81779	6.884792	80.25487	19.853676	-64.96589	1.3115565	6376.889978885651
443	214.92622	21.428741	242.6837	190.51523	227.30579	25.16694	296.57343	188.8838	400.0	400.0	487299	64.97736	6.911059	80.27512	21.768856	-65.13257	1.195382	6392.516647577286
444	232.39268	5.885677	238.87401	224.62918	231.54395	18.96785	260.9863	194.01326	400.0	400.0	488399	65.13263	6.9679313	80.02796	22.759468	-65.292786	1.2697538	6407.607019662857
445	237.6655	16.796112	254.46161	220.86938	228.73831	31.92925	286.13126	170.76965	400.0	400.0	489499	65.3122	6.9378133	80.05682	22.826555	-65.463066	1.2099339	6423.324736118317
446	237.06909	23.55964	270.38232	219.9063	217.35442	27.832623	264.51538	173.43188	400.0	400.0	490599	65.40249	6.984459	80.1877	22.992975	-65.56	1.3848526	6437.438215255737
447	238.13307	6.6262646	245.24744	229.29381	235.38095	27.509405	274.92352	168.67442	400.0	400.0	491699	65.590775	7.07044	80.266	22.612556	-65.74985	1.1949402	6451.967699050903
448	237.45927	29.155178	270.7622	199.75496	246.38376	26.768642	287.5139	188.43875	400.0	400.0	492799	65.75749	7.0899634	80.136314	20.378794	-65.90928	1.2576014	6467.745203495026
449	239.53296	7.2397995	246.77277	232.29317	239.16946	22.117987	271.95493	191.05595	400.0	400.0	493899	65.905426	7.0860496	80.44652	21.929508	-66.05754	1.2974954	6483.84398317337
450	214.3493	18.26827	233.12025	189.5907	241.63977	26.94347	291.21573	173.80687	400.0	400.0	494999	65.9037	7.1187353	80.68516	19.02514	-66.046646	1.321437	6499.939297914505
451	227.20282	8.274697	235.48384	215.90169	231.52658	21.8906	263.64148	183.96245	400.0	400.0	496099	65.9698	7.048499	80.50946	18.687914	-66.11685	1.2446078	6516.055417537689
452	251.85246	24.534264	278.26056	219.15855	232.70337	22.913221	268.75146	173.1912	400.0	400.0	497199	65.989235	7.0352554	80.61308	18.5858	-66.12047	1.2525682	6532.06822514534
453	181.71075	1.1576385	182.8684	180.55312	215.46823	27.000858	256.47116	166.62424	400.0	400.0	498299	66.04219	7.0246797	80.62472	18.065094	-66.18359	1.0983461	6547.849334478378
454	215.41339	47.634914	276.0639	159.69592	228.70944	29.257984	286.0773	183.28241	400.0	400.0	499399	66.109795	6.986133	80.576904	17.67457	-66.266304	1.277684	6563.706211090088
455	216.25706	8.713229	227.49486	206.26044	228.75879	26.878328	286.26825	173.788	400.0	400.0	500499	66.2666	7.056455	80.649666	17.71829	-66.44228	1.3460283	6579.803354501724
456	234.31812	6.842037	242.97375	226.24461	233.55205	21.156637	271.1358	191.98586	400.0	400.0	501599	66.4226	7.087443	80.94973	17.06115	-66.58805	1.3641124	6595.727797031403
457	234.32626	4.8419876	239.16824	229.48427	230.43498	29.64	278.90576	166.32059	400.0	400.0	502699	66.59905	6.998781	80.96945	17.595387	-66.75524	1.3127657	6611.57674574852
458	201.38393	14.613286	221.70592	187.96953	208.68582	25.998816	245.16475	151.6006	400.0	400.0	503799	66.67365	6.978026	81.17821	18.554842	-66.831604	1.4325036	6627.662514448166
459	245.93755	6.4750524	251.13533	236.80974	223.57869	33.356834	294.8223	176.00298	400.0	400.0	504899	66.77606	6.8814263	81.068474	17.979136	-66.936195	1.3548331	6642.647035598755
460	200.39384	17.196905	222.62408	180.73691	226.79501	36.506454	296.26584	131.72899	400.0	400.0	505999	66.87452	6.814486	81.118835	13.889559	-67.04113	1.2909253	6658.464520931244
461	236.96957	26.428925	263.3985	210.54065	212.64322	34.522705	261.8795	138.28679	400.0	400.0	507099	67.04359	6.7054563	81.046486	16.469181	-67.20361	1.1869066	6674.851722240448
462	223.88777	34.820713	268.20224	183.13231	216.89575	32.84938	266.138	126.05189	400.0	400.0	508199	67.14552	6.632991	81.03734	16.491844	-67.300896	1.0835094	6691.004084348679
463	185.4583	31.391312	220.93457	144.60745	225.32256	35.903973	277.873	138.42278	400.0	400.0	509299	67.11802	6.578731	80.88799	15.823347	-67.25936	1.134025	6706.968831777573
464	189.96455	29.425137	222.0953	150.9979	220.52515	27.539204	281.12967	170.22765	400.0	400.0	510399	67.14011	6.5322275	80.87973	15.539029	-67.281425	1.0572215	6723.142691850662
465	239.3562	2.1010513	241.45724	237.25514	212.0115	40.534218	296.0304	139.7106	400.0	400.0	511499	67.128845	6.4850492	80.94903	14.380605	-67.27072	1.0411745	6739.274263858795
466	209.3584	29.230036	232.44771	168.11937	238.66516	27.114536	287.9609	188.72546	400.0	400.0	512599	67.08205	6.4714684	80.900024	13.4015465	-67.21575	0.9460205	6755.254557609558
467	227.72871	18.862446	250.80688	204.60359	235.1698	27.352728	281.9763	168.24446	400.0	400.0	513699	67.09169	6.4262676	80.80296	13.918177	-67.222244	0.91492194	6771.36505150795
468	242.69185	9.596763	253.72955	230.33388	234.61153	21.51447	276.65762	205.8912	400.0	400.0	514799	67.01705	6.3853927	80.7646	14.357295	-67.14931	0.9591457	6787.552543401718
469	215.83507	3.9685364	219.8036	211.86653	233.4001	29.487743	307.97943	188.73639	400.0	400.0	515899	67.01989	6.4199324	80.78005	16.083822	-67.1564	1.0087739	6802.911114931107
470	215.8361	9.745023	229.5589	207.87381	225.2424	28.874546	282.9128	181.2568	400.0	400.0	516999	67.02095	6.406788	80.91558	16.158712	-67.16146	0.92762315	6817.689532279968
471	216.66087	32.39758	244.60918	171.24512	237.99023	24.261112	282.16385	184.22424	400.0	400.0	518099	66.98265	6.365226	80.95077	16.079786	-67.1211	1.0128212	6832.620119333267
472	215.4052	25.927454	244.16034	181.32469	220.11092	27.931208	279.6917	169.33623	400.0	400.0	519199	66.982124	6.4013953	80.97469	18.04268	-67.12202	0.99382323	6847.665360212326
473	230.51321	40.90928	271.4225	189.60393	210.32402	28.735128	267.15475	153.04362	400.0	400.0	520299	67.00576	6.39502	81.11292	17.901962	-67.15245	1.0531867	6862.803768396378
474	208.5576	25.420755	236.68819	175.10611	220.70418	39.16743	300.4186	150.03737	400.0	400.0	521399	67.0357	6.39719	81.08251	17.046185	-67.17979	1.0851713	6878.457332372665
475	230.88422	19.770084	245.34555	202.9307	232.76192	23.477161	292.89542	198.13818	400.0	400.0	522499	67.03135	6.430517	80.91493	16.54498	-67.1691	1.1611606	6894.28386592865
476	201.32715	26.232834	232.50475	168.32541	213.4001	31.833038	285.50827	152.63632	400.0	400.0	523599	67.05161	6.4793234	81.15973	17.34437	-67.19083	1.0280616	6910.271031856537
477	214.26993	20.383095	234.65302	193.88683	233.34514	30.542927	275.28018	168.25679	400.0	400.0	524699	66.97813	6.4647427	80.93438	18.117367	-67.12067	1.1241088	6925.849088907242
478	238.63524	18.797401	264.82544	221.59444	245.67207	26.941153	307.197	205.35002	400.0	400.0	525799	67.00953	6.4594855	80.92799	23.743658	-67.15198	1.1351944	6942.017721414566
479	223.15784	25.746737	255.0329	191.97803	236.40894	19.840366	268.98367	201.99452	400.0	400.0	526899	66.953865	6.4167137	80.90667	22.679562	-67.08511	1.0709633	6957.285807847977
480	219.13573	26.421127	241.95314	182.10207	234.50244	21.413448	268.21918	197.80923	400.0	400.0	527999	66.9259	6.442149	81.21189	24.424349	-67.06238	1.0442618	6972.600345611572
481	243.06209	10.8146515	253.87674	232.24744	241.5418	31.04066	296.45374	188.03929	400.0	400.0	529099	66.89973	6.393862	80.66473	27.239847	-67.02616	0.9474316	6987.93367433548
482	217.72954	0.8498067	218.87134	216.83388	234.46423	20.504456	274.5811	190.06892	400.0	400.0	530199	66.81597	6.377199	80.627426	25.560856	-66.94294	1.0758194	7003.166246175766
483	229.57442	25.87066	249.33266	193.02798	230.31421	24.843195	269.4442	190.79109	400.0	400.0	531299	66.71624	6.396629	80.373184	27.284292	-66.844246	0.97449917	7018.485864162445
484	231.81746	20.886314	258.21338	207.13913	224.94846	28.545115	283.82025	172.4677	400.0	400.0	532399	66.66061	6.389276	80.11858	26.718388	-66.789986	0.985797	7034.028856754303
485	235.77325	35.63665	271.4099	200.13661	244.3669	21.883673	290.24307	211.96931	400.0	400.0	533499	66.562256	6.464348	80.16108	26.55935	-66.69197	0.9663619	7049.916585683823
486	264.0631	8.994589	274.6999	252.70335	233.77243	29.633287	282.46838	179.07019	400.0	400.0	534599	66.58565	6.4599147	80.24065	28.013393	-66.71992	0.97281474	7065.51513504982
487	229.37518	24.092989	262.96426	207.62703	230.78923	28.434309	268.57727	170.75993	400.0	400.0	535699	66.524704	6.479868	80.13975	26.880114	-66.64449	0.9066841	7080.658969163895
488	224.79047	25.59227	259.30573	198.1005	235.74124	27.409866	277.2778	178.0329	400.0	400.0	536799	66.43544	6.508846	80.04857	24.759542	-66.55619	0.95502883	7095.827214717865
489	232.03185	9.121414	241.15326	222.91043	229.74399	25.227907	284.7454	192.65697	400.0	400.0	537899	66.33247	6.5214434	80.15407	24.81211	-66.46196	0.88947433	7111.314905643463
490	221.07109	21.312616	248.27364	196.22893	239.57913	21.77176	271.19604	184.05006	400.0	400.0	538999	66.38659	6.5858665	80.99465	24.838228	-66.53274	0.95324117	7126.771083831787
491	213.04736	19.854053	234.21236	186.48653	230.4058	27.636223	266.268	174.91284	400.0	400.0	540099	66.45791	6.7185407	81.19253	23.839256	-66.60906	0.90436167	7142.393599510193
492	226.75818	8.412465	235.40273	215.3572	229.3835	17.997686	266.12732	204.50784	400.0	400.0	541199	66.49512	6.8338923	81.29522	24.237295	-66.63303	0.97658724	7158.144645929337
493	220.12086	6.9486694	227.06953	213.1722	235.74991	30.71618	286.34808	175.16498	400.0	400.0	542299	66.53136	6.87531	81.67905	22.961803	-66.672356	1.0933101	7174.530920505524
494	221.07854	17.292435	240.54062	198.52318	239.42834	12.620153	265.9319	213.69572	400.0	400.0	543399	66.50544	6.92033	81.43914	21.396763	-66.64227	1.0227093	7190.032671928406
495	237.35616	13.651055	253.67198	220.26111	231.19807	26.862745	266.0571	173.20792	400.0	400.0	544499	66.48198	7.004319	81.27534	19.890001	-66.62115	1.0499014	7205.709062337875
496	245.15303	7.082474	255.07996	239.03448	227.76689	29.691706	279.20267	174.87027	400.0	400.0	545599	66.53074	7.0699334	81.03668	20.294397	-66.6682	1.1215553	7221.137519836426
497	213.00783	36.04187	249.0497	176.96596	231.15446	31.951397	271.49475	153.8846	400.0	400.0	546699	66.56124	7.056914	80.85788	19.609497	-66.71305	1.090204	7236.781310796738
498	229.92155	27.019516	256.76675	192.94937	233.89758	22.46875	284.36578	190.61255	400.0	400.0	547799	66.586426	7.122443	80.978676	18.330078	-66.72734	1.2331986	7252.905931472778
499	223.36299	36.242313	258.34506	173.43048	227.70065	26.596054	270.55396	164.28468	400.0	400.0	548899	66.49795	7.138701	80.76741	17.672657	-66.62886	1.2240435	7268.762235879898
500	222.38481	28.215467	262.1643	199.78151	220.1312	29.692049	255.8094	152.28079	400.0	400.0	549999	66.422424	7.0863595	80.46262	18.115181	-66.54983	1.1755062	7284.224823474884
