Epoch	AverageEpRet	StdEpRet	MaxEpRet	MinEpRet	AverageTestEpRet	StdTestEpRet	MaxTestEpRet	MinTestEpRet	EpLen	TestEpLen	TotalEnvInteracts	AverageQVals	StdQVals	MaxQVals	MinQVals	LossPi	LossQ	Time
1	291.2528	12.770096	304.0229	278.4827	84.003006	96.35455	304.63297	13.498974	400.0	173.4	1099	0.55470604	0.3270055	5.7490726	-1.706995	-0.6970819	0.07193612	2.194413423538208
2	295.9204	10.157562	304.18274	281.61258	44.847065	39.872215	154.6688	-9.31786	400.0	166.75	2199	2.9491212	1.1909215	26.048088	-3.1198778	-3.0998855	0.020112067	7.339489221572876
3	295.05856	12.463388	304.45132	277.44568	153.61913	101.41568	277.0836	-35.658886	400.0	340.05	3299	6.820595	1.2366344	31.00725	-11.255396	-6.887887	0.0075282133	13.271166324615479
4	277.2681	20.25462	304.63074	256.24927	120.28019	101.49401	303.54874	-10.830769	400.0	264.25	4399	10.671693	1.2874094	28.124397	-5.7757235	-10.73346	0.017421344	19.587321281433105
5	279.4849	8.023193	287.5081	271.4617	61.75586	56.006023	180.97485	-20.31412	400.0	235.2	5499	14.22407	1.3833495	26.18238	-0.1321095	-14.277219	0.03013969	25.031046152114868
6	299.43948	2.670431	303.21445	297.4572	36.29183	25.796387	84.08359	-10.915888	400.0	123.65	6599	17.765963	1.4673386	25.263496	2.3214874	-17.853651	0.019571215	30.391751289367676
7	297.7528	4.8388715	304.12762	292.41055	264.92178	56.38724	303.77774	96.082085	400.0	400.0	7699	21.122915	1.387335	28.216393	7.547458	-21.194445	0.01721071	36.46744966506958
8	297.9924	6.140534	304.47757	289.7482	83.73708	77.18672	293.42334	-2.3706062	400.0	199.0	8799	24.326632	1.4245676	32.40565	2.7280197	-24.421608	0.026428537	41.29678964614868
9	304.23068	0.26013184	304.4908	303.97055	95.694534	88.38988	302.31003	-0.09210273	400.0	230.25	9899	27.404312	1.4049658	40.51269	10.929977	-27.4743	0.03187833	46.683696269989014
10	302.66367	2.4891372	304.55884	299.14703	138.32564	112.14732	304.0157	5.3566647	400.0	269.05	10999	30.199274	1.3693659	42.25883	12.199983	-30.256775	0.025408857	53.49422907829285
11	288.68887	10.224868	303.081	280.2794	199.66039	118.667076	304.18942	-131.21269	400.0	368.2	12099	32.857597	1.4199369	42.139122	10.76819	-32.91548	0.027713105	59.37904238700867
12	276.1727	26.77947	304.3357	240.16304	104.34526	110.275314	304.45618	0.013929687	400.0	236.2	13199	35.335434	1.467422	48.731804	6.8013	-35.39696	0.028542927	64.68697714805603
13	282.59717	14.534149	297.13132	268.06302	70.587204	65.166046	257.47766	15.032069	400.0	200.45	14299	37.744263	1.5306293	62.528107	6.527941	-37.832996	0.049826216	69.99899411201477
14	283.16702	19.126278	300.2548	256.46475	198.91826	113.37414	304.62613	-13.322128	400.0	313.6	15399	40.137352	1.5091077	53.13946	20.136086	-40.231827	0.043388378	76.0181176662445
15	229.16203	86.79448	302.2161	107.21107	165.89572	114.92255	303.4731	19.149519	400.0	283.05	16499	42.24781	1.619105	53.583317	16.431911	-42.32088	0.06057595	81.63615846633911
16	108.520195	107.76654	276.2598	-21.333323	155.94836	93.805145	303.155	18.881329	260.75	321.8	17599	44.042618	2.3953245	60.267136	14.45349	-44.106316	0.12617013	87.50563621520996
17	187.46141	94.080246	293.50116	64.84759	196.20729	89.6054	302.82382	27.127909	400.0	335.15	18699	45.57021	3.4584913	66.86108	4.644437	-45.636383	0.1621654	94.14474296569824
18	45.103455	40.24639	98.721886	1.7577382	179.19029	97.5277	302.58682	17.224121	286.33334	334.95	19799	46.711754	5.07333	59.74295	-3.2385554	-46.75565	0.19583455	100.17623162269592
19	280.46017	25.4074	298.50775	244.52881	263.61398	75.88901	300.63293	34.728115	400.0	368.05	20899	47.860306	6.3976603	64.63773	-10.719079	-47.91403	0.19562922	106.32559490203857
20	256.35443	39.9862	299.7552	203.25938	229.17998	90.09193	297.6988	20.183107	400.0	353.5	21999	49.235744	7.0138664	64.31964	-16.064108	-49.306614	0.25022715	112.75150227546692
21	299.53024	0.87713623	300.40738	298.6531	289.01056	13.220628	302.21158	256.27228	400.0	400.0	23099	50.690876	7.552079	70.82229	-21.453545	-50.793736	0.26998767	119.47954177856445
22	297.8747	4.306386	302.951	292.42264	290.06384	13.428036	303.40594	253.38306	400.0	400.0	24199	52.26133	7.916485	69.79737	-24.874928	-52.375805	0.31623176	126.29779553413391
23	290.6096	9.195556	301.4626	278.97852	291.93674	14.162403	304.21597	252.32207	400.0	400.0	25299	53.761402	8.189267	71.35455	-27.356422	-53.882683	0.33421236	132.64134311676025
24	276.97345	25.627771	301.05377	241.4753	272.61118	60.874638	301.34482	13.93694	400.0	384.8	26399	55.196075	8.235132	76.00186	-28.312872	-55.32155	0.36558154	140.45049333572388
25	257.30682	35.783737	293.09055	221.52307	287.1684	28.559431	304.28525	176.40092	400.0	400.0	27499	56.471104	8.407222	79.59351	-28.55444	-56.596714	0.48712945	147.43472456932068
26	298.5752	4.1961412	303.53738	293.2756	292.3907	13.459479	304.2649	250.05008	400.0	400.0	28599	57.79588	8.294314	75.1308	-26.738615	-57.927364	0.43205982	154.37660670280457
27	226.1896	125.66155	301.88052	8.58269	289.1615	15.873981	303.4724	251.64891	322.5	400.0	29699	59.06732	8.232304	85.050415	-26.17223	-59.20348	0.46404842	161.17540407180786
28	267.46628	50.33789	303.52438	196.27977	290.59982	13.593505	304.53998	248.45125	400.0	400.0	30799	60.373104	8.195394	80.969955	-25.467716	-60.50625	0.4580754	168.19452929496765
29	304.01843	0.6169586	304.63538	303.40146	281.53903	23.248533	304.42697	229.339	400.0	400.0	31899	61.668285	8.304225	79.035774	-24.909182	-61.822613	0.45749572	176.24989986419678
30	295.40042	11.834997	304.33066	278.67606	285.7647	28.695847	304.43085	175.86006	400.0	400.0	32999	62.804058	8.288876	80.12471	-23.735016	-62.922173	0.4543953	182.68763637542725
31	235.0583	39.14235	287.50867	193.50652	275.65454	37.069473	304.4259	139.80931	400.0	400.0	34099	63.64589	8.290902	81.76056	-22.42208	-63.763336	0.46329045	189.04265880584717
32	259.61038	21.877043	280.74786	229.47604	294.31024	11.2770815	304.59738	276.50732	400.0	400.0	35199	64.41006	8.32109	79.57072	-21.158224	-64.525734	0.487153	197.27914881706238
33	263.49487	35.670334	299.16522	227.82455	287.13913	18.96178	304.57227	229.87785	400.0	400.0	36299	65.244026	8.377132	100.21745	-21.350914	-65.371925	0.49615923	203.97768783569336
34	277.33426	33.58553	301.6409	229.84157	281.3332	25.763592	301.936	214.06598	400.0	400.0	37399	66.24696	8.286451	94.03804	-20.443342	-66.37595	0.47215727	210.72405695915222
35	291.32944	9.434897	303.94073	281.24988	278.35764	25.682926	304.3709	210.99232	400.0	400.0	38499	67.1453	8.251205	80.4121	-19.57651	-67.264145	0.50672174	217.32980298995972
36	301.23965	3.7279189	304.6026	296.04193	295.1347	11.535718	304.60287	266.28452	400.0	400.0	39599	67.95672	8.239098	84.131485	-18.78603	-68.069145	0.4907312	225.52609491348267
37	268.5062	25.645208	294.1514	242.86098	285.84225	22.781273	304.46786	209.5337	400.0	400.0	40699	68.67183	8.167386	91.19326	-17.33325	-68.784615	0.44236213	232.16890835762024
38	278.95093	14.416753	297.25674	262.0239	282.12286	22.581335	304.1216	215.59167	400.0	400.0	41799	69.33603	8.0851145	94.733406	-17.004642	-69.44582	0.53951585	238.4822292327881
39	295.9567	8.947778	302.48618	283.30484	291.6132	8.677224	304.45773	271.0078	400.0	400.0	42899	69.98257	7.9761257	86.779434	-15.885134	-70.09144	0.5019446	245.09453129768372
40	284.56674	26.43793	304.23444	247.19507	284.6844	25.265827	304.50098	219.57143	400.0	400.0	43999	70.62725	7.818554	92.980675	-16.274351	-70.73627	0.54939204	251.45794534683228
41	293.43744	9.6436615	303.0811	283.79376	275.92316	36.2893	303.8921	146.1058	400.0	400.0	45099	71.21743	7.6649847	91.24717	-14.491232	-71.32773	0.49332958	257.81264567375183
42	286.45706	8.125995	294.15137	275.21762	281.12183	23.006117	304.24432	230.28178	400.0	400.0	46199	71.73888	7.4025245	88.49202	-13.937498	-71.84635	0.5029387	264.11569905281067
43	294.08096	9.520957	304.6364	281.56378	292.49683	12.964775	304.31726	263.23297	400.0	400.0	47299	72.22004	7.1129146	91.68421	-12.06297	-72.32305	0.5201126	270.511513710022
44	279.23904	28.45387	304.0714	239.40117	288.92633	17.240332	304.58588	252.87096	400.0	400.0	48399	72.71799	6.9055095	89.96752	-12.19161	-72.831535	0.459154	277.28840160369873
45	297.09387	6.3532867	303.44714	290.74057	291.33893	12.278792	304.53674	258.008	400.0	400.0	49499	73.23339	6.7000313	95.36817	-11.615105	-73.350784	0.4541647	284.1191544532776
46	300.5087	4.259705	304.2002	294.5402	292.63287	16.348906	304.5932	243.45367	400.0	400.0	50599	73.71389	6.6271167	103.20872	-13.268325	-73.82685	0.4525075	290.9199481010437
47	299.7761	0.68654495	300.35547	298.81168	292.82153	9.696553	304.17166	269.7669	400.0	400.0	51699	74.12576	6.5575237	95.14944	-13.144248	-74.23176	0.43385872	296.9122898578644
48	294.27054	10.842106	302.42255	278.94797	296.83398	12.386194	304.18652	261.22427	400.0	400.0	52799	74.503136	6.3766193	94.87547	-12.949753	-74.6099	0.4242278	303.92175555229187
49	303.79904	0.400177	304.19922	303.39886	294.3592	8.969919	304.5779	275.62143	400.0	400.0	53899	74.88881	6.264697	98.903015	-12.935742	-74.99689	0.43400002	310.42480087280273
50	292.60336	3.261385	295.76514	288.11432	289.33694	17.862352	303.8061	246.62277	400.0	400.0	54999	75.210915	6.212463	122.32507	-12.336023	-75.30833	0.44533896	318.4268352985382
51	283.13815	12.853407	297.81818	266.5144	295.75262	7.2081413	303.6681	277.6006	400.0	400.0	56099	75.47399	6.068447	92.60088	-11.380168	-75.568695	0.3713946	324.7909824848175
52	273.03613	26.629732	295.2184	235.58832	296.58716	8.310649	304.62894	277.29123	400.0	400.0	57199	75.621605	6.1113915	100.00302	-11.452314	-75.71105	0.39561385	331.57747769355774
53	278.8424	24.103455	302.94586	254.73895	290.64777	9.1085615	304.35367	273.20566	400.0	400.0	58299	75.76494	6.127633	102.17453	-10.044842	-75.84762	0.41739762	339.870041847229
54	292.2703	8.124751	303.43268	284.3294	294.35577	12.124197	304.50342	250.67993	400.0	400.0	59399	75.8834	6.057026	95.257935	-9.273475	-75.95936	0.36709112	346.21981859207153
55	278.2225	5.9784117	285.80075	271.1869	273.1007	51.53529	304.6256	67.19411	400.0	400.0	60499	75.973946	5.968657	97.55237	-8.404169	-76.04702	0.43851513	352.5893337726593
56	260.1735	31.362408	304.34833	234.64516	281.96384	32.301506	304.19653	180.15268	400.0	400.0	61599	76.037674	5.9933147	97.97539	-8.1021385	-76.11295	0.44185102	358.5189914703369
57	287.0905	2.721695	289.8122	284.3688	249.30606	74.84207	304.4988	0.9911311	400.0	400.0	62699	76.13867	5.948542	93.01905	-7.9122515	-76.21541	0.40797064	364.89025712013245
58	266.16605	23.956469	297.82285	239.8852	255.99692	63.8752	304.56638	113.73498	400.0	400.0	63799	76.19748	6.021489	97.791725	-8.654606	-76.27127	0.4572417	371.3257067203522
59	277.6974	10.143079	289.28824	264.58334	288.852	26.952692	304.61246	181.57704	400.0	400.0	64899	76.288635	6.033387	96.68742	-8.662952	-76.35874	0.37446427	378.0600583553314
60	269.65103	41.433243	304.52563	211.43515	280.8015	28.070127	304.40204	216.0632	400.0	400.0	65999	76.350044	6.0981874	102.73382	-10.431164	-76.420296	0.4713916	384.8443672657013
61	290.18103	12.792969	302.974	277.38806	285.4937	18.701735	304.58942	219.61856	400.0	400.0	67099	76.430374	6.0472455	97.116936	-9.978809	-76.50134	0.4254747	393.20344376564026
62	290.68115	7.4004807	300.78806	283.27432	291.26962	14.431954	304.6233	245.58026	400.0	400.0	68199	76.48325	6.0942388	94.153656	-11.424524	-76.55098	0.41440183	399.68151807785034
63	289.89224	17.023691	303.1739	265.86154	281.403	26.462494	302.07974	183.26059	400.0	400.0	69299	76.57138	6.154474	101.27518	-11.528059	-76.64999	0.43476105	406.43900656700134
64	292.0706	7.7168856	300.7144	281.97903	276.97644	68.81218	304.57547	-20.56499	400.0	400.0	70399	76.74304	6.1998796	106.23643	-12.903455	-76.83753	0.43555093	414.736869096756
65	295.4894	3.6010437	299.09045	291.88837	288.99844	15.015744	304.63354	245.35098	400.0	400.0	71499	76.98632	6.15873	105.886925	-13.240056	-77.08658	0.40741315	422.97564697265625
66	267.32806	32.496147	299.97836	222.99455	287.3001	15.630025	304.23608	240.90555	400.0	400.0	72599	77.171814	6.1300945	94.12977	-13.341997	-77.265366	0.37056386	429.66863536834717
67	298.23422	4.346579	304.0888	293.68457	284.0611	15.79117	304.61517	255.52318	400.0	400.0	73699	77.3118	6.2545333	99.93753	-14.566295	-77.405464	0.41466108	436.4340090751648
68	279.19547	27.523224	304.6014	240.95438	286.4838	16.855835	304.57486	234.36545	400.0	400.0	74799	77.48611	6.261127	99.577736	-16.203247	-77.57848	0.3963266	443.2090587615967
69	294.5323	4.921768	299.45407	289.61053	286.95697	19.6027	304.61954	234.93085	400.0	400.0	75899	77.64481	6.2239585	99.924355	-15.354	-77.74075	0.38967162	450.181761264801
70	290.6346	10.9497175	300.6119	275.38998	288.2065	17.265995	303.99948	249.6363	400.0	400.0	76999	77.82706	6.2103934	109.90531	-14.629363	-77.91543	0.41791442	456.12687706947327
71	261.22116	22.42064	285.6259	231.48782	293.86075	9.785368	304.63223	274.62103	400.0	400.0	78099	77.899734	6.245716	98.78999	-14.623948	-77.96902	0.44786897	462.0634686946869
72	296.87	5.116632	303.5977	291.19888	292.6966	18.275341	304.62283	227.865	400.0	400.0	79199	77.89592	6.229982	96.292694	-16.151447	-77.95431	0.4273509	468.3490240573883
73	271.1586	22.975548	294.13416	248.18306	288.74542	19.555477	304.62366	231.75496	400.0	400.0	80299	77.879036	6.2062116	97.802765	-17.847359	-77.945984	0.46072066	476.46755027770996
74	281.06485	25.888668	303.4307	244.77892	261.0521	82.55137	304.59274	2.861111	400.0	368.75	81399	77.91051	6.1009083	105.23013	-17.471077	-77.98094	0.42352128	482.7387282848358
75	298.97717	4.142128	304.37582	294.3089	289.4665	15.386604	304.44556	245.49248	400.0	400.0	82499	77.93786	5.959927	95.56479	-16.86651	-78.0092	0.42672375	488.667692899704
76	289.68597	15.955086	303.68936	267.36188	282.7009	25.615412	304.1557	203.27351	400.0	400.0	83599	77.96684	5.867765	95.370865	-16.678225	-78.04013	0.39216053	495.52110385894775
77	303.2692	0.8343506	304.10355	302.43484	287.65082	23.767662	304.62222	221.28125	400.0	400.0	84699	78.02277	5.682985	95.24509	-14.291621	-78.09871	0.387741	502.33802318573
78	284.1008	20.44747	304.4223	256.1236	284.96967	16.214705	304.1104	248.83846	400.0	400.0	85799	78.07403	5.562405	95.806854	-14.606778	-78.15108	0.38015097	508.7705023288727
79	282.44852	8.186511	288.58487	270.87817	289.56305	22.594772	304.12192	209.2799	400.0	400.0	86899	78.07241	5.551277	92.56549	-15.153538	-78.14346	0.36471507	516.9898557662964
80	300.46484	2.8143427	304.4341	298.2264	238.36743	100.18226	304.51566	-1.1632079	400.0	354.05	87999	78.07242	5.489977	96.71363	-14.81606	-78.14335	0.3667891	523.3372299671173
81	249.10336	9.922699	259.02606	239.18066	273.64487	63.098972	304.44534	7.578896	400.0	384.1	89099	78.049774	5.414246	98.02567	-16.530558	-78.10908	0.41090107	531.4360978603363
82	289.59106	8.631393	296.66684	277.43915	289.7551	13.768733	304.31622	254.69876	400.0	400.0	90199	77.950905	5.4150057	100.32151	-18.64951	-78.004425	0.42002046	537.8273975849152
83	213.2205	122.0358	303.84293	4.961027	274.23685	60.193882	303.81445	17.241098	322.25	384.9	91299	77.83486	5.3983197	103.472244	-19.604073	-77.882034	0.36978593	544.8140344619751
84	253.56161	11.5796585	265.14127	241.98195	243.09058	92.22185	303.2342	19.55779	400.0	352.15	92399	77.674576	5.477839	96.71288	-20.531733	-77.70985	0.43584222	550.9905190467834
85	293.11234	8.586458	299.6328	280.9806	278.32095	33.441204	303.29742	175.2461	400.0	400.0	93499	77.4934	5.4867935	97.59533	-20.568056	-77.52916	0.41402245	557.4296109676361
86	289.9914	18.597944	303.19598	263.69	293.04074	11.262878	304.2162	254.68536	400.0	400.0	94599	77.369804	5.4452043	91.77602	-20.215229	-77.40956	0.43944213	563.8622465133667
87	294.7699	6.3249044	303.5882	289.06277	280.94193	21.167286	304.1796	225.08209	400.0	400.0	95699	77.270905	5.441275	103.00732	-19.844553	-77.31499	0.4484694	570.0753571987152
88	299.7627	0.566391	300.3291	299.19632	286.59113	14.394782	304.60776	253.88036	400.0	400.0	96799	77.19784	5.3465514	93.89685	-17.560715	-77.23609	0.4347264	576.9238188266754
89	297.15308	3.0218222	301.08884	293.74316	287.20853	16.025335	303.95468	253.00511	400.0	400.0	97899	77.08166	5.3167267	105.52825	-15.366116	-77.11551	0.47383058	583.357903957367
90	274.30624	16.300518	295.19586	255.4188	293.9216	12.72985	304.3982	249.02007	400.0	400.0	98999	76.969284	5.273959	101.2668	-13.053778	-77.00817	0.4690433	591.5546567440033
91	285.71188	10.328225	300.29926	277.774	292.35846	15.859663	303.84082	255.00803	400.0	400.0	100099	76.8791	5.279462	98.21142	-11.645195	-76.917656	0.4505958	598.2764918804169
92	297.6367	6.5920715	304.22876	291.04462	291.3715	10.700326	304.20255	265.21347	400.0	400.0	101199	76.808075	5.2756543	100.357124	-13.634983	-76.85197	0.44806853	606.3484587669373
93	300.51773	3.0149622	304.1933	296.8084	292.07852	12.792092	304.62027	260.75223	400.0	400.0	102299	76.784515	5.1890373	100.152985	-12.545081	-76.83685	0.4486557	613.2907981872559
94	287.13086	6.607779	294.89825	278.74774	293.63104	12.445127	304.34042	248.88654	400.0	400.0	103399	76.79298	5.1026306	126.62824	-12.802931	-76.84658	0.48229742	619.7596061229706
95	276.46167	13.758396	293.7126	260.04233	288.4525	21.849787	304.2722	223.39546	400.0	400.0	104499	76.775734	5.060881	94.092865	-12.627004	-76.82287	0.45287168	626.1530587673187
96	298.2776	4.0812836	302.35886	294.1963	288.1394	13.001026	304.35263	255.3643	400.0	400.0	105599	76.75128	4.974267	92.07329	-11.186308	-76.799416	0.40403044	632.6425485610962
97	297.64035	1.9053602	299.8369	295.19043	295.68875	9.002092	304.41196	271.05014	400.0	400.0	106699	76.71938	4.93919	96.76061	-10.55079	-76.76697	0.43545192	639.4173550605774
98	280.3077	15.518736	297.20233	259.7288	294.9404	12.187694	303.2527	261.521	400.0	400.0	107799	76.69323	4.9407783	92.84454	-9.79855	-76.74003	0.4480323	646.1111717224121
99	290.36816	11.186216	300.10452	274.70184	295.20953	11.934582	304.4916	254.67851	400.0	400.0	108899	76.69525	4.833892	92.5026	-9.410858	-76.74791	0.38624272	652.4840710163116
100	302.55283	1.6167603	304.1696	300.93607	265.5056	84.25872	304.38022	11.393301	400.0	369.0	109999	76.70979	4.8094983	96.28862	-8.546446	-76.76856	0.41831547	658.7670953273773
101	276.40186	16.257318	298.4427	259.7156	291.6461	9.918352	303.8481	273.7571	400.0	400.0	111099	76.77813	4.7169266	117.561	-6.1120176	-76.845955	0.42428765	665.6206214427948
102	223.51181	127.17186	301.27692	3.4228528	287.70175	21.351303	304.20468	228.74783	325.5	400.0	112199	76.878586	4.7180204	96.98811	-8.58695	-76.9552	0.41168237	672.0302278995514
103	296.49426	4.699951	301.1942	291.7943	290.91663	14.273712	304.57132	253.52802	400.0	400.0	113299	77.01939	4.7797794	95.01421	-11.690284	-77.098236	0.45020545	680.4825100898743
104	300.1967	4.3845563	303.60654	294.00665	290.36786	15.047752	303.9926	244.84586	400.0	400.0	114399	77.171104	4.7874155	109.03183	-11.744513	-77.24656	0.477603	687.5887291431427
105	292.15247	10.591316	301.9009	277.4299	292.5367	14.772759	304.48654	236.43718	400.0	400.0	115499	77.237564	4.8372555	91.170944	-13.254623	-77.29989	0.41101056	695.6246380805969
106	280.72946	17.98209	298.61517	256.13065	289.0542	17.156755	304.48996	251.06425	400.0	400.0	116599	77.27093	4.7685375	99.81264	-13.968504	-77.32417	0.46283683	702.3709921836853
107	292.1728	8.816483	300.98926	283.3563	295.00177	11.609924	304.25293	256.21017	400.0	400.0	117699	77.29044	4.79787	110.6743	-14.031419	-77.358665	0.44308245	709.0889179706573
108	294.67114	6.1210504	299.14697	286.01636	289.26575	17.041079	304.4744	246.83693	400.0	400.0	118799	77.41503	4.7363844	94.040405	-13.519289	-77.486084	0.45335424	715.8963935375214
109	295.51324	2.444552	297.61557	292.08533	293.92706	7.1273866	303.36295	280.69077	400.0	400.0	119899	77.5082	4.6742454	97.17879	-13.734545	-77.58004	0.42095923	722.7043123245239
110	301.3086	1.8591839	303.5726	299.01877	292.0614	15.276767	303.1844	233.2506	400.0	400.0	120999	77.61053	4.6567025	94.74303	-13.467601	-77.68374	0.43353185	730.8859038352966
111	290.44476	3.2745361	293.7193	287.17023	295.3225	8.21866	303.46396	274.05273	400.0	400.0	122099	77.75864	4.6231127	94.284164	-13.54539	-77.84407	0.42341152	738.0677659511566
112	295.3976	7.1417346	301.33527	285.35315	292.33075	13.231654	303.90756	259.7087	400.0	400.0	123199	77.93198	4.537365	99.699234	-12.829637	-78.015495	0.4812024	745.9229667186737
113	295.02295	5.803469	299.15347	286.81564	294.60297	11.38695	304.49637	267.1328	400.0	400.0	124299	78.06007	4.5064883	95.65284	-11.47234	-78.137665	0.43767327	752.2860372066498
114	301.68567	1.8526843	303.7225	299.23996	295.348	9.768866	303.90292	265.08548	400.0	400.0	125399	78.15932	4.5076017	98.83482	-10.991996	-78.235855	0.53124136	758.6397440433502
115	270.6521	6.4125366	277.06464	264.23956	287.53497	18.60534	304.35583	251.3116	400.0	400.0	126499	78.24038	4.4176083	92.96975	-9.105598	-78.310616	0.4096677	765.300778388977
116	289.39697	9.9334	303.43546	281.9316	293.09433	16.198103	304.52942	236.67387	400.0	400.0	127599	78.28747	4.4314156	95.626366	-8.205225	-78.35329	0.41670442	771.7619822025299
117	272.17496	21.28575	297.2226	245.19131	290.6828	17.076773	304.0872	240.6737	400.0	400.0	128699	78.28102	4.485549	99.35336	-7.9395537	-78.34244	0.41803804	778.5640814304352
118	187.92915	122.377846	301.2337	17.980509	287.8528	14.811548	303.36664	249.34488	307.66666	400.0	129799	78.24624	4.6473846	96.03946	-7.9178743	-78.30392	0.4837014	785.5542318820953
119	279.44998	19.275982	294.50934	252.24146	294.5168	13.408471	304.62494	256.92242	400.0	400.0	130899	78.230804	4.6407585	94.891716	-8.791191	-78.28112	0.43486676	792.2480626106262
120	295.5012	6.4143953	302.87378	287.23773	291.80444	14.508968	304.0351	241.98064	400.0	400.0	131999	78.14425	4.7748976	102.26133	-9.324661	-78.185936	0.47483104	800.5116541385651
121	303.5382	0.1302948	303.6685	303.4079	290.47406	15.402578	302.78992	249.7895	400.0	400.0	133099	78.04348	4.8261194	93.111824	-8.178102	-78.08159	0.465898	807.1764063835144
122	295.83276	6.39086	301.20053	286.85165	282.41534	21.052513	304.6348	236.19847	400.0	400.0	134199	77.94153	4.917579	100.99714	-7.8844867	-77.988625	0.5119418	813.5476667881012
123	222.0075	119.02535	302.61008	16.658226	279.24875	18.692812	304.63467	229.3751	323.25	400.0	135299	77.88378	4.9672494	89.74467	-8.446089	-77.9305	0.4181957	821.692019701004
124	296.19016	6.077884	303.9949	289.16922	286.3174	16.186937	304.6265	248.73264	400.0	400.0	136399	77.81962	4.975212	94.815865	-12.033337	-77.865555	0.46531522	829.6240882873535
125	293.1634	10.292603	303.456	282.8708	291.5519	17.997726	303.96872	244.4765	400.0	400.0	137499	77.74766	5.0233374	95.88751	-14.336601	-77.78453	0.46707663	836.0169267654419
126	302.8912	1.0581999	303.7701	301.40277	290.5876	19.361183	304.0326	221.87032	400.0	400.0	138599	77.64653	5.02915	99.47782	-18.266815	-77.68646	0.47437027	842.777152299881
127	291.31403	17.642673	303.9942	266.36465	295.11685	12.216636	304.40854	256.9469	400.0	400.0	139699	77.58772	5.0023828	102.463875	-17.28981	-77.636024	0.49166852	849.4890756607056
128	263.30478	12.330286	278.27704	248.07736	294.25574	12.630908	304.25827	259.6194	400.0	400.0	140799	77.52353	4.983521	98.53317	-39.70743	-77.568954	0.50141746	857.5784945487976
129	296.56326	0.14053345	296.7038	296.42273	296.75586	9.950632	304.29315	271.74707	400.0	400.0	141899	77.498436	4.918388	99.77075	-13.971062	-77.55075	0.4244973	865.6712257862091
130	295.4191	5.3629546	302.9624	290.96478	297.11908	8.260248	304.19095	277.57318	400.0	400.0	142999	77.500244	4.894564	95.79109	-17.34141	-77.55261	0.4297012	873.5849978923798
131	295.52206	10.518077	304.43695	280.75256	294.784	12.012173	304.4395	252.82312	400.0	400.0	144099	77.510506	4.8387933	98.26205	-23.350607	-77.563034	0.45266154	880.3567340373993
132	302.5687	0.68917525	303.3763	301.69238	294.2983	10.327195	304.09882	259.20062	400.0	400.0	145199	77.50023	4.7924967	99.13358	-12.123457	-77.551414	0.4347116	887.558974981308
133	285.29526	14.00238	299.29764	271.29288	291.69952	12.673555	304.04788	259.0643	400.0	400.0	146299	77.53728	4.7812223	97.437546	-11.191519	-77.59327	0.4748707	894.2359549999237
134	270.65182	20.985464	300.16098	253.15997	294.64267	9.540242	303.41956	268.20578	400.0	400.0	147399	77.523895	4.8197293	102.52611	-34.921066	-77.57144	0.46544543	900.9242870807648
135	299.8092	1.4000509	300.96042	297.8385	295.63873	6.1523404	303.64096	282.78348	400.0	400.0	148499	77.504425	4.785778	96.12635	-10.096471	-77.544174	0.45005715	909.1106543540955
136	294.69055	3.1808352	296.9918	290.19257	289.0462	13.8700075	303.42303	263.73016	400.0	400.0	149599	77.41299	4.7931757	109.894844	-10.429746	-77.442726	0.46106964	917.018744468689
137	297.07465	5.4497833	302.52444	291.62488	292.6906	16.332022	303.7393	239.38899	400.0	400.0	150699	77.348976	4.775884	92.74614	-9.4398575	-77.391396	0.3848086	923.7674291133881
138	292.1384	14.979388	302.78473	270.95444	292.26025	11.346131	302.45026	261.06238	400.0	400.0	151799	77.306046	4.7541995	100.147255	-8.774305	-77.34303	0.4065464	931.5586686134338
139	285.7736	6.777962	295.04874	279.04077	291.49323	13.275197	303.46744	261.74664	400.0	400.0	152899	77.22877	4.754718	95.551865	-49.383793	-77.25977	0.40565035	939.5721452236176
140	277.51804	19.520842	293.0183	249.98405	290.7492	12.612816	303.50314	258.55936	400.0	400.0	153999	77.155334	4.7105074	93.61449	-8.745625	-77.18371	0.42084298	946.1964476108551
141	297.90805	1.0989075	299.00696	296.80914	292.63242	10.038868	303.81216	263.6996	400.0	400.0	155099	77.081116	4.681138	108.943985	-9.611261	-77.11727	0.4365913	952.4938170909882
142	293.74026	12.358826	302.50333	276.26227	291.15402	15.038899	302.94858	255.11485	400.0	400.0	156199	77.06722	4.6111465	88.05404	-6.900811	-77.10886	0.3639592	958.7949166297913
143	275.58713	8.945988	285.55676	263.85687	292.5092	9.948772	304.51205	272.86923	400.0	400.0	157299	77.051125	4.5474324	92.46706	-4.025275	-77.09057	0.4115983	965.4434134960175
144	295.60977	3.730214	299.58826	290.62045	293.6584	6.668132	302.67194	278.65952	400.0	400.0	158399	77.04151	4.5184617	102.20288	-5.5759087	-77.08343	0.47272623	972.1185767650604
145	299.16705	3.1643524	302.33142	296.00272	294.42825	13.240913	304.35568	241.37865	400.0	400.0	159499	77.02792	4.507019	90.16243	-6.0885906	-77.06911	0.3991527	978.8801882266998
146	283.8646	18.853146	301.01917	257.611	289.11932	14.63135	304.4372	260.42142	400.0	400.0	160599	77.0121	4.4363537	94.20784	-6.7427835	-77.04949	0.42714813	985.629741191864
147	294.2269	9.939598	303.34103	280.40198	294.45685	9.763125	304.1616	270.72452	400.0	400.0	161699	76.97785	4.3687477	108.52093	-6.724678	-77.01347	0.43991932	992.3234972953796
148	289.25916	18.038324	304.27252	263.89133	289.43088	17.209951	304.01468	249.35042	400.0	400.0	162799	76.94398	4.319748	112.97087	-6.395293	-76.98227	0.45026454	999.0368020534515
149	293.37842	7.813797	301.19223	285.56464	291.97366	9.521022	304.55643	270.69223	400.0	400.0	163899	76.931435	4.2964816	88.29141	-4.580717	-76.97129	0.3963279	1005.744286775589
150	291.48837	7.7569385	302.28238	284.39658	296.2514	7.918518	303.40756	275.62073	400.0	400.0	164999	76.91357	4.2533073	90.810844	-3.8581052	-76.946724	0.43658882	1012.5318689346313
151	284.2988	20.098526	302.7633	256.3523	286.69028	20.449186	303.83786	239.95448	400.0	400.0	166099	76.86658	4.1966414	98.6828	-29.471088	-76.899925	0.4412971	1020.4161546230316
152	297.77365	3.822566	302.71225	293.40024	287.0844	13.315625	301.47147	257.72464	400.0	400.0	167199	76.8433	4.1494174	89.593216	-9.147094	-76.87839	0.37593094	1027.290978193283
153	293.09015	3.7253113	296.81546	289.36484	289.8404	17.053148	303.85452	245.06429	400.0	400.0	168299	76.82077	4.093929	94.96925	-0.36084628	-76.855225	0.41859022	1035.1659579277039
154	287.9818	1.3960414	289.949	286.85318	291.32974	13.727837	303.20587	254.51973	400.0	400.0	169399	76.798004	4.0278444	99.83246	-58.766457	-76.83169	0.4516263	1043.077260017395
155	298.48587	1.557958	299.94525	296.32666	285.7462	11.43737	297.69513	257.5386	400.0	400.0	170499	76.76653	3.9858992	91.03131	-1.0620987	-76.801796	0.4048564	1049.7651438713074
156	279.97836	17.904133	298.41586	255.73029	295.7633	5.034474	302.32727	278.04788	400.0	400.0	171599	76.75259	3.8579834	90.458305	2.8899138	-76.79096	0.3500163	1057.4286348819733
157	288.15646	13.701416	301.85788	274.45505	286.81952	15.987522	299.78613	244.85988	400.0	400.0	172699	76.73077	3.8668873	101.91962	-50.214085	-76.76999	0.46708384	1065.5006959438324
158	283.28824	9.043616	295.6558	274.28253	290.48798	6.8982415	298.55136	274.41556	400.0	400.0	173799	76.71624	3.753148	90.654625	4.376208	-76.754074	0.41306263	1072.3961100578308
159	269.26865	17.739023	294.28482	255.13217	286.85245	11.474599	299.13367	261.53162	400.0	400.0	174899	76.728455	3.65156	89.189384	6.7764	-76.765724	0.3447834	1079.1726677417755
160	296.304	5.8457274	301.62057	288.16306	285.5121	13.818302	297.05515	244.19746	400.0	400.0	175999	76.679886	3.6039963	89.258026	8.635443	-76.71579	0.35787264	1085.803184747696
161	300.79446	1.5101318	302.3046	299.28433	285.72958	9.621689	296.77435	265.9383	400.0	400.0	177099	76.646454	3.63719	89.89557	9.263725	-76.68115	0.34593424	1093.6303522586823
162	280.64688	9.395106	293.0435	270.3079	286.89404	14.272213	298.00754	241.77652	400.0	400.0	178199	76.63595	3.5496805	92.81159	3.4090927	-76.674644	0.32961136	1100.5059309005737
163	293.20328	0.6697511	293.92603	292.31174	287.9999	10.2744465	302.57748	261.4349	400.0	400.0	179299	76.6279	3.5338845	104.391335	8.732972	-76.66576	0.389909	1106.8582623004913
164	275.95755	16.169712	297.95926	259.5592	288.62067	8.415635	301.22968	270.9311	400.0	400.0	180399	76.60975	3.5470824	88.27897	9.058899	-76.647766	0.29672214	1113.6447372436523
165	294.47888	2.2497253	296.7286	292.22916	288.18234	11.927194	300.9062	252.92393	400.0	400.0	181499	76.60555	3.526558	93.408516	9.813936	-76.6429	0.33534226	1121.7782273292542
166	290.1377	9.516772	298.8779	276.90417	282.79404	17.508364	304.45685	236.18593	400.0	400.0	182599	76.585106	3.5464337	92.338425	9.340006	-76.61966	0.3607094	1129.5092465877533
167	293.14395	2.9752514	296.74915	289.4625	285.31476	11.782324	300.49615	252.32295	400.0	400.0	183699	76.549614	3.543673	90.89419	-13.772839	-76.584045	0.34191057	1137.1753702163696
168	292.63336	8.230422	304.25763	286.3046	291.97882	8.357185	302.86246	272.03342	400.0	400.0	184799	76.53127	3.5480695	107.456215	3.5484684	-76.56751	0.33895263	1144.0374851226807
169	291.4887	6.9571075	298.4458	284.5316	287.9882	15.590454	300.46927	242.92142	400.0	400.0	185899	76.52177	3.500033	96.881935	9.860403	-76.55977	0.35525924	1150.6694595813751
170	284.90616	6.6603866	294.19763	278.92157	292.68906	6.9293246	301.11172	268.4857	400.0	400.0	186999	76.51515	3.4736848	93.01233	8.479633	-76.55236	0.31804615	1156.9975283145905
171	293.78714	4.4590077	299.65326	288.8502	291.1121	6.7026935	300.30756	273.5289	400.0	400.0	188099	76.49564	3.4513173	95.61803	8.155327	-76.53074	0.33653867	1163.7512166500092
172	282.44522	12.737951	298.14194	266.94226	292.1205	8.79902	300.52338	264.67352	400.0	400.0	189199	76.46383	3.4694471	94.47911	8.661752	-76.4978	0.32121474	1171.719012260437
173	291.65167	2.8239594	294.47565	288.82773	283.9629	18.283495	301.40982	236.72624	400.0	400.0	190299	76.44941	3.4216838	97.02759	-6.8379927	-76.48375	0.34062907	1179.761724472046
174	289.07867	7.768566	299.13712	280.22235	292.0664	6.4075384	303.89365	272.31866	400.0	400.0	191399	76.41529	3.4723718	96.68508	10.429537	-76.4494	0.3219111	1186.453006029129
175	289.29117	4.3423686	295.35294	285.40842	291.2732	7.1488757	302.51254	269.04358	400.0	400.0	192499	76.39932	3.4224324	87.452965	9.1998825	-76.433876	0.31595507	1194.5289132595062
176	295.5505	0.61565286	296.39215	294.9366	292.51385	4.0442944	301.08173	284.00287	400.0	400.0	193599	76.388275	3.3634167	86.13067	6.597495	-76.41774	0.33305994	1200.8207476139069
177	284.36414	3.0676422	287.43176	281.29648	286.7743	12.140845	298.83365	258.42596	400.0	400.0	194699	76.32451	3.429609	86.91145	3.7692695	-76.35375	0.3356799	1207.6133363246918
178	290.64633	6.0587316	297.03146	282.50555	286.895	11.322244	301.76083	257.21826	400.0	400.0	195799	76.31067	3.3219523	89.833664	9.895071	-76.34219	0.31860802	1214.2868311405182
179	291.65836	1.4004921	293.62286	290.45782	289.9439	7.736528	301.6089	269.27963	400.0	400.0	196899	76.275314	3.3547578	96.53443	7.70613	-76.30469	0.3863331	1220.74147605896
180	296.38132	6.911678	301.37408	286.60748	284.8103	11.333168	298.5252	256.80823	400.0	400.0	197999	76.23946	3.2726543	89.20473	9.906359	-76.26734	0.34080857	1227.1122047901154
181	292.49017	1.8953247	294.3855	290.59485	287.39178	7.77571	299.2529	273.001	400.0	400.0	199099	76.20737	3.211668	89.03796	11.586988	-76.23813	0.3308971	1233.8444464206696
182	288.9924	5.5821986	296.76154	283.8947	283.33408	12.065726	295.43478	243.33105	400.0	400.0	200199	76.19072	3.1261466	92.3885	12.712025	-76.221275	0.29925802	1240.2394618988037
183	284.9114	12.447203	298.15897	268.2489	280.90335	11.872255	297.94922	246.49992	400.0	400.0	201299	76.13698	3.11794	88.42948	12.64694	-76.16596	0.2960666	1246.9175004959106
184	292.74548	5.0260353	297.11887	285.7063	283.23294	15.334791	303.3428	230.65552	400.0	400.0	202399	76.109566	3.06454	95.834274	10.933845	-76.13831	0.3182033	1253.3195207118988
185	292.10254	8.517868	300.6204	283.58466	284.03134	11.753302	300.44897	252.01399	400.0	400.0	203499	76.07953	3.0837743	104.30858	7.071921	-76.11286	0.3565124	1261.6064941883087
186	275.51718	8.793021	283.30576	263.2277	283.96948	18.10707	301.4699	226.90372	400.0	400.0	204599	76.075645	2.98602	92.570724	12.406673	-76.10656	0.2819624	1268.3010535240173
187	275.68393	32.278534	302.8859	230.33557	280.44772	20.400303	298.83093	208.1455	400.0	400.0	205699	76.0323	3.017218	94.998665	14.022096	-76.06097	0.34227023	1276.0890145301819
188	267.0531	7.050225	273.9397	257.36563	263.5568	60.75105	301.45892	8.78242	400.0	385.5	206799	76.00337	3.020473	87.577866	13.521518	-76.033775	0.32359836	1283.7573454380035
189	259.78323	21.71473	281.49796	238.0685	282.34595	9.445242	298.71295	260.55145	400.0	400.0	207899	75.97248	3.0386615	88.5483	12.42966	-76.004944	0.30069512	1291.483148097992
190	299.00244	3.7048032	303.91122	294.9618	280.7965	14.915802	298.80075	241.11029	400.0	400.0	208999	75.96361	3.0293267	107.30315	1.8157685	-75.9967	0.38626748	1297.7156789302826
191	279.8759	8.400643	289.84555	269.29547	283.83405	15.65194	303.95624	235.7211	400.0	400.0	210099	75.95497	2.97488	86.355705	8.390111	-75.9871	0.28482306	1304.3224422931671
192	297.10654	2.8013568	301.05545	294.85675	281.27228	16.634834	299.7283	224.18277	400.0	400.0	211199	75.93747	2.939951	92.35236	10.418002	-75.96991	0.25079235	1312.4193651676178
193	263.56967	22.879402	286.44907	240.69026	285.77222	12.877449	299.39954	255.59985	400.0	400.0	212299	75.92385	2.918728	92.84416	6.5797896	-75.95641	0.32277367	1318.7510759830475
194	280.85275	12.981003	295.45108	263.91376	287.72968	12.528971	303.11554	260.51	400.0	400.0	213399	75.92037	2.8770988	85.75144	10.831433	-75.953964	0.2968859	1325.4194684028625
195	287.15894	7.873297	294.95145	276.37494	287.0939	17.039494	304.4745	244.96028	400.0	400.0	214499	75.90934	2.919056	89.21974	7.3190413	-75.945496	0.28119904	1331.7952103614807
196	293.2079	1.5125403	295.31595	291.8397	283.8775	14.530721	300.24106	250.72252	400.0	400.0	215599	75.91919	2.941338	94.409424	6.4345083	-75.95537	0.31216997	1339.620141029358
197	293.8299	4.3260193	298.1559	289.50388	285.2323	16.414783	304.42792	254.92139	400.0	400.0	216699	75.92765	2.925543	101.37799	5.193528	-75.96468	0.32227916	1346.2224028110504
198	288.67737	12.74563	303.24622	272.2012	284.46976	16.289331	304.06104	243.07426	400.0	400.0	217799	75.95077	2.928352	92.002594	5.56505	-75.98815	0.33863568	1352.6531383991241
199	293.70496	14.779569	304.44272	272.80612	290.4202	14.298718	304.57172	248.35083	400.0	400.0	218899	75.959404	2.9531353	98.81561	6.5623045	-75.99764	0.31327617	1359.418241262436
200	280.25024	13.852543	294.89163	261.65738	290.60922	13.304661	304.58887	254.35634	400.0	400.0	219999	75.97851	2.9303117	89.62065	9.332369	-76.01704	0.27092242	1366.232667207718
201	290.4752	11.221619	301.6968	279.25357	285.0577	19.309484	304.50323	232.66252	400.0	400.0	221099	75.99661	2.8858118	90.11579	-0.8544264	-76.03315	0.29385957	1372.750149011612
202	283.06235	12.358965	299.38904	269.49573	288.07443	11.008899	302.34674	263.3353	400.0	400.0	222199	75.99692	2.9262013	98.83306	7.8245754	-76.032776	0.3228666	1379.1666197776794
203	297.9456	3.9159129	302.16882	292.7316	291.63327	10.8061	304.3826	267.91074	400.0	400.0	223299	76.01319	2.8486547	94.082115	7.048873	-76.05215	0.32369152	1386.902596950531
204	296.12302	3.3899515	300.6761	292.54654	289.71002	13.374588	303.17276	245.584	400.0	400.0	224399	76.03227	2.8519742	91.87859	7.7098436	-76.07107	0.30511302	1393.5717372894287
205	286.00378	13.463272	299.46707	272.54053	291.23996	11.491547	304.13266	261.3644	400.0	400.0	225499	76.05516	2.8301463	98.91706	4.085657	-76.090515	0.2982897	1400.3344776630402
206	298.00143	5.2035227	302.2046	290.6687	294.5515	10.528367	304.35938	262.57077	400.0	400.0	226599	76.05388	2.854044	101.52996	-0.14779925	-76.09123	0.31039134	1408.5548441410065
207	297.73505	4.98329	303.96893	291.7714	293.7672	9.526605	304.52527	271.5829	400.0	400.0	227699	76.079094	2.8509023	89.904564	3.431791	-76.11848	0.30319795	1415.1919276714325
208	296.25134	5.22518	302.27756	289.53455	285.39795	21.080378	302.31284	229.24547	400.0	400.0	228799	76.10339	2.8294847	91.82698	3.849139	-76.14277	0.29499105	1421.8207545280457
209	290.22662	1.7676086	291.99423	288.459	290.52618	8.836155	303.18408	266.73022	400.0	400.0	229899	76.15134	2.8461049	92.655365	5.2657256	-76.19777	0.28650445	1428.5983765125275
210	290.523	10.145886	299.8487	276.41653	286.72003	12.701902	302.79224	254.18791	400.0	400.0	230999	76.195274	2.8563054	99.67374	1.7683537	-76.23497	0.3072978	1436.6553165912628
211	283.2647	18.940622	300.3884	256.86456	289.88922	11.858982	304.21075	255.00343	400.0	400.0	232099	76.19583	2.8804858	92.55461	5.185521	-76.22953	0.2718501	1443.3215601444244
212	290.02756	11.808383	302.78262	274.31525	288.8051	16.042107	304.6216	253.41753	400.0	400.0	233199	76.17964	2.8576453	87.2082	2.1911106	-76.2121	0.3146117	1450.0449132919312
213	286.6596	17.421371	304.08096	269.23822	291.4906	15.630293	304.3611	237.68175	400.0	400.0	234299	76.16055	2.8809056	86.58679	2.3014064	-76.19269	0.27037475	1456.7927451133728
214	280.39108	33.539265	304.62375	232.96318	295.49475	8.424569	304.631	276.45547	400.0	400.0	235399	76.146935	2.8892894	101.353195	2.8395836	-76.17889	0.313654	1463.182659626007
215	291.1437	9.386754	303.61105	280.96155	292.79132	12.473107	304.18906	258.44873	400.0	400.0	236499	76.123024	2.8827012	87.18085	5.8368273	-76.15436	0.30636024	1469.9373440742493
216	291.69455	7.8066826	302.38583	283.96378	291.96146	13.453698	304.38724	255.65395	400.0	400.0	237599	76.10521	2.851133	100.376175	0.99305415	-76.138084	0.31604314	1476.787448644638
217	269.9817	17.929062	287.91077	252.05264	289.68942	15.608074	303.83237	236.53513	400.0	400.0	238699	76.10895	2.8050435	101.199905	0.81889415	-76.14513	0.29728484	1483.109129667282
218	294.99365	1.1682731	296.6108	293.89197	295.86786	9.356588	304.33524	278.695	400.0	400.0	239799	76.10773	2.831281	91.04388	3.9831543	-76.1446	0.2920959	1489.6587822437286
219	285.07947	12.862341	301.5331	270.13565	294.12234	14.1156645	304.44687	254.10179	400.0	400.0	240899	76.11793	2.8004174	94.69213	6.833248	-76.15144	0.32113636	1496.3751134872437
220	294.09543	5.7256184	298.82132	286.0383	282.79764	16.570198	304.08002	225.32979	400.0	400.0	241999	76.10052	2.8131433	89.3119	2.9924133	-76.13296	0.27308935	1502.9717364311218
221	295.2231	1.6728821	296.896	293.55023	287.96542	11.616697	304.0718	258.5725	400.0	400.0	243099	76.076775	2.8212216	92.02548	0.7564206	-76.10739	0.30112103	1510.8461468219757
222	270.87833	32.38712	303.5408	226.73953	278.47482	25.256746	304.5397	202.43596	400.0	400.0	244199	76.05189	2.8024423	87.116425	3.682	-76.07902	0.3132555	1518.0143406391144
223	282.7304	4.366894	287.9062	277.2248	287.83887	15.466337	304.46494	254.08443	400.0	400.0	245299	76.02543	2.7954433	87.74441	0.22124195	-76.05444	0.2796497	1524.8256964683533
224	291.99585	5.814088	299.84073	285.9406	288.52087	15.305627	304.4424	245.22577	400.0	400.0	246399	76.00513	2.794008	87.957184	-0.5398073	-76.036224	0.30133435	1531.4505307674408
225	292.92883	11.146362	304.0752	281.78247	285.27103	24.831831	304.60162	202.43124	400.0	400.0	247499	76.01914	2.792493	89.36221	-0.89833355	-76.063126	0.3055239	1537.8472018241882
226	297.1713	6.972147	303.83557	287.54578	292.37543	11.684476	304.12442	255.16248	400.0	400.0	248599	76.07462	2.7711375	90.92726	2.3418634	-76.1116	0.25758207	1544.5253021717072
227	279.85583	16.362768	300.22754	260.16443	284.91852	14.900282	304.62222	257.90707	400.0	400.0	249699	76.06643	2.6846192	91.61513	-0.06911373	-76.09677	0.26521724	1550.543889284134
228	165.78735	115.44724	304.3575	21.730427	282.40616	55.99158	304.56412	43.18497	296.0	384.2	250799	76.041084	2.7525504	91.727264	1.5799305	-76.07466	0.32900876	1556.8580684661865
229	300.51248	1.6040387	302.7404	299.02878	268.0991	81.65243	304.58652	23.015982	400.0	369.35	251899	76.03182	2.779031	88.633514	3.4651065	-76.066605	0.2632374	1563.068325996399
230	283.14798	18.30652	297.41913	257.3056	277.99454	59.170498	304.53235	24.716108	400.0	384.4	252999	76.03292	2.7198732	90.82313	1.276994	-76.06551	0.2852301	1569.4117488861084
231	285.60046	16.845648	302.99332	262.80508	252.79028	83.01729	304.38437	16.079283	400.0	368.3	254099	76.00551	2.715998	91.39281	-2.4330757	-76.03412	0.29166752	1577.4382996559143
232	291.1718	13.400604	304.57242	277.7712	273.5936	33.58217	304.0452	189.1237	400.0	400.0	255199	75.97497	2.690289	96.36631	1.3124268	-76.00303	0.26808727	1584.6641385555267
233	222.66943	119.57942	302.51053	16.644365	270.81894	64.17456	304.6098	8.662867	321.25	385.25	256299	75.93743	2.736009	87.65454	5.1839857	-75.96418	0.29373053	1592.8366813659668
234	300.3264	1.7482747	301.9781	297.90723	289.81265	12.999061	304.62863	264.28162	400.0	400.0	257399	75.88963	2.73969	91.27609	3.0777388	-75.91448	0.26456833	1599.1943113803864
235	280.0655	20.443954	300.50946	259.62155	290.26978	23.066895	304.55585	199.30803	400.0	400.0	258499	75.85732	2.698308	90.91613	3.663359	-75.88373	0.28677502	1605.606350183487
236	285.49133	18.95454	300.6934	258.77002	285.78412	21.173141	304.59637	223.93423	400.0	400.0	259599	75.83018	2.7198286	91.742966	2.2435753	-75.85893	0.28110805	1612.292176246643
237	301.6316	0.75637	302.3795	300.59534	289.34473	16.56915	304.61157	241.4346	400.0	400.0	260699	75.797905	2.763429	87.96878	3.2560012	-75.823944	0.28194097	1619.4556176662445
238	276.07425	21.35283	304.61447	253.2597	293.36484	12.847443	304.07446	252.37784	400.0	400.0	261799	75.77271	2.74036	87.35045	1.1670444	-75.8022	0.29128596	1626.128360748291
239	291.8095	7.578659	299.38818	284.23087	291.88452	19.351885	304.63147	219.6108	400.0	400.0	262899	75.77023	2.7659929	87.680115	0.84226036	-75.79933	0.2868027	1632.876920223236
240	294.30814	6.8803477	302.1803	285.41922	292.88873	11.128617	304.57986	271.14304	400.0	400.0	263999	75.762665	2.816014	97.56697	0.6576905	-75.79477	0.32093915	1639.3651766777039
241	272.1815	42.746956	303.726	211.74759	292.07358	9.053648	303.58264	272.77908	400.0	400.0	265099	75.76176	2.8483238	89.85014	2.6124969	-75.79223	0.30336782	1646.3423595428467
242	301.77966	2.6083672	304.53238	298.27673	289.294	15.185479	304.60098	251.9863	400.0	400.0	266199	75.750465	2.850423	87.33172	1.0881062	-75.78107	0.2892198	1653.233281135559
243	287.9022	10.491547	298.39374	277.41064	288.9948	23.31656	304.6326	211.72163	400.0	400.0	267299	75.74323	2.8045084	93.39037	5.138027	-75.771675	0.30124405	1659.9350497722626
244	296.98917	7.582786	304.54758	286.62204	288.53577	21.001734	304.6274	216.12775	400.0	400.0	268399	75.73915	2.7938542	90.43806	2.6619897	-75.76814	0.26231822	1666.826711654663
245	292.27905	15.956908	304.6327	269.74756	294.01358	11.770057	303.93082	261.0739	400.0	400.0	269499	75.72312	2.8281226	89.45371	2.4130347	-75.75051	0.3170061	1673.922795534134
246	296.80902	7.2403593	302.7323	286.6141	292.15338	11.928717	304.4304	260.07404	400.0	400.0	270599	75.70897	2.8417263	96.07568	1.4247079	-75.73885	0.26376703	1680.691377878189
247	284.93427	11.192642	296.1269	273.7416	282.73398	21.055944	304.57736	239.10548	400.0	400.0	271699	75.70721	2.8552606	91.00416	3.228093	-75.73926	0.3092068	1687.1517584323883
248	302.0533	2.6221025	304.12302	298.3538	288.61105	16.327845	304.55243	234.31842	400.0	400.0	272799	75.71052	2.8557231	95.47571	1.903763	-75.73938	0.27473393	1694.0047543048859
249	301.41455	2.2777038	303.5897	298.26944	288.9027	17.714848	304.6034	233.48544	400.0	400.0	273899	75.71979	2.820584	88.51202	1.4655449	-75.75224	0.27788934	1701.034478187561
250	299.58575	2.0556014	302.4219	297.61502	289.28683	21.033365	304.5647	231.77397	400.0	400.0	274999	75.7244	2.8191397	88.443	3.1561568	-75.755325	0.28895628	1707.5392181873322
