Epoch	AverageEpRet	StdEpRet	MaxEpRet	MinEpRet	AverageTestEpRet	StdTestEpRet	MaxTestEpRet	MinTestEpRet	EpLen	TestEpLen	TotalEnvInteracts	AverageQVals	StdQVals	MaxQVals	MinQVals	LossPi	LossQ	Time
1	39.36348	22.710903	76.36971	15.124182	15.302649	14.957001	39.835087	-16.45059	267.25	77.7	1099	0.4580844	0.2539187	9.2295065	-3.2730968	-0.49224353	0.03216382	1.442267894744873
2	65.65936	64.070946	119.13748	-24.425552	52.267395	24.83479	117.22745	3.669051	276.66666	131.45	2199	1.1067278	1.1183813	9.201359	-9.29417	-1.2565383	0.0149328755	9.457215547561646
3	61.331966	58.368958	120.451065	-18.180264	60.89334	27.384981	137.51018	17.760986	350.0	143.7	3299	2.914288	2.447613	15.579641	-4.13531	-3.1455672	0.017754752	18.709211349487305
4	89.376434	29.508038	118.88447	59.868393	58.966816	35.274082	160.86397	-0.32806453	400.0	140.75	4399	5.0709147	3.9224582	25.460787	-5.2524033	-5.3205442	0.034113538	26.799143075942993
5	95.26902	21.976234	113.64915	57.967937	84.508514	36.54856	185.03278	21.983782	296.75	175.55	5499	7.176287	5.3707643	23.880083	-5.2362514	-7.4344683	0.036190554	36.155842542648315
6	28.898447	43.854458	77.51349	-27.89626	111.218124	65.070946	327.19092	40.661156	261.5	235.95	6599	8.824751	6.653045	48.30761	-3.3454387	-9.075868	0.087379634	44.64774036407471
7	57.920776	47.995937	141.53049	-2.8882878	107.232605	56.848366	228.01628	15.03022	261.6	228.25	7699	10.407812	7.9294567	39.12664	-2.9076567	-10.663995	0.085537605	53.469879150390625
8	20.405502	47.354168	76.556755	-31.765976	101.32906	29.425598	144.18602	48.276794	263.5	200.4	8799	11.74052	9.145206	50.490223	-6.256865	-11.999211	0.13796347	62.04030728340149
9	101.819824	74.53244	204.22049	28.98145	76.8859	39.30265	148.6879	24.121296	331.66666	188.35	9899	13.113608	10.246332	40.671124	-3.2518792	-13.380954	0.13693054	70.72932291030884
10	86.677536	24.396547	126.28445	56.8303	80.98176	40.675095	147.085	14.346915	245.2	183.7	10999	15.018974	11.292722	40.7675	-3.0285296	-15.285824	0.15889232	79.71971726417542
11	146.11671	41.50148	187.75262	89.47422	90.73143	37.914417	152.0436	14.950757	339.0	182.3	12099	17.043066	12.387548	48.986454	-2.6069825	-17.30871	0.16861373	88.65155935287476
12	76.98966	39.91742	123.866905	18.403362	123.047646	61.746643	273.9017	8.939323	277.0	223.35	13199	18.637548	13.345636	46.762867	-2.2817502	-18.907846	0.1640586	98.94212603569031
13	74.49189	51.3143	146.99963	35.648396	149.39351	60.281464	254.54535	20.789635	301.66666	259.65	14299	19.780037	14.2383	56.232872	-1.9637234	-20.049608	0.19925213	107.25831317901611
14	100.90318	69.043755	161.35211	2.5318391	219.42451	63.31519	330.21454	59.165737	286.8	351.95	15399	21.250849	15.235923	56.336636	-2.798071	-21.520166	0.1836051	116.73767352104187
15	207.74158	81.42752	291.655	97.48725	172.866	63.559887	312.13428	42.12043	339.33334	326.05	16499	22.392288	16.063004	59.172264	-2.2745023	-22.648424	0.23226774	128.0860857963562
16	218.11237	53.261204	280.86716	150.65851	160.73131	81.95242	329.36105	32.39035	347.0	306.0	17599	23.860178	16.925991	60.986565	-2.3319476	-24.109453	0.21965757	138.0227746963501
17	118.54383	62.195427	169.26122	30.949965	155.3555	40.65778	236.76163	83.29653	288.0	278.35	18699	24.81395	17.679693	63.67622	-2.387187	-25.054573	0.23851895	147.83345794677734
18	157.38214	64.091805	208.40547	41.043972	140.37465	60.212852	233.9281	29.942682	285.0	291.8	19799	25.884163	18.389044	65.74445	-2.2053742	-26.116268	0.23243475	158.43154978752136
19	70.432465	50.296616	136.01198	15.281423	134.18262	65.66746	298.23227	43.680885	256.0	262.5	20899	26.355947	19.04086	70.7711	-4.1636825	-26.575666	0.34718603	168.636066198349
20	117.74191	31.241358	152.47632	75.32045	106.017685	58.8774	192.21161	12.181918	302.5	244.95	21999	26.519794	19.713865	75.00056	-1.6995718	-26.728807	0.42850053	178.79327201843262
21	84.04752	58.94005	163.58482	7.3032184	106.64949	41.379406	184.29591	19.02718	222.75	225.3	23099	26.95437	20.339384	77.75197	-2.6001387	-27.150938	0.52905583	187.382905960083
22	124.34377	50.101627	196.69669	58.29833	119.369705	46.77709	171.27373	36.84002	238.2	245.55	24199	27.334513	20.866863	71.40135	-2.0563393	-27.52307	0.44554803	197.83085560798645
23	142.78215	46.8235	201.8839	73.581856	110.0072	44.996677	174.95236	37.883244	289.25	247.0	25299	27.899351	21.337284	73.60111	-2.057721	-28.081717	0.46419123	208.22945189476013
24	108.643074	43.342735	158.84573	53.08425	112.60016	46.056065	191.86258	18.428038	315.0	231.2	26399	28.264593	21.737465	77.01921	-3.5716746	-28.442556	0.54939806	216.97573518753052
25	128.76546	47.765785	203.46786	70.957565	167.91245	66.385025	336.35608	75.99491	282.0	304.55	27499	28.493591	22.15703	75.310394	-2.8730836	-28.665653	0.46220517	226.0745449066162
26	143.55655	37.707916	191.2849	85.79894	144.92131	61.28536	296.3529	38.096004	320.75	271.95	28599	28.597904	22.43143	83.11192	-3.229727	-28.764784	0.541	235.38691353797913
27	120.209404	37.710304	164.11702	72.04126	139.74411	95.283554	324.019	19.976343	298.0	295.35	29699	28.960285	22.706957	89.3836	-3.437726	-29.122116	0.51612294	248.35780787467957
28	204.72171	64.58654	315.99023	157.09525	174.02318	67.49491	299.39453	71.601265	306.75	330.05	30799	29.42615	23.125727	108.6121	-3.990735	-29.58569	0.5305469	261.8245255947113
29	175.43427	73.15653	292.46368	99.11036	158.95126	76.22905	332.46365	51.04089	296.5	295.75	31899	30.120558	23.495808	82.63552	-3.8056006	-30.276812	0.5595108	272.92899918556213
30	109.256004	65.92962	168.42332	17.266476	137.1138	53.48761	263.3229	70.02793	320.66666	285.5	32999	30.51248	23.772253	80.52953	-4.282721	-30.66752	0.59013706	285.6090133190155
31	235.5728	121.198456	325.03757	64.22826	138.71913	57.620785	256.77338	18.320496	358.0	294.85	34099	31.058567	24.19499	83.62427	-4.330141	-31.209257	0.63764215	296.74962735176086
32	83.454605	44.112442	146.49162	25.167665	121.35042	63.871063	287.3236	36.474697	276.5	293.9	35199	31.110102	24.422329	85.650505	-9.882623	-31.262426	0.69621724	308.5610566139221
33	119.13601	74.502975	222.77068	50.858685	165.27225	80.087036	307.24936	29.136	365.66666	317.35	36299	31.059673	24.582512	84.68703	-4.33083	-31.209816	0.7738713	318.5594868659973
34	176.53545	82.40014	291.34814	101.86042	148.84155	67.73595	274.98514	41.301037	355.66666	319.85	37399	31.290468	24.77221	94.505295	-4.413491	-31.437046	0.7049491	329.53922724723816
35	139.47585	83.523186	275.8091	65.904175	150.51724	61.19245	290.39264	53.828556	307.75	305.2	38499	31.604706	24.973658	86.4685	-4.570248	-31.748693	0.70778275	341.74836325645447
36	175.52751	53.369453	222.24527	100.831154	162.57722	66.53767	311.9627	53.547844	367.33334	289.65	39599	31.869411	25.224096	88.92399	-4.854691	-32.01046	0.7349403	353.44148111343384
37	206.95703	49.938007	264.72156	142.88739	165.86322	53.896004	267.14517	51.659027	336.33334	313.1	40699	32.051765	25.333324	93.918724	-7.2407436	-32.18934	0.8043899	363.8565993309021
38	234.65044	65.66676	312.2238	151.64874	133.83249	67.66739	272.48752	28.559736	400.0	282.5	41799	32.55503	25.45638	85.711	-4.9657207	-32.698322	0.745366	375.1212155818939
39	132.81203	53.152546	201.7393	72.37605	160.77463	77.85032	332.7555	30.359657	309.66666	291.85	42899	33.00105	25.666487	86.47016	-5.1294007	-33.13813	0.7926678	386.08352875709534
40	122.98343	76.03093	218.54128	33.36553	157.8981	77.62679	323.80615	30.115767	295.0	334.45	43999	33.05154	25.83993	87.450294	-5.0419216	-33.187733	0.67710024	396.21313762664795
41	116.905014	22.273607	143.67122	86.2318	169.44368	90.67905	332.6985	35.288906	279.25	292.9	45099	33.035324	25.955246	87.80796	-4.819896	-33.173927	0.71017414	406.1368556022644
42	142.55304	38.281406	195.15382	96.61269	190.9488	88.40712	328.25003	43.098537	276.0	330.55	46199	33.205093	26.080168	87.072655	-4.865823	-33.341454	0.69265497	417.28452467918396
43	143.55788	67.47437	236.55159	78.53228	158.48303	94.8848	338.92688	47.986336	293.66666	305.0	47299	33.232426	26.190865	93.87545	-4.61725	-33.364086	0.7486378	428.4236717224121
44	284.90494	20.95912	312.86533	262.4048	192.2646	75.719666	336.24692	76.30343	400.0	326.85	48399	33.874763	26.401072	94.78212	-4.6390495	-34.01107	0.6531126	439.7195017337799
45	230.9616	48.19407	290.9576	172.95714	181.35068	92.52549	321.21045	21.729113	350.33334	321.65	49499	34.580357	26.560404	93.334076	-6.104395	-34.72394	0.6725818	450.9954664707184
46	248.83235	43.121925	288.72437	188.93987	164.90683	67.20742	327.201	66.09099	366.0	310.55	50599	35.098812	26.831085	90.98862	-3.9789996	-35.247684	0.72966087	460.3578863143921
47	168.5652	57.504284	247.49352	88.30719	183.24251	88.41495	340.21768	52.225964	324.25	313.85	51699	35.33008	26.968906	88.96201	-4.0217133	-35.480286	0.6812993	471.430748462677
48	101.72168	61.238197	169.67874	20.97899	130.84102	100.39229	332.2547	13.853773	307.5	290.75	52799	35.508247	27.071766	88.454926	-3.8163974	-35.661266	0.78914773	480.9663426876068
49	161.72751	78.05594	272.0645	103.66039	155.07089	91.50232	330.8389	24.195543	303.66666	297.45	53899	35.586708	27.168707	94.31524	-6.6508055	-35.739506	0.67576826	490.7300832271576
50	230.99806	65.53475	323.66092	183.11696	230.66145	92.08656	341.74927	46.60039	336.0	337.95	54999	36.12094	27.422714	95.610504	-3.6981997	-36.274097	0.754898	500.78164505958557
51	156.1554	115.07059	307.6539	34.077217	191.27579	102.11098	335.15573	16.580881	296.25	300.25	56099	36.507767	27.658722	97.90714	-4.5716486	-36.66224	0.7476689	510.20756006240845
52	192.932	99.58301	299.9962	60.16539	155.86136	90.009224	326.3431	25.565533	327.66666	290.65	57199	37.131355	27.950754	91.8038	-3.8209198	-37.288895	0.78483975	520.5373032093048
53	170.14568	114.333786	286.11566	24.205133	183.60204	114.87977	343.77402	19.324272	300.75	333.25	58299	37.518578	28.154722	97.57822	-3.7525234	-37.67218	0.8003504	530.9004201889038
54	232.69348	21.497936	253.37904	203.05504	205.85373	83.903175	331.64288	51.316288	371.33334	342.9	59399	38.011406	28.336168	94.686104	-3.7435942	-38.1723	0.7696224	542.9058668613434
55	115.49071	111.65822	301.08447	14.3634	146.22443	83.46435	333.44836	27.512026	302.0	268.1	60499	38.28253	28.46549	93.656136	-9.8515415	-38.44883	0.8447021	552.931569814682
56	212.82683	87.72009	286.5913	89.56563	182.16614	99.84737	341.5809	33.7736	356.33334	295.45	61599	38.62446	28.709103	95.15643	-4.3175507	-38.79009	0.8929093	562.8054533004761
57	155.81197	116.96391	312.6248	31.818933	158.91864	105.98302	337.4126	13.513788	354.66666	282.0	62699	39.044052	28.940649	93.68091	-4.5908303	-39.21559	0.75455135	574.0816571712494
58	143.34651	64.36751	229.45137	74.716194	204.44113	81.57189	320.31412	45.4028	322.66666	338.05	63799	39.189026	29.046614	113.95584	-5.214472	-39.367325	0.8124331	585.4565479755402
59	264.67557	33.15103	303.05704	222.16888	198.58232	101.1051	333.2869	25.778133	400.0	324.7	64899	39.68882	29.168537	96.29078	-31.329937	-39.87759	0.86690617	596.0142006874084
60	142.92723	70.361374	264.77515	100.28256	229.59895	97.96013	342.633	26.45052	285.75	359.05	65999	40.13905	29.341583	98.64803	-5.6584387	-40.33645	0.8803357	606.5981161594391
61	177.71935	106.58353	291.14166	35.033733	203.8614	91.289795	323.01736	54.1437	310.66666	315.4	67099	40.612255	29.57423	96.32144	-6.1082225	-40.807472	0.8375279	616.8646667003632
62	235.16618	70.07983	300.0707	123.96613	200.74278	94.107956	308.0122	43.82882	349.25	342.05	68199	41.344402	29.823318	97.47446	-6.712721	-41.54155	0.8986034	625.9125845432281
63	96.20145	31.33645	138.90303	52.363525	178.94699	108.87843	318.61145	32.207943	233.75	334.7	69299	41.625946	29.946108	110.48731	-6.704893	-41.8219	0.9770035	636.206787109375
64	219.23262	49.706146	288.0754	172.50044	194.45743	113.63256	333.79318	22.243416	346.0	330.3	70399	41.994762	30.114744	97.146645	-6.797814	-42.198303	0.8780342	646.7810921669006
65	155.50198	48.914085	221.23831	90.86759	170.48465	82.38207	321.32733	39.197006	317.25	324.05	71499	42.396973	30.277046	102.47742	-7.0682306	-42.5993	0.939137	656.6267793178558
66	181.58055	56.978413	237.80792	103.48015	190.13918	78.98664	331.31522	24.91775	378.0	335.9	72599	42.64251	30.34716	101.52893	-7.0182543	-42.84573	0.94742775	667.5285506248474
67	280.88318	8.409775	289.29297	272.47342	256.35333	80.256805	338.3142	31.414402	400.0	372.5	73699	43.24911	30.556108	109.62808	-7.188727	-43.458042	0.89735377	677.6702177524567
68	248.94646	15.779009	267.3711	228.8316	221.91426	95.80063	331.37805	12.742849	395.0	354.8	74799	43.73448	30.692802	100.197136	-7.3347473	-43.94155	0.93307596	687.1544435024261
69	254.88057	51.240196	318.00665	192.50098	237.87263	76.93311	329.92548	33.943306	400.0	371.9	75899	44.523075	30.896711	103.65817	-7.1953297	-44.731762	0.9142129	698.6667313575745
70	215.84386	118.3929	301.11807	48.42074	212.97217	111.699165	339.90137	26.431261	308.33334	335.8	76999	45.065582	31.019144	102.098854	-6.9114366	-45.27351	0.94217616	709.4822492599487
71	290.60794	27.512722	312.37766	251.79488	198.05392	109.92763	324.70563	15.977289	400.0	341.05	78099	45.77724	31.161364	107.65257	-6.7664404	-45.986214	0.8868565	719.7433819770813
72	272.39392	26.301392	309.56778	252.70113	260.25998	77.34832	336.45087	20.887207	400.0	378.85	79199	46.376415	31.277378	113.49207	-6.8517475	-46.574883	0.9052164	731.0005934238434
73	214.8308	65.64518	286.3639	127.81782	254.45236	70.42436	323.83432	24.857409	361.0	381.25	80299	46.920353	31.345661	102.893105	-6.491847	-47.13141	0.95503753	740.7611031532288
74	285.87827	39.39827	321.27704	230.91588	246.53906	74.9429	330.38278	54.655277	400.0	375.45	81399	47.440147	31.37833	104.63195	-6.605344	-47.65689	0.92236096	751.6034960746765
75	254.29782	62.65249	316.95032	191.64534	276.36832	69.449905	342.84778	17.337158	400.0	392.0	82499	47.98769	31.346094	102.857765	-6.283274	-48.20432	0.8962088	762.5143191814423
76	287.92194	21.0505	317.61896	271.27048	185.10791	118.85409	339.3423	9.5720825	400.0	297.4	83599	48.628227	31.22015	103.15251	-6.648287	-48.83986	0.8902651	774.0244698524475
77	167.93097	96.06075	294.1776	29.361567	238.04239	112.73318	336.61606	6.1906424	278.0	350.0	84699	49.042393	31.168985	109.935104	-6.63171	-49.246212	0.8721697	785.0466547012329
78	165.08897	109.00476	299.01523	32.013252	276.53964	55.99244	335.03784	157.71335	317.0	400.0	85799	49.337975	31.099241	103.93151	-6.5956535	-49.539078	0.87347686	796.9557836055756
79	268.98474	36.30785	319.6928	236.63722	261.84662	92.46454	333.9113	6.9884567	400.0	381.6	86899	49.71837	31.008541	103.67024	-6.3718157	-49.924255	0.93436456	806.864474773407
80	239.06902	92.676895	314.71716	108.55443	266.89697	83.398636	330.8834	17.105688	400.0	386.1	87999	50.154713	31.007065	114.97766	-6.405887	-50.366016	0.8831656	819.6476137638092
81	290.34973	15.755018	305.40512	268.5977	274.20807	46.55243	339.61426	174.19438	400.0	393.3	89099	50.51723	31.012661	103.26716	-6.486333	-50.723907	0.955267	830.5046620368958
82	234.22185	57.653152	291.875	176.5687	272.46176	69.98797	332.33856	91.92287	400.0	388.0	90199	50.95236	31.061647	107.77906	-5.989023	-51.154354	0.900193	841.0974216461182
83	237.8478	126.660324	324.7281	19.992918	265.41077	75.27596	329.4031	84.0611	333.5	397.0	91299	51.32421	31.130222	108.02374	-5.893077	-51.53337	0.9087764	851.5152356624603
84	299.23312	18.84375	315.30298	272.7876	248.95442	82.549515	329.18515	12.297865	400.0	374.0	92399	51.84226	31.21465	109.43788	-5.7553926	-52.03659	0.8473668	864.1114263534546
85	199.77713	55.9345	255.71162	143.84262	253.73026	77.38109	318.5109	15.246097	400.0	375.0	93499	52.146843	31.158255	109.57978	-5.7344503	-52.334488	0.88092405	875.3873851299286
86	232.39049	77.55912	292.35657	122.87016	246.32974	73.78139	330.3667	37.614353	400.0	379.9	94599	52.408035	31.073298	106.48401	-5.5784955	-52.602615	0.8888517	886.3501298427582
87	196.35696	112.74684	307.87628	9.365217	257.21802	58.283825	327.08737	28.919546	332.25	391.1	95699	52.758274	31.051928	105.70018	-5.5341096	-52.970997	0.92393875	898.3576967716217
88	256.32788	8.12706	264.45496	248.20084	214.15935	81.44098	301.5134	5.1863055	400.0	369.6	96799	53.121964	31.079853	106.6186	-5.7751875	-53.33114	0.85461605	909.3043320178986
89	229.35913	86.02263	295.2316	81.956276	227.38228	88.090195	323.3604	13.334572	334.5	354.5	97899	53.433914	31.104338	104.38708	-6.351199	-53.63508	0.8713956	920.0527226924896
90	194.12251	53.667408	255.97827	125.10677	250.66464	69.19073	338.23325	112.50265	351.33334	388.85	98999	53.82264	31.050188	113.010315	-6.9854136	-54.01935	0.8677958	931.106148481369
91	228.93391	56.111416	301.6501	165.0621	265.2172	56.72501	331.5218	101.35091	400.0	393.45	100099	54.059715	31.023895	101.319534	-7.072093	-54.252678	0.82425195	942.4416551589966
92	307.99292	5.343094	313.336	302.6498	206.31238	104.554375	339.03024	5.841275	400.0	337.3	101199	54.34749	31.066105	102.811295	-7.9159718	-54.548496	0.7671805	954.6095545291901
93	253.07741	31.050203	275.47394	209.16876	254.65292	68.623985	331.03497	42.91398	400.0	378.65	102299	54.695	31.05242	112.45391	-7.320202	-54.891804	0.86492366	965.1492395401001
94	272.7527	38.59947	303.07574	218.28133	262.22662	74.3152	335.6673	90.59086	400.0	395.2	103399	54.990868	31.041231	99.264015	-8.457872	-55.183838	0.7552138	975.4698951244354
95	252.73122	27.259108	284.1332	217.66467	247.01016	81.461945	321.98138	8.848688	400.0	386.9	104499	55.28073	31.08862	108.86678	-6.976008	-55.46733	0.8151088	985.7310652732849
96	244.27536	41.427338	285.7027	202.84802	221.16055	84.39012	322.20438	-22.913021	400.0	365.0	105599	55.42552	31.123257	100.91064	-7.546773	-55.61856	0.84551215	995.6335761547089
97	275.42117	19.913033	302.58826	255.41455	255.38419	73.75178	321.90887	58.5761	400.0	388.4	106699	55.677193	31.130377	99.56716	-7.019564	-55.87327	0.7639872	1005.6849179267883
98	242.6744	40.016598	297.7463	203.85547	237.06123	47.07959	318.36752	150.5105	400.0	373.05	107799	55.907948	31.11656	101.94365	-7.3531294	-56.0967	0.79538476	1018.0168869495392
99	245.62396	72.091805	306.0826	144.3003	257.70306	68.27157	321.88947	24.48187	372.33334	380.7	108899	56.13643	31.111908	102.34796	-7.3208103	-56.326736	0.78067786	1029.207069158554
100	252.054	42.826015	290.53308	192.30988	222.25656	65.7883	321.33835	112.382065	400.0	374.35	109999	56.301212	31.032284	100.122635	-7.0634937	-56.489414	0.7897187	1041.5454061031342
101	257.041	25.919434	282.96042	231.12155	232.44913	85.09241	325.60602	35.55359	400.0	361.5	111099	56.453964	30.991344	100.069626	-7.236073	-56.63222	0.83438224	1051.8824214935303
102	220.01501	74.2633	290.23672	117.27102	232.94229	99.93892	335.16095	30.282389	400.0	338.35	112199	56.64089	30.914888	103.62219	-7.7910337	-56.8213	0.877239	1060.9572246074677
103	286.2351	13.237167	301.43442	269.17133	233.40991	77.91061	333.19598	34.219215	400.0	367.85	113299	56.69544	30.934109	101.812256	-7.7398787	-56.881397	0.8218708	1073.2925698757172
104	262.7314	34.60592	289.6236	213.874	236.9166	83.56482	334.18207	23.471077	400.0	364.0	114399	57.109	30.839373	104.7669	-7.716278	-57.30117	0.7902603	1085.4107871055603
105	281.55515	5.568451	287.1236	275.9867	239.94943	61.855206	301.24103	41.268402	400.0	382.25	115499	57.321636	30.822077	114.521164	-7.07448	-57.506176	0.82899666	1095.827624797821
106	290.53406	41.373493	322.01834	232.08124	242.1224	73.277054	328.84613	91.85066	400.0	354.4	116599	57.46272	30.748623	103.09882	-6.932783	-57.640797	0.8131809	1106.4205646514893
107	264.7189	37.479164	300.91953	213.08998	283.217	73.8067	332.54358	15.708381	400.0	391.5	117699	57.583385	30.676287	103.9362	-6.818528	-57.765476	0.89639884	1117.298461675644
108	292.01852	30.074171	313.9093	249.49341	244.22852	85.80851	322.9415	12.024147	400.0	356.35	118799	57.8548	30.684196	103.95051	-6.106149	-58.03715	0.80399483	1127.4110050201416
109	200.8684	105.726364	285.3995	51.79476	283.74826	30.409424	332.59012	223.88269	306.0	400.0	119899	58.139053	30.638771	110.09033	-6.1894946	-58.324413	0.83154297	1139.1958119869232
110	204.80943	117.76905	294.49103	38.427536	232.69983	63.91883	314.45148	94.868454	307.33334	383.2	120999	58.417946	30.591028	103.5735	-6.165626	-58.60547	0.81314826	1150.0708045959473
111	276.00348	26.535938	308.4218	243.42291	274.24643	45.7561	310.54044	157.10237	400.0	400.0	122099	58.542778	30.576654	102.70355	-6.3045588	-58.734615	0.79952455	1162.3415777683258
112	277.8934	14.733036	294.4929	258.68787	268.0832	82.968765	326.69907	21.714598	400.0	372.35	123199	58.941586	30.567703	103.485176	-7.266263	-59.136105	0.8606865	1172.386810541153
113	290.05307	6.637122	299.3035	284.0497	209.123	114.255745	319.28552	0.18129565	400.0	344.35	124299	59.2358	30.556837	104.78212	-7.4819894	-59.432285	0.82869416	1181.9863080978394
114	304.8153	11.400192	316.2155	293.41513	265.57776	66.164856	323.5841	32.35262	400.0	388.9	125399	59.504753	30.580654	105.24905	-6.9996276	-59.699482	0.7776538	1191.8409175872803
115	282.34174	16.423227	304.4414	265.10425	289.9515	26.93277	323.1695	230.14296	400.0	400.0	126499	59.822098	30.471333	105.18311	-6.881038	-60.006603	0.8306447	1202.3405072689056
116	288.89395	17.787088	313.78006	273.27573	280.48517	57.204533	319.4096	59.91854	400.0	391.65	127599	60.021973	30.440132	105.75815	-7.269133	-60.205696	0.7772745	1211.91730427742
117	301.92517	5.6459637	309.8402	297.05695	284.731	29.585867	310.65677	204.47708	400.0	400.0	128699	60.274826	30.344418	103.98273	-7.515406	-60.45463	0.724567	1222.6044356822968
118	300.81097	11.657944	312.46893	289.15305	296.19565	19.82278	337.46216	240.86545	400.0	400.0	129799	60.44413	30.29637	104.109	-7.684547	-60.62689	0.77362186	1233.6730160713196
119	296.4956	10.589158	310.6333	285.15012	276.762	50.30771	331.3756	119.42711	400.0	392.85	130899	60.639816	30.26063	112.17838	-7.2129726	-60.82162	0.8002265	1246.357432126999
120	196.73225	114.36106	282.12308	35.087345	213.29776	84.139885	323.51123	19.939936	400.0	385.6	131999	60.717438	30.20423	102.91193	-7.114746	-60.910534	0.8098891	1256.976354598999
121	282.82367	16.42525	306.04715	270.78098	290.1267	26.325207	325.8616	234.9816	400.0	400.0	133099	60.885757	30.145807	102.63704	-6.537472	-61.077274	0.7391285	1268.238421201706
122	292.3024	24.251862	316.55426	268.05054	302.46188	39.618988	333.64047	204.09349	400.0	400.0	134199	61.15513	30.043325	102.43753	-6.64448	-61.340015	0.7909053	1280.686574935913
123	288.9177	19.355267	310.847	263.7661	197.80508	99.74686	315.3048	34.68603	400.0	335.45	135299	61.37107	29.996655	102.7053	-6.597015	-61.56901	0.75975776	1292.6846461296082
124	256.31372	22.340933	282.33978	227.7875	273.0381	64.42194	328.49884	41.000603	400.0	397.65	136399	61.634384	29.876823	110.60596	-12.668226	-61.822067	0.8698177	1303.513440132141
125	246.6411	54.504982	323.00897	199.39354	283.99887	39.26324	323.33502	190.04724	400.0	399.45	137499	61.75032	29.79343	101.81735	-6.9834723	-61.948643	0.6955784	1314.4120299816132
126	163.73122	99.183525	296.24918	57.656406	237.07036	59.008003	321.1061	113.07371	345.0	382.35	138599	61.95313	29.6439	105.3371	-7.077427	-62.146576	0.7589649	1325.0697751045227
127	259.616	57.41669	317.17245	181.2348	264.61774	62.611053	319.32718	97.5379	379.66666	369.5	139699	61.92859	29.625685	101.66511	-7.4944363	-62.112705	0.7141707	1337.5388889312744
128	306.45337	3.504425	309.9578	302.94894	241.3735	86.18534	325.059	34.515	400.0	373.1	140799	62.176502	29.528273	103.72461	-7.569958	-62.36905	0.7483111	1348.2758395671844
129	253.48059	47.560146	303.70532	189.62473	231.14114	93.85374	316.30698	-2.04223	367.66666	370.3	141899	62.378357	29.488949	105.97838	-7.5302625	-62.571747	0.72987384	1359.1683263778687
130	268.15723	49.344696	308.4138	184.12715	265.16684	48.8095	308.65054	172.48747	373.0	384.2	142999	62.569733	29.419506	99.899864	-8.212639	-62.76395	0.64554614	1369.9970345497131
131	273.33704	18.836784	292.17383	254.50026	244.89754	65.08758	309.13675	102.98387	400.0	385.8	144099	62.724365	29.42833	106.11972	-9.2360735	-62.910954	0.7159217	1381.2614526748657
132	290.8451	14.539485	304.6418	270.74323	277.2958	27.70964	315.25735	205.91676	400.0	400.0	145199	62.957657	29.332064	100.1286	-9.602563	-63.1523	0.6766251	1391.7559118270874
133	298.20825	7.801224	308.45786	289.54822	278.99384	40.516266	313.77658	163.90367	400.0	400.0	146299	63.20811	29.289013	107.98237	-9.309244	-63.398396	0.78887033	1402.269596338272
134	296.97726	12.512682	309.2658	279.806	258.4703	56.463696	321.67133	119.54797	400.0	384.6	147399	63.400314	29.286798	102.20189	-9.7277565	-63.58777	0.6946587	1413.3518385887146
135	291.81677	21.499619	313.3164	270.31717	285.52997	31.217527	319.57724	193.32516	400.0	400.0	148499	63.59702	29.199581	108.78999	-10.140667	-63.788708	0.6852082	1426.173942565918
136	272.70715	53.67521	315.51193	197.01521	296.12695	22.988619	325.49832	245.86885	400.0	400.0	149599	63.710423	29.10963	104.04138	-10.6544075	-63.890682	0.73898214	1439.0922226905823
137	308.3218	7.010701	315.08167	298.6607	296.03577	29.400906	330.9154	220.66281	400.0	400.0	150699	63.88061	29.031921	103.85501	-11.446011	-64.06029	0.7043595	1449.9781756401062
138	307.09314	4.0824313	310.64453	301.37534	310.4356	15.349571	331.95428	277.5711	400.0	400.0	151799	63.97629	29.026518	104.2513	-11.571882	-64.15736	0.65529436	1460.6475100517273
139	296.2934	20.939224	317.2326	275.35416	266.68164	84.57963	323.93774	33.087357	400.0	393.1	152899	64.21585	28.970654	104.999435	-12.715638	-64.405556	0.69034183	1471.6136190891266
140	282.55374	36.517464	311.76007	231.06519	274.71832	70.59245	331.1309	19.263361	400.0	391.35	153999	64.39325	28.883335	104.3927	-12.629595	-64.57756	0.73254424	1484.1508736610413
141	310.91245	11.553831	320.64096	294.6792	285.72815	62.366634	332.66418	100.95695	400.0	400.0	155099	64.59142	28.793816	105.63699	-13.4735565	-64.78645	0.71944267	1496.7866246700287
142	298.00955	15.990536	316.50882	277.49588	303.2467	22.21706	334.04773	239.66516	400.0	400.0	156199	64.8724	28.721712	110.55037	-13.22194	-65.06496	0.67430687	1507.3471784591675
143	215.81091	60.649895	276.46082	155.16103	305.40195	22.501741	332.51328	242.21558	400.0	400.0	157299	64.97911	28.663454	105.533714	-13.140482	-65.16477	0.7193299	1519.6507079601288
144	275.18906	31.49816	313.15378	236.02722	306.52505	13.414015	329.72906	277.74823	400.0	400.0	158399	65.166534	28.609274	117.58328	-12.148511	-65.35259	0.7203651	1530.7143123149872
145	260.94257	27.525286	299.02573	234.92125	294.46173	29.353546	322.93744	222.66316	400.0	400.0	159499	65.30386	28.52576	106.3904	-11.9109955	-65.491455	0.71330816	1543.2378389835358
146	308.3462	0.6111762	309.05392	307.56262	273.7619	47.117462	330.87173	165.41417	400.0	400.0	160599	65.48012	28.408796	104.85286	-12.901897	-65.66137	0.6698278	1558.409149646759
147	221.31216	82.961784	304.27396	138.35039	261.80035	68.54215	321.15652	122.3926	400.0	398.05	161699	65.576546	28.356905	114.61372	-13.725509	-65.7513	0.7396936	1569.8351588249207
148	264.62497	30.870872	292.24234	221.53357	264.26416	57.019047	326.3688	115.37676	400.0	400.0	162799	65.57155	28.318949	104.138176	-13.281031	-65.751114	0.72665524	1582.6002757549286
149	280.6774	29.552736	305.3706	239.12926	272.5263	58.20812	328.44366	115.16723	400.0	391.9	163899	65.73991	28.199787	103.3613	-12.679462	-65.92267	0.7122768	1593.2920653820038
150	274.75043	40.892067	309.99234	217.4212	277.90012	53.75414	332.8338	151.63933	400.0	392.9	164999	65.91112	28.100018	102.61787	-13.062206	-66.091	0.7084973	1605.4911432266235
151	160.55101	4.554764	165.10577	155.99625	296.42548	26.788025	325.167	219.85822	356.0	400.0	166099	65.9344	28.062817	116.64981	-11.8190975	-66.11417	0.6826132	1616.3272392749786
152	299.62097	19.966797	321.53842	273.2438	295.24176	41.79455	335.00922	165.68558	400.0	396.95	167199	66.02559	28.033228	100.93871	-10.037981	-66.20558	0.68716174	1628.533837556839
153	245.89253	80.974335	305.707	131.41618	279.2281	67.98644	334.81436	80.40366	373.0	394.25	168299	66.146126	27.957918	101.0488	-13.637601	-66.324234	0.6715746	1641.1196265220642
154	283.3566	18.247122	303.1125	259.10107	286.7139	31.16743	314.7815	198.04974	400.0	400.0	169399	66.15407	27.91848	98.58778	-14.120878	-66.32033	0.67895466	1651.8486518859863
155	294.37955	13.54762	307.14145	275.62292	270.85693	37.14562	327.23145	199.34608	400.0	400.0	170499	66.23918	27.862574	139.76874	-12.9315405	-66.40318	0.67229325	1662.6984512805939
156	286.84753	19.376587	306.22412	267.47095	275.02948	53.730762	325.22696	63.87486	400.0	400.0	171599	66.40596	27.716228	103.580505	-9.348687	-66.56656	0.6846486	1673.5415263175964
157	291.51852	9.974756	304.4541	280.17767	289.72986	34.987892	341.70093	214.30887	400.0	400.0	172699	66.420425	27.699867	107.65707	-9.305553	-66.596535	0.70261365	1683.5735428333282
158	268.29593	27.255375	304.50754	238.75235	254.5315	92.234146	322.16202	12.051593	400.0	385.5	173799	66.47719	27.642202	99.63125	-10.063471	-66.64466	0.70152324	1693.6336948871613
159	313.15335	3.9249823	318.61407	309.5607	282.45923	43.805252	331.00583	159.202	400.0	400.0	174899	66.50092	27.575695	104.81774	-8.195656	-66.66166	0.6792759	1704.6696157455444
160	275.91718	30.519943	306.4371	245.39722	265.08783	47.87069	329.21637	161.03947	400.0	400.0	175999	66.59964	27.493475	103.922676	-8.402317	-66.77392	0.65696734	1717.3798310756683
161	291.4695	14.260853	301.56503	271.30164	279.6753	42.018665	333.69766	206.03433	400.0	400.0	177099	66.70503	27.413126	102.7057	-8.282745	-66.87543	0.69420576	1728.4032292366028
162	298.77243	0.90193486	300.0479	298.12527	264.53436	67.208916	325.53146	51.168526	400.0	396.65	178199	66.82762	27.335423	104.074875	-7.6749377	-66.99062	0.6474244	1739.2476875782013
163	245.2832	52.889553	302.7683	175.09726	241.431	84.4477	335.96872	27.340734	400.0	378.5	179299	66.93334	27.250444	104.792725	-7.485425	-67.105194	0.6778853	1752.354041814804
164	282.52222	28.866592	311.38882	253.65564	287.71478	64.882774	337.70117	31.004965	400.0	381.85	180399	66.936806	27.182938	105.01601	-8.514135	-67.106026	0.6329257	1768.1572489738464
165	268.7402	17.571936	292.66125	250.94902	290.05118	29.225777	330.14835	225.75697	400.0	400.0	181499	67.04874	27.06554	105.19103	-7.1482377	-67.22472	0.6826071	1785.4680919647217
166	292.1257	14.926261	309.87875	273.3592	280.56207	71.92975	337.18384	102.44537	400.0	400.0	182599	67.16059	27.00122	105.73754	-8.53835	-67.33871	0.7032382	1798.8415973186493
167	303.59222	10.61482	316.01578	290.08298	252.92606	72.949	332.03125	84.37818	400.0	389.3	183699	67.325226	26.88903	105.50162	-7.63931	-67.48971	0.6189344	1810.9628686904907
168	307.61365	11.312027	318.92566	296.3016	298.83484	27.105099	338.90692	235.3514	400.0	400.0	184799	67.40776	26.856653	106.04287	-7.053027	-67.57163	0.6718343	1824.5674574375153
169	288.66995	15.2499275	306.632	269.3514	300.72598	29.11593	338.93893	223.51433	400.0	400.0	185899	67.462494	26.819433	106.4422	-8.064451	-67.631355	0.64727604	1836.3270072937012
170	217.86284	46.666428	252.19789	151.88484	269.64532	81.733444	333.46283	43.493603	400.0	388.05	186999	67.55425	26.731407	106.23619	-8.460239	-67.7152	0.6442389	1847.8202726840973
171	287.44083	24.257877	320.43835	262.81558	287.43567	39.25785	332.26248	181.1892	400.0	400.0	188099	67.65923	26.616566	105.56357	-9.123009	-67.82496	0.65070635	1859.7079916000366
172	289.96478	27.340805	317.3056	262.624	296.79672	36.501125	337.74963	196.20163	400.0	400.0	189199	67.74641	26.521652	103.826225	-8.453364	-67.90257	0.63578933	1870.971672296524
173	259.8298	54.49761	314.444	185.42757	286.4273	59.867447	340.3781	144.77611	400.0	400.0	190299	67.78311	26.374754	101.786255	-7.9524136	-67.946815	0.6825963	1882.6177673339844
174	275.79587	27.6041	314.2781	250.86995	285.52396	48.96195	330.98624	168.07	400.0	400.0	191399	67.81863	26.317575	102.50125	-7.0490055	-67.98335	0.64661705	1894.1370656490326
175	306.69443	13.380131	321.12784	288.88058	305.34525	21.368855	334.28653	258.9045	400.0	400.0	192499	67.952866	26.212023	103.93742	-7.076456	-68.11816	0.6188526	1907.6588923931122
176	306.42432	20.619522	327.04382	285.80478	292.7851	41.582176	334.64944	170.37463	400.0	400.0	193599	68.06386	26.151278	104.03451	-7.895805	-68.223625	0.60641664	1920.6325497627258
177	304.0669	10.1902485	311.75143	289.66656	299.71527	19.468021	327.36975	251.64375	400.0	400.0	194699	68.12818	26.105844	104.08616	-8.634277	-68.28783	0.6878173	1931.7316541671753
178	282.74094	34.09704	320.72397	238.02242	295.95285	38.00302	331.37067	165.10802	400.0	400.0	195799	68.200714	26.105303	104.042145	-8.502884	-68.35088	0.5863035	1943.240778207779
179	269.22162	47.1636	321.30243	207.09383	293.80533	39.324615	327.8145	151.60341	400.0	400.0	196899	68.277885	26.017914	105.22954	-8.873087	-68.433495	0.60621935	1953.4944522380829
180	256.16776	64.46949	320.63724	191.69826	295.92178	33.846157	334.95877	215.30255	400.0	400.0	197999	68.327805	26.000038	112.23729	-10.382515	-68.48563	0.6236583	1966.414837360382
181	315.98642	6.612211	324.00156	307.8075	285.5909	56.84855	328.54398	63.20326	400.0	400.0	199099	68.29622	26.025183	105.47371	-11.115342	-68.44505	0.6213533	1977.481371164322
182	273.37045	46.191364	311.52075	208.37276	288.79025	59.11449	331.9611	46.841938	400.0	400.0	200199	68.42478	25.904959	105.42052	-12.030995	-68.5873	0.5946572	1990.8477833271027
183	302.14682	4.5231733	308.53015	298.59674	272.59317	66.57898	341.11847	108.15951	400.0	393.0	201299	68.4713	25.898932	107.65651	-12.003435	-68.626854	0.61913896	2003.7692005634308
184	312.5866	7.484329	320.07095	305.1023	302.42383	27.615667	343.69107	233.5593	400.0	400.0	202399	68.55559	25.833008	105.46011	-10.484145	-68.705315	0.5635126	2015.281158208847
185	302.46765	21.548536	325.6841	273.76392	285.8514	73.96442	335.3756	55.631508	400.0	386.0	203499	68.54484	25.853281	105.62966	-9.875954	-68.688736	0.5604993	2028.2827143669128
186	271.44247	16.750164	294.84238	256.55118	273.34335	70.08142	329.9527	84.12753	400.0	400.0	204599	68.58194	25.742498	110.89937	-8.247099	-68.73093	0.5865293	2039.9919147491455
187	274.7899	28.498257	314.8315	250.80348	258.89935	79.0617	341.0242	83.8661	400.0	400.0	205699	68.571465	25.69087	107.27649	-7.716672	-68.72204	0.5909749	2051.5498995780945
188	255.34964	5.3652115	260.71484	249.98442	303.10544	41.711933	336.28534	156.0256	400.0	400.0	206799	68.60041	25.603525	106.45397	-7.5511494	-68.74827	0.5663686	2062.2334067821503
189	275.22385	34.547794	301.47333	226.4123	270.58426	69.42898	330.98526	57.801125	400.0	400.0	207899	68.64616	25.48464	106.63979	-7.623534	-68.79949	0.5627478	2073.4535522460938
190	258.66885	51.978134	306.57642	186.43217	265.69608	50.90942	324.11542	139.00735	400.0	400.0	208999	68.691864	25.400686	106.00375	-7.4483523	-68.84698	0.57019305	2084.67919588089
191	308.12137	1.0362446	309.52814	307.06238	245.27559	72.42769	325.45303	68.565765	400.0	388.05	210099	68.74881	25.306164	105.549835	-8.191606	-68.904236	0.6036824	2096.231814622879
192	201.50723	90.10019	291.60742	111.40704	276.93494	57.317345	341.2539	91.007484	400.0	400.0	211199	68.73681	25.241476	105.07072	-8.840532	-68.88034	0.5580465	2108.3507945537567
193	318.08273	3.570148	323.09915	315.07895	268.02417	68.777626	330.17593	86.586555	400.0	397.55	212299	68.76665	25.219875	103.72781	-8.186504	-68.9136	0.61941	2119.6777317523956
194	257.92917	73.91964	313.90103	153.4806	288.40646	29.276989	326.34445	232.88744	400.0	400.0	213399	68.92686	25.089613	101.76865	-8.675734	-69.07976	0.54242224	2134.632779121399
195	266.95786	40.79585	313.41867	214.10487	265.84308	38.641003	331.84314	152.1177	400.0	400.0	214499	68.91574	25.027359	100.67518	-8.305597	-69.075455	0.6333753	2147.888049840927
196	247.73975	2.2379684	249.97772	245.50179	266.96408	38.461315	336.53363	182.58995	400.0	397.65	215599	69.02481	24.942114	100.101654	-8.884943	-69.18166	0.57708716	2159.012627840042
197	302.51266	21.22235	317.55878	272.49976	279.6281	46.64268	337.46774	120.35982	400.0	400.0	216699	69.060135	24.89523	100.56715	-9.299415	-69.22181	0.56641334	2171.247321128845
198	206.34465	61.44839	278.85574	128.61064	279.45062	29.474184	334.43777	229.15869	400.0	400.0	217799	69.09697	24.80529	99.6556	-9.257472	-69.25259	0.5905285	2183.0715837478638
199	273.62808	19.11869	300.48663	257.50632	276.4361	26.63987	316.31265	198.01552	400.0	398.05	218899	69.144714	24.695303	98.93366	-8.9776	-69.29964	0.54706806	2194.7034678459167
200	277.66406	2.3610077	280.02505	275.30304	280.01	20.482256	329.997	248.27109	400.0	400.0	219999	69.21865	24.564934	98.757225	-9.104677	-69.36003	0.5561942	2207.0503158569336
201	261.56885	46.902332	303.59268	196.11325	309.8913	23.053747	337.7832	245.61786	400.0	400.0	221099	69.25306	24.469612	102.13211	-10.2457485	-69.40416	0.6692403	2220.7029433250427
202	280.88266	22.232882	309.50613	255.30264	276.47424	29.934116	329.72827	219.71689	400.0	400.0	222199	69.30646	24.349445	98.41809	-9.807927	-69.4583	0.55574673	2232.24497795105
203	219.6064	104.39622	298.94437	72.10899	271.08832	46.52181	316.4077	143.13911	400.0	400.0	223299	69.33223	24.260006	97.57817	-9.792238	-69.48391	0.55565566	2244.1250410079956
204	258.61066	28.05162	286.6623	230.55905	297.15704	35.251637	344.8448	215.88055	400.0	400.0	224399	69.31535	24.224892	99.74027	-10.76958	-69.459785	0.5989732	2257.296317100525
205	305.57602	16.726223	318.57535	281.96164	302.73257	26.352943	332.49908	247.68188	400.0	400.0	225499	69.42587	24.05962	96.735374	-10.164352	-69.574684	0.5406399	2269.224608898163
206	264.1371	43.1246	297.67285	203.25444	305.43518	23.413134	334.9069	226.40764	400.0	400.0	226599	69.45291	24.020515	96.70868	-11.752257	-69.609146	0.6062344	2282.4065177440643
207	307.0221	4.5438323	313.218	302.44843	305.55463	20.04386	333.09836	245.22472	400.0	400.0	227699	69.57404	23.894125	97.259415	-12.214235	-69.72949	0.59142333	2295.5113999843597
208	299.53552	21.169678	320.7052	278.36584	299.70172	16.676422	336.85788	263.12726	400.0	400.0	228799	69.63515	23.867107	97.56424	-11.016958	-69.79852	0.59373957	2307.296241044998
209	303.2971	12.331148	320.40552	291.81686	262.96277	67.87093	335.67868	76.51092	400.0	371.5	229899	69.82621	23.804615	96.769	-11.306135	-69.99512	0.5774102	2318.4665746688843
210	314.61258	15.485081	327.66226	292.85748	272.0416	50.92113	321.5321	89.71138	400.0	388.9	230999	69.92042	23.788715	97.34136	-11.878025	-70.08075	0.5755225	2329.212872505188
211	294.31818	13.34054	306.25595	275.69733	296.5054	36.805344	337.1349	209.85144	400.0	400.0	232099	70.10766	23.683702	106.09116	-11.395464	-70.26142	0.6219719	2340.951441526413
212	270.20642	23.091692	293.29813	247.11475	260.07294	77.88992	334.64795	86.86383	400.0	366.25	233199	70.11847	23.686625	100.41831	-11.720764	-70.268295	0.553051	2352.7046036720276
213	236.5976	104.3378	314.14316	57.497654	252.71341	101.1732	330.4893	22.759851	338.5	346.9	234299	70.18226	23.673294	99.337776	-12.927538	-70.33188	0.5585662	2363.5889546871185
214	177.36278	82.86724	266.3697	66.83815	291.71246	55.723534	335.0303	81.63868	321.66666	384.05	235399	70.14602	23.778578	113.864456	-12.331929	-70.31029	0.562472	2382.2239451408386
215	259.49472	82.55871	318.43234	142.74086	282.28552	71.18382	337.85373	91.37434	400.0	373.3	236499	70.35018	23.705881	108.07785	-13.375193	-70.50982	0.5468681	2404.8831453323364
216	228.10542	90.961754	309.6047	101.16145	278.29407	86.02461	340.96713	14.762122	354.33334	375.05	237599	70.39897	23.694855	107.22297	-13.893402	-70.55289	0.58647406	2422.471665620804
217	267.04468	28.896683	298.2575	228.5943	280.2707	47.872036	333.2678	145.92111	400.0	392.3	238699	70.46181	23.724693	105.36821	-14.126516	-70.610085	0.5767426	2437.3276336193085
218	290.8641	7.642029	298.50613	283.22208	294.5672	22.813644	332.5608	240.96692	400.0	400.0	239799	70.43477	23.760664	102.50494	-14.31988	-70.57314	0.5439672	2455.2565774917603
219	307.0991	17.505348	324.05383	282.99936	309.2552	32.053593	341.44406	194.75151	400.0	400.0	240899	70.49788	23.722643	100.75299	-15.566755	-70.64947	0.5716276	2471.3773021698
220	257.5305	38.856422	310.26334	217.77875	261.98932	85.02786	338.72708	15.286117	400.0	379.6	241999	70.45976	23.746565	100.72467	-15.818855	-70.59729	0.5212813	2484.97629737854
221	302.66663	14.246449	318.0558	283.7105	297.3072	31.61722	338.44363	239.34077	400.0	400.0	243099	70.45548	23.798052	100.24097	-15.2391205	-70.5973	0.55646485	2500.060556411743
222	301.5006	4.0259094	305.52652	297.4747	285.7204	36.271324	346.90884	225.24236	400.0	400.0	244199	70.48077	23.852587	99.564384	-15.474136	-70.62851	0.53693557	2516.3912603855133
223	254.31532	79.22616	316.6356	142.51826	299.5207	42.94267	346.09607	131.92474	400.0	400.0	245299	70.541534	23.8738	98.56988	-14.006846	-70.692635	0.5310834	2531.509564638138
224	277.17374	25.908537	304.09387	242.18791	288.18988	71.27668	339.6661	108.52121	400.0	400.0	246399	70.5873	23.885927	99.08791	-14.461153	-70.73721	0.55219495	2548.5195190906525
225	276.75864	64.50502	328.34344	185.80794	292.7499	54.239975	339.5146	81.66768	400.0	400.0	247499	70.62037	23.920904	99.15599	-12.445251	-70.76764	0.48533848	2564.858033180237
226	226.27019	80.91991	290.51688	112.13272	304.6603	35.317234	340.7624	233.4691	383.66666	400.0	248599	70.623116	23.97471	120.14637	-12.505285	-70.77623	0.52370495	2580.4579215049744
227	284.0159	25.87909	309.895	258.1368	288.24292	51.16705	339.71338	153.92776	400.0	400.0	249699	70.65637	23.999964	100.4175	-12.764626	-70.805725	0.59145033	2593.193608045578
228	281.48795	32.421925	317.65976	238.99976	260.95135	60.577312	313.6528	42.04909	400.0	398.25	250799	70.711	23.956848	100.27406	-17.268093	-70.85462	0.50720686	2606.4159920215607
229	214.63934	59.589855	290.72852	145.22192	263.96057	50.47824	327.22388	116.45077	400.0	400.0	251899	70.76923	23.879097	111.53723	-16.806858	-70.9135	0.5507989	2623.54790186882
230	270.8789	13.771383	290.09003	258.5028	292.0321	70.80755	337.51105	13.169092	400.0	400.0	252999	70.79583	23.803583	98.62854	-19.16116	-70.9356	0.5607817	2637.076187610626
231	240.78464	60.601204	301.38583	180.18343	292.68326	33.95427	344.7758	226.43747	400.0	400.0	254099	70.75381	23.82978	97.54911	-17.518194	-70.88219	0.5474264	2650.3558633327484
232	285.37415	29.866007	323.7142	250.85818	301.8188	41.1232	333.6037	139.61136	400.0	400.0	255199	70.7041	23.787144	98.90605	-16.508812	-70.84079	0.64275956	2661.923020839691
233	285.7114	33.44669	326.28967	244.37292	301.25742	27.484594	332.3525	248.68204	400.0	400.0	256299	70.73459	23.71553	97.978355	-18.638397	-70.86646	0.5402921	2674.070767879486
234	226.00505	75.36393	316.44263	131.94604	291.76788	48.990646	343.3006	187.3148	400.0	400.0	257399	70.74505	23.627245	97.073586	-17.875729	-70.882835	0.5094037	2686.4304823875427
235	256.15393	20.986916	277.14084	235.167	272.89975	41.103374	314.12646	132.91571	400.0	400.0	258499	70.71885	23.55052	95.425354	-18.973139	-70.863434	0.5532023	2698.8884720802307
236	308.04312	6.7263637	313.11166	298.5376	304.18808	23.968231	338.9961	246.12099	400.0	400.0	259599	70.769066	23.454315	102.56085	-18.270168	-70.91037	0.5205148	2711.4960799217224
237	303.92975	12.435227	321.3462	293.11133	275.9413	61.52847	335.59714	68.13705	400.0	391.15	260699	70.751976	23.42261	96.40722	-18.90757	-70.88403	0.5352934	2723.178636789322
238	279.53915	33.265835	307.18158	232.75058	296.79355	24.183714	341.67145	252.4444	400.0	400.0	261799	70.81603	23.316694	100.07968	-17.679108	-70.95016	0.5019719	2734.481940984726
239	279.40607	18.345963	297.752	261.0601	297.94214	22.97579	328.3049	244.92749	400.0	400.0	262899	70.8112	23.274834	107.15752	-18.98685	-70.94104	0.5182179	2749.2283070087433
240	282.1256	32.709675	307.93814	235.97525	309.18857	20.572437	342.42804	260.36087	400.0	400.0	263999	70.7476	23.236908	99.798454	-18.63614	-70.88904	0.49984974	2762.6638255119324
241	269.48038	59.94435	326.92148	186.7656	262.13812	53.693027	315.5887	123.30274	398.66666	389.6	265099	70.801765	23.11123	102.134254	-18.391441	-70.936584	0.54296744	2777.2801434993744
242	242.54903	85.87655	312.2332	121.566025	289.0001	26.626188	328.51718	244.41971	361.0	400.0	266199	70.755775	23.100878	95.347664	-23.216696	-70.8983	0.511784	2790.9533834457397
243	244.45052	24.82063	276.6945	216.31436	253.25371	57.908848	319.18573	104.63073	400.0	400.0	267299	70.76156	23.006784	109.51954	-23.582352	-70.90212	0.543706	2804.376250267029
244	249.8064	16.689728	266.49612	233.11667	287.0592	24.181154	344.04095	241.12694	400.0	400.0	268399	70.837875	22.823694	94.00962	-23.808186	-70.97392	0.46963578	2817.680558204651
245	272.08032	21.950333	300.94617	247.75812	301.02496	15.291427	335.7016	266.15613	400.0	400.0	269499	70.81143	22.787138	97.78372	-24.424828	-70.94882	0.45582575	2830.2418251037598
246	260.6226	32.949577	302.97833	222.62196	281.3591	24.239105	318.42908	231.28133	400.0	400.0	270599	70.82047	22.79279	95.97559	-23.214975	-70.95211	0.4855852	2842.8506021499634
247	269.67444	12.848647	283.9152	252.78	270.58487	39.196514	323.70673	169.8614	400.0	400.0	271699	70.877266	22.668684	96.83263	-24.976559	-71.015434	0.494185	2855.9921910762787
248	284.61908	19.927948	304.54703	264.69113	292.91998	24.595018	328.85468	234.3005	400.0	400.0	272799	70.87696	22.64682	93.847374	-26.39	-71.008865	0.51612395	2868.177635192871
249	268.27023	40.947765	299.0551	210.40076	248.58455	57.173576	321.66248	118.68294	400.0	400.0	273899	70.947914	22.513277	93.63336	-24.277742	-71.07643	0.50682384	2880.2698566913605
250	272.39957	16.35219	283.98132	249.2741	294.0713	36.95991	332.86353	185.20035	400.0	400.0	274999	70.86798	22.54817	94.30294	-24.573437	-70.99193	0.47518632	2892.291296482086
