Epoch	AverageEpRet	StdEpRet	MaxEpRet	MinEpRet	AverageTestEpRet	StdTestEpRet	MaxTestEpRet	MinTestEpRet	EpLen	TestEpLen	TotalEnvInteracts	AverageQVals	StdQVals	MaxQVals	MinQVals	LossPi	LossQ	Time
1	-68.19172	48.979355	32.571648	-119.875	-41.849335	8.643609	-16.024273	-52.697433	150.0	57.0	1099	-0.4223218	0.4243433	1.2775706	-7.015765	0.39312953	0.11351057	0.8538851737976074
2	-68.88893	36.445442	-29.403728	-137.4468	-59.08311	25.981318	-13.027177	-101.4578	88.38461	91.8	2199	-1.8747797	1.6140095	2.231046	-11.309731	1.8532765	0.059845448	6.1703126430511475
3	-53.897	16.045406	-25.963755	-78.32701	-51.2275	26.575752	-18.349312	-133.60957	83.0	82.9	3299	-4.964203	2.8134205	4.4540668	-16.378897	4.9173627	0.35256988	11.339683055877686
4	-43.311363	10.654659	-20.067736	-63.19468	-43.849358	13.156344	-17.206404	-61.686943	65.47059	67.2	4399	-7.3691883	4.0902886	6.5697355	-21.158484	7.261552	0.7865493	16.711883306503296
5	-44.858154	31.692307	29.011354	-137.9056	3.824833	42.569843	60.033184	-56.673107	72.6	109.35	5499	-9.320549	5.229743	9.237005	-24.708738	9.166853	1.0548629	22.120376110076904
6	23.48275	39.61949	59.757416	-54.030525	-1.515177	33.30953	52.399372	-66.26917	138.125	127.05	6599	-9.353401	7.7146206	11.577388	-27.540962	9.139103	1.0625677	28.194916486740112
7	8.821587	45.15034	59.88362	-51.28372	17.822866	31.609774	51.477203	-51.511154	109.6	134.95	7699	-7.594267	10.641539	14.690852	-34.694317	7.3484416	1.1488956	33.79434680938721
8	48.41309	18.213144	73.14982	13.9722185	23.220709	43.815193	70.35506	-97.71547	150.0	134.3	8799	-5.3687334	13.190941	17.99639	-34.118454	5.0808716	1.2870417	39.27430510520935
9	28.352058	32.685894	59.0741	-43.429245	25.099012	28.923841	66.21459	-41.25127	136.875	144.65	9899	-1.1025848	15.245085	23.50743	-39.143013	0.74207157	1.5544707	44.82894492149353
10	32.316692	41.06972	61.93559	-44.29357	43.933994	28.864845	87.80243	-4.9730296	150.0	150.0	10999	4.152828	16.266554	29.379019	-36.16438	-4.5012817	1.7325636	50.42139482498169
11	15.31513	40.1356	59.200024	-46.16019	28.645031	42.807125	89.51153	-59.322132	150.0	140.2	12099	9.5344	16.478495	32.193066	-38.333553	-9.862066	1.5954027	56.04286980628967
12	20.503378	33.033478	63.175907	-35.62303	31.560114	29.232	82.600914	-35.649254	136.0	144.45	13199	15.206159	15.142746	43.25586	-41.768787	-15.506044	1.2803819	61.6607506275177
13	46.28753	21.422579	69.734245	14.630742	32.623985	38.320183	80.958374	-74.00352	150.0	147.4	14299	20.627092	12.469803	44.01796	-44.98609	-20.950315	1.2163463	67.45829677581787
14	28.544058	36.95509	82.39474	-33.114315	21.443016	28.442005	82.82197	-28.300934	150.0	150.0	15399	23.84213	11.592931	44.105858	-44.801342	-24.1003	1.1199732	73.74709868431091
15	7.0963745	27.11431	54.717785	-23.971783	10.060454	39.638893	77.73401	-56.388462	129.55556	134.45	16499	26.056633	11.026894	36.368202	-40.837627	-26.30764	0.9168974	79.70341420173645
16	7.4837255	31.32946	65.09286	-38.513462	32.866447	26.433306	76.50272	-20.860052	140.625	145.5	17599	27.046743	12.176993	38.731792	-35.20077	-27.301256	0.96825707	85.21002626419067
17	9.328432	37.835865	58.28916	-68.201065	40.287106	29.245043	84.84525	-21.401848	150.0	150.0	18699	28.730202	12.217681	40.38662	-36.01045	-28.979158	0.87516093	90.6055998802185
18	43.853252	25.178675	84.49373	10.556274	11.778024	43.08157	71.05772	-90.41647	150.0	133.3	19799	30.173693	12.958919	41.699654	-31.447289	-30.436222	0.8142031	95.99535965919495
19	21.282894	19.387478	49.715687	-17.787256	0.26250267	42.659267	76.09462	-63.155754	150.0	110.4	20899	32.379547	12.871876	42.822712	-26.79059	-32.64288	0.73233414	101.23492240905762
20	16.717566	30.979809	50.547382	-47.605976	31.318295	32.0738	79.1768	-32.07465	137.875	150.0	21999	33.83489	13.021082	44.172688	-24.346285	-34.08378	0.647151	106.77659320831299
21	23.511648	35.695675	58.50292	-55.549664	40.80492	21.743832	74.70612	-4.24832	150.0	150.0	23099	34.96056	12.95824	45.229702	-27.823132	-35.202343	0.5820873	112.32465553283691
22	36.498936	29.61936	78.93897	-3.561289	35.219032	38.450897	81.52061	-60.781876	150.0	140.7	24199	36.32464	12.8661785	46.47664	-28.115786	-36.556763	0.6435865	117.72524213790894
23	40.371433	32.027336	84.06622	-8.625909	18.153011	42.028942	80.9768	-65.67752	150.0	141.4	25299	38.133923	12.213161	47.22192	-35.313053	-38.329067	0.6949579	123.27199959754944
24	16.522007	51.240982	84.43836	-72.76581	4.7615166	44.947765	60.265114	-120.014854	141.0	141.75	26399	39.124233	12.6088085	57.5191	-28.565237	-39.335247	0.73957974	128.8012728691101
25	36.281574	24.424192	74.900444	-10.154272	17.043388	18.060438	50.966633	-16.655418	150.0	150.0	27499	40.61929	12.4222355	49.738476	-29.727654	-40.814022	0.80357593	135.07858562469482
26	29.018053	16.908237	53.514347	6.8138022	-4.841708	36.606064	33.584644	-118.475525	150.0	140.45	28599	41.70731	12.096268	57.568214	-23.745718	-41.88603	0.9137076	140.595356464386
27	8.0160675	48.805744	41.170204	-106.66291	-30.338882	38.20554	35.26799	-80.352295	147.5	115.05	29699	42.168106	11.846502	57.30856	-19.802008	-42.37115	1.1024232	146.02848362922668
28	-3.7054367	36.78453	46.027668	-84.31151	-8.945124	31.342794	36.71668	-98.594246	150.0	144.05	30799	42.570995	11.837333	54.46442	-17.474247	-42.818226	0.89582705	151.61906218528748
29	7.87318	32.39737	49.42919	-50.698326	12.073472	29.07685	45.536274	-55.39365	150.0	140.75	31899	43.551136	11.795819	62.054047	-16.480684	-43.963566	0.95268846	157.65108370780945
30	21.824139	31.025042	59.073395	-24.277279	23.74317	34.909252	75.06326	-46.71196	150.0	150.0	32999	44.23894	12.295275	66.95494	-13.973665	-44.529575	1.26354	163.85557103157043
31	22.467434	33.485348	53.70407	-38.14972	16.923117	34.810688	64.93912	-70.95248	150.0	150.0	34099	44.931168	12.46657	70.32486	-21.192749	-45.182255	1.2736685	169.53529477119446
32	14.908463	18.937391	45.155025	-17.982897	9.519868	46.15402	67.727234	-133.69844	150.0	150.0	35199	45.45277	12.147066	65.77231	-20.0779	-45.733418	1.2474474	175.1481111049652
33	2.105754	51.667294	69.15522	-100.9718	9.218847	39.20164	58.54934	-119.711426	150.0	144.9	36299	45.44658	12.678653	67.47257	-16.630074	-45.746704	1.1282096	180.66606426239014
34	24.811089	35.015404	68.212204	-48.65249	24.131065	24.576786	62.785023	-30.3705	137.5	150.0	37399	46.333054	12.830052	65.63144	-18.177576	-46.64212	1.0279083	186.22826433181763
35	12.109944	26.817442	58.137783	-25.102926	12.077996	26.09575	54.85017	-26.368473	141.5	141.65	38499	47.245552	13.213556	66.12581	-24.719244	-47.566498	1.1581931	191.73690176010132
36	27.127756	22.74451	61.184044	-0.46859437	6.778613	36.724056	69.11106	-57.51513	150.0	142.1	39599	48.456337	13.640665	63.915565	-25.114182	-48.72568	1.2208294	200.97035717964172
37	9.183525	21.426615	46.818386	-13.212636	35.680355	32.198463	82.652756	-14.762322	150.0	150.0	40699	49.27308	13.859399	65.33144	-24.39753	-49.51983	1.2058847	206.73731184005737
38	37.117584	44.341366	88.71473	-29.593176	27.506357	32.191036	80.789986	-43.311954	150.0	150.0	41799	49.779064	13.852851	65.68722	-23.238365	-50.027534	1.1440383	212.48266577720642
39	4.093016	55.90702	78.11537	-81.6678	23.11359	25.724018	61.01051	-28.95162	150.0	150.0	42899	49.604137	14.3118305	68.01881	-22.247074	-49.854126	1.2652055	218.73456025123596
40	-4.27211	51.760994	42.95706	-118.56656	28.19588	33.03469	69.14932	-70.49003	150.0	150.0	43999	50.01526	14.784502	69.15284	-19.403748	-50.24077	1.3417199	225.25084900856018
41	26.511158	33.12506	74.27778	-17.400806	12.113095	55.605312	66.6657	-116.89085	150.0	147.1	45099	49.976803	15.306919	64.401794	-17.593449	-50.19458	1.2175267	230.74152970314026
42	17.259035	47.804016	65.85727	-83.11952	25.31576	37.38785	72.70285	-89.64047	141.14285	150.0	46199	50.183968	16.27679	65.78271	-34.098095	-50.394943	1.2543268	236.29950785636902
43	29.813948	20.507206	64.40575	2.031704	24.815998	33.8625	76.189735	-67.22942	150.0	150.0	47299	51.073223	16.378805	66.99635	-37.565754	-51.272778	1.2042533	241.8443262577057
44	20.722204	16.728493	50.378334	-2.8935568	23.234695	31.379503	71.321075	-42.229343	150.0	150.0	48399	51.57897	16.369892	68.66528	-35.27377	-51.767963	1.1927499	247.27129006385803
45	17.275133	46.743923	53.20485	-77.54783	7.7044435	33.8647	56.598595	-88.26951	150.0	150.0	49499	51.61324	16.332945	70.940315	-33.604645	-51.804195	1.1372204	252.82588529586792
46	28.042242	24.101513	62.55209	-8.9086275	17.458454	32.89228	70.04316	-67.28044	150.0	150.0	50599	52.15842	15.678162	66.397514	-40.416325	-52.329338	0.84333354	257.9309937953949
47	26.550198	16.413588	57.53206	1.1680363	16.44649	20.120567	55.208206	-14.428608	150.0	150.0	51699	52.7028	14.957145	67.5977	-27.924454	-52.870914	0.7408841	262.8964378833771
48	-21.631021	63.349083	72.07676	-102.03584	22.312363	19.991507	64.4731	-11.79039	150.0	150.0	52799	53.286587	13.902897	70.516045	-51.28156	-53.44996	0.888024	268.446337223053
49	23.129772	28.331928	71.24071	-4.649435	25.86031	26.535002	61.110992	-29.039549	150.0	145.25	53899	53.03258	12.972285	67.316216	-34.83296	-53.163986	0.9647026	274.0345015525818
50	28.76972	28.139517	70.370346	-6.9067836	25.974365	33.784187	67.40759	-53.425003	150.0	150.0	54999	52.56549	12.449575	67.74564	-25.562065	-52.715782	0.90940094	279.65741181373596
51	-3.093464	24.013462	12.680301	-60.1941	-27.257275	25.351486	15.788677	-99.385925	150.0	145.9	56099	52.292885	12.76659	68.50438	-21.779997	-52.486263	0.92360175	285.2338001728058
52	-31.375463	33.26969	15.719094	-83.25101	-7.666055	20.800022	32.405437	-50.697628	136.625	145.3	57199	51.308403	13.806569	89.033615	-28.689121	-51.52402	0.94601274	290.6881070137024
53	18.286926	19.59446	54.065582	-10.790583	10.668215	22.849056	64.946846	-44.011353	150.0	150.0	58299	50.412827	15.180434	71.135	-21.000435	-50.651592	0.9837434	296.28423500061035
54	-0.061574392	22.214312	30.2093	-25.837597	12.73095	24.86975	61.9667	-25.118082	150.0	150.0	59399	50.36312	15.179956	73.44804	-41.963734	-50.621696	1.0058125	302.2566521167755
55	15.515429	28.762077	58.601868	-16.742834	9.341241	33.826565	42.459625	-63.295017	150.0	147.45	60499	50.599472	14.870851	72.26689	-31.5255	-50.89127	1.1761714	308.1411921977997
56	24.975574	28.210121	60.17936	-34.27061	7.7272253	30.182861	59.473404	-46.614594	150.0	150.0	61599	51.592827	13.520929	72.56009	-27.083702	-51.871315	1.0323331	313.68071269989014
57	-1.765838	29.791817	36.825943	-41.150753	4.585483	32.959946	48.40011	-44.412006	150.0	150.0	62699	51.382206	13.668378	72.44162	-24.611107	-51.65487	1.2213479	319.4756920337677
58	9.139763	27.767897	50.19285	-32.775974	-0.5004339	35.12489	57.97222	-68.536674	150.0	150.0	63799	50.7854	13.60448	93.20897	-38.75737	-51.057	1.2849082	325.05483174324036
59	5.130504	27.673397	42.471558	-37.037197	17.876934	28.687386	66.23217	-37.52792	150.0	150.0	64899	51.28409	12.87869	73.42597	-27.046583	-51.51699	1.3547878	330.6482689380646
60	27.177874	64.30895	75.757164	-106.965454	5.172785	48.550247	67.04541	-112.39661	150.0	146.75	65999	51.73982	12.010837	69.86274	-14.890993	-51.967503	1.3493792	336.221871137619
61	-46.883644	59.493507	53.990665	-144.2819	-18.64178	45.05619	70.67014	-78.93815	129.375	138.15	67099	51.45666	12.586254	99.486755	-10.704117	-51.718555	2.0840976	341.7565348148346
62	-18.308773	48.540623	68.10678	-100.079636	-26.670696	42.284794	38.809803	-128.60297	146.125	143.35	68199	50.518967	13.621195	95.747185	-28.398052	-50.82304	1.9909259	346.9050393104553
63	-15.138673	39.986652	58.55348	-79.560135	0.18138695	45.786842	73.162865	-70.31053	142.375	137.6	69299	49.234005	14.988587	94.17693	-28.70489	-49.543015	1.3799908	353.17626428604126
64	-40.025276	49.68765	45.437347	-112.181435	-20.27349	45.876747	54.12415	-113.004036	139.75	131.75	70399	47.56196	16.08058	86.58006	-12.603361	-47.863342	1.3184943	358.9341320991516
65	-5.535102	32.613194	59.190876	-44.099926	-8.209364	56.80703	84.63965	-134.52357	137.57143	140.85	71499	46.45184	17.03868	76.338264	-16.938965	-46.737606	1.0832413	365.3723294734955
66	-21.387587	56.155098	73.90939	-115.948845	-13.759361	37.37745	60.108356	-81.278564	140.125	150.0	72599	44.63289	18.386524	73.66568	-20.458988	-44.93409	1.1890732	370.9102828502655
67	-14.464579	48.90542	55.217793	-124.08723	6.5275636	42.0774	64.78169	-116.697784	148.875	145.95	73699	43.02162	19.98231	69.12173	-24.119051	-43.324127	1.0711657	376.65707898139954
68	-32.20616	50.9521	38.17893	-116.44455	-12.549761	45.85763	49.167034	-93.811165	133.5	140.35	74799	41.594547	20.099468	69.51917	-24.935402	-41.917618	1.1883764	382.276957988739
69	8.263612	22.373236	53.42451	-27.971445	-13.081227	49.55204	72.18716	-123.031876	150.0	137.0	75899	42.512947	19.893534	69.43391	-27.480766	-42.854076	1.1985567	387.91795349121094
70	-30.060333	46.033245	34.93677	-101.7633	1.7826478	48.631046	80.32349	-108.683914	150.0	146.3	76999	42.879642	19.52557	69.000046	-31.160831	-43.24033	1.2177408	393.88525557518005
71	-17.079714	56.24976	44.279144	-109.3203	4.412072	39.084614	71.19966	-88.450096	141.28572	144.55	78099	43.126053	19.424545	69.28128	-35.21654	-43.54406	1.2660729	399.79726481437683
72	38.78957	32.47324	71.861626	-16.091953	4.5739717	40.514023	74.05776	-95.314026	150.0	146.45	79199	44.3704	19.444735	70.35026	-38.82519	-44.76211	1.2837226	405.9077076911926
73	27.806925	27.36125	61.217644	-19.916824	12.321031	29.569777	61.550888	-42.99913	150.0	150.0	80299	46.417015	19.916395	71.50344	-39.967625	-46.81114	1.3922682	411.4682056903839
74	24.456638	40.371937	71.177536	-49.11799	25.443525	36.711983	70.04473	-92.45185	150.0	150.0	81399	49.1256	18.236513	71.72654	-31.603857	-49.504616	1.3148358	417.6013066768646
75	8.679643	46.604725	84.44646	-77.843056	13.686731	26.111174	66.30057	-31.835987	150.0	150.0	82499	50.605183	17.828608	74.85816	-23.042713	-50.975975	1.3271247	423.5510437488556
76	13.323766	17.473785	33.652843	-14.056981	16.65495	37.111954	75.307335	-103.15165	150.0	150.0	83599	52.709225	16.822624	74.394035	-25.935163	-53.044937	1.3513896	429.2062442302704
77	35.389095	24.161512	72.54368	-0.74470526	36.42196	30.597517	88.03773	-24.143812	150.0	150.0	84699	54.23938	16.775114	74.70901	-26.77544	-54.56614	1.2740332	434.75570130348206
78	26.166122	21.192505	72.11054	-2.6928763	17.543156	37.709667	85.00318	-99.16654	150.0	150.0	85799	56.985416	15.477691	74.13683	-26.616354	-57.282955	1.2730234	440.1537368297577
79	28.461	36.35083	83.52973	-15.594483	25.833843	44.8396	86.77257	-82.26141	150.0	150.0	86899	59.10693	12.965019	73.23796	-15.379812	-59.346848	1.1483933	445.59352850914
80	35.689434	36.154884	78.93932	-35.152676	13.435982	30.156609	65.27842	-66.40853	150.0	150.0	87999	59.48904	12.805325	82.79562	-12.5872755	-59.724346	1.0983096	451.476350069046
81	-7.416034	35.261852	33.226257	-87.289635	17.96868	42.186775	73.315834	-129.2715	150.0	150.0	89099	59.725517	12.490119	79.354935	-15.80228	-59.944767	1.157731	457.4649066925049
82	22.200638	29.613058	63.92011	-16.11501	-3.7767582	50.998325	68.004105	-123.4952	137.875	142.05	90199	59.501907	12.298458	77.72055	-15.379999	-59.694103	1.0424947	463.1074287891388
83	-12.52996	46.879276	33.662243	-115.65087	-28.23109	59.1474	76.072754	-127.8907	148.0	128.4	91299	59.418083	12.278265	90.104965	-17.855324	-59.636982	1.4456056	468.60321164131165
84	-61.19786	60.992966	56.26365	-129.52913	-7.237924	46.848553	66.7576	-127.49529	135.0	140.65	92399	58.007206	13.384769	86.62768	-32.701183	-58.25941	2.3336244	473.7354233264923
85	-11.035624	47.060616	27.687212	-122.12449	-2.0817451	51.828094	86.33097	-133.45093	150.0	150.0	93499	55.70032	14.987825	80.99213	-15.96781	-55.97435	2.1288743	478.90379071235657
86	16.402407	30.251883	54.18013	-40.156353	11.111431	29.025845	67.728714	-41.797546	150.0	150.0	94599	54.79995	15.422803	78.41448	-19.165077	-55.117878	1.6752433	484.52891397476196
87	-18.225338	66.19221	65.9144	-139.83655	6.9849434	39.785427	76.663605	-66.210335	150.0	150.0	95699	53.926125	15.676554	74.931755	-31.552029	-54.290363	1.5415128	490.2546167373657
88	-8.787229	35.41568	25.130194	-88.05494	-11.591557	37.241287	63.66689	-62.360615	150.0	150.0	96799	53.18884	15.706115	72.15814	-16.422466	-53.565804	1.305819	496.003705739975
89	-20.205503	32.395542	30.473682	-60.336304	-6.9862623	34.58301	58.485466	-55.89636	150.0	150.0	97899	52.72187	15.394274	71.67547	-12.060488	-53.05459	1.1683562	501.94129514694214
90	-15.805642	33.477127	62.86868	-44.854137	-14.439084	42.439983	65.00198	-88.51384	150.0	150.0	98999	51.460297	14.751	71.17125	-6.150748	-51.762566	0.96866846	507.57336831092834
91	-7.871524	32.94367	47.508556	-44.702282	-33.437954	38.2867	33.59792	-116.96191	150.0	141.1	100099	51.456707	13.863644	70.751175	-4.8968782	-51.704063	0.8252387	513.557320356369
92	11.71805	20.405085	48.650883	-8.166152	0.990822	34.137913	57.297585	-64.95735	150.0	150.0	101199	52.21327	12.144835	70.1783	-5.5286307	-52.40485	0.61176753	519.4236311912537
93	-15.89958	34.618904	53.87639	-64.393196	-10.157627	38.949078	56.37073	-76.64875	150.0	150.0	102299	51.78749	11.93597	70.77117	-16.551224	-51.996777	0.6154115	525.8198666572571
94	13.078079	49.62631	80.45732	-71.94335	-18.171944	56.47706	72.03005	-131.55553	150.0	149.65	103399	50.723614	12.099165	70.74513	-4.0049753	-50.945515	0.69743717	531.8045241832733
95	2.4743822	15.454634	30.9575	-17.50455	13.570612	27.624166	54.112755	-61.50966	150.0	150.0	104499	50.51867	11.792602	70.71124	-8.487122	-50.729717	0.8206751	537.7765891551971
96	-3.4493802	45.86645	43.03802	-90.63975	6.574729	23.385439	62.445194	-39.59257	150.0	150.0	105599	49.917088	12.137594	70.46782	-17.02046	-50.146732	0.7466554	543.5743677616119
97	5.619133	42.93601	66.1699	-49.534367	5.6942964	24.784998	65.552986	-29.510563	150.0	150.0	106699	49.36252	12.83577	75.92931	-24.792885	-49.584522	0.9701534	549.5319142341614
98	5.351583	29.726513	57.56004	-45.58872	2.091877	42.02574	61.27588	-80.15174	150.0	134.45	107799	49.524887	13.175826	72.82445	-20.886045	-49.776638	1.1604092	555.3237903118134
99	-12.477199	24.4578	25.526682	-52.756653	-14.556994	35.663906	67.931984	-89.93348	147.42857	137.65	108899	49.520363	13.811236	73.37801	-44.10688	-49.813675	1.2282743	560.846214056015
100	-16.256628	50.83206	65.145195	-99.4305	-1.0019156	52.928432	76.49825	-110.06116	150.0	150.0	109999	48.433376	14.533035	76.00771	-18.934511	-48.767	1.3397707	566.608868598938
101	30.561844	14.1567	47.718338	1.3063711	22.605648	47.569695	92.239265	-92.45532	150.0	144.15	111099	49.319695	14.831521	71.86385	-23.104603	-49.694077	1.3011105	572.283209323883
102	9.601596	54.073322	71.865204	-81.869446	36.205387	39.552265	68.75768	-91.405655	134.25	143.55	112199	49.76353	16.459974	108.1065	-23.080265	-50.151	1.4420894	577.7150528430939
103	35.066887	24.387667	81.7039	-0.7991617	33.572594	31.538559	83.77085	-41.598324	150.0	150.0	113299	51.096485	16.999477	81.43706	-18.65366	-51.50629	1.1550549	583.1195859909058
104	30.257511	25.142286	72.41167	-15.602018	22.952816	39.076023	81.804344	-59.901783	150.0	150.0	114399	53.027626	16.86241	82.1333	-18.550629	-53.43444	1.1664575	589.346515417099
105	7.708776	25.437963	58.40746	-18.567177	18.37788	28.02193	77.639435	-30.9428	150.0	150.0	115499	54.718452	17.217152	76.25203	-18.965416	-55.13628	1.3871187	595.2020421028137
106	3.5089436	38.82405	61.809303	-55.16534	4.704365	29.474869	39.866768	-53.12256	139.625	137.65	116599	55.963364	17.638216	91.4097	-21.288242	-56.388935	1.4366254	600.6396555900574
107	-6.486415	42.18984	51.029884	-67.49396	-7.8267393	41.223137	65.217766	-82.69474	150.0	145.85	117699	58.57279	17.073723	77.38551	-18.443312	-58.926003	1.7128236	606.1642308235168
108	1.1669474	37.387737	48.7799	-74.18645	-14.801501	42.965508	44.882187	-115.70793	150.0	141.4	118799	60.171993	16.500158	81.16031	-17.339554	-60.47284	1.5089457	611.584151506424
109	-10.605447	25.32515	22.600662	-41.8795	-17.515184	27.56335	38.719246	-70.52586	150.0	150.0	119899	60.361855	15.614034	82.719505	-16.589922	-60.622387	1.5083414	617.2177829742432
110	-16.863344	48.202244	33.474304	-120.08224	-26.22811	45.625546	49.295677	-118.60975	150.0	145.95	120999	59.75281	14.774123	81.86225	-31.81528	-59.969048	1.2545766	622.7317578792572
111	-42.730396	50.469204	31.670372	-113.0482	-26.124191	32.631527	28.918016	-88.97613	145.25	136.95	122099	56.973648	16.610994	76.79325	-31.643885	-57.182976	1.4231757	628.2340009212494
112	-27.34243	43.278225	36.575336	-89.12044	-26.70485	43.23284	29.029259	-107.770424	135.375	147.5	123199	54.00142	17.538332	76.3065	-30.068705	-54.24387	1.2146649	634.0179476737976
113	-44.598186	31.214092	13.970296	-85.95204	-38.98193	33.025013	12.075861	-89.03289	139.25	150.0	124299	51.268917	18.260624	76.13084	-25.545618	-51.56753	1.2547524	639.7881274223328
114	-26.832874	33.269226	17.472084	-82.73267	-43.801693	32.190174	8.27884	-97.149796	150.0	150.0	125399	49.315113	17.876179	75.89149	-24.097904	-49.626877	1.2018869	645.7592706680298
115	-35.169098	35.632076	11.837541	-83.355034	-43.29899	26.454777	1.5712215	-86.416985	150.0	150.0	126499	47.035107	17.711433	75.50111	-19.159077	-47.36245	1.2496538	651.4498527050018
116	-71.43586	24.49887	-34.15817	-112.579994	-33.667152	26.456572	16.183115	-73.156006	145.57143	145.1	127599	44.221718	17.751638	75.60063	-19.382586	-44.578686	1.4880562	657.2542114257812
117	-24.853966	38.808994	41.129475	-83.30614	-35.779366	32.72752	47.37464	-94.15937	133.33333	133.0	128699	41.844433	18.430641	75.71716	-19.20783	-42.21345	1.6707326	662.2289271354675
118	-11.624082	37.038074	28.718159	-72.304634	-32.109215	41.02063	28.82254	-126.00611	139.28572	144.5	129799	41.43153	18.634535	75.5189	-16.648348	-41.809612	1.7879477	667.2150993347168
119	-19.771523	34.9739	12.382335	-106.3825	-6.8254814	31.60487	29.425247	-97.96398	150.0	150.0	130899	41.768387	18.046858	76.4394	-17.011774	-42.132633	1.7594284	672.764445066452
120	-24.436827	31.89615	13.049515	-88.46033	-9.877008	44.396175	46.329735	-121.24639	150.0	150.0	131999	42.225388	17.810892	72.497765	-13.323074	-42.56732	1.5293282	678.0614507198334
121	2.8944974	22.061634	40.367107	-21.243515	-7.4225264	40.056427	43.24309	-88.25313	150.0	150.0	133099	43.194073	18.009851	71.91171	-29.465746	-43.527824	1.6820477	683.2667248249054
122	-33.186687	40.962086	23.885223	-79.31238	-21.61488	49.674244	41.24373	-114.753235	140.125	150.0	134199	43.178913	18.825424	98.17634	-50.286	-43.562122	2.0464098	688.4674727916718
123	-20.491295	35.68006	23.423504	-103.031265	-1.5058864	39.188026	50.0934	-91.740486	150.0	144.5	135299	45.085934	18.100508	71.46762	-33.738037	-45.539402	1.7378415	693.6873536109924
124	12.005441	21.442438	46.044388	-20.299759	1.5691707	37.282726	53.944584	-83.06908	150.0	150.0	136399	47.966026	16.42689	74.16192	-33.344563	-48.44581	1.8353523	700.2458081245422
125	5.7230687	16.534586	33.78663	-21.949743	-34.15896	54.375336	42.748188	-140.54721	150.0	150.0	137499	50.188046	14.347099	70.155846	-33.28313	-50.633686	1.6261326	706.2953979969025
126	-11.185792	40.08987	41.97075	-72.77528	-33.06765	38.7105	37.988827	-88.93981	130.55556	150.0	138599	51.76275	12.8459635	70.04399	-22.15965	-52.157726	1.3820684	712.3491504192352
127	-25.273705	41.880333	42.08963	-81.980576	-25.079292	39.23284	36.92584	-94.3514	141.875	148.0	139699	51.18673	13.750825	76.7536	-19.506102	-51.520958	1.3222858	718.0528063774109
128	-29.758839	35.650593	21.93578	-75.95367	-27.782955	46.26705	31.7218	-122.77985	136.75	143.0	140799	50.222496	14.449352	92.99038	-27.259327	-50.47775	1.3268403	724.1472356319427
129	-27.593334	45.63943	23.368399	-101.251434	-34.0506	37.845837	24.293919	-122.4763	142.28572	148.25	141899	49.182167	13.990405	73.869606	-21.509409	-49.420776	1.340148	730.2457773685455
130	-42.833344	36.42658	29.11108	-102.74889	-34.72351	25.284092	22.451834	-68.90264	150.0	150.0	142999	47.88967	13.398401	76.427765	-22.808575	-48.130383	1.5526092	736.205286026001
131	-50.27293	42.85165	-1.8977273	-132.30725	-12.270274	52.673683	40.068527	-123.46969	150.0	150.0	144099	46.18182	13.09172	69.65324	-36.239765	-46.407146	1.7471373	742.592529296875
132	4.5754924	39.03001	50.132286	-57.3279	-26.60944	47.026268	69.23854	-136.43129	150.0	144.55	145199	44.031536	13.363806	72.99713	-24.863573	-44.277718	1.7464671	748.6321287155151
133	6.424472	58.011406	61.407757	-123.76647	-10.522306	48.188023	76.91616	-103.924385	150.0	144.45	146299	42.90076	13.940033	83.983025	-23.520178	-43.196106	1.6385165	753.832417011261
134	6.0519104	54.90295	78.28361	-86.7567	-45.136585	48.865807	49.713272	-146.29085	150.0	150.0	147399	43.08605	14.200043	66.459175	-24.072056	-43.401516	1.613213	759.6495571136475
135	-24.240643	31.853092	21.821796	-76.9268	-29.55659	45.191723	27.533136	-129.44832	125.77778	150.0	148499	43.0261	15.224726	66.69067	-26.874578	-43.369694	1.8664553	765.1950576305389
136	-37.73457	34.226215	21.698336	-94.996826	-28.863047	25.644138	18.634285	-80.577255	150.0	145.75	149599	42.851433	16.836243	67.38192	-22.968008	-43.19147	2.0906262	771.521258354187
137	-35.729088	16.080547	-6.9766216	-58.265842	-25.98057	39.678913	39.201656	-124.55362	136.625	146.45	150699	41.475838	17.467257	70.22845	-39.449024	-41.791496	1.624053	777.6553437709808
138	-44.15665	45.861774	36.307045	-131.72203	5.1228023	41.13284	62.821274	-74.71882	116.55556	133.5	151799	41.00332	18.59194	83.083466	-52.347275	-41.310497	1.9972537	783.1408553123474
139	33.930584	27.769815	65.73766	-16.246067	5.36415	44.32539	70.55934	-102.1745	150.0	145.5	152899	41.453976	18.818571	77.11492	-59.669525	-41.745213	2.4720929	789.062483549118
140	-22.959198	42.80134	34.15285	-78.99385	-3.673301	65.349915	74.90827	-126.17271	136.5	136.8	153999	41.487316	18.738504	75.66593	-53.508045	-41.784615	2.2035675	794.6166718006134
141	-5.897647	60.57867	53.374554	-86.06099	-20.147118	50.31089	44.090855	-140.3283	142.42857	121.75	155099	40.47132	18.735765	71.418724	-47.27878	-40.826782	1.7690727	800.7418177127838
142	-11.726139	52.10899	60.403225	-105.232666	-18.314796	40.0208	68.498695	-63.044674	137.22223	109.2	156199	40.483814	18.650463	82.50721	-42.407223	-40.815517	1.7105851	806.307950258255
143	-30.170084	42.82869	38.00672	-80.71341	-19.000834	45.402275	72.40519	-86.072334	101.7	134.15	157299	40.52193	18.831987	78.63323	-48.395203	-40.868736	1.7458233	811.8791086673737
144	-49.080673	46.61218	12.94951	-141.28314	-6.2265368	46.590256	71.3905	-57.724735	116.44444	114.6	158399	41.213726	19.078993	67.93723	-63.824696	-41.582523	2.110223	817.5234372615814
145	-20.369228	41.473217	59.408104	-72.0864	-0.99697113	52.09818	84.90532	-98.1448	124.111115	119.85	159499	41.59803	19.430485	75.86972	-65.78025	-41.949467	2.0654914	822.8297328948975
146	24.71891	29.802746	51.903637	-36.8255	11.306821	32.582035	62.956284	-58.903126	150.0	142.15	160599	42.523144	19.322657	64.81758	-33.42363	-42.845325	1.7981416	828.5564002990723
147	3.5612712	31.74639	50.359787	-45.847248	-26.912006	40.575882	44.251328	-89.074394	131.5	131.7	161699	42.332558	20.029694	73.45913	-31.796232	-42.63593	2.0378048	834.0341782569885
148	-40.935555	49.09994	73.812965	-100.67234	-20.206177	39.68346	43.200752	-136.4244	110.3	121.05	162799	41.316532	21.490126	72.481415	-77.087234	-41.62407	3.1242821	840.0040528774261
149	-16.703928	25.049955	17.99236	-50.303883	-26.389847	41.29307	40.50137	-87.1249	136.75	133.75	163899	39.52185	22.16779	68.24914	-40.455215	-39.874615	2.9364626	845.0821177959442
150	-26.005013	43.491573	53.4076	-85.79637	-21.744793	34.862743	31.535778	-84.62172	117.111115	120.45	164999	38.3025	22.986887	77.61253	-55.078564	-38.662426	2.9592028	850.7480628490448
151	-17.14534	34.79518	34.447765	-97.11147	-6.6464853	38.44869	59.464874	-73.30846	149.0	137.9	166099	38.61104	22.09707	78.826935	-43.461838	-38.933365	2.354314	856.4182891845703
152	-16.372305	37.16778	33.45168	-59.225384	1.3327568	38.006905	57.116898	-71.83291	118.333336	139.3	167199	40.322147	20.512629	78.80553	-31.770233	-40.66619	2.2436373	862.0593075752258
153	-12.820782	40.59065	34.01201	-83.74992	-13.206662	44.276352	69.486	-93.09124	135.375	143.7	168299	38.63985	21.2663	67.56948	-27.044199	-38.969658	2.3654788	867.7207515239716
154	-15.434319	49.785984	68.564644	-83.26853	-4.204345	39.816074	72.29763	-103.26255	143.625	150.0	169399	36.13541	21.533808	66.5666	-25.66743	-36.486214	2.5519881	873.4165396690369
155	-39.900146	61.145985	33.744442	-134.40758	10.144621	29.227825	57.472214	-57.365646	150.0	150.0	170499	35.229046	20.970531	72.757965	-25.190104	-35.59867	2.3170757	879.5260918140411
156	30.071646	22.210075	63.434208	2.326715	14.131563	45.405636	71.71475	-118.722916	150.0	150.0	171599	37.531452	20.233706	62.44257	-27.52726	-37.90406	2.0540736	885.1880414485931
157	33.290966	37.595135	72.866325	-34.141922	22.808855	40.6955	94.79872	-68.144714	150.0	150.0	172699	39.863617	19.566833	64.043686	-28.295582	-40.238792	1.8836724	891.2737057209015
158	28.744205	26.151287	58.529537	-25.604233	28.273367	35.082363	99.182465	-34.411156	150.0	150.0	173799	42.389713	18.43471	61.018642	-27.212873	-42.719322	1.6624972	897.458010673523
159	9.223584	30.250038	41.45024	-52.94891	11.73263	47.35729	87.02357	-112.32905	150.0	150.0	174899	43.30537	18.417217	62.29728	-26.86048	-43.60232	1.4769115	902.994820356369
160	17.639553	36.71356	85.17187	-47.05455	16.09073	36.502285	80.85896	-87.17496	150.0	150.0	175999	45.396343	16.467264	72.13383	-23.308783	-45.64719	1.2195703	907.9606773853302
161	21.786276	23.11211	76.06524	3.136558	20.155153	32.87815	77.906746	-80.18805	150.0	150.0	177099	47.14872	14.836187	65.811584	-20.858671	-47.35066	0.9505981	913.4634482860565
162	16.960337	27.646044	50.425358	-28.559875	18.644909	40.140244	81.82852	-117.19751	150.0	150.0	178199	49.271976	12.625001	62.328945	-19.210236	-49.451138	0.70819443	919.2644672393799
163	18.30471	21.614683	49.186066	-15.09665	31.272556	27.259012	71.38984	-28.78866	150.0	150.0	179299	50.588818	10.6176	63.47617	-9.9014635	-50.794563	0.63922685	924.7587642669678
164	3.6474864	28.172012	40.84429	-42.30837	14.41012	23.881414	61.51608	-50.58219	150.0	150.0	180399	50.817688	10.787136	69.28227	-6.1313105	-51.043304	0.60337436	929.72238945961
165	11.569559	44.706146	56.699055	-79.83811	6.9147363	27.725801	51.76788	-62.43101	150.0	150.0	181499	50.628143	11.053396	68.25214	-1.4775108	-50.846966	0.7481629	935.1945495605469
166	-18.84521	20.895203	0.06400233	-68.66191	0.4907241	31.433615	77.60226	-46.58499	150.0	150.0	182599	50.10671	11.42067	64.97302	-3.6307483	-50.34578	0.798742	940.7717795372009
167	-2.4674716	26.873343	52.22016	-33.354992	3.312015	36.75255	66.560394	-78.3536	150.0	150.0	183699	49.502293	11.278993	65.14413	-5.263257	-49.730053	0.77033955	946.2166831493378
168	-9.507231	42.215958	67.45859	-73.98162	-0.2932579	36.011868	57.440178	-78.03688	150.0	150.0	184799	48.577103	11.679409	65.27266	-7.474991	-48.784153	0.91218585	951.6743762493134
169	25.226908	22.18471	65.17018	-10.623287	1.0350258	53.930008	67.487236	-125.1712	150.0	150.0	185899	47.96634	11.641845	64.112656	-7.480731	-48.159935	0.98234975	957.260523557663
170	4.8699355	30.867796	55.267685	-48.420723	14.252382	28.065386	63.802807	-48.96764	150.0	140.1	186999	47.738564	11.856337	67.9736	-14.059076	-47.930172	1.0063547	962.8479886054993
171	0.92610824	26.859642	36.049255	-52.783092	12.767559	32.08996	48.082966	-68.26553	150.0	150.0	188099	47.42112	11.973232	65.683266	-18.52279	-47.661568	0.9638936	968.085391998291
172	-17.926937	47.37157	40.184135	-111.30086	33.567993	22.112612	65.07834	-8.383872	150.0	150.0	189199	47.326515	11.987115	68.07888	-19.839413	-47.58659	1.0523033	973.71990275383
173	35.333897	19.921846	55.178337	-3.6614218	28.815308	22.476406	69.47597	-10.986008	150.0	150.0	190299	47.56994	12.098724	63.3228	-20.556765	-47.81211	0.98110175	979.3713662624359
174	15.635127	16.813108	48.676537	-11.104235	27.335175	23.011375	67.108246	-11.447358	150.0	150.0	191399	48.70947	11.893166	64.3877	-23.65886	-48.982742	1.0369092	985.6556313037872
175	43.708862	23.413496	71.730774	0.66191626	16.696684	43.524986	62.929874	-79.89117	150.0	142.45	192499	50.101357	11.600114	71.62323	-15.459311	-50.409206	0.95570266	991.2038955688477
176	21.20681	33.78131	49.125454	-56.28318	11.4864	38.642128	55.42757	-103.98489	138.5	144.4	193599	51.12984	11.918617	76.47214	-26.27641	-51.43768	1.3588104	996.8027422428131
177	-3.1263015	32.838245	45.028404	-63.259552	18.933628	25.895473	65.44355	-23.495558	139.75	150.0	194699	50.99657	13.312542	74.6563	-26.434021	-51.283382	1.2552065	1001.9956963062286
178	15.90659	21.705631	54.77372	-10.46448	16.20991	36.540237	57.00108	-92.26224	150.0	150.0	195799	51.23424	13.1920185	66.99323	-26.154434	-51.494263	1.3266753	1007.2665708065033
179	2.0290315	27.626291	41.59184	-27.488731	6.5737123	36.708794	59.42386	-104.23509	150.0	148.35	196899	51.59925	13.181194	67.10831	-21.233597	-51.856735	1.214083	1012.4569892883301
180	42.279003	23.045637	66.409546	-11.493571	15.67993	34.76355	66.82142	-93.85965	150.0	150.0	197999	51.998104	12.960966	80.43361	-20.268518	-52.228794	1.1747413	1017.9624145030975
181	23.150253	28.126192	44.399246	-41.82368	34.05665	24.501478	70.62549	-4.6273947	150.0	150.0	199099	52.22709	12.784735	66.921364	-21.147701	-52.425552	1.1071826	1024.145189523697
182	30.47307	32.982677	57.8192	-43.259033	18.40367	38.692204	74.32486	-77.85597	150.0	147.45	200199	52.408813	12.564595	66.842735	-19.50385	-52.573566	1.0384073	1029.8402664661407
183	2.2993703	38.92546	37.628757	-62.511673	11.059061	26.288858	63.833508	-30.834177	142.75	150.0	201299	51.89536	12.912823	69.97398	-36.43877	-52.05692	0.9189439	1035.7288918495178
184	3.593113	43.40981	74.01241	-55.01665	28.792923	39.938416	87.200554	-46.98007	139.375	145.55	202399	51.927944	12.460253	66.97807	-44.10981	-52.103767	0.8698742	1041.3976578712463
185	30.226667	33.262947	74.524574	-28.074812	4.5993447	56.470043	91.51922	-94.824455	150.0	134.15	203499	52.046722	12.40415	65.682785	-42.18372	-52.220943	0.88218695	1047.0199255943298
186	-11.370381	72.04844	69.53284	-127.64662	-5.8529253	60.539837	77.3904	-122.94201	150.0	134.35	204599	51.574703	12.747509	65.41318	-36.665348	-51.757965	0.57634354	1052.3825099468231
187	-20.765715	42.94918	34.463837	-79.32399	-13.150269	48.871105	50.864227	-92.37843	134.75	138.2	205699	50.295994	14.091284	64.87752	-32.17226	-50.503998	0.79734796	1058.5374352931976
188	-30.881649	48.275307	3.68679	-143.04274	17.848454	32.614014	62.896183	-77.35922	150.0	150.0	206799	49.228195	15.399067	65.51339	-54.401276	-49.440918	0.9709102	1064.505520105362
189	-0.6436833	45.763893	51.870243	-99.288795	-3.1929207	42.04756	49.499386	-89.85367	145.875	142.4	207899	47.08589	18.823189	64.845856	-66.42664	-47.291527	1.5739993	1070.1531236171722
190	0.29287556	64.62354	57.06906	-136.15129	-20.433796	48.81987	58.51557	-136.71933	150.0	150.0	208999	46.15204	19.61345	64.774315	-54.4227	-46.36427	1.4773118	1075.3122236728668
191	-24.695631	53.745094	49.110115	-118.863014	-13.700664	55.352283	67.155846	-147.41008	150.0	150.0	210099	44.836304	20.228155	64.67223	-54.421818	-45.06493	1.5857744	1080.2773592472076
192	-17.642963	66.441986	60.640167	-136.99841	-15.983477	65.36756	62.157078	-133.70383	150.0	149.35	211199	43.993374	20.651472	65.5661	-57.64277	-44.215282	1.5562401	1085.8147511482239
193	-44.00479	54.182903	28.839521	-139.99878	-20.67386	68.83901	56.76797	-136.64108	150.0	149.8	212299	42.03721	22.071127	66.54883	-67.230095	-42.28455	1.8170692	1091.4964046478271
194	-16.122726	52.017273	62.91718	-71.85867	-17.922222	56.925545	55.150818	-139.74432	140.0	126.45	213399	42.23346	21.679548	68.675545	-67.33031	-42.47767	1.7106436	1097.0247731208801
195	-24.221516	51.701374	44.127655	-140.34726	-22.72411	58.922043	50.818268	-133.59058	139.375	128.5	214499	41.518085	22.444141	69.80769	-64.316475	-41.771683	1.851644	1103.3918299674988
196	-17.64145	53.458965	28.556278	-105.19356	-5.1786413	24.305561	43.4587	-37.763474	147.0	150.0	215599	41.434204	22.687094	66.67398	-50.668655	-41.689922	1.7654536	1108.8890552520752
197	-23.524862	50.614643	51.894833	-127.37333	-20.987076	48.208084	60.102215	-115.47052	150.0	150.0	216699	40.217503	23.050606	71.051765	-48.184746	-40.518337	1.7162535	1114.5130689144135
198	-23.108398	43.19868	28.162533	-95.26534	-5.677049	40.765343	56.614197	-103.906685	150.0	150.0	217799	40.160213	22.672916	75.84029	-46.67716	-40.498844	2.0211275	1120.146137714386
199	-23.04949	38.105015	27.597822	-66.05089	-34.905113	32.765587	15.366499	-102.27455	150.0	150.0	218899	40.740833	22.62531	72.597115	-54.771244	-41.090702	1.9674727	1125.7643294334412
200	-29.382002	27.676788	17.599258	-61.45434	-8.256231	33.476273	46.471115	-69.71269	150.0	150.0	219999	41.87173	20.096117	74.066414	-54.74873	-42.219654	1.7789117	1131.3807764053345
201	-51.41916	59.597046	21.124838	-141.9548	-32.21102	42.593533	27.480314	-121.520164	150.0	150.0	221099	41.5049	18.35143	66.411835	-51.36101	-41.815	1.6803827	1137.0085451602936
202	-36.661873	50.38797	21.89376	-136.02197	-35.029602	35.39838	45.26853	-93.287125	150.0	150.0	222199	40.400738	17.473047	73.23936	-49.374172	-40.654026	1.4613572	1142.7022264003754
203	-10.722861	52.57327	48.055614	-117.91796	-33.031227	34.828876	37.717953	-76.03825	150.0	134.7	223299	40.08622	15.883321	68.904175	-42.226475	-40.312973	1.3083326	1148.3584945201874
204	3.0784812	17.767166	36.87623	-19.451994	-1.9742714	37.662643	53.741417	-89.13937	150.0	145.0	224399	40.425186	14.730276	63.984165	-17.87695	-40.648827	1.2154312	1154.6687009334564
205	-14.177108	33.780518	44.701477	-58.16776	-24.210524	43.04514	54.620804	-91.275314	138.75	143.0	225499	41.016914	13.761023	85.82305	-20.98346	-41.230568	1.321091	1160.5076463222504
206	-38.877274	22.608566	-2.5447717	-71.67226	-50.913227	19.799797	-13.155185	-94.654945	123.888885	118.15	226599	39.93356	13.853152	64.580826	-15.408948	-40.147068	2.005005	1165.9766986370087
207	-16.684467	22.76726	20.120691	-50.452656	-32.44979	27.043903	20.357986	-76.26944	134.0	131.9	227699	38.71715	14.617264	64.650444	-17.439022	-38.92326	1.9469738	1171.8502452373505
208	-22.62719	19.717258	14.429089	-58.35666	-23.21207	36.30937	60.420345	-94.295975	140.375	146.15	228799	38.625748	15.087888	63.802486	-16.649017	-38.851406	1.5884354	1176.997198343277
209	-23.991135	41.07943	30.715868	-103.02049	1.8010076	42.60619	75.85222	-73.56528	150.0	150.0	229899	38.83912	15.153513	63.05406	-32.88866	-39.094597	1.7277554	1182.2026860713959
210	22.678904	46.641697	89.40135	-56.799454	1.3236921	51.6658	79.03308	-115.901764	150.0	144.5	230999	39.454254	15.639377	65.49831	-31.762068	-39.773285	1.7849164	1187.3977065086365
211	24.889389	44.882015	84.51814	-59.00697	5.3724556	48.085274	89.53816	-72.17348	150.0	138.9	232099	39.532692	16.04475	64.02672	-30.557467	-39.880013	1.6285944	1192.8859214782715
212	-21.444727	54.986534	52.475063	-103.334984	0.15282193	40.820724	60.33215	-73.35861	140.85715	135.1	233199	39.301567	17.016354	63.66744	-30.434454	-39.69303	1.7472193	1198.2731795310974
213	11.83684	34.828705	65.906555	-55.911118	-17.006496	41.677605	71.68995	-61.626553	140.125	122.2	234299	40.844757	17.410831	78.93819	-49.55852	-41.358665	1.9152133	1203.6480784416199
214	-19.907269	51.517616	65.08472	-85.02004	-3.5164628	45.364555	56.679092	-90.93616	113.7	120.65	235399	43.18069	17.001328	71.53619	-31.556772	-43.592583	1.6581334	1209.5564749240875
215	8.273477	52.458897	64.60836	-90.16227	2.451915	45.969666	62.840813	-82.55907	128.88889	134.75	236499	44.64386	17.64644	78.31631	-31.00108	-45.013412	1.6298497	1215.2396829128265
216	3.6932979	43.52255	65.24468	-59.281788	-13.205612	41.62299	39.564857	-111.85657	120.0	139.7	237599	45.923187	18.577314	80.57867	-26.152617	-46.30683	1.6676935	1220.4159796237946
217	-9.963321	59.24144	61.379726	-117.29673	-12.056308	40.15498	49.19926	-61.708317	129.75	125.6	238699	46.750492	18.810131	71.95017	-56.347153	-47.07422	1.9331838	1225.8874595165253
218	-16.583736	58.762787	63.36234	-114.62733	7.942833	46.833908	59.01019	-133.07819	142.5	146.55	239799	46.16138	19.514957	104.68776	-32.38869	-46.520016	3.492175	1231.486179113388
219	-7.189599	33.13844	43.435806	-51.03034	-6.5632553	54.867905	59.07231	-136.04388	150.0	146.95	240899	46.0334	19.206692	86.42458	-33.56319	-46.386307	3.5920618	1237.1273794174194
220	-14.68288	47.97557	47.692486	-103.2483	-0.51831245	40.995266	52.99173	-76.88141	150.0	138.8	241999	45.91877	18.323608	79.17664	-29.336384	-46.256855	2.8656778	1242.8642332553864
221	-6.770505	34.247883	38.073746	-63.521534	-3.3995888	39.160095	73.84828	-72.18246	138.14285	130.85	243099	46.374382	17.373152	74.08818	-39.23045	-46.684765	2.5420046	1248.2472908496857
222	20.473368	45.901707	53.86065	-90.76743	1.6538388	42.694454	62.10835	-68.1742	150.0	131.4	244199	46.66654	16.379812	77.448235	-21.225857	-46.923103	2.0622623	1253.7297840118408
223	5.5856476	48.119404	55.518284	-65.56891	10.177129	43.10607	67.283905	-96.025734	129.25	150.0	245299	47.047466	15.592274	68.9996	-27.62786	-47.28195	1.8295012	1259.562399148941
224	2.611122	42.266697	64.74654	-74.74996	-12.924222	55.45285	64.65472	-143.54921	141.5	139.85	246399	46.862183	15.755542	70.26864	-41.961933	-47.072792	2.285236	1265.3978343009949
225	6.345479	29.894903	46.890198	-49.108467	0.390862	48.22352	69.02519	-108.75644	150.0	135.55	247499	47.899082	14.715848	68.494995	-16.7265	-48.12909	1.6480442	1270.874585866928
226	18.937824	28.345175	61.013306	-21.816366	10.340337	36.98413	58.225822	-74.60929	150.0	144.7	248599	48.9719	14.08498	76.23781	-12.584655	-49.22321	1.402995	1276.6810047626495
227	-17.797361	44.271873	49.01818	-90.2185	-8.8611965	30.094812	50.565308	-69.17312	150.0	125.55	249699	49.447548	13.979052	67.52652	-13.841862	-49.725094	1.3813554	1282.1972870826721
228	-5.911114	21.495653	30.16171	-38.77676	-9.438469	26.103506	21.887686	-79.072174	126.44444	150.0	250799	49.628124	14.469853	72.83173	-32.192795	-49.92589	1.5059814	1287.8687629699707
229	6.5845566	30.369246	36.9805	-57.619537	3.475659	31.954025	42.17938	-75.263596	142.125	141.65	251899	50.17938	14.934318	74.253426	-27.303783	-50.471962	1.4576362	1293.5021317005157
230	-6.1852756	48.517036	38.333622	-114.22729	-16.547787	54.642418	62.367264	-125.62705	150.0	148.55	252999	49.89603	15.550186	91.46161	-23.791916	-50.198112	1.4886948	1299.0480654239655
231	0.84979737	41.38694	39.786816	-91.7441	12.040689	43.68078	68.31278	-62.47211	150.0	135.2	254099	50.09928	14.330933	75.39119	-25.229513	-50.396168	1.3408173	1303.9460253715515
232	11.039757	43.46111	58.794262	-80.07408	11.893325	37.581875	67.92934	-112.98851	144.375	150.0	255199	50.369324	14.198014	71.36263	-27.05559	-50.693104	1.3524803	1309.5509369373322
233	8.921704	55.425484	72.898155	-89.80237	9.910513	53.77837	78.55412	-139.54196	144.57143	141.4	256299	50.44852	14.717731	70.904045	-29.28341	-50.803104	1.4978681	1315.0273485183716
234	24.533194	44.690315	60.74616	-86.88606	16.71438	40.73031	75.37907	-80.448784	150.0	142.75	257399	50.70563	15.202715	80.20942	-26.119602	-51.043728	1.5149896	1320.673045873642
235	36.76635	5.9736767	44.132553	26.78684	27.818628	33.498722	72.69088	-56.45283	150.0	145.45	258499	52.19719	14.732015	73.63548	-22.872562	-52.52044	1.2959287	1326.3119728565216
236	33.94076	28.791063	65.41162	-20.588884	4.69114	38.398643	59.53743	-66.14462	150.0	127.95	259599	53.120003	14.598045	75.67558	-23.392254	-53.42822	1.4459257	1331.7867028713226
237	-1.0600438	24.545162	29.23596	-51.674778	22.857527	25.731655	66.80696	-43.762455	138.75	150.0	260699	54.035706	14.159652	76.55328	-21.312258	-54.30645	1.3389848	1337.3412916660309
238	13.62361	20.868221	41.024708	-16.638025	6.512867	32.686893	54.601273	-62.62856	150.0	136.9	261799	54.77511	13.559421	78.247284	-10.950947	-55.01191	1.2931668	1342.9966230392456
239	-15.126297	35.883488	45.876244	-76.99093	18.73515	23.987001	66.86362	-19.889074	130.375	150.0	262899	55.00606	13.263795	93.29805	-19.151627	-55.24228	1.5419196	1349.0299410820007
240	7.6452646	26.152342	54.126083	-27.756603	7.904522	38.504654	60.619972	-79.12955	150.0	137.75	263999	54.789955	12.662838	91.04486	-31.492924	-54.999737	1.605692	1354.6983442306519
241	15.275888	27.575352	56.468517	-45.73962	-8.319674	18.201036	28.373232	-37.47936	140.625	145.2	265099	54.864708	11.419186	82.34301	-17.862568	-55.06981	1.183182	1359.7537229061127
242	9.353916	32.326626	59.12211	-38.34485	-2.082894	30.628185	54.28446	-64.029945	150.0	136.35	266199	54.595974	11.165157	72.16204	-21.76021	-54.84891	1.1758667	1364.927162885666
243	2.8150363	28.25475	23.417599	-64.04144	0.8695253	39.021046	49.02152	-105.56867	150.0	145.45	267299	53.92892	11.370939	72.83463	-20.23758	-54.232044	1.2008709	1370.5212149620056
244	-19.968735	38.22472	37.23685	-97.50453	-7.9349823	33.950214	32.981438	-92.92681	150.0	150.0	268399	52.979767	12.129757	74.81179	-19.055906	-53.272297	1.2835314	1376.7774813175201
245	15.783056	26.425913	50.821674	-39.931976	19.00409	29.257906	62.540752	-29.547575	150.0	150.0	269499	53.011143	12.093009	70.35207	-19.240732	-53.26573	1.2992847	1382.3869533538818
246	-9.461064	38.549572	58.376617	-69.62043	14.651413	39.72044	61.874786	-82.33479	150.0	141.7	270599	52.55646	12.214977	67.66283	-21.966871	-52.803062	1.0732429	1388.026397228241
247	-1.5952597	31.028212	41.220066	-67.55668	33.082558	23.2062	73.301956	-3.372452	143.375	150.0	271699	52.47074	11.629077	69.4587	-26.435574	-52.70479	1.1832557	1393.5365271568298
248	41.131775	24.36508	80.24802	-3.1244886	21.439472	38.656258	100.12295	-55.65422	150.0	136.95	272799	52.041725	11.964219	67.41112	-27.066774	-52.252426	1.1255962	1399.241822719574
249	9.837254	34.506504	77.04629	-32.060017	23.625317	34.542904	81.41535	-45.02234	138.75	150.0	273899	51.780685	12.280471	67.478035	-40.426926	-51.966698	1.0786656	1405.060022354126
250	-0.6816646	38.71664	47.897514	-74.03325	0.22970219	34.09155	59.012566	-73.73376	150.0	150.0	274999	51.53671	12.659813	68.0028	-20.292812	-51.726364	1.3127956	1411.3572103977203
