Epoch	AverageEpRet	StdEpRet	MaxEpRet	MinEpRet	AverageTestEpRet	StdTestEpRet	MaxTestEpRet	MinTestEpRet	EpLen	TestEpLen	TotalEnvInteracts	AverageQVals	StdQVals	MaxQVals	MinQVals	LossPi	LossQ	Time
1	-80.0715	33.278725	-46.792774	-113.35023	-133.92082	9.986056	-112.08561	-148.55142	400.0	400.0	1099	-0.15756768	0.43598756	0.77161956	-0.94396734	0.14572048	0.024285411	2.683596611022949
2	-45.321697	32.17678	-8.555407	-86.925476	-197.64133	9.019698	-180.49913	-209.28703	400.0	400.0	2199	-0.62757486	0.8930399	2.10752	-2.611402	0.6160163	0.010400605	10.320975542068481
3	-101.671745	18.101112	-76.27778	-117.1679	-166.00374	42.857124	-56.09031	-207.60294	400.0	400.0	3299	-1.4236984	1.5860946	3.927048	-4.269613	1.4048222	0.008586078	16.6916663646698
4	-63.520863	9.90913	-54.60387	-77.34161	-15.910309	60.391647	91.57752	-134.645	400.0	400.0	4399	-2.046149	2.1890435	6.0351267	-5.529654	1.9562386	0.0060830023	22.939399003982544
5	-78.50899	14.809917	-63.699074	-93.31891	11.853288	44.54443	100.39116	-38.343353	400.0	400.0	5499	-2.1881757	2.8305614	8.453368	-6.399651	2.0382316	0.00426262	29.268683433532715
6	-80.57819	21.289547	-65.464005	-110.68608	11.994501	38.98315	132.81166	-35.621647	400.0	400.0	6599	-2.1593506	3.4712255	10.682145	-6.998801	1.9904501	0.0040732585	36.882997035980225
7	-87.17312	12.424702	-77.54868	-104.7167	20.793766	48.891617	175.75957	-30.399103	400.0	400.0	7699	-2.2232354	4.0423336	12.80952	-7.5263023	2.0511622	0.007149113	42.71839785575867
8	-45.698376	44.15657	16.748388	-76.995056	0.6892439	36.134296	70.75905	-51.6495	400.0	400.0	8799	-2.0397234	4.6483603	14.873364	-8.102761	1.8604692	0.010753802	48.57629656791687
9	-34.019096	32.33104	-1.6880559	-66.350136	1.2146747	25.573835	54.64103	-35.6395	400.0	400.0	9899	-2.0362504	5.2677884	16.694954	-8.586653	1.8530126	0.015129836	54.436779499053955
10	-93.43285	14.7256365	-76.48409	-112.386795	-1.1912644	22.747063	47.36051	-34.877747	400.0	400.0	10999	-1.9696496	5.823958	18.427742	-9.007407	1.7826461	0.021465153	61.198479890823364
11	-84.62819	37.968437	-36.06192	-128.74542	-10.50033	23.022488	49.090023	-50.414326	400.0	400.0	12099	-1.80849	6.1892843	19.876242	-9.368501	1.6162233	0.027003357	67.69913935661316
12	-97.07568	7.0414987	-91.89252	-107.031044	-8.527704	32.710037	66.75289	-45.94366	400.0	400.0	13199	-1.8382943	6.485217	21.160248	-9.563718	1.6391708	0.030359188	75.25232768058777
13	-75.30573	4.286438	-71.019295	-79.59217	24.900991	28.921362	75.38668	-22.49863	400.0	400.0	14299	-1.7443466	6.7929444	22.45959	-9.734842	1.542688	0.037285715	82.78646612167358
14	-72.62236	24.1823	-46.770073	-104.93716	-1.040974	35.306007	88.01341	-52.21847	400.0	400.0	15399	-1.6792202	7.0301194	23.416197	-10.070308	1.4736904	0.042454448	89.3494234085083
15	48.982327	44.669357	90.88303	-12.910368	11.917986	38.673843	118.5166	-36.29778	400.0	400.0	16499	-1.6259893	7.552216	24.64295	-10.426697	1.4275051	0.054818906	95.76032757759094
16	5.07496	20.785564	25.177874	-23.54971	4.457834	30.812489	58.129192	-52.2196	400.0	400.0	17599	-1.3821502	8.117416	25.801712	-10.64452	1.1927	0.0649999	101.92024636268616
17	-13.141504	13.62611	0.4846061	-26.767614	15.599278	37.877354	96.4802	-35.228355	400.0	400.0	18699	-1.3976455	8.409933	27.177696	-11.145005	1.218749	0.077488914	108.55080795288086
18	53.270725	69.886955	151.04681	-8.113597	4.5909023	24.156408	50.59173	-43.968212	400.0	400.0	19799	-1.1643457	8.90638	29.40281	-11.639872	0.992661	0.08355927	115.16354203224182
19	0.008403142	39.477596	55.419174	-33.609287	32.049065	40.92064	114.79581	-38.395943	400.0	400.0	20899	-0.9852575	9.244062	31.07634	-12.024856	0.8225477	0.09320248	122.06182026863098
20	30.658457	68.8102	127.9535	-19.577211	19.928469	46.59219	92.80583	-37.921635	400.0	400.0	21999	-0.80793804	9.633542	32.49957	-12.464055	0.653365	0.10090651	128.9426622390747
21	7.290947	42.17182	49.46277	-34.880875	31.920933	44.692562	126.72205	-27.837477	400.0	400.0	23099	-0.6662296	9.9725	33.85784	-12.998318	0.5159113	0.11047359	136.67635941505432
22	22.864893	60.439278	93.5323	-54.109505	38.587425	41.478397	113.04074	-33.378273	400.0	400.0	24199	-0.48930374	10.303946	35.016346	-13.608894	0.345082	0.12731536	144.29130125045776
23	32.808346	39.97418	70.378586	-22.55902	12.494365	43.228176	108.38593	-43.238743	400.0	400.0	25299	-0.33526126	10.626982	36.233597	-14.26297	0.19569314	0.13250823	151.75681519508362
24	14.874606	28.800676	46.588825	-23.115616	1.5021079	29.453362	67.72765	-36.684196	400.0	400.0	26399	-0.09961711	10.947868	37.26848	-14.842492	-0.036582123	0.14142278	158.336975812912
25	-24.653675	2.9423933	-21.71128	-27.596067	32.054165	44.951458	152.41498	-36.913666	400.0	400.0	27499	-0.16371371	11.039343	38.260014	-15.387772	0.03264104	0.14161411	165.69817280769348
26	8.975619	20.041046	23.216059	-19.366587	29.700037	48.738842	138.601	-47.52319	400.0	400.0	28599	-0.14200135	11.182381	39.183495	-16.540325	0.015362951	0.15214719	173.0714762210846
27	4.311196	15.221198	25.299356	-10.324161	7.7553267	43.638786	111.16088	-46.060123	400.0	400.0	29699	-0.1469915	11.38927	40.129837	-16.625814	0.023826186	0.15731809	180.49227714538574
28	7.4327064	41.14797	65.62471	-21.686766	23.940664	52.740414	138.00345	-43.974346	400.0	400.0	30799	-0.19677827	11.473673	40.902668	-16.616116	0.0780834	0.16584562	186.8028745651245
29	31.063793	51.116978	82.18077	-20.053185	8.222456	30.624895	83.06995	-30.631964	400.0	400.0	31899	-0.06504889	11.705057	41.489784	-16.76121	-0.048643522	0.16791046	193.3161232471466
30	69.27715	80.68972	183.20952	6.7604027	52.82774	71.10246	163.20256	-48.844807	400.0	400.0	32999	0.14634895	12.079227	42.93099	-17.011309	-0.25778726	0.17699042	199.93851828575134
31	75.134	39.734234	130.01143	37.227943	7.656308	35.664806	77.75525	-44.373627	400.0	400.0	34099	0.7155405	12.886519	44.18341	-17.30789	-0.82560706	0.18378696	206.4542760848999
32	98.582954	20.551731	125.97588	76.47334	7.660159	48.190678	111.59273	-47.984264	400.0	400.0	35199	1.1436363	13.305725	44.667316	-17.615206	-1.2518117	0.19991636	213.0341567993164
33	66.58653	50.40219	116.98872	16.18434	14.163686	34.59721	93.65563	-30.2122	400.0	400.0	36299	1.6545237	13.766928	45.23997	-17.779099	-1.7616625	0.203462	220.48954153060913
34	2.3335469	40.753452	56.674007	-41.468025	16.437452	49.1381	137.65564	-45.716793	400.0	400.0	37399	1.8477795	13.879138	45.876873	-17.976864	-1.9528254	0.21519247	226.79478788375854
35	-16.585264	31.059671	26.921432	-43.576008	-5.896558	29.25146	88.07406	-48.35598	400.0	400.0	38499	1.6935121	13.92836	46.54339	-18.073305	-1.7962564	0.21040234	233.23966360092163
36	3.9143112	25.848066	33.133186	-29.718185	18.332829	47.13754	147.35448	-49.031555	400.0	400.0	39599	1.5756769	14.004811	47.140854	-18.2413	-1.676274	0.21648102	239.60237646102905
37	1.490921	22.94738	24.438301	-21.456459	47.952244	47.024033	152.81471	-30.146742	400.0	400.0	40699	1.5878015	14.11953	47.742863	-18.301601	-1.6853143	0.21539412	246.08415722846985
38	10.57134	35.72682	57.52108	-29.071407	11.091384	45.592236	167.78285	-33.677742	400.0	400.0	41799	1.4787709	14.135833	48.249073	-18.348106	-1.5753716	0.22696307	252.61345410346985
39	19.872282	37.891407	69.211464	-22.904549	34.30934	62.058697	172.06306	-43.782494	400.0	400.0	42899	1.4450861	14.208673	48.854527	-18.419737	-1.5414447	0.22535875	259.24884009361267
40	51.45233	14.266735	66.55494	32.314697	21.404541	84.03157	214.14282	-58.113834	400.0	400.0	43999	1.7116939	14.384461	49.176567	-18.483662	-1.8066121	0.22195184	265.92274141311646
41	-23.10704	9.850029	-13.257011	-32.95707	6.3719177	60.63635	224.895	-56.39033	400.0	400.0	45099	1.710773	14.479142	49.587082	-18.605335	-1.8050594	0.23501417	272.5416603088379
42	66.646935	80.04206	164.64902	-31.413164	15.546214	73.80576	199.71143	-56.066177	400.0	400.0	46199	1.8911537	14.753321	50.072754	-18.578646	-1.9834268	0.23756753	279.1501433849335
43	-7.8689055	28.30457	26.418001	-42.901707	-7.7085466	53.66948	124.36349	-62.04402	400.0	400.0	47299	1.8721299	14.83275	50.547092	-18.717981	-1.9638594	0.25116265	285.2385313510895
44	10.766675	59.722393	91.48929	-51.11303	21.550936	72.931206	212.6236	-60.915623	400.0	400.0	48399	1.8276069	14.958985	50.96829	-18.730019	-1.9182072	0.2521905	291.3366117477417
45	54.981968	61.705845	116.68781	-6.7238765	37.099083	47.586906	136.12088	-31.790892	400.0	400.0	49499	1.8753635	15.139068	51.316097	-18.783823	-1.9669231	0.26543066	297.5862686634064
46	-3.110714	43.039494	51.40472	-53.812996	13.778654	53.895206	138.85034	-46.862473	400.0	400.0	50599	1.779481	15.138855	51.528877	-18.733519	-1.8712037	0.25821748	303.68100214004517
47	-27.868567	47.440865	39.19998	-62.922955	36.349438	63.38667	211.39803	-59.29504	400.0	400.0	51699	1.5776584	15.170963	51.77367	-18.550137	-1.6676532	0.27970624	309.7198874950409
48	99.61386	114.33143	238.47131	-41.55375	25.894241	48.11867	109.796394	-55.862797	400.0	400.0	52799	1.7440488	15.425154	52.01927	-18.376226	-1.8355143	0.2930016	316.23904371261597
49	37.480698	82.373344	119.85404	-44.892647	73.94377	71.039566	198.82335	-48.73444	400.0	400.0	53899	2.0712945	15.876526	52.532734	-18.289303	-2.1617384	0.2812308	322.5272738933563
50	42.955044	46.736477	108.67391	3.9948325	76.353874	83.10101	212.68474	-43.568054	400.0	400.0	54999	2.2972069	16.06169	52.821835	-17.96887	-2.3870502	0.29526561	328.59925508499146
51	46.72012	19.226768	69.68863	22.632746	47.54487	77.50872	221.32642	-42.761322	400.0	400.0	56099	2.3910742	16.137568	53.174427	-17.79974	-2.4840329	0.29054096	334.70984959602356
52	3.200259	52.33122	74.55047	-49.49529	53.818428	84.60659	233.3027	-52.417835	400.0	400.0	57199	2.4063053	16.148218	53.494865	-17.504797	-2.498243	0.28643754	340.78701734542847
53	-22.178225	35.089043	12.910819	-57.26727	73.34672	90.0095	266.98245	-54.990086	400.0	400.0	58299	2.430024	16.224653	53.826885	-18.769714	-2.5227988	0.291892	346.89940309524536
54	1.9346861	110.29951	152.8709	-107.631355	79.74493	99.81448	222.5346	-49.69395	400.0	400.0	59399	2.550749	16.314022	54.228535	-18.79705	-2.6444654	0.30526018	353.3313558101654
55	10.953754	70.34325	109.94072	-47.1097	69.196976	93.637794	259.3039	-57.870655	400.0	400.0	60499	2.739184	16.517708	54.501778	-18.903017	-2.8295658	0.3149879	359.8986248970032
56	6.2602763	43.36771	60.788986	-45.316673	61.07876	97.33155	228.1021	-43.08426	400.0	400.0	61599	2.721287	16.542625	54.97114	-18.87058	-2.8123353	0.30195513	366.5438573360443
57	70.46006	81.58381	152.04387	-11.123751	54.513073	84.84296	233.07327	-56.93619	400.0	400.0	62699	2.7290454	16.608055	55.23373	-18.753931	-2.8207905	0.30454227	372.9642856121063
58	74.15478	117.98128	228.99808	-57.091026	55.256226	99.74358	232.42513	-59.046604	400.0	400.0	63799	2.88658	16.8327	55.53777	-18.992577	-2.9773345	0.32337284	379.3679745197296
59	136.8271	26.807104	174.58992	115.046	55.21869	115.63241	280.70755	-57.300808	400.0	400.0	64899	3.3456	17.15875	56.65747	-19.007357	-3.4389586	0.31793982	385.96398162841797
60	72.34827	97.2773	178.25076	-56.64773	103.9526	85.60468	222.18585	-40.680264	400.0	400.0	65999	3.8339295	17.552572	57.105663	-19.036173	-3.9280958	0.33420318	392.3415758609772
61	233.0092	3.5550385	236.56424	229.45416	93.98503	111.03325	243.45116	-79.97491	400.0	400.0	67099	4.2554793	17.96353	57.606266	-19.447422	-4.3507147	0.35413453	398.9889106750488
62	104.9777	115.60951	217.0276	-54.158623	91.43573	127.838806	262.64658	-71.83526	400.0	400.0	68199	4.78414	18.467333	57.866898	-19.784958	-4.8781867	0.36904564	405.4660098552704
63	170.49391	52.916866	240.09836	111.88606	87.0016	110.117645	261.08218	-70.34892	400.0	400.0	69299	5.2582154	18.786879	58.299763	-20.223783	-5.355236	0.37370345	412.22969222068787
64	153.30089	114.879814	276.59097	0.027659966	105.81132	115.67659	273.08594	-63.422066	400.0	400.0	70399	5.8049335	19.234755	58.621067	-20.626596	-5.9023542	0.37947857	418.698858499527
65	83.734634	175.4611	259.19574	-91.72647	139.83563	78.682526	295.98856	-31.900305	400.0	400.0	71499	6.385029	19.741041	58.925106	-20.876759	-6.4861145	0.38401988	425.1498794555664
66	118.4174	103.404335	251.12764	-1.1324548	66.446205	120.74456	278.7896	-89.58247	400.0	400.0	72599	6.7842016	19.96005	59.192665	-21.011036	-6.8850102	0.37916094	431.78388714790344
67	29.86209	35.20537	65.83474	-17.933695	100.99768	112.63649	252.34666	-89.55801	400.0	400.0	73699	7.2739205	20.248127	59.52436	-21.30141	-7.37695	0.3908342	438.27543544769287
68	7.277203	40.057045	49.137867	-46.707836	71.37537	113.99499	243.43385	-53.266922	400.0	400.0	74799	7.2616906	20.318283	60.01278	-21.48419	-7.3659	0.4007596	444.93800354003906
69	86.205025	113.80478	200.0098	-27.599752	74.57267	112.733444	290.01013	-81.70584	400.0	400.0	75899	7.54355	20.4494	61.251915	-21.635153	-7.6548314	0.41651505	451.620169878006
70	18.631456	90.18688	146.1651	-46.50947	86.59007	94.38674	260.32568	-47.98742	400.0	400.0	76999	7.8815255	20.60445	63.512154	-21.489532	-8.003011	0.41197038	458.10690236091614
71	33.060993	92.63807	163.90395	-38.08834	63.015003	92.48198	210.41324	-82.88074	400.0	400.0	78099	8.283217	20.881153	65.36797	-21.523634	-8.408042	0.40667886	466.0072751045227
72	54.135456	96.017006	189.65248	-21.05608	82.35643	113.758354	260.31833	-86.69401	400.0	400.0	79199	8.602388	21.062647	67.038704	-21.341389	-8.726524	0.42821082	473.8609278202057
73	74.77237	98.063965	172.83633	-23.29159	23.089159	116.86989	249.05215	-100.391174	400.0	400.0	80299	9.195971	21.448206	68.41376	-21.03351	-9.318829	0.43036965	481.620365858078
74	-3.753217	126.835365	175.58948	-96.24621	79.461105	113.91778	257.04266	-63.137127	400.0	400.0	81399	9.596775	21.684916	69.328384	-20.548357	-9.717193	0.46482962	489.3997690677643
75	-4.846893	64.114	80.29732	-74.41446	81.56406	119.90896	239.64827	-91.51272	400.0	400.0	82499	9.765645	21.82268	70.83049	-19.782736	-9.886215	0.4439607	496.2877342700958
76	-15.950214	70.97887	83.5064	-77.43803	82.31735	112.33341	271.16296	-83.88948	400.0	400.0	83599	10.024736	21.95639	72.29462	-20.529585	-10.147935	0.45011714	503.9710900783539
77	-50.474106	1.0449257	-49.42918	-51.51903	92.54096	116.85481	248.91898	-82.98228	400.0	400.0	84699	10.092496	22.040209	73.53513	-21.016958	-10.222	0.45905912	511.60828614234924
78	-5.6242447	87.043	117.437546	-69.7189	129.15915	69.4908	212.35587	-54.52894	400.0	400.0	85799	10.35701	22.291418	75.14196	-21.300486	-10.4946	0.466216	519.2061192989349
79	201.47609	46.083538	238.60132	136.5257	137.17068	84.97486	270.19162	-60.004665	400.0	400.0	86899	10.84095	22.67427	76.67849	-22.020517	-10.974972	0.49026933	526.0861988067627
80	66.99393	101.43439	189.11838	-59.24205	87.62286	127.21843	271.56384	-71.89403	400.0	400.0	87999	11.494725	23.19396	77.86157	-22.301506	-11.622722	0.5001284	533.0705010890961
81	184.05966	8.563011	192.62267	175.49664	87.264145	123.21216	246.66743	-82.052086	400.0	400.0	89099	11.932392	23.583447	78.64585	-22.470266	-12.06084	0.48504227	540.0132687091827
82	173.42255	25.533834	201.9393	139.97925	150.05452	92.568016	258.90512	-44.98883	400.0	400.0	90199	12.628229	24.043653	79.075745	-22.328297	-12.753103	0.500269	547.6172745227814
83	37.238827	143.04395	239.39388	-70.347275	110.96995	104.14722	264.71564	-75.81115	400.0	400.0	91299	13.128193	24.380936	79.520004	-22.138163	-13.262091	0.52330357	553.9452731609344
84	131.4248	53.02914	200.03902	70.90317	105.78003	89.02943	219.51616	-95.09699	400.0	400.0	92399	13.481015	24.55291	79.85915	-22.141195	-13.621881	0.51362497	560.2848756313324
85	10.135976	29.600716	39.73669	-19.464739	100.42351	129.8813	268.27563	-89.419914	400.0	400.0	93499	14.03307	24.780792	80.23226	-21.893652	-14.190259	0.5492643	566.7862477302551
86	93.44745	110.11469	211.97739	-53.28672	163.96182	90.024086	256.49194	-91.94802	400.0	400.0	94599	14.391368	24.84373	80.51064	-21.329958	-14.541055	0.5449191	573.1782007217407
87	208.05658	24.314758	241.14209	183.4007	129.24223	99.96934	220.03784	-84.859116	400.0	400.0	95699	15.0308	25.0922	80.95979	-21.36459	-15.188477	0.54273754	579.7195715904236
88	87.868126	127.36913	201.146	-90.057396	99.36357	105.96196	256.84708	-75.54488	400.0	400.0	96799	15.644402	25.37949	81.0596	-21.54871	-15.797269	0.55462366	586.3253693580627
89	63.368633	141.80437	205.173	-78.43574	110.837585	118.65111	249.01491	-118.67486	400.0	400.0	97899	16.078524	25.587677	81.262146	-21.829674	-16.23962	0.5895292	592.9066474437714
90	131.97838	27.858835	160.76155	94.288315	134.78792	77.72688	223.76607	-45.819046	400.0	400.0	98999	16.452541	25.746004	82.030556	-21.956738	-16.616585	0.57690716	599.5612947940826
91	216.07617	12.815786	230.18958	199.17186	115.11886	142.16933	256.8769	-128.1218	400.0	400.0	100099	17.140865	26.1112	82.17299	-22.210062	-17.310394	0.5713554	607.1709084510803
92	196.24849	31.306288	239.54446	166.5868	140.00252	111.414825	252.63126	-94.868164	400.0	400.0	101199	17.896456	26.51293	82.45442	-22.329105	-18.079063	0.5688602	613.7708730697632
93	78.99832	145.47649	224.47481	-66.478165	133.34846	106.11129	258.8089	-70.02559	400.0	400.0	102299	18.633831	26.976301	82.54602	-22.54928	-18.819468	0.57169366	620.1530346870422
94	132.43172	120.08088	218.81523	-37.379723	99.50837	107.44656	256.6252	-110.8099	400.0	400.0	103399	19.02197	27.224424	82.52208	-22.513947	-19.20853	0.5836941	626.811240196228
95	89.099205	93.98964	168.99635	-42.846188	104.94484	110.607834	243.80846	-82.449486	400.0	400.0	104499	19.661993	27.515278	82.82857	-22.303139	-19.853748	0.5866165	633.4297404289246
96	65.07476	111.52428	153.89175	-92.20604	135.80263	91.49832	237.4929	-82.49487	400.0	400.0	105599	20.110998	27.719704	83.37758	-22.377087	-20.287766	0.5889604	640.1219549179077
97	18.362526	94.472145	112.83467	-76.10962	130.42117	110.21379	247.88167	-130.50137	400.0	400.0	106699	20.34622	27.913773	83.73227	-22.2663	-20.51636	0.57779425	646.1986744403839
98	169.61621	15.349161	188.22432	150.63234	159.21417	82.551384	238.80768	-131.54639	400.0	400.0	107799	20.845215	28.22361	84.22007	-22.285414	-21.02317	0.59975284	652.8882036209106
99	92.40981	131.3825	208.19183	-91.33005	105.65232	114.863785	236.28552	-138.07645	400.0	400.0	108899	21.355318	28.474556	84.190125	-22.254992	-21.534115	0.58780086	659.6078169345856
100	166.01637	22.131289	191.7325	137.70834	126.73573	138.54396	256.80087	-140.9358	400.0	400.0	109999	21.777023	28.682371	84.147	-22.240498	-21.952038	0.5801693	666.3373301029205
101	219.44876	6.384834	225.8336	213.06393	80.237915	143.90443	258.8643	-143.33174	400.0	400.0	111099	22.446482	28.929037	83.65712	-22.209019	-22.62249	0.6177304	673.0618069171906
102	89.8323	142.01573	203.19424	-110.42618	109.692345	127.35231	246.32344	-142.9743	400.0	400.0	112199	22.865797	29.050776	83.202705	-22.163284	-23.044374	0.58719397	680.1210563182831
103	113.09796	134.15248	215.34813	-76.42512	164.5927	79.66699	269.05325	-13.689538	400.0	400.0	113299	23.217783	29.143078	82.72502	-22.788443	-23.400503	0.63562673	688.130518913269
104	68.422585	66.80451	151.77353	-11.7720995	134.57108	130.10237	279.26553	-162.91609	400.0	400.0	114399	23.585108	29.175692	82.28789	-23.240276	-23.765047	0.6197213	694.6427669525146
105	165.97244	42.00415	207.9766	123.96829	110.74428	122.36492	244.49306	-163.02585	400.0	400.0	115499	23.876692	29.18071	82.00169	-23.38872	-24.066397	0.6319884	701.3396317958832
106	-8.980327	110.10098	146.72208	-87.78534	129.17741	114.84553	263.64502	-99.33879	400.0	400.0	116599	24.290346	29.189194	81.354645	-23.504045	-24.483324	0.63679516	707.9990322589874
107	69.17312	161.24258	208.87616	-156.75867	187.04231	36.536777	261.2878	99.26937	400.0	400.0	117699	24.554197	29.261246	81.20576	-23.30941	-24.75631	0.62943184	714.6767253875732
108	198.92657	19.083326	225.90146	184.71335	173.2804	72.68816	271.8058	-63.34483	400.0	400.0	118799	25.07166	29.46872	81.379	-23.00003	-25.288866	0.6378621	721.4026024341583
109	65.48597	138.86636	204.35234	-73.3804	144.63063	74.474464	216.41869	-68.62675	400.0	400.0	119899	25.667063	29.609125	81.373665	-22.544874	-25.878817	0.64440453	727.987441778183
110	195.11958	30.425148	238.08276	171.5986	97.791016	149.47942	279.3027	-170.21446	400.0	400.0	120999	26.33183	29.797812	81.237366	-22.599691	-26.548168	0.66592866	734.4616980552673
111	109.78263	11.7064295	125.55467	97.53854	69.149124	153.17693	234.92703	-181.11885	400.0	400.0	122099	26.888346	29.88196	81.196915	-22.085337	-27.113813	0.64809215	740.904433965683
112	35.678734	151.49094	174.16531	-175.12852	128.9626	86.3207	233.38806	-181.32037	400.0	400.0	123199	27.307785	29.954975	81.53129	-21.694557	-27.554031	0.693773	747.5021326541901
113	134.72644	49.052986	183.77943	85.67346	118.19224	68.21731	211.8595	-52.19501	400.0	400.0	124299	28.101875	30.15231	81.74932	-21.434076	-28.352459	0.7091	754.1632695198059
114	117.340454	98.41214	196.0131	-21.421144	143.55417	68.790886	234.84647	-55.89502	400.0	400.0	125399	28.579308	30.27695	81.94752	-21.532806	-28.8295	0.7002617	761.288092136383
115	189.80324	41.305065	243.32526	142.7763	141.52666	99.829056	234.07239	-132.63902	400.0	400.0	126499	29.23097	30.460234	82.40871	-22.338354	-29.47689	0.7126634	767.8911073207855
116	147.01802	60.16497	208.43999	65.31447	151.57872	49.33079	243.67805	59.350822	400.0	400.0	127599	29.846409	30.554855	82.94857	-22.32393	-30.097092	0.7226696	774.5366790294647
117	183.00966	10.334778	193.34444	172.67488	126.59794	73.97143	225.5921	-99.57503	400.0	400.0	128699	30.56044	30.664587	83.05834	-22.79952	-30.817816	0.7039524	781.0725462436676
118	120.25802	27.392038	156.28876	89.92092	149.76909	75.548965	239.67891	13.929839	400.0	400.0	129799	31.119032	30.715185	83.13368	-23.198252	-31.373722	0.71331275	787.6425869464874
119	182.92761	47.50244	246.0844	131.52151	165.95122	78.93629	245.17868	-34.490845	400.0	400.0	130899	31.795862	30.711178	83.38547	-23.257742	-32.06158	0.71478975	794.2097907066345
120	158.67932	20.780708	181.52812	131.24849	148.20972	54.74265	225.94	2.263174	400.0	400.0	131999	32.335335	30.724646	83.488464	-23.16402	-32.595375	0.715301	800.7858633995056
121	82.03183	28.531506	110.56334	53.500328	153.83112	49.979595	247.59587	50.99911	400.0	400.0	133099	32.975372	30.762085	83.726585	-23.091948	-33.23083	0.6883602	807.2361927032471
122	138.55945	27.254341	160.53577	100.14904	135.16129	88.316	253.39555	-150.3561	400.0	400.0	134199	33.46558	30.740885	84.06154	-23.121569	-33.722107	0.70984054	813.892737865448
123	177.13556	46.21633	223.96902	114.236	145.52809	84.35673	239.85626	-143.30103	400.0	400.0	135299	33.992622	30.759222	84.292	-22.78772	-34.24663	0.70643145	820.5448899269104
124	189.32806	6.9019084	197.61127	180.71478	151.3564	71.83858	256.4239	10.452634	400.0	400.0	136399	34.540325	30.760548	84.2862	-22.279503	-34.781334	0.69865036	827.221310377121
125	163.38956	20.309113	183.69867	143.08044	167.34871	47.30658	244.39479	79.620926	400.0	400.0	137499	34.9458	30.752377	84.11513	-21.667093	-35.177628	0.68303394	833.8670439720154
126	174.44847	26.820732	212.37675	155.15175	160.9798	49.415833	253.13435	67.98687	400.0	400.0	138599	35.35475	30.759674	84.17322	-21.590998	-35.583508	0.7045896	840.5466043949127
127	154.00143	44.066196	210.3967	102.83806	118.21352	91.62129	235.56857	-174.61285	400.0	400.0	139699	35.686348	30.765207	84.64535	-21.290527	-35.916145	0.6577054	847.2292833328247
128	154.09094	2.4624572	157.30373	151.3209	133.4471	54.55979	214.6251	18.610626	400.0	400.0	140799	35.99558	30.749014	85.28066	-21.227232	-36.23324	0.6739595	853.9426045417786
129	76.06329	14.684597	90.74789	61.378693	147.31387	61.490265	233.61845	-4.2505765	400.0	400.0	141899	36.35744	30.695267	85.94804	-21.32002	-36.597984	0.68463296	860.6620995998383
130	178.55632	32.274788	205.78972	133.21819	150.48465	48.003628	223.08157	59.620598	400.0	400.0	142999	36.684155	30.753077	86.867485	-20.840883	-36.921	0.6650535	866.8054442405701
131	117.233154	25.208153	152.6364	95.907425	146.8594	58.017616	244.56299	3.2452335	400.0	400.0	144099	37.015343	30.754143	87.26603	-20.650719	-37.25589	0.6526213	874.6906690597534
132	30.839788	104.389404	126.52082	-114.36385	124.678246	64.1295	256.248	7.404343	400.0	400.0	145199	37.309006	30.788914	87.44263	-20.49244	-37.55642	0.6337025	881.0937805175781
133	108.1773	1.9621658	110.139465	106.21513	123.53585	97.683304	279.52127	-137.41196	400.0	400.0	146299	37.450336	30.797869	87.31305	-21.401642	-37.701923	0.68491143	887.6612079143524
134	58.290707	116.10895	142.67432	-105.89079	140.90146	98.619064	245.86087	-132.3778	400.0	400.0	147399	37.726227	30.793427	86.82249	-23.327196	-37.969086	0.6519468	894.4259195327759
135	-14.050479	86.61893	101.695045	-106.65778	109.119484	103.65475	243.9429	-143.40862	400.0	400.0	148499	37.852814	30.696617	86.23846	-25.05987	-38.089275	0.66051126	901.1534774303436
136	95.277245	101.23994	234.0622	-4.5839076	125.73723	98.321594	281.88306	-103.83305	400.0	400.0	149599	38.06864	30.482372	85.41206	-24.520205	-38.315037	0.6373043	907.8091583251953
137	227.16754	17.528328	244.69588	209.63922	75.183426	103.485886	247.99419	-123.26368	400.0	400.0	150699	38.285706	30.481134	85.00664	-24.293922	-38.514496	0.6187078	914.9042088985443
138	21.685957	122.821175	177.52187	-122.66947	130.77945	98.36036	256.81732	-99.42615	400.0	400.0	151799	38.45946	30.439117	84.54582	-24.438719	-38.695457	0.6459058	921.9271483421326
139	163.1894	52.801525	221.55562	93.669716	138.70331	66.29437	248.05487	1.7133596	400.0	400.0	152899	38.668133	30.363214	84.756325	-23.670528	-38.897404	0.6277684	929.7942757606506
140	143.78896	31.186981	182.1202	105.729454	161.96118	63.35139	257.85425	36.82963	400.0	400.0	153999	38.784046	30.357176	84.87449	-20.995005	-39.01235	0.6821865	936.6125102043152
141	99.13355	2.4795914	101.613144	96.65396	162.62508	63.590454	278.77914	62.91058	400.0	400.0	155099	38.98476	30.385689	84.96119	-20.683529	-39.21213	0.67247057	943.4399273395538
142	161.29834	44.331146	192.75644	98.60475	158.60849	63.269127	263.68408	45.430233	400.0	400.0	156199	39.113785	30.41062	84.89992	-23.593767	-39.341064	0.6440222	950.163419008255
143	130.57796	11.060874	146.01791	120.68542	167.88048	42.02727	231.41289	48.968895	400.0	400.0	157299	39.30569	30.465406	84.79978	-25.607006	-39.54505	0.67991346	957.129599571228
144	123.87743	106.93666	222.81496	-24.64535	159.12907	83.93999	245.01555	-26.88406	400.0	400.0	158399	39.44452	30.504255	84.627975	-27.179262	-39.686554	0.65335137	963.2782151699066
145	211.03265	12.357231	223.38988	198.67542	190.63779	67.342896	266.4947	-19.953915	400.0	400.0	159499	39.72101	30.588415	84.411354	-27.65974	-39.964973	0.64769775	969.4126908779144
146	193.12	26.972704	226.3812	160.31659	177.54375	58.79618	237.025	-23.520794	400.0	400.0	160599	40.038143	30.590033	84.03394	-28.180395	-40.28924	0.62749934	976.0132851600647
147	176.43565	58.807285	253.1291	110.2316	200.0139	51.720543	274.10638	106.94329	400.0	400.0	161699	40.349297	30.630562	83.439735	-28.591448	-40.60556	0.659101	982.4427466392517
148	73.49376	184.11632	214.44951	-186.58061	180.03975	102.55377	252.87805	-188.769	400.0	400.0	162799	40.50072	30.708237	82.7145	-29.929356	-40.76696	0.6399857	989.1304650306702
149	146.00647	2.296959	148.30342	143.7095	162.89279	107.99694	263.4064	-127.98229	400.0	400.0	163899	40.812267	30.65836	82.22707	-31.04964	-41.08525	0.6559227	996.9601242542267
150	155.40437	108.80979	241.95428	1.9423584	179.95409	94.89594	277.81152	-149.02242	400.0	400.0	164999	41.213703	30.572123	81.75282	-31.610165	-41.48922	0.6696137	1003.9243912696838
151	106.82064	109.00773	199.25838	-46.241467	157.88329	89.91438	253.19244	-137.43799	400.0	400.0	166099	41.611744	30.456367	82.42177	-34.22863	-41.89884	0.67727995	1011.6673834323883
152	41.515156	135.14066	185.76363	-139.18523	193.50748	45.19568	263.9397	68.72224	400.0	400.0	167199	41.883488	30.25825	84.43554	-34.2624	-42.179405	0.7052323	1017.7442348003387
153	197.69247	60.135315	257.8278	137.55716	181.28532	34.953217	245.6681	119.892456	400.0	400.0	168299	42.230595	30.157295	85.76003	-35.525177	-42.522846	0.71582997	1024.6464359760284
154	190.43654	34.679996	226.2245	143.50002	169.08246	52.99332	245.64606	19.5702	400.0	400.0	169399	42.735336	30.007936	86.48233	-35.43723	-43.01673	0.6986487	1031.550041437149
155	190.39343	13.555611	206.92451	173.72108	116.75891	116.63946	271.02823	-150.2517	400.0	400.0	170499	43.155598	29.882895	87.98526	-37.871555	-43.4265	0.6741828	1038.4838807582855
156	165.44786	44.59674	197.69147	102.3839	156.2745	83.14591	247.54987	-163.74658	400.0	400.0	171599	43.400192	29.708448	88.71207	-39.62946	-43.665165	0.65966886	1045.1549217700958
157	215.86151	17.548927	233.41045	198.31259	155.99359	92.654335	290.49612	-127.51027	400.0	400.0	172699	43.631424	29.573599	89.51643	-40.21219	-43.897354	0.67553157	1051.167882680893
158	61.445858	86.9327	145.02345	-58.42643	144.48882	92.72998	224.6394	-144.2708	400.0	400.0	173799	43.827824	29.418974	90.147606	-41.070045	-44.092285	0.6716352	1057.9492406845093
159	124.30837	3.4105473	128.88113	120.69341	135.35419	101.99379	227.25214	-173.84831	400.0	400.0	174899	43.95834	29.298542	90.40783	-42.872154	-44.218834	0.67723817	1065.6073822975159
160	159.60065	30.236374	201.8217	132.62546	141.55273	77.17409	235.31448	-132.35146	400.0	400.0	175999	44.161953	29.14909	90.46338	-43.862038	-44.417015	0.6969866	1072.3394000530243
161	181.61768	12.144211	193.76189	169.47346	105.00743	102.58358	191.74936	-179.5999	400.0	400.0	177099	44.328335	29.031532	90.205605	-45.250717	-44.57942	0.6877531	1079.9702084064484
162	199.87715	21.355564	220.94301	170.60223	98.37805	125.73929	212.29868	-184.3674	400.0	400.0	178199	44.494236	28.865808	89.84672	-45.521782	-44.748856	0.6793792	1087.6330904960632
163	141.64247	47.498074	184.70816	75.46536	117.27992	103.37639	236.71771	-163.89287	400.0	400.0	179299	44.662766	28.762686	89.29967	-45.490993	-44.921577	0.6370048	1094.0312495231628
164	-44.964916	153.83585	172.54715	-157.53867	65.40427	108.32739	208.9939	-162.90152	400.0	400.0	180399	44.790398	28.695515	88.60119	-44.15375	-45.057262	0.65024847	1100.587349653244
165	103.65771	31.850975	135.50868	71.80673	64.03915	109.2767	178.69257	-179.07233	400.0	400.0	181499	44.771824	28.68379	87.85818	-43.994244	-45.049644	0.6693081	1106.420517206192
166	117.55898	98.5013	212.48442	-18.1966	82.249886	100.59466	170.42154	-175.95903	400.0	400.0	182599	44.99719	28.694881	87.5427	-42.555714	-45.277046	0.64786184	1113.366848230362
167	48.797764	155.80855	194.46585	-167.2147	92.578896	110.568565	212.60173	-173.52324	400.0	400.0	183699	45.079956	28.755741	87.435646	-42.098854	-45.36783	0.6984385	1120.3099393844604
168	145.72035	5.364449	152.56386	139.46297	123.253456	94.6162	201.60223	-124.51984	400.0	400.0	184799	45.431435	28.7417	87.05916	-40.98972	-45.719513	0.71244574	1127.2905864715576
169	14.275944	136.17712	150.45306	-121.90118	93.384384	120.781715	239.45157	-207.20497	400.0	400.0	185899	45.56865	28.808714	87.12579	-40.905586	-45.863117	0.69637173	1135.149065732956
170	151.71674	42.24939	197.8481	95.76581	156.04924	52.153473	236.29327	24.565416	400.0	400.0	186999	45.847664	28.855455	86.92646	-41.652256	-46.129787	0.7067496	1142.7015962600708
171	49.789875	139.8684	183.15433	-143.40398	96.015854	126.84637	234.73473	-177.60788	400.0	400.0	188099	46.056145	28.848686	86.865616	-42.224133	-46.34024	0.75786513	1149.0398468971252
172	133.46654	61.11299	186.26921	47.810616	142.0973	52.456207	198.59947	43.457417	400.0	400.0	189199	46.26083	28.879278	86.94566	-42.412758	-46.536846	0.7717084	1155.395340681076
173	104.821884	40.16009	144.98198	64.6618	34.14782	145.30855	172.63878	-185.2058	400.0	400.0	190299	46.325687	28.889797	87.45999	-43.506042	-46.599915	0.7376239	1161.8872361183167
174	5.714068	122.148926	116.34807	-164.49693	48.13889	119.89854	190.20299	-194.78073	400.0	400.0	191399	46.37557	28.943857	87.885666	-43.57637	-46.651905	0.76608276	1168.417322397232
175	8.2830305	119.62772	97.49419	-160.81035	93.373405	57.53994	191.87003	-33.997227	400.0	400.0	192499	46.505615	28.923841	88.28435	-43.363262	-46.787643	0.7138177	1175.187001466751
176	101.81006	20.13107	124.172745	75.370186	20.858143	116.06559	156.20628	-170.09834	400.0	400.0	193599	46.466164	28.938837	88.71383	-41.04787	-46.74874	0.77244097	1182.993971824646
177	126.18552	48.977886	175.1634	77.207634	64.89347	104.89521	158.48997	-175.51222	400.0	400.0	194699	46.700485	28.928848	89.258896	-41.209667	-46.985157	0.68756187	1190.7183725833893
178	104.45997	24.29378	132.38857	73.167175	88.661934	54.981102	155.02509	-99.330765	400.0	400.0	195799	46.83636	28.929651	90.068405	-42.58172	-47.11778	0.77236044	1198.4404466152191
179	4.9220023	107.05092	94.215126	-145.6014	53.209106	89.307205	146.56078	-173.90437	400.0	400.0	196899	46.912117	28.984812	90.73206	-44.96711	-47.19131	0.7511983	1205.074851512909
180	124.66132	42.82226	185.21426	93.59397	-1.5918602	95.135666	120.62185	-178.11539	400.0	400.0	197999	46.99102	29.098442	90.989204	-44.82961	-47.27919	0.7403864	1211.4647023677826
181	-30.529852	81.92939	51.39954	-112.45924	24.62141	119.48974	147.94456	-175.0751	400.0	400.0	199099	47.18701	29.11902	91.313225	-44.009724	-47.4745	0.75412077	1217.9903752803802
182	-57.181385	122.99907	106.70217	-189.6186	-15.641121	110.166595	145.45483	-198.82906	400.0	400.0	200199	47.189037	29.206879	91.60934	-43.054573	-47.47883	0.73360074	1225.0985081195831
183	-32.502556	85.38988	56.68908	-147.60217	6.727582	123.34007	177.07599	-175.81927	400.0	400.0	201299	47.036087	29.337578	91.73729	-40.381195	-47.32819	0.77524406	1234.122585773468
184	-14.1067505	143.9205	179.92142	-164.36055	62.920647	98.98715	184.24026	-172.79802	400.0	400.0	202399	47.060608	29.403605	92.00667	-39.514103	-47.354885	0.7950352	1240.8767521381378
185	-8.185474	124.52521	116.33973	-132.71068	81.219505	116.194084	229.28632	-164.23068	400.0	400.0	203499	47.126232	29.440962	92.19087	-37.335022	-47.419228	0.80436754	1247.5595438480377
186	84.93124	96.864105	209.20976	-27.10912	94.80513	105.84329	192.61447	-190.8385	400.0	400.0	204599	47.24156	29.438267	92.570145	-37.10042	-47.533276	0.7739792	1255.3824093341827
187	142.78523	24.85988	174.55687	113.863205	125.28994	62.635487	207.79515	-80.34361	400.0	400.0	205699	47.240536	29.528913	92.91995	-37.36045	-47.515717	0.80345666	1262.0827708244324
188	112.93564	35.244373	140.66812	63.20255	101.33186	106.019775	198.69237	-191.378	400.0	400.0	206799	47.417458	29.525906	93.06304	-38.163143	-47.676235	0.8552629	1268.5208151340485
189	154.24083	20.384323	174.62515	133.8565	149.34341	83.55878	238.28038	-152.97923	400.0	400.0	207899	47.345016	29.60623	92.913445	-38.132694	-47.607307	0.8117362	1275.1133918762207
190	8.281108	142.93002	178.15976	-171.52348	83.28438	113.08663	204.19177	-195.71834	400.0	400.0	208999	47.196087	29.715595	92.4806	-37.29694	-47.46571	0.85266066	1281.5557334423065
191	130.97052	28.331915	154.78532	91.15814	124.23303	97.017006	206.11443	-153.64156	400.0	400.0	210099	47.295372	29.776556	91.91653	-36.220177	-47.580246	0.80915964	1288.2800922393799
192	125.13419	38.9217	166.2986	72.90603	66.754395	83.536125	165.50615	-141.77884	400.0	400.0	211199	47.49463	29.892885	91.55513	-35.019875	-47.786945	0.861322	1295.9533314704895
193	142.84181	63.58051	206.42232	79.2613	101.82086	87.61731	163.77321	-159.70729	400.0	400.0	212299	47.688667	30.028046	91.31866	-35.596863	-47.99259	0.89226717	1302.5680146217346
194	167.72014	13.890175	181.82568	148.82758	109.7347	68.88917	199.13248	-132.11725	400.0	400.0	213399	47.93369	30.103466	91.27481	-36.175934	-48.237915	0.8037363	1309.0189280509949
195	95.53678	22.706413	116.38229	63.960533	145.9146	34.206455	196.00017	42.919586	400.0	400.0	214499	48.171112	30.140207	91.21689	-36.197132	-48.462852	0.8043758	1315.5680267810822
196	141.69243	27.034393	168.09355	104.54352	118.97925	76.67426	222.7102	-113.30586	400.0	400.0	215599	48.314606	30.22588	91.18214	-35.83267	-48.603615	0.8239671	1322.1825737953186
197	181.42963	23.605202	205.03482	157.82442	168.73361	48.73135	246.54407	48.409496	400.0	400.0	216699	48.41214	30.303865	91.15729	-35.127625	-48.70534	0.8207725	1328.6545491218567
198	118.82178	20.798073	134.1636	89.41815	147.36517	44.48888	218.1199	47.26624	400.0	400.0	217799	48.465527	30.3723	91.10986	-34.497776	-48.755642	0.8027619	1335.1158347129822
199	19.102552	97.80205	105.62173	-117.61123	105.24312	50.73276	191.4444	10.554168	400.0	400.0	218899	48.564816	30.38077	90.900604	-34.566685	-48.866997	0.8295497	1341.5733501911163
200	129.2134	36.717518	166.01047	79.0856	121.86989	61.01445	204.659	-16.443071	400.0	400.0	219999	48.69418	30.382395	90.80758	-34.344383	-48.993088	0.8209673	1348.0626244544983
201	129.77397	17.934185	147.70816	111.83979	98.16817	54.181465	194.19032	-10.513207	400.0	400.0	221099	48.89001	30.36713	90.59808	-34.29165	-49.191654	0.8508365	1354.5135970115662
202	84.48272	53.148808	159.35724	41.34032	83.102844	97.63073	199.1532	-164.28326	400.0	400.0	222199	48.98713	30.323458	90.28681	-33.825165	-49.293148	0.8449932	1361.2811524868011
203	52.08499	64.84504	130.25568	-28.525358	99.29038	48.869976	162.14503	-41.84411	400.0	400.0	223299	49.120384	30.254436	89.96119	-33.850433	-49.415447	0.8121589	1367.992434501648
204	99.11954	46.441494	159.50739	46.560482	103.182556	48.52651	183.0404	16.32796	400.0	400.0	224399	49.202045	30.16745	89.35662	-34.646255	-49.495377	0.8701223	1374.7591619491577
205	145.05737	33.71218	178.76955	111.345184	96.79153	72.55381	161.18156	-113.30067	400.0	400.0	225499	49.278713	30.065453	88.914894	-34.877914	-49.57328	0.87828076	1380.9853751659393
206	10.772514	130.45715	130.12042	-170.7442	112.643265	42.598015	189.93782	7.4961157	400.0	400.0	226599	49.267414	30.092443	88.473	-35.150887	-49.56201	0.8011813	1387.1863584518433
207	65.75852	93.11584	139.49396	-65.59811	80.03397	58.22471	146.83955	-83.440704	400.0	400.0	227699	49.241016	30.114584	88.199	-35.86748	-49.53824	0.86173564	1393.8826389312744
208	100.95883	28.971785	126.706276	60.48351	109.71875	50.92343	171.06934	-49.912148	400.0	400.0	228799	49.35418	30.19671	87.75423	-36.303017	-49.65186	0.85183626	1400.3807923793793
209	74.39908	39.50224	113.90131	34.896835	97.86831	75.29955	189.73967	-180.44397	400.0	400.0	229899	49.468864	30.154558	87.72583	-36.8458	-49.75985	0.82352805	1406.86549782753
210	17.045237	120.30124	160.44049	-133.94257	67.82362	80.58167	152.05977	-154.02625	400.0	400.0	230999	49.451492	30.076906	87.736145	-38.188053	-49.733543	0.8959374	1413.546826839447
211	84.78479	35.231956	131.56676	46.54384	85.92951	76.34863	166.8959	-113.91258	400.0	400.0	232099	49.268433	30.094086	87.73949	-39.12177	-49.545113	0.87237275	1420.2011938095093
212	120.50762	11.191405	134.18323	106.7702	96.5192	78.25277	176.88687	-166.34253	400.0	400.0	233199	49.285393	30.01282	87.42558	-39.19423	-49.56125	0.94235694	1426.7283442020416
213	-37.520504	115.22406	77.70356	-152.74457	94.72767	68.19286	163.59424	-93.5441	400.0	400.0	234299	49.214344	29.967602	87.49532	-40.37829	-49.492252	0.8798301	1433.4779591560364
214	102.40255	37.069927	145.68483	55.143982	49.95858	104.93109	177.50165	-197.25127	400.0	400.0	235399	49.13642	29.925026	87.93165	-40.160885	-49.421062	0.88054234	1440.0003111362457
215	100.44769	17.313858	117.93443	76.86131	86.30434	87.94857	200.38116	-116.55379	400.0	400.0	236499	49.258472	29.779636	88.90153	-39.958588	-49.54402	0.91135895	1446.6710908412933
216	152.15425	1.9359844	153.91417	149.45796	53.024323	99.0644	174.66588	-138.35995	400.0	400.0	237599	49.210114	29.79683	89.282196	-40.410477	-49.489178	0.8666492	1453.469025850296
217	100.166466	39.86245	140.02892	60.304016	74.51097	114.58863	191.8989	-155.7712	400.0	400.0	238699	49.275303	29.714155	89.48927	-38.482197	-49.556614	0.81829	1460.359990119934
218	130.43175	35.47834	163.12535	81.12413	68.531456	108.80068	189.74039	-142.70236	400.0	400.0	239799	49.253716	29.72771	89.386955	-38.804787	-49.541195	0.9034911	1467.121558189392
219	42.251526	134.43651	159.08075	-146.05905	125.9802	43.759796	172.26987	11.809376	400.0	400.0	240899	49.228943	29.80748	89.38162	-38.724293	-49.520374	0.89691526	1473.933270931244
220	148.57504	27.352276	178.69807	112.49751	93.03075	103.84572	219.67224	-160.35985	400.0	400.0	241999	49.242073	29.912281	89.20165	-39.167904	-49.53622	0.8537299	1481.816600561142
221	143.35774	19.483063	162.8408	123.87468	56.942024	99.040344	223.64746	-88.712296	400.0	400.0	243099	49.369892	29.990576	88.70849	-40.65515	-49.6704	0.8429519	1489.6213917732239
222	149.18526	20.389082	178.01973	134.72273	76.07963	99.92548	200.60944	-98.33874	400.0	400.0	244199	49.603916	30.026024	88.31221	-41.207897	-49.90643	0.85288996	1496.0955076217651
223	21.161829	69.88071	113.06838	-56.25346	56.528435	75.92434	163.99602	-84.13228	400.0	400.0	245299	49.67816	30.037579	87.864525	-41.28317	-49.979645	0.9312725	1503.8222920894623
224	91.639275	90.26569	161.19048	-35.839165	46.036907	89.475235	164.37788	-102.05676	400.0	400.0	246399	49.817013	29.963974	87.78674	-41.42307	-50.1154	0.7885425	1510.3267076015472
225	113.94448	25.561836	139.50632	88.382645	66.667786	86.019966	223.66693	-162.12558	400.0	400.0	247499	49.933872	29.935598	87.59443	-41.014954	-50.23409	0.8008051	1516.904872894287
226	102.485435	37.740116	155.41791	70.09558	96.32063	69.24427	191.75465	-78.17956	400.0	400.0	248599	50.021538	29.83896	87.414314	-40.881004	-50.316925	0.827052	1523.520688533783
227	97.21575	1.5592085	99.28791	95.52675	104.95524	45.181923	159.68733	6.878693	400.0	400.0	249699	50.13444	29.749958	87.07796	-41.02718	-50.433556	0.78064066	1529.9597532749176
228	-28.700943	111.85561	123.507034	-142.11534	79.931076	69.09902	175.12404	-54.42447	400.0	400.0	250799	50.111828	29.735548	86.79777	-39.823303	-50.40427	0.8062785	1536.3936369419098
229	73.08301	44.737537	117.82055	28.345472	104.4647	65.43747	202.50668	-58.01841	400.0	400.0	251899	50.089825	29.734928	86.28547	-40.336044	-50.3785	0.8223726	1542.831282377243
230	93.8815	22.752752	125.88372	74.9778	105.064674	42.78001	177.77296	25.86354	400.0	400.0	252999	50.129242	29.637693	86.908264	-40.932465	-50.416344	0.8048029	1549.3182392120361
231	83.97172	81.55706	156.2894	-30.000658	57.113617	75.52883	149.3055	-136.99498	400.0	400.0	254099	50.139973	29.547504	87.51972	-41.272587	-50.42757	0.8290297	1555.7848966121674
232	143.23943	24.988216	168.13837	109.07249	78.41868	69.39358	141.51848	-157.8177	400.0	400.0	255199	50.125767	29.505919	88.13239	-41.5576	-50.410084	0.76350397	1562.4358749389648
233	76.07109	118.4971	194.56819	-42.42601	93.534706	61.630398	192.56703	-120.474434	400.0	400.0	256299	50.09882	29.368805	88.25878	-41.738865	-50.374084	0.8209325	1568.9242069721222
234	53.256367	36.00097	102.020294	16.199068	42.016155	80.8875	150.95181	-169.51208	400.0	400.0	257399	50.046684	29.242136	88.29624	-42.21667	-50.31231	0.76049215	1576.8310120105743
235	77.88445	0.35383207	78.31497	77.44832	77.11318	72.780785	148.20674	-170.3627	400.0	400.0	258499	49.93828	29.141418	87.94821	-42.593784	-50.204323	0.82924414	1584.4082980155945
236	57.795734	24.152052	87.94216	28.816511	78.20398	43.199574	142.5359	3.1044662	400.0	400.0	259599	49.82766	29.035309	87.289215	-42.82784	-50.084576	0.7707585	1591.0841746330261
237	99.94329	39.265766	139.20906	60.677525	98.78719	51.47934	197.94052	-19.05192	400.0	400.0	260699	49.659344	28.95439	86.40408	-44.024376	-49.916233	0.89776677	1597.576342344284
238	102.950005	20.277369	122.950935	75.15264	77.20735	88.14122	165.09375	-169.02237	400.0	400.0	261799	49.512173	28.841763	85.720345	-43.865593	-49.76747	0.75447965	1603.7207868099213
239	88.88175	43.09359	120.869286	27.963774	104.7431	44.485676	179.91646	6.4298835	400.0	400.0	262899	49.403122	28.788668	85.23825	-43.04731	-49.656677	0.71786565	1609.8974993228912
240	119.13938	24.573282	146.27711	86.77087	79.87954	73.66515	167.18549	-136.7847	400.0	400.0	263999	49.244923	28.657219	84.55541	-43.007973	-49.485165	0.7077122	1616.5723383426666
241	66.41209	59.92868	126.34077	6.4834075	97.10799	64.68437	177.44434	-65.72546	400.0	400.0	265099	49.064056	28.617834	83.77497	-43.876606	-49.302536	0.72342616	1622.5519263744354
242	69.99362	81.9663	143.18784	-44.44734	116.80354	57.89605	175.3384	-39.167675	400.0	400.0	266199	48.827816	28.493866	83.2128	-45.619423	-49.0716	0.6926984	1628.3969550132751
243	96.87748	15.122187	114.90134	77.89679	88.37169	54.954872	168.44522	-103.59906	400.0	400.0	267299	48.67573	28.33723	82.585976	-46.802734	-48.915398	0.77539605	1634.2421135902405
244	69.759224	36.3467	117.63644	29.62021	58.151966	84.86529	162.99394	-141.00624	400.0	400.0	268399	48.46501	28.176897	82.01466	-46.391487	-48.696194	0.73142856	1640.3340857028961
245	-16.636448	143.43298	126.79653	-160.06943	65.85161	72.97599	146.33147	-91.877556	400.0	400.0	269499	48.209637	28.116407	81.63952	-46.509647	-48.443737	0.75015974	1646.980005979538
246	41.34215	27.056988	77.13279	11.725335	99.930725	47.234184	172.41983	17.638216	400.0	400.0	270599	48.04258	27.96871	81.639496	-46.211426	-48.27915	0.6876958	1653.4951384067535
247	113.88461	15.587775	135.81705	100.99631	89.057335	64.66251	186.84937	-102.90358	400.0	400.0	271699	47.79966	27.85549	81.23601	-46.164886	-48.037712	0.7146551	1660.1315808296204
248	54.51412	24.815205	88.07829	28.856441	108.22237	36.4079	155.29396	-8.690145	400.0	400.0	272799	47.623383	27.714912	81.082695	-46.336308	-47.853447	0.6759991	1666.6825482845306
249	-76.19578	79.775955	3.5801787	-155.97174	106.35642	63.51938	178.1207	-107.43623	400.0	400.0	273899	47.475693	27.626768	80.8864	-47.228428	-47.709652	0.7022825	1673.454716205597
250	55.28226	5.6104064	63.216015	51.23372	73.483894	55.79171	131.43857	-50.981678	400.0	400.0	274999	47.215893	27.527431	80.71191	-46.24153	-47.45329	0.76036423	1680.1835505962372
