Epoch	AverageEpRet	StdEpRet	MaxEpRet	MinEpRet	AverageTestEpRet	StdTestEpRet	MaxTestEpRet	MinTestEpRet	EpLen	TestEpLen	TotalEnvInteracts	AverageQVals	StdQVals	MaxQVals	MinQVals	LossPi	LossQ	Time
1	24.906204	90.36977	115.27597	-65.46356	75.8797	35.205128	162.80405	12.757158	400.0	400.0	1099	-0.07743162	0.018919753	-0.014463231	-0.16007677	0.071061224	0.12787214	3.6054677963256836
2	-96.22483	16.534657	-76.4005	-116.8766	66.95745	58.217457	191.4111	-3.4282534	400.0	400.0	2199	-0.057986412	0.7312303	2.0851362	-3.1323013	-0.07832408	0.03049838	15.466142892837524
3	-43.48505	107.183945	106.83578	-135.53722	50.77279	44.363724	196.8655	-6.374496	400.0	400.0	3299	0.04553586	1.5450672	3.1260734	-5.62967	-0.15414008	0.01072288	26.67557454109192
4	-76.49082	9.036054	-65.07886	-87.176834	65.41371	68.57558	261.04636	-0.20785226	400.0	400.0	4399	0.01493528	2.2172322	4.067819	-7.1343536	-0.17396688	0.011234813	37.849483251571655
5	-80.97512	66.40616	-14.568959	-147.38129	72.895905	66.80728	237.52567	-3.7947054	400.0	400.0	5499	0.27960634	2.8365538	4.83207	-9.334852	-0.51571375	0.016173074	48.833632707595825
6	-68.75952	52.47476	5.4408593	-106.92187	60.30686	52.85979	199.66832	-0.99928397	400.0	400.0	6599	1.1261375	3.2178297	5.9513855	-10.075389	-1.4581407	0.017679008	60.04636836051941
7	-5.007778	89.30391	118.02384	-91.22577	54.708904	31.995722	128.3474	-1.014129	400.0	400.0	7699	2.2410564	3.368471	7.036168	-10.515771	-2.5798612	0.019976595	71.0648820400238
8	-64.107994	66.82621	10.379652	-151.7235	46.3275	35.737488	158.8725	12.792175	400.0	400.0	8799	3.2857237	3.5826986	8.242412	-11.067149	-3.6225111	0.019270135	83.06843996047974
9	-69.723434	10.716986	-59.00645	-80.44042	64.5299	41.95986	179.0854	11.777363	400.0	400.0	9899	4.2562995	3.7282643	9.159807	-11.667232	-4.558492	0.01733504	94.31877064704895
10	-58.117294	29.976376	-17.235962	-88.27455	65.91523	46.41429	187.41714	7.355745	400.0	400.0	10999	4.9860687	3.8115385	9.827833	-12.104858	-5.2879944	0.016131228	105.44209289550781
11	-86.65273	37.222397	-59.50666	-139.28442	64.69475	56.558422	263.4711	6.1588407	400.0	400.0	12099	5.637421	3.7726572	10.136189	-12.507159	-5.9195337	0.01445737	117.0740180015564
12	2.4743102	78.35926	97.202835	-94.69096	60.65785	34.877193	174.5713	22.164038	400.0	400.0	13199	6.148153	3.725886	10.405827	-12.788329	-6.4013224	0.018120645	128.84396529197693
13	-41.16788	29.587599	-11.580282	-70.75548	71.972855	52.606064	195.64401	2.9565065	400.0	400.0	14299	6.540029	3.6200352	10.672276	-13.220623	-6.7812953	0.01979873	141.95570945739746
14	-53.821194	32.679245	-9.567339	-87.484886	71.60252	52.811954	165.04008	-8.104398	400.0	400.0	15399	6.7700353	3.597487	10.839734	-13.60325	-6.9936	0.016921151	153.29019808769226
15	52.71147	35.74158	100.871124	15.339658	94.74225	69.873215	243.30862	8.1343	400.0	400.0	16499	7.1159067	3.6443596	11.475999	-13.94988	-7.3258467	0.017166624	164.68777465820312
16	94.61841	105.92454	244.35893	16.095612	39.715748	28.194609	83.50317	-13.038752	400.0	400.0	17599	7.2779	4.117312	12.280778	-14.623934	-7.432359	0.022847665	175.80514907836914
17	15.786081	26.811224	42.597305	-11.025143	61.533283	59.76942	261.96262	0.4375057	400.0	400.0	18699	7.477995	4.81397	13.478323	-15.723116	-7.6103773	0.027863242	187.4763536453247
18	82.833534	10.302229	90.77836	68.28456	61.87252	75.69094	277.7597	-9.936924	400.0	400.0	19799	7.593653	5.6708064	14.663089	-16.889862	-7.7027416	0.0331145	200.7441394329071
19	56.642635	15.049509	71.775826	36.115658	52.612305	35.576992	127.40906	2.576942	400.0	400.0	20899	7.767281	6.4668508	15.796668	-17.878916	-7.8831515	0.040199026	212.82718420028687
20	85.9992	31.508776	127.717964	51.58022	44.19763	30.194677	136.44016	3.1893833	400.0	400.0	21999	8.075389	7.089618	16.845331	-18.871803	-8.194737	0.04544871	225.26564598083496
21	39.43721	14.991907	54.429115	24.445301	49.819695	47.05334	193.99374	0.3547928	400.0	400.0	23099	8.471788	7.6052966	17.679785	-19.829493	-8.611873	0.057582386	236.7265326976776
22	72.06434	36.617435	123.63338	42.18954	92.07909	78.48592	270.06137	7.135143	400.0	400.0	24199	9.028152	7.8645515	18.361727	-20.733788	-9.184134	0.070205614	246.71453428268433
23	37.06231	16.70861	56.471676	15.686131	51.679047	62.84357	288.0518	-13.415475	400.0	400.0	25299	9.643688	7.9564676	18.979773	-21.519228	-9.805218	0.07554014	256.6624245643616
24	51.243107	2.7148824	53.969315	47.538696	58.497784	46.124096	162.02618	-9.1533	400.0	400.0	26399	10.248438	7.9250937	19.56832	-22.077312	-10.409483	0.085745096	269.22536993026733
25	39.506134	16.574072	56.080208	22.932062	45.533886	38.28569	130.8562	0.60148376	400.0	400.0	27499	10.825637	7.831965	20.162144	-22.708038	-10.993183	0.08852899	281.94359135627747
26	35.88427	5.7476306	40.61451	27.79451	79.65008	63.00047	190.19914	5.3585253	400.0	400.0	28599	11.407212	7.6710033	20.617945	-23.1296	-11.570307	0.11335637	296.15136432647705
27	30.459564	11.336866	46.43695	21.317995	57.03072	56.578575	241.95903	0.058329828	400.0	400.0	29699	11.938635	7.4860935	21.022024	-23.809256	-12.096618	0.11230835	307.7595000267029
28	81.4217	56.201218	146.58311	9.428337	64.449425	65.486755	281.87076	-7.468301	400.0	400.0	30799	12.449026	7.3224425	21.3586	-24.634302	-12.602381	0.12028667	321.3656368255615
29	52.87745	36.41899	89.29644	16.458454	70.84846	57.59529	240.18338	10.977575	400.0	400.0	31899	12.976773	7.182894	21.748268	-25.175295	-13.121007	0.12133914	333.9861297607422
30	42.547962	12.265594	57.145557	27.134373	80.76077	54.67837	206.3519	28.204348	400.0	400.0	32999	13.414392	7.0496435	22.163645	-25.586994	-13.547654	0.117225796	346.54802417755127
31	33.041595	13.0227	48.9577	17.058937	50.411797	42.61242	168.68716	12.255058	400.0	400.0	34099	13.7392025	7.0270925	22.509266	-25.765188	-13.855724	0.11051745	360.3834640979767
32	29.059317	16.627832	49.82076	9.11569	58.562073	50.209175	200.91257	6.8587885	400.0	400.0	35199	13.955019	7.1406994	22.759136	-25.974213	-14.050068	0.14589654	379.16593980789185
33	41.54848	29.911861	71.46034	11.63662	65.3712	58.306892	204.92558	-1.6248772	400.0	400.0	36299	14.093877	7.318833	23.06924	-26.286959	-14.170105	0.14427993	395.8584988117218
34	35.683437	29.983229	62.521893	-6.1657743	46.31414	47.613384	231.54898	-6.1478887	400.0	400.0	37399	14.187997	7.5343595	23.322779	-26.958353	-14.266651	0.15998615	412.3234760761261
35	103.32671	107.05544	254.7209	26.556889	76.02579	54.02256	164.65031	-3.5683014	400.0	400.0	38499	14.3273735	7.7390795	23.763502	-27.459204	-14.401983	0.15056935	432.27264642715454
36	83.67445	91.825584	212.69058	6.358707	59.59063	61.962128	251.31552	-0.33541343	400.0	400.0	39599	14.478328	7.884401	25.77017	-27.439081	-14.557174	0.16121703	451.66418051719666
37	66.19093	26.081812	92.27274	40.10912	86.128136	70.722336	292.47678	5.7371783	400.0	400.0	40699	14.710974	8.004897	25.808506	-27.207016	-14.808789	0.16607359	475.32078647613525
38	73.45837	69.49409	164.76273	-3.6863115	69.801544	53.511833	192.40071	7.2189493	400.0	400.0	41799	15.072873	8.012678	26.037497	-27.89746	-15.181669	0.17187972	494.96076917648315
39	45.36484	39.3786	100.916306	14.19244	72.96515	61.086937	205.71042	-1.0091249	400.0	400.0	42899	15.351102	8.035621	26.31032	-27.789907	-15.459769	0.18546525	516.8737878799438
40	68.32925	37.80668	120.80105	33.20235	59.586952	51.81161	186.9454	-2.1259592	400.0	400.0	43999	15.661051	8.056865	27.117065	-27.75253	-15.759737	0.19056985	539.1864280700684
41	43.201363	12.010928	55.21229	31.190435	61.898155	48.658092	187.85164	-9.181822	400.0	400.0	45099	15.927407	8.177715	27.615267	-27.694464	-16.020916	0.17573664	555.9674298763275
42	25.998423	16.847586	42.115845	2.7432237	73.28666	52.724705	261.76834	16.329142	400.0	400.0	46199	16.058708	8.377419	28.330837	-27.675959	-16.151228	0.18204135	571.3567416667938
43	56.293533	25.131224	87.53392	25.996954	69.331635	54.87471	192.00201	3.8332195	400.0	400.0	47299	16.259275	8.51399	28.552843	-27.478848	-16.34953	0.18380053	584.4289965629578
44	36.081654	31.026106	75.588684	-0.20439526	57.75663	59.88997	290.15225	0.15204328	400.0	400.0	48399	16.49344	8.602901	28.980957	-27.325937	-16.581215	0.17771395	601.4444601535797
45	62.421333	27.039343	89.46068	35.381992	48.411003	46.751472	174.22762	-2.262929	400.0	400.0	49499	16.64076	8.782657	29.474327	-27.088606	-16.729109	0.18132752	615.9124236106873
46	34.25439	22.489666	60.71436	5.7410774	41.45768	24.346836	101.30141	10.275323	400.0	400.0	50599	16.856432	8.834146	29.495451	-26.857016	-16.942514	0.17254254	629.8879251480103
47	68.48572	43.515095	126.05062	20.86031	65.05577	55.277657	188.2085	4.4787974	400.0	400.0	51699	17.06448	8.904994	29.781631	-26.626663	-17.149364	0.17578176	642.9586536884308
48	129.9236	95.18218	247.64853	14.5358925	54.32554	48.766953	208.06769	-15.761765	400.0	400.0	52799	17.23157	8.988139	30.106152	-26.56202	-17.313547	0.18408363	656.9348900318146
49	27.314701	13.270432	40.585133	14.044268	104.02877	72.37655	245.37228	8.234439	400.0	400.0	53899	17.466818	9.043484	30.500528	-26.421211	-17.545284	0.18282446	668.948972940445
50	34.182854	20.090822	62.55581	18.69512	81.658844	59.64493	231.21603	10.775136	400.0	400.0	54999	17.577032	9.10179	30.980051	-26.39895	-17.649345	0.18637764	682.8038501739502
51	93.605896	73.31632	188.45586	9.910564	47.075466	30.005411	110.604546	2.3401394	400.0	400.0	56099	17.701511	9.132107	31.434587	-26.467653	-17.765394	0.18649797	697.5081663131714
52	47.5454	13.089869	64.52576	32.67027	60.563942	63.389965	263.62665	-3.690173	400.0	400.0	57199	17.815142	9.224691	32.617786	-26.581673	-17.875118	0.19532003	711.6976664066315
53	40.705334	26.66994	67.375275	14.035394	61.549335	54.766342	188.14671	-8.432181	400.0	400.0	58299	17.82989	9.333294	33.452972	-26.791729	-17.883924	0.18496989	724.6855771541595
54	52.861286	29.67469	90.97764	18.596575	41.31806	30.240906	107.084404	-4.6590924	400.0	400.0	59399	17.848043	9.423619	33.34852	-26.91333	-17.899746	0.20026506	740.503214597702
55	72.32205	87.72307	195.90433	1.1197114	42.243446	28.675808	120.961624	0.41319054	400.0	400.0	60499	17.872606	9.573142	33.558613	-26.974174	-17.922365	0.2068597	753.2215468883514
56	56.280304	7.3666677	65.977905	48.134674	71.582886	62.29189	256.74887	14.468828	400.0	400.0	61599	17.939062	9.820733	33.843983	-27.04549	-17.990435	0.18873627	765.6176261901855
57	11.767502	4.09283	15.8603325	7.6746716	69.17616	65.45727	241.72656	-9.298072	400.0	400.0	62699	17.987408	9.966729	33.97693	-27.031912	-18.04222	0.20777175	780.4230372905731
58	59.847546	18.072914	85.33045	45.399815	64.536	45.060463	151.32368	6.639787	400.0	400.0	63799	18.055286	10.125439	34.222168	-26.939758	-18.110956	0.20344213	795.0404357910156
59	107.62075	9.529915	115.92062	94.274994	48.805313	37.75347	162.51991	6.867607	400.0	400.0	64899	18.228764	10.197562	34.577614	-26.837204	-18.28844	0.22116488	807.4735469818115
60	133.20836	74.448906	238.15991	73.46348	60.50871	52.89919	245.4115	4.8310485	400.0	400.0	65999	18.44058	10.247963	35.032475	-26.732975	-18.497301	0.21077053	819.7851195335388
61	78.725075	26.474333	105.19941	52.250744	48.20129	55.881424	257.0292	-5.927099	400.0	400.0	67099	18.616491	10.250108	35.495983	-26.690569	-18.670818	0.21260576	834.6451616287231
62	16.703524	16.105904	36.311848	-3.1373432	61.14577	66.34199	268.57233	-4.524287	400.0	400.0	68199	18.701353	10.232547	35.937805	-26.777695	-18.754276	0.21998128	847.2491071224213
63	74.77991	14.788965	87.908264	54.11591	66.08722	64.62955	242.5078	1.3681159	400.0	400.0	69299	18.77575	10.205458	36.812683	-26.84126	-18.82707	0.21002316	861.4672427177429
64	87.06095	81.27532	202.0015	29.446894	64.794785	58.575207	233.55351	2.4443028	400.0	400.0	70399	18.93132	10.188521	36.794006	-26.84157	-18.981739	0.22098218	875.3398213386536
65	69.70618	58.54399	128.25017	11.162186	50.46063	52.642727	204.74504	1.198057	400.0	400.0	71499	19.010729	10.258388	37.23832	-26.792728	-19.059847	0.19895309	890.5716652870178
66	41.421238	16.820875	53.98175	17.64561	83.84679	62.696198	265.93594	-0.7663556	400.0	400.0	72599	19.087973	10.264237	37.60043	-26.751638	-19.13853	0.20200615	903.6117050647736
67	53.298267	36.539734	104.808556	23.972986	48.959915	40.490913	172.67946	3.2422953	400.0	400.0	73699	19.170086	10.324547	37.99857	-26.61984	-19.220324	0.20765041	917.2352495193481
68	31.513193	31.162376	75.55912	8.222231	55.87023	59.342564	225.72028	-4.2393436	400.0	400.0	74799	19.199827	10.395936	38.292934	-26.543251	-19.249783	0.1947465	932.1119070053101
69	106.286224	111.48378	217.77	-5.1975574	48.64133	43.965656	180.89986	-6.0488863	400.0	400.0	75899	19.345852	10.523206	38.66513	-26.42775	-19.394184	0.1805341	946.6189846992493
70	101.60913	57.080837	182.28516	58.848812	51.39541	48.306484	166.0658	-8.0662565	400.0	400.0	76999	19.489183	10.627397	39.092415	-26.267698	-19.539705	0.17983082	957.5939698219299
71	33.181454	9.158053	42.659622	20.798538	71.622894	60.906776	224.74304	-6.6231146	400.0	400.0	78099	19.59025	10.679511	39.91617	-26.142092	-19.6383	0.1962193	970.5368778705597
72	45.65372	17.030634	61.814987	22.107843	88.03029	65.91884	221.34354	-4.541683	400.0	400.0	79199	19.660341	10.708172	40.253437	-25.887537	-19.708149	0.19210616	981.1309008598328
73	156.15118	88.13254	244.28372	68.01865	69.17235	50.209614	203.8467	-1.5286603	400.0	400.0	80299	19.810858	10.7697315	40.986034	-25.625423	-19.860243	0.1901254	994.0672755241394
74	86.999916	56.026665	163.86029	31.901123	66.24747	54.642826	232.82932	16.895147	400.0	400.0	81399	19.946566	10.830523	41.71746	-25.445965	-19.993567	0.18383831	1007.9126727581024
75	24.78096	6.2967668	33.204247	18.067297	48.32614	47.27657	178.1356	2.8518417	400.0	400.0	82499	20.043118	10.888091	41.87797	-25.17387	-20.089808	0.1755699	1022.0236723423004
76	74.83869	23.991549	108.757805	57.16391	77.46248	53.39912	241.73474	14.646213	400.0	400.0	83599	20.135288	11.031863	42.170258	-24.95863	-20.183527	0.18543924	1034.581958770752
77	5.655255	1.9690228	7.6242776	3.686232	78.25639	50.024536	172.76228	2.1722553	400.0	400.0	84699	20.177921	11.119669	42.494926	-24.684118	-20.227114	0.17891346	1047.6400592327118
78	141.6551	50.236645	193.07745	73.4894	61.59754	27.478561	114.30693	26.006191	400.0	400.0	85799	20.414177	11.254471	42.7082	-24.379417	-20.460268	0.1740533	1059.6848883628845
79	66.84948	15.720156	88.10004	50.567753	58.69207	53.718945	231.90329	8.391687	400.0	400.0	86899	20.519432	11.35651	43.12349	-24.125956	-20.5651	0.17738062	1074.283599615097
80	87.15159	59.37155	170.81198	39.142742	51.38963	44.721893	180.42918	-6.0469136	400.0	400.0	87999	20.555477	11.43941	43.7748	-23.866314	-20.603348	0.17737232	1088.1974499225616
81	82.83702	33.14383	115.98085	49.693188	61.135426	46.660236	179.18326	-1.4846183	400.0	400.0	89099	20.68364	11.590781	43.790848	-23.65922	-20.73114	0.1776256	1101.9726798534393
82	35.49468	19.63339	62.7881	17.43131	65.486694	49.493404	204.27968	4.0801554	400.0	400.0	90199	20.743729	11.66148	44.316177	-23.43326	-20.791723	0.17359088	1114.0278005599976
83	60.786037	21.15519	90.03293	40.70571	61.795666	41.045334	170.71747	21.094973	400.0	400.0	91299	20.818768	11.723573	44.482704	-23.284603	-20.86815	0.16855568	1125.9589202404022
84	66.25814	47.254208	117.296455	3.379138	57.096504	56.641937	216.17946	9.318273	400.0	400.0	92399	20.916376	11.810283	44.689194	-23.075811	-20.966286	0.16577812	1138.0043046474457
85	72.74114	14.683008	87.42415	58.058132	72.98863	77.70206	280.22937	3.3360593	400.0	400.0	93499	21.028347	11.859809	44.78543	-22.884937	-21.077457	0.16845284	1150.1025755405426
86	23.186579	9.8932	33.836647	10.003738	76.42235	78.25029	268.47275	14.149538	400.0	400.0	94599	21.060173	11.879926	45.150036	-22.669487	-21.108406	0.17082356	1162.632660627365
87	94.44864	47.20011	156.75145	42.547634	78.63542	69.284584	264.65414	5.8613343	400.0	400.0	95699	21.163479	11.962153	45.47766	-22.506914	-21.210844	0.17495786	1175.1516335010529
88	42.51772	49.579372	110.22984	-7.101337	70.0389	62.208088	251.01135	13.807392	400.0	400.0	96799	21.27908	12.040687	45.795086	-22.438204	-21.327961	0.16956279	1189.0640695095062
89	49.6746	2.7126522	52.38725	46.961945	86.90209	67.531975	231.8112	7.1918445	400.0	400.0	97899	21.309124	12.118909	46.154953	-22.364353	-21.358656	0.18089926	1201.0631394386292
90	49.344326	29.621622	89.8105	19.728958	56.584106	38.09286	161.28358	-6.3458753	400.0	400.0	98999	21.352348	12.151863	46.49575	-22.309471	-21.401953	0.17083795	1213.1800074577332
91	85.73398	52.583237	138.88206	14.116003	63.61382	46.59223	182.92126	10.463214	400.0	400.0	100099	21.489298	12.217394	46.738518	-22.229925	-21.540106	0.1777223	1225.144813299179
92	42.56142	29.46743	81.27266	9.842637	54.71161	53.05923	211.31755	6.073443	400.0	400.0	101199	21.60971	12.283609	47.111675	-22.162743	-21.66114	0.16849148	1237.0042626857758
93	27.137379	9.446957	36.584335	17.690422	69.964195	55.45158	254.09225	11.832237	400.0	400.0	102299	21.681873	12.311947	47.33852	-22.233482	-21.732468	0.16232333	1250.9972279071808
94	7.685305	5.1719036	14.671661	2.3170276	51.924793	28.34119	115.96208	5.806239	400.0	400.0	103399	21.7151	12.361894	47.65566	-22.243864	-21.76469	0.1729169	1262.963368654251
95	61.099155	26.293161	97.67443	37.007843	46.04039	40.995975	196.63902	4.124308	400.0	400.0	104499	21.818092	12.3759165	47.986485	-22.251387	-21.869558	0.17669733	1275.0206801891327
96	96.419106	34.59261	138.8337	54.099613	52.349464	28.149487	102.09133	7.2801256	400.0	400.0	105599	21.916542	12.450659	48.269287	-22.240767	-21.966864	0.17249778	1287.1714980602264
97	182.1121	12.136475	194.24858	169.97563	64.56911	53.018017	214.30681	7.72373	400.0	400.0	106699	22.074343	12.575757	48.6567	-22.350807	-22.121609	0.18965097	1300.3451564311981
98	36.555836	11.417097	46.162743	20.513803	52.363518	48.369774	172.48935	-13.543885	400.0	400.0	107799	22.167597	12.646768	48.888557	-22.440811	-22.215923	0.17813256	1313.1916673183441
99	31.619783	19.252596	58.339394	13.727815	38.888027	28.18533	92.043976	-9.309496	400.0	400.0	108899	22.200836	12.719002	49.230007	-22.478333	-22.24803	0.17389049	1325.3363904953003
100	67.535	33.172905	102.69093	23.055223	98.18446	79.61359	264.12146	0.4795168	400.0	400.0	109999	22.300343	12.78859	49.5158	-22.586899	-22.345081	0.17436787	1338.193499326706
101	135.91432	16.220413	152.13474	119.69391	83.49723	50.88777	193.96242	8.7745905	400.0	400.0	111099	22.33926	12.829789	49.766464	-22.622211	-22.381918	0.18436983	1350.1544783115387
102	77.929016	86.34102	192.84517	-15.276311	81.2577	75.48642	272.90677	3.3098545	400.0	400.0	112199	22.47535	12.948627	50.061867	-22.672384	-22.517134	0.17821108	1360.9523663520813
103	120.68098	95.468834	237.8032	3.9542837	59.741844	49.575253	156.49406	1.8892446	400.0	400.0	113299	22.559198	13.078211	50.359726	-22.816563	-22.601938	0.1780127	1372.9441452026367
104	33.44493	21.839178	63.03195	10.978049	67.42341	54.393192	220.8375	3.6791894	400.0	400.0	114399	22.590954	13.117924	50.66875	-22.908619	-22.633522	0.173636	1385.0420279502869
105	68.27535	3.5713577	71.84671	64.703995	65.54764	56.076637	213.96712	8.341301	400.0	400.0	115499	22.610641	13.146071	50.968967	-23.056137	-22.65339	0.17314883	1397.1821384429932
106	57.100998	13.182302	75.74109	47.516525	49.0654	45.8803	175.33492	13.484383	400.0	400.0	116599	22.650013	13.18693	51.260395	-23.142462	-22.691505	0.16761808	1409.420563697815
107	157.28873	50.951965	220.83728	96.097786	59.928062	54.616802	253.0424	9.733	400.0	400.0	117699	22.778576	13.251092	51.56695	-23.344225	-22.816406	0.16167966	1421.5694696903229
108	108.33779	68.88786	179.35576	15.073785	44.664436	35.8758	146.73131	-0.45173788	400.0	400.0	118799	22.904432	13.413582	51.83029	-23.55011	-22.93999	0.17128521	1434.386237859726
109	104.98729	85.538666	190.52596	19.448622	86.74896	68.38343	259.88846	21.430943	400.0	400.0	119899	22.986729	13.576911	52.129433	-23.774757	-23.023188	0.16602121	1445.3280491828918
110	46.59163	9.917237	60.54354	38.376526	57.144306	48.516277	183.05104	-3.088266	400.0	400.0	120999	23.017763	13.644209	52.38518	-24.047474	-23.052841	0.1716141	1458.241934299469
111	51.78954	14.513863	68.00749	32.78507	69.158646	45.772476	184.22153	-6.0068126	400.0	400.0	122099	23.017626	13.681953	52.63588	-24.258036	-23.050625	0.16441053	1471.080489397049
112	90.09376	23.749147	115.54263	58.387775	39.01843	32.42779	140.68034	-2.4493933	400.0	400.0	123199	23.049976	13.768256	52.89787	-24.503944	-23.085026	0.17129731	1485.097972869873
113	35.899117	17.424309	53.323425	18.474806	49.01875	29.097198	111.99433	12.16442	400.0	400.0	124299	23.059793	13.837135	53.13352	-24.69203	-23.09421	0.18454593	1498.695455789566
114	36.5404	35.42701	86.31562	6.710117	41.29371	48.242813	226.7581	-4.2603445	400.0	400.0	125399	23.034138	13.917047	53.364635	-24.899307	-23.067396	0.1807184	1511.4238493442535
115	57.342823	59.135162	140.86012	11.829664	63.141014	56.43616	193.71774	-1.1325939	400.0	400.0	126499	22.990417	13.984081	53.592228	-25.09661	-23.02218	0.18562484	1524.1532218456268
116	73.551125	26.722567	111.340256	54.296524	74.20781	71.99549	245.65239	0.9530745	400.0	400.0	127599	23.033691	14.057732	53.79697	-25.296219	-23.065928	0.1792454	1536.7809805870056
117	12.497263	3.4743385	15.9716015	9.022924	59.108074	51.05675	214.66211	-10.486212	400.0	400.0	128699	23.00387	14.118746	54.056038	-25.59743	-23.039635	0.17367065	1548.9747321605682
118	54.601578	42.870644	101.66042	-2.0327795	55.199726	39.033176	157.15216	-1.8457133	400.0	400.0	129799	23.041767	14.101081	54.245956	-25.85607	-23.075912	0.1697888	1559.8823747634888
119	52.703934	51.364494	125.28664	13.906457	55.41584	50.129524	205.89388	-8.170105	400.0	400.0	130899	23.080526	14.055894	54.507164	-26.060804	-23.11381	0.18717335	1571.2877955436707
120	41.063274	20.961018	70.703964	25.898623	53.36687	46.402332	187.3008	9.870959	400.0	400.0	131999	23.091566	14.055136	54.688385	-26.232304	-23.124144	0.18701835	1584.3752217292786
121	23.075157	6.407428	29.482584	16.667728	59.5231	47.48409	190.8821	-6.4125047	400.0	400.0	133099	23.03787	14.029212	54.885345	-26.469019	-23.068243	0.17343618	1595.791247367859
122	44.690296	18.161621	67.703186	23.306002	64.46105	39.57168	154.23419	4.4626603	400.0	400.0	134199	22.993055	14.018311	55.092228	-26.665709	-23.020805	0.18015994	1607.861291885376
123	63.459858	33.968876	105.14075	21.934769	80.00459	65.207146	245.31024	16.418396	400.0	400.0	135299	22.975342	13.995039	55.22561	-26.828732	-23.002106	0.18782191	1620.3710398674011
124	34.023262	5.832285	40.865143	26.612984	59.423595	36.24419	128.6463	-2.700154	400.0	400.0	136399	22.978256	13.975281	55.397293	-26.95134	-23.005629	0.17556486	1631.7904605865479
125	27.656092	9.143301	36.799393	18.51279	40.47964	34.19912	117.78249	5.0375967	400.0	400.0	137499	22.937635	13.972858	55.5701	-27.08887	-22.965887	0.16458201	1642.7650227546692
126	75.39229	38.682323	109.332825	21.266762	70.91069	63.699203	273.61658	17.882637	400.0	400.0	138599	22.901964	13.977363	55.74468	-27.212708	-22.929604	0.16679643	1654.824464559555
127	17.630287	10.823476	30.18116	3.7668245	75.02342	56.30244	195.74925	2.2258313	400.0	400.0	139699	22.9158	13.918591	55.909443	-27.28116	-22.94393	0.172011	1668.0704009532928
128	25.410082	14.768974	44.768333	8.939235	38.371544	22.018597	96.64372	2.300597	400.0	400.0	140799	22.865297	13.922727	56.077675	-27.46668	-22.890167	0.15759632	1682.1038374900818
129	127.58829	60.169094	187.75739	67.4192	52.53089	27.459743	125.25004	0.5618065	400.0	400.0	141899	22.899	14.008818	56.23996	-27.551678	-22.924414	0.16763335	1694.5536713600159
130	51.345745	6.2759438	56.20669	42.484127	108.14901	63.598495	211.39246	10.9863205	400.0	400.0	142999	22.912281	14.025359	56.421387	-27.639795	-22.938019	0.17048182	1706.267992734909
131	15.099064	8.624867	22.659878	3.0296235	69.03269	58.45611	250.75117	-0.2394123	400.0	400.0	144099	22.86085	13.986819	56.60989	-27.809399	-22.88476	0.1806385	1717.0838453769684
132	10.459396	9.499077	21.361975	-1.7888793	66.23345	60.18645	239.10078	1.8342388	400.0	400.0	145199	22.803762	13.972269	56.686478	-27.869194	-22.829176	0.16367781	1728.8428361415863
133	79.09061	16.04369	95.13429	63.046913	51.4659	53.61749	219.03755	-3.6942344	400.0	400.0	146299	22.76752	13.977982	56.867092	-27.956831	-22.794312	0.16482075	1739.1766867637634
134	76.82692	72.14624	172.56494	-1.5919268	74.689186	78.93668	269.82535	-1.0119141	400.0	400.0	147399	22.836473	14.024525	57.038136	-28.037764	-22.863186	0.16603188	1749.5806105136871
135	105.349266	61.41815	178.86234	28.528341	81.95524	55.30962	245.28928	21.267641	400.0	400.0	148499	22.841953	14.048763	57.16606	-28.046652	-22.869879	0.17694688	1762.2340123653412
136	30.681139	23.145493	48.46011	-2.0096443	60.049553	40.522682	148.8114	6.546506	400.0	400.0	149599	22.895874	14.107856	57.359146	-28.0832	-22.92462	0.17234509	1774.342761039734
137	43.502747	8.999378	52.502125	34.50337	61.714417	61.270176	242.12213	3.6164465	400.0	400.0	150699	22.870478	14.196504	57.463436	-28.155355	-22.900827	0.18253778	1788.5329809188843
138	155.33205	55.18729	199.59126	77.53112	61.211243	61.1314	241.14278	2.4017937	400.0	400.0	151799	22.971952	14.311098	57.612217	-28.1895	-23.003073	0.20163694	1800.3339006900787
139	119.353004	105.98009	268.581	32.659214	61.35854	37.702457	154.30048	5.0093307	400.0	400.0	152899	23.033915	14.449908	57.772373	-28.291742	-23.066217	0.18983485	1814.0736148357391
140	52.43047	17.864487	77.63136	38.282112	101.962234	60.454678	223.79263	26.230776	400.0	400.0	153999	23.139658	14.536087	57.93504	-28.317696	-23.174475	0.19989069	1825.7680442333221
141	35.781742	19.569569	55.35131	16.212172	55.85188	63.651474	238.7693	0.55507416	400.0	400.0	155099	23.171444	14.576124	58.052864	-28.395607	-23.206161	0.19952102	1837.7574186325073
142	6.66863	10.709033	20.0652	-6.1471705	48.990223	33.670208	137.18472	-1.8486683	400.0	400.0	156199	23.19117	14.608631	58.20776	-28.501587	-23.225462	0.19227357	1849.5345470905304
143	22.770758	19.515018	48.69791	1.6162733	62.692608	49.660015	191.89363	4.0243344	400.0	400.0	157299	23.180136	14.614775	58.34404	-28.60583	-23.217562	0.19478762	1861.335210800171
144	52.927433	7.7927675	63.757095	45.74352	69.27943	51.91304	267.85236	2.4834476	400.0	400.0	158399	23.24157	14.651225	58.480373	-28.761717	-23.281412	0.19004072	1873.8306710720062
145	49.539803	5.986166	55.525967	43.553635	59.462334	44.780853	190.69536	-7.879811	400.0	400.0	159499	23.332136	14.631924	58.709682	-28.795425	-23.373678	0.18926659	1886.1127290725708
146	65.89892	30.915428	90.69871	22.316122	59.272087	47.43713	166.3118	5.099645	400.0	400.0	160599	23.410372	14.573368	58.816036	-28.809664	-23.455313	0.18923675	1897.336177110672
147	64.2154	28.981306	104.66033	38.245773	65.40737	52.386227	206.31064	-1.4448152	400.0	400.0	161699	23.497742	14.523521	58.97279	-28.809654	-23.54226	0.2007867	1909.9894752502441
148	49.68986	38.610016	103.13101	13.267094	90.14281	57.07871	180.33214	-1.6993021	400.0	400.0	162799	23.578783	14.517007	59.121773	-28.823408	-23.623201	0.1897145	1921.9921407699585
149	47.468636	13.99214	61.460773	33.476494	48.709145	31.18283	145.17522	13.782776	400.0	400.0	163899	23.624046	14.472478	59.25578	-28.849031	-23.669106	0.20675115	1934.5809962749481
150	148.13051	25.438808	167.10626	112.173035	63.552937	54.151978	221.19955	-1.833548	400.0	400.0	164999	23.82635	14.604324	59.369545	-28.775692	-23.873003	0.20241275	1947.6344447135925
151	136.73805	85.05907	237.23515	29.237284	69.50414	57.438786	192.7212	-1.7692816	400.0	400.0	166099	24.02738	14.596785	59.513035	-28.7509	-24.074312	0.19347341	1959.8299973011017
152	56.313732	51.697857	129.40004	18.098442	47.069847	39.942265	134.06415	4.86201	400.0	400.0	167199	24.160646	14.641535	59.635006	-28.806177	-24.20809	0.192401	1972.0112037658691
153	32.787704	0.414217	33.201923	32.37349	79.63994	58.622524	197.23445	-3.5637631	400.0	400.0	168299	24.273895	14.698628	59.690365	-28.843752	-24.31833	0.1905919	1986.0772998332977
154	41.47594	6.84004	51.129055	36.108757	60.975567	63.98427	224.66603	-4.523311	400.0	400.0	169399	24.333073	14.640443	59.78462	-28.899885	-24.378168	0.18513882	1999.4161326885223
155	115.19987	63.92706	185.8022	30.995882	59.44746	55.47987	237.83357	0.59304166	400.0	400.0	170499	24.418964	14.647364	59.854595	-28.97299	-24.460146	0.18901867	2012.0358180999756
156	102.39307	35.970577	152.93028	72.09298	65.25183	54.30236	207.9386	9.400786	400.0	400.0	171599	24.518618	14.645923	59.944214	-29.088802	-24.556013	0.18425703	2024.5632014274597
157	44.14122	13.802618	57.943836	30.3386	37.990997	24.704613	82.295166	-9.801141	400.0	400.0	172699	24.51859	14.627481	59.971138	-29.188862	-24.557158	0.18144238	2037.2397661209106
158	32.1807	19.954414	59.131954	11.460047	44.384975	25.04417	123.05403	3.3999336	400.0	400.0	173799	24.533728	14.567674	60.0366	-29.206444	-24.568739	0.17638616	2049.5259284973145
159	32.303448	23.646229	60.684685	2.7963297	69.02207	68.626434	244.45947	0.21414158	400.0	400.0	174899	24.539732	14.550554	60.113483	-29.218777	-24.573853	0.18940292	2061.5789501667023
160	83.45199	20.396063	112.17276	66.78143	61.58654	62.082287	266.01944	-0.691631	400.0	400.0	175999	24.482449	14.466675	60.209873	-29.256685	-24.514418	0.18757723	2075.756126642227
161	72.58064	5.656391	78.23703	66.92425	39.990158	26.06475	93.65868	-3.980905	400.0	400.0	177099	24.457914	14.427473	60.187027	-29.253908	-24.48955	0.1849352	2091.548575401306
162	93.896736	70.143654	186.61163	16.991629	54.944145	36.459915	152.38985	8.694632	400.0	400.0	178199	24.51279	14.399744	60.259186	-29.254766	-24.541721	0.17571318	2103.1421711444855
163	54.026974	4.423737	60.272903	50.59512	72.85864	67.972565	244.14062	2.837518	400.0	400.0	179299	24.456615	14.346554	60.26906	-29.2711	-24.48464	0.18105514	2113.7162783145905
164	39.12618	20.929413	67.899666	18.729	68.027306	64.01832	228.76169	-4.638699	400.0	400.0	180399	24.38103	14.267743	60.317604	-29.302101	-24.409588	0.17742704	2125.7551221847534
165	20.228409	2.7270327	22.955442	17.501377	69.81596	74.01449	271.59952	-2.4534652	400.0	400.0	181499	24.39551	14.272481	60.350864	-29.308212	-24.421776	0.17122355	2139.69526219368
166	69.7429	33.28675	101.46142	23.759516	69.144875	52.657776	213.5718	7.251675	400.0	400.0	182599	24.237621	14.248176	60.387783	-29.378475	-24.263363	0.1752262	2152.391900539398
167	69.36179	58.066223	151.41614	25.534159	71.997734	54.153915	215.13382	13.489203	400.0	400.0	183699	24.2318	14.169336	60.388958	-29.381243	-24.257042	0.1627485	2164.4885947704315
168	154.32164	72.94151	255.58167	86.64749	58.08011	48.515266	176.98407	-8.812268	400.0	400.0	184799	24.228035	14.227014	60.46248	-29.330822	-24.252478	0.17489566	2175.865960597992
169	16.120163	7.141826	23.26199	8.978337	65.991905	56.21542	265.33282	3.2245877	400.0	400.0	185899	24.242413	14.258774	60.401497	-29.3688	-24.267212	0.16637468	2186.843204975128
170	53.38146	25.850765	87.91328	25.72044	56.364788	55.085884	230.13644	11.301846	400.0	400.0	186999	24.168419	14.2243395	60.586514	-29.357254	-24.19149	0.16985318	2198.7974293231964
171	51.364605	27.717487	89.51191	24.482239	52.591534	44.538174	166.27902	-6.8440795	400.0	400.0	188099	24.062826	14.176695	60.551617	-29.309504	-24.085613	0.16814178	2209.5417578220367
172	85.18897	54.763565	133.4391	8.599483	67.211624	68.7719	249.44751	-1.8228755	400.0	400.0	189199	24.0876	14.108917	61.049194	-29.237652	-24.110884	0.16930601	2221.2988336086273
173	52.160103	18.02803	70.18813	34.132072	61.40987	62.457386	224.31583	-6.767918	400.0	400.0	190299	24.057535	14.114708	61.08467	-29.194372	-24.0801	0.16103788	2233.179844856262
174	59.3654	6.486733	68.03423	52.431934	60.98069	47.765705	168.40263	0.6218483	400.0	400.0	191399	24.023216	14.037433	61.343964	-29.108072	-24.045479	0.15208285	2244.99862408638
175	40.071518	25.172377	70.909515	9.250041	65.46805	33.13015	139.68837	14.0731125	400.0	400.0	192499	23.980804	14.010114	61.429024	-29.012	-24.003736	0.15733606	2256.8045127391815
176	13.167046	7.5095572	21.026945	3.0518987	44.945263	33.551235	120.6859	-5.7507014	400.0	400.0	193599	23.899887	13.9578705	60.57172	-28.912262	-23.922411	0.16231844	2268.971524953842
177	117.27365	57.01163	174.28528	60.26202	59.749775	42.02624	159.26276	2.9917753	400.0	400.0	194699	23.816849	13.915969	61.157738	-28.718103	-23.839624	0.16263899	2280.6974601745605
178	59.994343	39.771492	116.22391	30.72449	59.442852	54.350567	179.8882	7.158234	400.0	400.0	195799	23.85486	13.921002	61.413403	-28.738256	-23.880934	0.16245286	2292.7066864967346
179	69.21701	40.31411	125.12604	31.59417	84.72226	62.301147	251.16283	5.686643	400.0	400.0	196899	23.802994	13.872014	61.663193	-28.68936	-23.828365	0.15117767	2306.4691405296326
180	12.502561	12.333156	29.633997	1.1003802	79.712265	65.55156	217.5823	10.702667	400.0	400.0	197999	23.736752	13.844533	61.37269	-28.751396	-23.761723	0.15324435	2320.396355867386
181	25.968243	14.687242	40.655483	11.281001	67.60872	50.32346	187.99626	-5.984497	400.0	400.0	199099	23.695175	13.863349	61.75082	-28.710274	-23.72208	0.16082214	2332.279402732849
182	52.10136	32.43016	97.77173	25.62805	54.964043	41.89823	175.4251	-3.5154119	400.0	400.0	200199	23.676043	13.860868	61.798527	-28.683607	-23.706038	0.15624878	2343.4800357818604
183	98.79835	63.947037	145.38742	8.377605	84.32328	53.020733	187.68768	15.15867	400.0	400.0	201299	23.751766	13.869892	61.85732	-28.746502	-23.78071	0.15860052	2355.2978780269623
184	49.596943	33.175663	92.60778	11.859218	76.159996	65.2973	251.9957	8.209348	400.0	400.0	202399	23.684486	13.85548	61.589226	-28.217873	-23.714548	0.163195	2367.4630904197693
185	31.74199	1.6830187	33.425007	30.05897	59.194183	43.84256	205.47815	-3.0570967	400.0	400.0	203499	23.653204	13.856572	61.59984	-28.774149	-23.683302	0.16365834	2381.467603445053
186	91.5075	68.64342	188.11392	34.9413	45.866844	27.881474	101.691696	6.264062	400.0	400.0	204599	23.709135	13.871197	61.655678	-28.755093	-23.739225	0.15464199	2394.0447657108307
187	25.659372	7.6749015	36.185585	18.103823	67.96022	62.881332	213.10675	1.2481561	400.0	400.0	205699	23.7129	13.897243	61.45464	-28.757961	-23.743868	0.16248338	2407.7799706459045
188	41.46398	17.13725	63.83881	22.210999	61.179565	46.28251	185.07007	4.8499618	400.0	400.0	206799	23.701082	13.909147	61.50034	-28.838078	-23.73205	0.16858698	2420.9806411266327
189	172.26315	74.36208	246.62523	97.90106	71.2668	61.077007	257.742	-14.912335	400.0	400.0	207899	23.808104	13.9754715	61.460266	-28.854464	-23.839127	0.16057396	2434.6610009670258
190	44.15857	9.998442	55.552605	31.209986	42.470848	39.595688	149.8511	-0.6197691	400.0	400.0	208999	23.782946	13.952509	61.470253	-28.861639	-23.811274	0.16410403	2448.3154895305634
191	40.075512	9.179465	51.476658	28.998669	66.36618	62.441483	239.62976	9.40995	400.0	400.0	210099	23.797968	13.987153	61.418484	-28.904516	-23.827618	0.17108314	2460.8368842601776
192	13.556008	3.5681734	17.820625	9.087555	61.373993	48.47383	177.8367	6.258609	400.0	400.0	211199	23.779194	13.981454	61.554638	-28.923344	-23.810278	0.16026442	2472.668370246887
193	67.1427	42.542576	109.68528	24.600124	61.341564	46.418697	175.36821	-6.813063	400.0	400.0	212299	23.790937	13.98092	61.61604	-28.856077	-23.823736	0.16603597	2484.1282465457916
194	44.62788	40.086998	90.665764	-7.0413013	64.93077	44.99257	183.98915	8.675092	400.0	400.0	213399	23.776583	13.954768	61.430153	-28.777603	-23.80766	0.16878279	2495.085047483444
195	65.57595	51.440926	128.43611	2.4330502	49.762	53.566933	192.68039	-4.614321	400.0	400.0	214499	23.810904	13.943908	61.4578	-28.70851	-23.843033	0.1532521	2506.407185792923
196	16.978868	5.405197	23.43996	10.210674	67.178246	61.794228	255.10497	6.537123	400.0	400.0	215599	23.786654	13.972082	61.533356	-28.57106	-23.818218	0.1600301	2520.53173160553
197	91.01234	35.96852	126.98086	55.043816	61.89263	48.437733	194.59344	-1.1083006	400.0	400.0	216699	23.77618	13.974046	61.562428	-28.794542	-23.807154	0.1545709	2532.8692486286163
198	35.02798	12.278778	47.08436	18.176882	77.904495	55.37467	211.47516	20.708088	400.0	400.0	217799	23.82628	13.9782715	61.708458	-28.767675	-23.859818	0.16564986	2545.021518468857
199	80.266716	58.21774	157.6109	17.153555	54.531464	31.19127	133.84354	-0.965031	400.0	400.0	218899	23.854256	13.9937	61.793846	-28.965792	-23.88735	0.15603954	2556.995040655136
200	101.87522	27.819176	139.21196	72.4674	64.258675	60.298775	266.36835	0.31156042	400.0	400.0	219999	23.938688	14.03358	61.89564	-28.9588	-23.972614	0.1601735	2568.6865282058716
201	113.4717	0.5909805	114.06268	112.88072	59.204395	42.83171	158.94965	-4.2608614	400.0	400.0	221099	23.986713	14.046421	62.00551	-29.037878	-24.02028	0.14937095	2579.8254306316376
202	148.44719	49.885002	204.17389	83.11824	54.63081	62.910862	244.45224	2.1569996	400.0	400.0	222199	24.01266	14.074858	62.120766	-29.102205	-24.048346	0.1663771	2591.5488460063934
203	95.5935	110.06175	251.05368	11.193732	81.98665	61.878395	246.9718	16.12029	400.0	400.0	223299	24.155724	14.214083	63.077557	-29.042458	-24.191011	0.15273897	2603.4994213581085
204	52.5065	45.314804	114.79077	8.301091	89.01641	63.321194	219.21191	12.418131	400.0	400.0	224399	24.164507	14.234031	62.979454	-29.07578	-24.201374	0.14736179	2616.1465814113617
205	53.8331	29.8777	83.7108	23.955399	74.52558	53.967537	197.73831	-8.825068	400.0	400.0	225499	24.204006	14.235528	63.231033	-29.043852	-24.24245	0.15494274	2628.8417456150055
206	23.59458	6.400692	31.836912	16.232851	66.16188	56.96405	232.42334	10.068843	400.0	400.0	226599	24.218529	14.197464	63.170948	-28.955853	-24.256817	0.1473391	2641.0871419906616
207	61.875294	52.35232	129.25078	1.6064351	59.60438	49.51688	203.21228	1.6803414	400.0	400.0	227699	24.296947	14.249282	63.2853	-29.07497	-24.334778	0.14199468	2653.0182201862335
208	20.420105	7.287628	30.698158	14.621154	61.01226	51.858433	174.7569	-5.174413	400.0	400.0	228799	24.28595	14.26634	63.313744	-29.01	-24.32342	0.1458656	2664.865100622177
209	184.0248	13.048187	197.07298	170.97661	61.055035	69.56244	281.2103	4.787179	400.0	400.0	229899	24.354359	14.360853	63.48891	-29.159084	-24.393671	0.14557625	2676.9030838012695
210	40.897655	40.63243	98.2167	8.718609	59.457043	44.869686	198.76022	0.15708426	400.0	400.0	230999	24.46701	14.406178	63.521755	-29.141136	-24.50625	0.1394239	2688.4701812267303
211	102.6074	64.118225	193.1954	53.837852	64.876274	48.16036	194.55223	0.10227365	400.0	400.0	232099	24.523335	14.480704	63.365505	-29.20529	-24.56228	0.14471127	2700.7930886745453
212	98.901855	57.188286	179.45552	52.373615	63.230507	53.779583	234.23112	6.95179	400.0	400.0	233199	24.578365	14.523393	62.99675	-29.291153	-24.615108	0.1506064	2713.0557329654694
213	64.476746	0.77388	65.250626	63.702866	73.042625	43.1211	186.3696	14.641735	400.0	400.0	234299	24.611942	14.50444	63.50148	-29.18695	-24.649757	0.14103892	2725.1647610664368
214	129.8114	88.91601	248.14162	33.801292	51.739037	40.83248	191.97063	0.74092805	400.0	400.0	235399	24.674725	14.585084	63.71899	-29.234764	-24.71147	0.14953142	2739.402280807495
215	23.480087	17.631807	44.139446	1.0585036	58.937122	65.71803	257.26086	-1.389807	400.0	400.0	236499	24.717234	14.611956	63.252445	-29.278278	-24.753849	0.14125863	2753.35235619545
216	79.37807	53.0958	143.1929	13.199731	72.732376	64.61202	265.08646	4.9801264	400.0	400.0	237599	24.700504	14.598772	63.33401	-29.074917	-24.73585	0.15748161	2765.6401946544647
217	66.10839	35.275143	101.38353	30.833246	63.559166	41.055676	171.22163	11.643466	400.0	400.0	238699	24.748894	14.630604	63.275448	-29.652184	-24.783798	0.14369836	2778.0343687534332
218	49.013638	7.5117655	59.587105	42.837387	81.023445	50.097946	178.25024	1.4114187	400.0	400.0	239799	24.816685	14.642513	63.33868	-29.32119	-24.85052	0.15799893	2790.696944475174
219	54.37245	1.1556063	55.39176	52.7565	58.775524	39.43416	160.4619	9.73043	400.0	400.0	240899	24.776417	14.629946	63.346558	-29.427473	-24.809996	0.13553117	2804.5137865543365
220	26.7596	7.2339034	35.45761	17.74664	66.9306	53.035103	190.98714	4.127887	400.0	400.0	241999	24.78121	14.634937	63.35044	-29.537174	-24.814215	0.15369147	2816.0755779743195
221	27.294975	22.11708	49.412056	5.1778965	60.513042	42.053635	190.40044	1.5794718	400.0	400.0	243099	24.760693	14.593209	63.383575	-29.557022	-24.792145	0.14084716	2826.420393705368
222	84.12643	64.04983	169.7942	15.810301	59.04143	38.382137	141.34402	13.763067	400.0	400.0	244199	24.74484	14.603062	63.408524	-29.549807	-24.775229	0.13711357	2838.526402235031
223	105.27407	71.26065	204.69585	41.294247	53.294453	33.573605	140.30089	13.40721	400.0	400.0	245299	24.754974	14.627022	63.453648	-29.678083	-24.785675	0.13545775	2850.602855205536
224	101.755585	63.092243	190.15788	47.079617	78.74655	63.830288	269.00784	-2.7690852	400.0	400.0	246399	24.89004	14.688723	63.47025	-29.516874	-24.919973	0.13603899	2863.1699738502502
225	21.650238	4.3036375	25.953875	17.3466	70.2133	37.563866	142.17235	-2.4693496	400.0	400.0	247499	24.812374	14.681184	63.498817	-29.83021	-24.841059	0.14170647	2875.5030450820923
226	35.864758	10.703972	50.411743	24.964775	68.23758	44.50163	170.48322	-1.9088308	400.0	400.0	248599	24.81793	14.683818	63.491734	-29.931187	-24.847368	0.1309179	2888.199503660202
227	46.156677	27.726032	80.95872	13.112353	53.4658	43.583954	183.71997	1.5018579	400.0	400.0	249699	24.75608	14.658954	63.536686	-29.839125	-24.784874	0.14341398	2900.2741470336914
228	57.33797	67.14668	151.8511	2.1148548	54.83445	48.17615	168.13947	8.50988	400.0	400.0	250799	24.74587	14.675698	63.549187	-29.819757	-24.773455	0.14508672	2912.151475429535
229	65.89879	1.4817238	67.380516	64.41707	65.31163	52.41841	250.79657	-0.9753539	400.0	400.0	251899	24.748192	14.65437	63.552086	-29.944818	-24.777018	0.14374922	2924.3707551956177
230	81.56249	55.376293	144.73904	9.895007	77.84495	70.81994	265.0447	-0.9338927	400.0	400.0	252999	24.788843	14.69004	63.625744	-29.900862	-24.81705	0.13090326	2936.5548384189606
231	31.988884	27.01314	56.634575	-5.612548	72.91109	56.406334	228.44637	16.32333	400.0	400.0	254099	24.705805	14.643278	63.65999	-30.189594	-24.732834	0.1240032	2948.6958644390106
232	162.78606	83.01498	259.3717	56.69497	63.967785	50.328083	193.81325	4.5843096	400.0	400.0	255199	24.752739	14.724995	63.687508	-30.388887	-24.779549	0.14513814	2960.520197868347
233	10.527174	26.812937	37.34011	-16.285763	56.10451	44.062218	172.28613	-2.0620635	400.0	400.0	256299	24.723658	14.791059	63.755863	-30.307175	-24.750895	0.14420196	2974.558659553528
234	32.93537	22.28361	62.05078	7.934555	42.22372	27.44059	124.500145	4.5936656	400.0	400.0	257399	24.776016	14.790186	63.7682	-30.394283	-24.801495	0.1417292	2988.571313858032
235	71.630035	66.296745	164.70459	15.308433	69.98534	45.815926	197.78204	5.8542376	400.0	400.0	258499	24.720785	14.803056	63.839745	-30.570427	-24.746176	0.13531387	3002.5284411907196
236	63.91023	37.171444	112.81614	22.761967	67.16731	43.62442	165.18953	13.7421665	400.0	400.0	259599	24.749641	14.853584	63.833893	-30.590063	-24.774622	0.13574332	3014.5504899024963
237	68.48257	38.42656	106.90913	30.056004	66.171555	65.8458	225.32996	-9.603518	400.0	400.0	260699	24.670807	14.809699	63.87604	-30.625917	-24.694372	0.14705005	3026.187129497528
238	90.81074	31.645536	114.1654	46.07165	58.994728	61.196545	244.78703	-5.0395937	400.0	400.0	261799	24.707176	14.820033	63.877113	-30.61695	-24.730158	0.1421447	3037.808061361313
239	73.820526	31.74255	114.55158	37.111195	43.54868	32.03684	117.13007	-14.023808	400.0	400.0	262899	24.66898	14.789733	63.909016	-30.745434	-24.691034	0.13681613	3050.0196340084076
240	103.94281	62.35476	189.95226	44.087086	64.57972	43.715683	175.55882	-14.091424	400.0	400.0	263999	24.649815	14.821155	63.98097	-30.802975	-24.671257	0.14776376	3064.0576915740967
241	130.23134	73.18393	203.41527	57.047413	78.96827	50.972088	232.55748	3.3588398	400.0	400.0	265099	24.665684	14.843751	63.947887	-30.90795	-24.687868	0.13953497	3075.9287552833557
242	51.294254	48.87872	98.60515	-16.006964	75.885414	58.277534	240.99298	4.838451	400.0	400.0	266199	24.659586	14.927514	63.96184	-32.00275	-24.680235	0.1422582	3087.919874191284
243	46.605114	27.603893	80.832344	13.233119	62.95221	49.18897	181.56375	10.378244	400.0	400.0	267299	24.642668	14.883525	63.957905	-30.769815	-24.662691	0.1553609	3099.9242222309113
244	44.65265	21.023308	73.36062	23.60101	64.69177	51.943798	191.16858	7.3620415	400.0	400.0	268399	24.576797	14.842946	64.00436	-30.777802	-24.59706	0.13585684	3113.6491479873657
245	47.92737	26.33712	74.26449	21.590248	71.84521	59.151558	248.87828	-3.1530616	400.0	400.0	269499	24.510914	14.836526	63.973984	-30.818188	-24.532145	0.13853808	3124.38645029068
246	74.475395	71.15502	175.00691	20.386524	43.04887	41.56491	191.00087	-3.0392408	400.0	400.0	270599	24.525337	14.841367	63.9916	-30.874176	-24.545706	0.13999282	3137.262485265732
247	41.242123	10.388905	53.38459	28.007484	72.28588	57.297367	224.76239	17.437538	400.0	400.0	271699	24.488386	14.822492	63.98915	-31.035164	-24.510696	0.14416546	3150.968579053879
248	75.37049	63.307564	163.85406	19.306526	103.03412	68.392715	267.64	6.279451	400.0	400.0	272799	24.456476	14.815167	64.03094	-30.886517	-24.476564	0.14333785	3164.6794102191925
249	43.13543	14.464803	57.60023	28.670626	65.955505	51.682877	214.70871	10.027649	400.0	400.0	273899	24.480692	14.836002	64.02437	-31.052694	-24.502138	0.13402915	3178.2306077480316
250	39.775257	9.439306	52.704517	30.433746	68.88651	77.253876	291.04056	-3.1118875	400.0	400.0	274999	24.465534	14.838567	64.00727	-31.352634	-24.486147	0.13776213	3190.0461270809174
