Epoch	AverageEpRet	StdEpRet	MaxEpRet	MinEpRet	AverageTestEpRet	StdTestEpRet	MaxTestEpRet	MinTestEpRet	EpLen	TestEpLen	TotalEnvInteracts	AverageQVals	StdQVals	MaxQVals	MinQVals	LossPi	LossQ	Time
1	1.754024	11.795303	13.549327	-10.041279	-127.96444	0.9205304	-123.97059	-128.31482	400.0	400.0	1099	0.644624	0.9425314	28.407503	-20.978445	-0.68865144	2.0764205	2.6507792472839355
2	53.191753	53.17177	127.47909	5.9535794	-147.96323	0.19037485	-147.40274	-148.10017	400.0	400.0	2199	0.8607189	0.46886563	13.205361	-9.356821	-0.89953005	0.08345839	8.665292739868164
3	8.887321	15.625606	29.40878	-8.472114	-156.77573	0.024003053	-156.6731	-156.78679	400.0	400.0	3299	1.3241419	1.3492396	11.049617	-7.259033	-1.3456851	0.040505003	14.761340618133545
4	10.202765	28.591972	49.64467	-17.232046	-156.77513	0.014214731	-156.71732	-156.78667	400.0	400.0	4399	1.2598859	2.7760136	17.837067	-10.849434	-1.2744138	0.075230286	21.251774311065674
5	4.159316	1.2962396	5.4555554	2.8630762	-155.80154	0.11627778	-155.55168	-156.25414	400.0	400.0	5499	1.3125491	3.7846532	12.775659	-12.27797	-1.3232515	0.08068176	27.686665534973145
6	20.828665	23.86683	49.00702	-9.351617	-130.4494	0.2119687	-130.06244	-130.75806	400.0	400.0	6599	1.3015234	4.679689	14.692955	-13.608963	-1.3148116	0.1019186	35.206461668014526
7	42.16608	22.820171	73.046875	18.60641	-120.93457	0.63624406	-119.76823	-121.70332	400.0	400.0	7699	1.7557698	5.4887443	17.769506	-15.017693	-1.7859031	0.13955876	40.88666105270386
8	20.914019	22.95346	46.415283	-9.230759	-110.97969	1.501847	-108.86902	-114.3039	400.0	400.0	8799	1.9281397	6.2981505	20.975122	-16.360312	-1.9789627	0.1736646	46.672585248947144
9	1.0627408	9.585117	10.647858	-8.522376	-113.010025	1.7020879	-110.4708	-115.754234	400.0	400.0	9899	2.3874478	7.0674496	23.088333	-17.440485	-2.4512794	0.1942302	52.48048973083496
10	18.609106	32.084923	63.932697	-5.921493	46.22003	33.14378	109.49446	12.497243	400.0	400.0	10999	2.9674044	7.887406	20.73239	-17.965052	-3.1065736	0.21560109	58.2485716342926
11	25.20283	57.704296	106.70897	-19.04888	72.137184	19.79624	98.52557	37.55532	400.0	400.0	12099	3.6421757	8.587911	24.53187	-22.599592	-3.8067338	0.25095496	63.80194592475891
12	33.796993	26.194029	63.889275	0.041720636	70.46911	15.004414	85.93018	32.770184	400.0	400.0	13199	4.867929	9.526681	26.081375	-23.203133	-5.0474577	0.3102662	69.27368688583374
13	-7.091076	0.34951544	-6.7415605	-7.4405913	26.318375	14.581039	53.78732	9.819611	400.0	400.0	14299	5.4799476	10.013881	41.47096	-23.774387	-5.67881	0.31847602	74.88177943229675
14	17.308744	14.179254	35.80309	1.3499218	19.025566	23.740984	52.879826	-5.4602356	400.0	400.0	15399	6.094964	10.489311	31.21312	-23.853603	-6.30606	0.33652583	82.75606775283813
15	59.354706	3.9577878	64.5009	54.875397	70.667755	1.9159852	74.95535	67.86646	400.0	400.0	16499	6.4928756	10.994895	51.62295	-27.027802	-6.7052264	0.39004564	89.85079503059387
16	63.044693	1.2731143	64.329124	61.30982	71.39827	1.5709836	73.87262	67.13865	400.0	400.0	17599	6.872476	11.7036	44.733757	-31.201702	-7.0799766	0.40615886	96.82272267341614
17	61.030655	2.441553	63.47221	58.589104	68.62225	1.3047463	71.16586	66.548096	400.0	400.0	18699	6.911673	12.613716	47.819595	-35.728775	-7.1142817	0.39969414	103.59409475326538
18	59.457367	1.3956549	61.19072	57.773136	65.72325	1.2745035	67.28789	62.44195	400.0	400.0	19799	7.0775027	13.466077	57.373337	-37.765583	-7.2689886	0.4523554	108.79763269424438
19	57.28062	2.2216816	60.420765	55.618767	61.556816	1.2887716	64.932	59.528416	400.0	400.0	20899	7.01993	14.217348	49.931538	-40.12282	-7.199081	0.46117324	114.27568888664246
20	55.49565	2.4260118	58.495457	52.553814	62.055916	0.66448677	63.164246	60.76385	400.0	400.0	21999	6.9748225	14.947396	49.366802	-41.710453	-7.145002	0.44832364	119.56902241706848
21	54.194557	0.21081924	54.405376	53.983738	56.07369	1.3131552	58.929184	53.375523	400.0	400.0	23099	6.9200797	15.529856	51.67357	-40.67724	-7.0841975	0.42851636	124.94891667366028
22	52.03834	1.7581427	54.506596	50.54464	60.46999	0.91835064	61.467503	58.301678	400.0	400.0	24199	6.78705	16.05763	54.90982	-44.08967	-6.945301	0.5306465	131.59637808799744
23	50.888733	1.7393838	53.009453	48.748978	57.55343	1.1999413	59.966133	55.10673	400.0	400.0	25299	6.712699	16.52054	62.089165	-43.07115	-6.8657	0.4464969	137.89148211479187
24	49.330807	0.85784745	50.12031	48.13833	54.189545	1.0221075	56.03131	51.662964	400.0	400.0	26399	6.5428543	16.824108	59.921154	-42.152035	-6.689864	0.5146366	143.19829607009888
25	52.24746	0.2067318	52.454193	52.04073	44.572517	0.3914098	45.346054	44.051598	400.0	400.0	27499	6.450228	17.150824	63.904556	-44.377625	-6.5943866	0.6017484	150.3193199634552
26	48.974377	2.3240643	50.824512	45.696724	57.942932	1.8187889	61.221516	54.043896	400.0	400.0	28599	6.3293414	17.366205	66.31696	-42.616074	-6.4693985	0.4889534	157.64677715301514
27	49.683987	0.9740114	50.4673	48.311073	52.663887	0.7586657	54.171852	51.473476	400.0	400.0	29699	6.1318626	17.56929	74.543274	-41.60177	-6.265307	0.4863616	163.44720792770386
28	50.644283	1.9262192	53.323456	48.878082	56.481934	1.0444103	58.195065	54.32475	400.0	400.0	30799	5.9716496	17.804653	55.51005	-41.977913	-6.0989	0.522179	169.4572582244873
29	47.532383	2.7946777	50.32706	44.737705	53.685066	1.1431824	55.976402	52.01652	400.0	400.0	31899	5.8969984	17.939503	61.875824	-42.355194	-6.018224	0.5161546	176.69134855270386
30	35.19672	8.115272	45.230892	25.355425	40.53004	2.8962111	44.72398	35.645992	400.0	400.0	32999	5.609153	18.111061	53.911777	-52.79279	-5.7189074	0.43501708	182.4993178844452
31	25.25776	11.198913	35.284664	9.627369	28.41593	3.8479095	35.71328	19.803875	400.0	400.0	34099	5.378826	18.016739	73.48172	-51.59643	-5.489564	0.5075028	188.1875855922699
32	9.767044	1.6877185	12.071265	8.07594	12.160909	2.8621335	19.58824	8.028583	400.0	400.0	35199	5.278168	17.921675	69.85828	-49.19474	-5.387159	0.43541965	193.55322933197021
33	-2.714114	3.7038658	0.989752	-6.4179797	-16.28889	16.607506	28.050423	-40.28209	400.0	400.0	36299	4.998758	17.938993	63.434658	-48.578793	-5.102744	0.47374633	199.34760546684265
34	7.043728	12.566357	22.59638	-8.179491	63.716316	4.619852	69.97284	54.076485	400.0	400.0	37399	4.690204	17.998167	64.534195	-48.499794	-4.784223	0.44200605	204.93880915641785
35	-4.280143	20.20695	10.079375	-32.856968	23.275654	6.64564	33.250458	7.169738	400.0	400.0	38499	4.3264737	18.07352	81.67397	-67.102936	-4.4225874	0.52327514	210.5727882385254
36	26.008799	20.598589	47.171696	-1.909075	39.79546	6.868116	50.1604	26.873165	400.0	400.0	39599	4.1645465	18.30524	65.45717	-68.340706	-4.256743	0.4811953	217.69419527053833
37	46.72386	4.6102695	51.334133	42.113594	50.112965	1.3011545	53.80216	48.252556	400.0	400.0	40699	4.1851234	18.413551	76.25527	-67.396835	-4.282003	0.5106611	224.64254903793335
38	56.382416	8.428161	65.24263	45.04772	65.873825	5.7709002	75.26509	57.159615	400.0	400.0	41799	4.127831	18.30853	71.083534	-66.67367	-4.2395835	0.5519246	229.95502710342407
39	71.8238	16.40992	94.92043	58.316513	66.26555	10.703823	87.86474	54.616333	400.0	400.0	42899	4.277193	18.202597	66.18074	-65.0055	-4.3917346	0.47782043	236.54423427581787
40	77.41137	13.209496	87.012405	58.73277	71.95374	11.3565	94.29147	58.797035	400.0	400.0	43999	4.6095924	18.136936	83.52759	-63.66387	-4.7197576	0.66135246	241.84292840957642
41	73.029526	9.581905	82.611435	63.447624	86.74533	15.819796	109.37727	64.91658	400.0	400.0	45099	4.7552614	17.965906	68.62241	-62.231445	-4.8672514	0.41657242	248.03589367866516
42	80.610176	10.191401	89.75496	66.39016	79.61601	18.057579	105.194664	53.98619	400.0	400.0	46199	4.994518	17.896177	79.468025	-61.25561	-5.107691	0.46192902	253.97804999351501
43	73.29971	7.3356285	78.86338	62.934914	87.42094	11.104686	106.01251	71.423996	400.0	400.0	47299	5.1135597	17.783258	66.698845	-60.39252	-5.22966	0.5378556	259.5332410335541
44	75.90219	13.867734	95.50776	65.666405	93.90473	13.854959	120.5942	77.147484	400.0	400.0	48399	5.426051	17.73892	80.09531	-58.103867	-5.5401382	0.48858178	264.96355962753296
45	81.21069	6.541027	87.751724	74.66967	95.094925	15.269112	131.01741	75.91294	400.0	400.0	49499	5.548704	17.60948	83.30577	-57.731644	-5.658324	0.58718044	270.295618057251
46	101.544685	4.8531137	106.45882	94.93822	107.35779	16.815943	133.66162	75.2327	400.0	400.0	50599	5.917046	17.601236	76.406204	-57.632942	-6.034761	0.55553544	277.15530920028687
47	94.57822	7.881072	100.28128	83.43372	82.34857	9.382977	103.805756	63.949146	400.0	400.0	51699	6.218484	17.533712	129.68544	-56.98523	-6.3292394	0.9488279	283.9069697856903
48	84.91137	39.24359	130.7183	34.87153	126.55685	19.546234	158.86368	94.52248	400.0	400.0	52799	6.4084535	17.503788	88.00779	-60.233402	-6.512404	0.48753345	290.2944722175598
49	95.41205	1.6694603	97.08151	93.74259	137.92679	17.094116	160.41162	96.65142	400.0	400.0	53899	6.6618557	17.499855	65.458534	-61.481712	-6.7712607	0.56147224	296.75886845588684
50	113.65269	22.0325	134.98831	83.31917	167.96935	20.951693	195.21245	111.4785	400.0	400.0	54999	6.840568	17.59564	81.57788	-114.549126	-6.955768	0.5340114	301.5825822353363
51	137.33759	73.91384	202.31493	33.93811	171.41768	32.60016	231.11998	114.680695	400.0	400.0	56099	7.138981	18.146706	153.70793	-121.34719	-7.255355	1.1221272	306.2750594615936
52	196.39948	14.200456	211.46521	177.36673	170.16837	33.16763	232.02477	111.48114	400.0	400.0	57199	7.753156	18.300444	75.01	-123.14478	-7.871382	0.54589057	311.5617606639862
53	216.03741	0.62929535	216.66672	215.40813	158.03854	29.906961	205.06473	111.55561	400.0	400.0	58299	8.323505	18.55171	90.11245	-124.18078	-8.44543	0.65382296	318.2040491104126
54	182.91847	39.221752	235.50072	141.3352	179.99649	28.649275	231.05573	128.90405	400.0	400.0	59399	9.024395	19.036388	81.04875	-127.091835	-9.144339	0.6394822	323.32698702812195
55	122.59501	25.319315	144.1046	87.04899	145.719	20.369228	186.83006	112.644745	400.0	400.0	60499	9.889259	19.301308	76.91641	-128.37503	-10.013872	0.682718	328.4598660469055
56	144.82744	32.015896	186.37201	108.464676	131.57861	18.943724	161.42735	102.49778	400.0	400.0	61599	10.458068	19.57239	89.22331	-127.41619	-10.586469	0.8191362	333.5664029121399
57	130.9797	7.4713173	138.45102	123.508385	132.31734	20.238132	166.17145	107.53014	400.0	400.0	62699	11.096017	19.794325	80.57886	-124.57697	-11.225837	0.7790704	338.69019961357117
58	126.2221	21.847076	151.07959	97.90244	156.73221	17.241692	180.30469	127.9136	400.0	400.0	63799	11.640558	20.037104	77.812256	-127.29566	-11.7703	0.77106977	343.49404668807983
59	124.37722	2.7982216	128.32547	122.17167	154.89459	16.952168	180.08884	115.91302	400.0	400.0	64899	12.186171	20.274271	72.84806	-128.25671	-12.314394	0.76351607	348.4351453781128
60	89.96885	5.5003486	95.23374	82.377426	143.15543	16.194769	162.57095	107.50776	400.0	400.0	65999	12.650562	20.653286	88.445114	-157.11958	-12.773899	0.9184898	354.65764594078064
61	136.12234	8.054581	144.17693	128.06776	120.570656	13.986858	140.26056	101.49447	400.0	400.0	67099	12.748926	21.276546	100.300354	-159.47406	-12.878489	0.9374365	360.3935225009918
62	123.23053	20.51255	151.9658	105.419014	120.890526	17.59991	143.44576	94.64325	400.0	400.0	68199	13.212051	21.493801	87.47863	-159.74684	-13.345561	0.8683677	365.8782694339752
63	113.76304	6.3186393	121.27153	105.812996	107.17619	11.663768	131.31052	90.380066	400.0	400.0	69299	13.627297	21.746334	106.01561	-163.87526	-13.76361	0.90558755	371.42584013938904
64	125.22712	22.574818	147.1151	94.15552	111.79338	15.168657	136.5047	86.61109	400.0	400.0	70399	14.127118	21.807453	79.8068	-164.12598	-14.269628	0.8582304	377.81438302993774
65	119.30798	38.363216	157.6712	80.94477	103.45381	10.925752	120.95835	84.26477	400.0	400.0	71499	14.4182	21.940193	101.15973	-166.4792	-14.554112	1.030328	383.3590383529663
66	130.15213	53.75251	203.9369	77.42138	100.965744	14.322521	131.25487	81.287415	400.0	400.0	72599	14.773941	22.285488	79.377655	-168.56535	-14.91174	0.8237664	388.73268008232117
67	95.46139	36.914	147.58629	66.90672	95.06754	10.774479	129.56122	81.2781	400.0	400.0	73699	15.105336	22.468344	82.66774	-170.56877	-15.244407	0.91582024	395.9661374092102
68	90.76879	7.3991284	99.70054	81.58184	83.8987	13.420831	109.605644	59.026638	400.0	400.0	74799	15.384066	22.544943	78.99597	-174.44664	-15.523714	0.89390945	401.7626974582672
69	117.98973	13.099747	131.08948	104.889984	203.9672	47.4888	293.58215	122.90587	400.0	400.0	75899	15.712031	22.687065	83.105515	-174.33582	-15.860121	0.799855	409.22104597091675
70	153.53735	41.660275	211.83946	117.03679	185.69087	48.66688	294.66943	79.74428	400.0	400.0	76999	16.049582	22.840675	102.91738	-176.98697	-16.212816	1.2132595	414.8965427875519
71	205.19543	30.279068	227.52711	162.38779	159.93527	29.929302	241.8146	122.46134	400.0	400.0	78099	16.390339	22.938852	93.63747	-177.14906	-16.549261	0.8787209	420.53478813171387
72	131.1371	19.847605	146.3383	103.10164	103.96159	32.30336	173.47887	56.838852	400.0	400.0	79199	16.837444	23.110443	81.41212	-179.07062	-16.989439	0.85877466	426.17078924179077
73	158.67499	20.835861	179.51085	137.83913	83.63008	21.250654	119.48408	34.38674	400.0	400.0	80299	17.292347	22.914076	86.21652	-178.93562	-17.444006	0.9421178	431.54928612709045
74	128.06944	7.900401	137.7789	118.4273	161.27824	32.067146	235.51405	120.45415	400.0	400.0	81399	17.41554	23.269194	82.11763	-181.18579	-17.55816	1.0150684	437.17218828201294
75	71.35642	17.231482	95.54967	56.729755	165.78532	39.303013	256.1205	103.750244	400.0	400.0	82499	17.756721	23.321589	112.48432	-183.30962	-17.910528	1.081879	443.30371952056885
76	113.985405	38.84756	165.0891	70.969055	113.59599	16.145895	153.16882	81.26527	400.0	400.0	83599	17.88474	23.437355	99.08879	-182.47687	-18.04235	1.0535363	450.5511260032654
77	116.61221	16.062206	132.67442	100.55001	126.07082	21.444267	170.60521	96.02641	400.0	400.0	84699	18.062443	23.546242	82.230484	-184.13211	-18.214197	0.9080194	455.8951630592346
78	83.81354	27.210564	118.94486	52.647705	147.33075	33.745235	201.1069	74.32587	400.0	400.0	85799	18.222054	23.453466	161.84782	-187.59395	-18.37654	1.0966419	461.6710698604584
79	99.29763	17.60838	121.78374	78.78831	96.64943	21.1707	137.05563	57.025826	400.0	400.0	86899	18.56278	23.713757	94.45567	-188.2726	-18.711002	1.0821675	467.89536356925964
80	101.58609	31.263006	131.80132	58.525955	136.3256	23.039598	175.10759	87.97891	400.0	400.0	87999	18.702427	23.674862	80.6131	-187.8226	-18.85573	0.9326231	474.1198000907898
81	126.719635	1.5634499	128.28308	125.15618	117.899315	29.487926	180.65475	78.56541	400.0	400.0	89099	18.831148	23.772022	110.91993	-183.10623	-18.98495	0.9943867	479.8029706478119
82	112.557556	21.367237	134.11293	83.43968	105.16476	26.075058	153.0082	72.95459	400.0	400.0	90199	19.232843	23.79737	83.66322	-184.37224	-19.394163	0.9636579	486.90777707099915
83	99.71023	19.86381	124.933205	76.38858	112.03084	26.625471	153.70778	64.00589	400.0	400.0	91299	19.404352	23.980503	93.156685	-187.5023	-19.57271	1.0587178	492.3263325691223
84	98.62478	53.36303	169.4265	40.60187	121.942215	34.816902	172.88448	75.91163	400.0	400.0	92399	19.741585	23.70048	109.13376	-192.50107	-19.904501	1.0949275	498.80988097190857
85	122.71211	43.569508	166.28162	79.1426	116.75658	40.88828	165.76288	23.560976	400.0	400.0	93499	19.742521	24.082817	94.80602	-187.34644	-19.89713	0.92262465	503.760130405426
86	106.45709	58.075367	147.6207	24.326204	16.281702	14.250531	43.62735	-13.296768	400.0	400.0	94599	19.967205	24.354921	114.83073	-190.48637	-20.12549	1.0815835	509.07652258872986
87	78.56675	46.826794	140.90204	28.03789	131.63225	34.981136	185.22755	63.579964	400.0	400.0	95699	20.141434	24.328684	90.33039	-189.54434	-20.300898	1.0928313	514.4488508701324
88	111.61733	10.32172	122.702866	97.850204	63.886604	20.65005	102.116714	29.029463	400.0	400.0	96799	20.11993	24.643417	110.53976	-189.94824	-20.27925	1.2337431	519.7080714702606
89	80.04141	5.938572	85.97999	74.102844	113.15056	35.828724	173.38802	64.08659	400.0	400.0	97899	20.336338	24.449553	105.99015	-192.41832	-20.492685	1.1524885	524.7248547077179
90	106.3733	35.37413	155.12837	72.29003	163.55167	57.79322	273.98694	72.558846	400.0	400.0	98999	20.297228	24.65127	90.66227	-192.84407	-20.44242	1.0619007	531.4337973594666
91	83.97251	34.314075	125.82879	41.77885	117.52474	26.694002	190.61224	88.18884	400.0	400.0	100099	20.265352	24.772577	128.88084	-195.87102	-20.414179	1.3635225	538.0306100845337
92	102.89603	31.916471	131.6424	58.386047	94.822105	23.962992	136.46213	64.1313	400.0	400.0	101199	20.472355	24.715794	102.11247	-196.55577	-20.62413	1.119739	544.5497205257416
93	98.98228	23.748642	122.73092	75.233635	109.08205	36.205708	166.60577	54.14734	400.0	400.0	102299	20.663418	24.73405	101.94926	-200.40816	-20.821175	1.1210651	550.8490235805511
94	105.46759	45.697117	169.89517	68.877205	130.15344	27.930576	178.02747	84.183876	400.0	400.0	103399	20.775654	24.902245	106.31986	-196.37839	-20.928867	1.3160831	555.7130949497223
95	78.70839	32.962124	124.6197	48.762287	117.21295	41.11244	185.99654	51.873	400.0	400.0	104499	20.85579	24.969248	105.78843	-204.43764	-21.00901	1.1343205	560.9236116409302
96	99.361694	28.150068	130.39513	62.25021	71.22606	17.715845	111.89127	34.870094	400.0	400.0	105599	21.061733	25.024948	125.339035	-206.99686	-21.213787	1.3792163	566.1633491516113
97	62.979607	54.21624	117.19585	8.763368	34.53499	9.664495	46.09819	17.853155	400.0	400.0	106699	21.078674	25.210962	123.77519	-208.5604	-21.248356	1.3287958	571.244243144989
98	81.03709	41.060238	137.85303	42.24276	142.97481	40.347153	190.28967	69.35531	400.0	400.0	107799	21.047419	25.251522	104.21399	-214.50987	-21.202467	1.1456872	576.0218617916107
99	129.724	46.893433	194.00874	83.47154	120.13008	35.24227	184.56532	80.36925	400.0	400.0	108899	21.271793	25.116293	98.85641	-217.15002	-21.425596	1.0885525	580.7766485214233
100	123.48953	43.66584	170.56218	65.33843	139.59982	26.296852	184.43024	71.99195	400.0	400.0	109999	21.32553	25.234179	135.33418	-216.79	-21.480017	1.297251	585.6206896305084
101	183.6395	28.48951	212.12901	155.15	179.69215	41.605633	248.7455	111.705086	400.0	400.0	111099	21.767483	25.090218	104.54944	-220.81937	-21.915646	1.0447929	590.3618528842926
102	118.98644	20.337416	146.93753	99.13993	191.64072	56.30748	284.67938	86.81974	400.0	400.0	112199	21.537893	25.351307	105.79469	-221.18762	-21.68516	1.2898464	595.4301245212555
103	150.13799	7.002765	157.3774	140.66582	137.37303	44.147648	190.6593	58.708797	400.0	400.0	113299	21.854664	25.13197	92.93336	-223.37209	-21.998518	1.1273514	600.6883172988892
104	66.927086	4.159885	72.62945	62.823208	78.271996	30.53742	157.85117	36.524033	400.0	400.0	114399	21.667662	25.003456	103.48421	-223.32822	-21.814854	1.1360708	605.8258588314056
105	72.232544	26.993639	99.22618	45.238903	174.22237	55.291447	283.5911	76.41166	400.0	400.0	115499	21.864588	24.959621	88.605156	-222.14333	-22.020088	1.1719192	611.9542989730835
106	68.57663	24.07771	89.440796	34.839634	34.220177	24.537596	85.03652	8.58875	400.0	400.0	116599	21.972618	24.998205	103.47412	-223.0695	-22.137705	1.2531023	617.0059695243835
107	57.037415	13.1262	74.65353	43.15983	44.349636	27.550758	119.38775	9.367912	400.0	400.0	117699	22.036242	25.016542	90.473495	-222.14456	-22.198809	1.3003632	622.1032841205597
108	39.715733	16.622839	62.441525	23.144003	74.06535	37.669834	145.04068	18.312353	400.0	400.0	118799	22.010086	24.807251	127.66478	-221.60576	-22.173016	1.3142362	628.3826088905334
109	64.10617	28.152369	92.258545	35.953804	66.90752	22.977127	98.53243	25.283451	400.0	400.0	119899	22.33903	24.577765	107.13624	-223.43153	-22.509438	1.3216728	634.6436192989349
110	81.795746	58.016743	162.7904	29.948853	114.08766	43.71214	187.94174	38.44115	400.0	400.0	120999	22.471804	24.15224	122.96095	-220.31003	-22.640778	1.3125724	639.6969771385193
111	100.052925	59.80332	183.90128	48.550297	95.72618	38.195206	179.04176	36.583076	400.0	400.0	122099	22.41546	24.399399	107.67095	-221.1347	-22.581009	1.1286634	644.4302022457123
112	136.57784	69.6351	200.80403	39.813225	95.72827	46.470848	178.99896	26.969385	400.0	400.0	123199	22.568773	24.761534	97.75215	-222.48244	-22.735952	1.1998781	649.1672956943512
113	27.11457	11.031326	38.145897	16.083244	67.83791	36.16011	135.71832	15.769195	400.0	400.0	124299	22.889778	24.368484	119.91429	-220.0792	-23.055185	1.4859836	653.9349648952484
114	52.951473	50.14366	121.093864	1.8790787	50.793373	38.43821	133.24525	5.1107497	400.0	400.0	125399	22.92371	24.035086	86.35837	-219.94664	-23.084145	1.2490569	658.832040309906
115	53.520367	43.682297	113.94295	12.171381	74.64633	35.646152	140.19664	18.661589	400.0	400.0	126499	22.769081	24.362778	164.48198	-217.67432	-22.932497	1.6978914	664.7774324417114
116	72.75007	10.865466	81.267944	57.415394	109.75181	40.27158	166.33153	21.586025	400.0	400.0	127599	22.868143	24.021336	99.09259	-222.82173	-23.034342	1.1567553	670.7985739707947
117	91.57267	16.023628	107.5963	75.54904	40.926174	19.951633	67.542854	7.5526533	400.0	400.0	128699	23.068571	23.858437	90.17449	-217.72795	-23.237942	1.079526	677.1263632774353
118	83.07224	24.6558	117.514175	61.141968	68.515015	25.391695	119.97825	26.397266	400.0	400.0	129799	23.12924	24.092548	132.0241	-215.3785	-23.310513	1.4448858	682.3837540149689
119	173.32574	52.085712	245.21027	123.46072	155.08943	47.257095	236.98035	78.41941	400.0	400.0	130899	23.429089	24.021566	95.286194	-217.65756	-23.610525	1.3738589	687.8322424888611
120	82.68497	19.663673	110.44503	67.38218	173.79678	48.33816	286.98386	93.927	400.0	400.0	131999	23.690624	23.779013	100.1319	-219.44766	-23.892212	1.2183946	692.8573350906372
121	146.18037	4.833908	151.01428	141.34647	173.0583	36.38602	251.76375	121.517494	400.0	400.0	133099	24.002916	23.88039	89.686935	-220.96402	-24.20951	1.3263113	697.8740854263306
122	148.85211	46.380013	210.07472	97.856926	153.96336	56.495567	295.8656	83.81587	400.0	400.0	134199	24.324	24.199148	99.35132	-222.98738	-24.551182	1.3994368	702.8598160743713
123	131.7594	36.784157	170.11418	82.14693	147.81296	44.62616	252.83878	87.504234	400.0	400.0	135299	24.670418	24.354338	141.53911	-225.95996	-24.870384	1.6013759	707.7545375823975
124	165.15169	68.882744	257.3183	91.75107	176.06204	62.21958	269.19687	77.26735	400.0	400.0	136399	25.00161	24.555813	93.182945	-221.70435	-25.217224	1.2621139	712.9365971088409
125	118.18628	31.542969	149.72925	86.64331	129.80238	61.04787	260.90158	58.651375	400.0	400.0	137499	25.359987	24.7367	131.99995	-224.76271	-25.59843	1.6503879	717.834921836853
126	110.338234	35.48815	160.09328	79.76503	115.56343	48.696556	214.97092	34.52207	400.0	400.0	138599	25.630566	25.01419	110.4415	-222.89041	-25.873425	1.3763617	722.7884631156921
127	92.63488	31.321928	134.20181	58.59482	115.04152	34.797447	169.24318	55.610847	400.0	400.0	139699	26.278328	25.00548	106.171844	-225.03487	-26.517748	1.5215377	727.5062172412872
128	110.91952	48.069786	177.86766	67.22217	121.881996	58.01707	237.46645	22.911575	400.0	400.0	140799	26.408419	25.653452	96.52684	-223.27534	-26.665682	1.4666948	732.2530832290649
129	48.47437	22.187237	70.661606	26.28713	100.99493	51.349136	197.59755	28.708996	400.0	400.0	141899	26.886433	25.599287	95.305565	-225.62567	-27.158075	1.4482963	737.3558197021484
130	114.86334	29.397055	156.1178	89.78272	119.22504	80.8913	260.28436	26.48248	400.0	400.0	142999	27.53657	25.702484	127.43511	-222.60808	-27.799738	1.6705397	742.2570531368256
131	106.9895	19.427845	134.16988	89.92338	121.4586	64.182526	236.86761	17.335447	400.0	400.0	144099	28.055656	25.599976	97.25421	-227.29163	-28.33065	1.6317629	747.3511576652527
132	79.06681	27.103996	108.768745	43.232845	97.29399	48.929695	194.85771	21.673368	400.0	400.0	145199	28.213814	26.042019	125.2584	-232.98473	-28.491648	1.8099614	752.0814604759216
133	81.61395	62.49708	144.11104	19.116875	50.956787	67.943665	210.04124	-4.0810757	400.0	400.0	146299	28.73041	25.904587	178.48752	-224.41592	-29.01041	2.2036529	756.7178139686584
134	17.144796	23.303059	49.571335	-4.1614647	50.71752	68.04988	216.78394	-10.980908	400.0	400.0	147399	29.270628	26.194092	148.30196	-239.25012	-29.578041	1.926919	761.390992641449
135	51.964527	36.48933	79.3092	0.39221194	50.83385	61.28185	181.11427	1.6428368	400.0	400.0	148499	29.847366	26.198004	135.55132	-238.96144	-30.151371	1.8660376	766.1027963161469
136	36.948185	22.864002	64.103455	8.168993	55.947243	51.42298	186.57626	3.138557	400.0	400.0	149599	30.266039	26.66475	137.75749	-245.12892	-30.576456	2.0077531	771.3132164478302
137	38.298477	37.497856	75.79633	0.80061835	69.966835	43.64786	189.29123	13.776749	400.0	400.0	150699	30.537483	26.815691	113.41904	-240.59749	-30.83377	1.8021835	776.0853934288025
138	41.996178	3.4949222	44.655296	37.0585	72.422134	60.14815	195.33348	2.3859115	400.0	400.0	151799	31.056763	26.731346	177.14603	-245.64677	-31.392685	2.3393776	780.839857339859
139	50.20865	17.587267	66.03108	25.677988	76.53804	63.23797	244.31693	19.296783	400.0	400.0	152899	31.359356	27.10059	126.88229	-249.25887	-31.678497	1.838851	785.7764067649841
140	60.408443	20.078629	75.64531	32.038975	88.341774	47.79743	212.8524	37.1749	400.0	400.0	153999	31.889103	27.42157	115.1457	-251.63191	-32.207058	1.7509226	790.6661593914032
141	-0.18967962	6.447048	6.2573686	-6.636728	57.338734	48.997612	178.5994	-1.4640371	400.0	400.0	155099	32.196777	27.612246	122.36057	-252.12456	-32.524937	1.7923926	796.6875717639923
142	60.27583	14.503302	80.03221	45.62452	70.27596	44.444664	195.43925	13.585816	400.0	400.0	156199	32.75972	27.514576	137.57716	-256.4825	-33.10591	2.0228353	802.8720543384552
143	44.977932	14.820762	63.756023	27.525393	51.73963	41.524414	148.41118	-0.032721724	400.0	400.0	157299	33.387226	27.257387	136.29965	-259.13785	-33.7176	1.5398455	807.8632271289825
144	75.42941	19.611643	100.37258	52.45528	104.015366	52.340874	260.55878	51.287148	400.0	400.0	158399	33.343803	27.820137	119.51959	-259.12494	-33.654774	1.7580702	812.8064548969269
145	28.354647	13.404474	41.75912	14.950172	79.35936	55.624027	201.90776	12.100664	400.0	400.0	159499	33.71043	27.257652	110.66963	-258.8787	-34.015404	1.6432713	817.8330943584442
146	106.09003	13.683777	121.95561	88.56135	84.28528	35.888374	178.28336	33.20442	400.0	400.0	160599	33.973236	27.57613	112.43144	-262.38367	-34.26561	1.9329035	823.7046821117401
147	90.65964	54.130547	167.17554	50.361767	81.697586	41.04852	185.73163	37.73891	400.0	400.0	161699	33.97043	27.64719	127.08404	-262.95355	-34.26431	1.9083087	828.6412446498871
148	105.34342	10.407472	112.72303	90.62505	83.67386	49.038506	193.50166	-2.5799932	400.0	400.0	162799	34.000534	27.566515	145.87076	-263.0784	-34.285694	1.971461	833.5290083885193
149	82.21627	56.464714	138.68098	25.751556	49.099667	43.70093	133.7735	-11.378479	400.0	400.0	163899	34.24256	27.421356	107.85531	-269.19885	-34.519947	1.6336464	839.449253320694
150	45.6013	22.030224	70.34231	16.83238	59.55062	39.50366	153.42424	10.116896	400.0	400.0	164999	34.321175	27.565966	111.65414	-268.95663	-34.593983	1.6414776	845.312332868576
151	87.0405	22.05316	106.2523	56.158012	33.983685	30.11817	121.208954	8.719363	400.0	400.0	166099	34.29512	27.45718	129.49736	-271.0963	-34.56967	1.7989231	851.3411495685577
152	76.98497	26.502594	114.440445	57.07534	52.01413	33.37902	110.18988	11.746599	400.0	400.0	167199	34.222794	27.537645	130.98055	-273.0166	-34.46986	1.5628732	856.7652504444122
153	42.873108	24.568567	67.44167	18.304539	67.445526	34.154037	143.06454	19.675665	400.0	400.0	168299	34.05994	27.44978	124.19556	-277.7238	-34.31453	1.6895698	861.6284394264221
154	80.19267	35.276627	120.36401	34.48752	55.4952	46.68574	125.98404	-7.494623	400.0	400.0	169399	34.131916	27.236082	135.84012	-272.08124	-34.364902	1.9452219	866.5261402130127
155	27.701492	24.94975	51.91795	-6.630763	48.04433	25.90974	111.10774	5.045171	400.0	400.0	170499	33.993748	26.996683	115.17882	-280.45813	-34.22662	1.8871511	871.3888115882874
156	67.20311	32.684708	98.54092	22.108166	70.931656	37.153553	154.522	20.007113	400.0	400.0	171599	33.6155	27.341843	111.43154	-278.0693	-33.848564	1.9086912	876.2738778591156
157	27.894339	12.550055	40.444393	15.344284	19.290775	7.9663734	34.91094	2.268053	400.0	400.0	172699	33.319176	27.443682	130.08035	-286.99664	-33.53983	2.0109463	881.1675281524658
158	37.753696	21.628916	60.823772	8.824873	87.64921	52.484283	171.89314	8.641413	400.0	400.0	173799	33.188896	27.094732	108.57001	-272.167	-33.403084	1.7173116	887.1709427833557
159	58.322617	23.631672	87.38947	29.505552	92.64406	60.109264	222.63095	20.043552	400.0	400.0	174899	33.22821	26.927752	130.86325	-274.90536	-33.447464	1.7575566	892.9504199028015
160	42.123333	48.505703	109.3934	-3.1417534	0.364062	8.932046	16.071848	-13.064395	400.0	400.0	175999	32.777534	26.928516	117.91164	-280.2217	-32.991024	1.7859074	898.8490233421326
161	42.423294	29.494886	71.91818	12.92841	70.47124	52.72813	167.87411	-13.267619	400.0	400.0	177099	32.41225	26.92101	120.111824	-281.13742	-32.624737	1.999901	903.4322254657745
162	32.51964	27.778477	65.46113	-2.4878092	57.291576	59.68659	207.81444	-3.6923845	400.0	400.0	178199	32.382957	26.574148	143.45653	-280.27322	-32.60194	1.795728	908.3588547706604
163	15.183824	9.789079	24.786	1.7463157	119.355064	40.411003	198.90149	76.34491	400.0	400.0	179299	32.257267	26.460775	126.930336	-268.45993	-32.472794	2.1654968	914.2568783760071
164	112.764915	83.429245	229.90259	41.95952	86.1868	34.50905	169.01643	33.939323	400.0	400.0	180399	32.156414	26.259909	107.96431	-273.98407	-32.350163	1.6725765	919.301815032959
165	111.630066	65.31886	176.94893	46.311207	75.52122	56.391327	166.61594	-13.740603	400.0	400.0	181499	31.971003	26.349495	131.75943	-273.74768	-32.174133	2.016329	925.1189415454865
166	119.562614	23.136036	148.64612	92.03908	87.87382	37.684517	158.53633	15.344196	400.0	400.0	182599	31.748495	25.720316	127.582634	-272.93985	-31.95087	1.6417416	929.9070746898651
167	74.728294	27.179203	112.080765	48.19977	91.6304	66.64017	199.94853	-8.058546	400.0	400.0	183699	31.513554	26.083836	116.947525	-263.63416	-31.718658	1.734278	934.5705125331879
168	90.05719	10.254087	101.453094	76.592674	86.99681	42.248444	160.58769	12.96786	400.0	400.0	184799	31.205648	25.873705	106.746346	-265.32584	-31.409357	1.7822735	939.1656451225281
169	87.14645	25.206223	112.35267	61.940224	87.7922	66.25743	179.76068	-18.28407	400.0	400.0	185899	31.01967	25.889109	107.81456	-264.12003	-31.210434	1.6777768	943.7875738143921
170	76.59124	57.6924	157.81218	29.273348	130.68173	38.01621	189.50839	54.759872	400.0	400.0	186999	30.999159	25.353569	135.7639	-259.3002	-31.202478	1.9007444	948.5414850711823
171	89.8079	14.291239	108.25321	73.430725	88.16021	58.93804	182.51369	-14.063119	400.0	400.0	188099	30.947895	25.258436	105.066246	-260.81122	-31.136541	1.7349527	953.4565901756287
172	47.22694	29.89444	85.954666	13.178436	138.37927	45.29052	228.8157	72.0926	400.0	400.0	189199	30.614527	25.270084	153.91568	-255.09117	-30.81239	1.96023	958.3475615978241
173	101.799065	30.695839	132.4949	71.103226	89.362114	42.75338	159.90053	-7.993071	400.0	400.0	190299	30.556282	24.957346	111.56655	-256.49258	-30.744755	1.749348	963.0916881561279
174	49.513428	11.750684	65.9144	38.994755	98.17065	56.05564	180.99133	-3.2047129	400.0	400.0	191399	30.501463	24.946526	119.64648	-251.5596	-30.689077	1.6699028	967.7299194335938
175	69.89921	26.4074	104.48626	40.40617	101.74445	66.61486	215.2397	-2.13928	400.0	400.0	192499	30.454462	24.417463	152.94489	-251.50069	-30.656765	1.8574106	972.6282670497894
176	134.6197	14.561452	148.08272	114.39322	85.65736	53.414646	170.02191	15.2669	400.0	400.0	193599	30.3926	24.209929	124.40239	-236.4812	-30.612627	2.006402	977.506557226181
177	21.01018	22.248873	43.259052	-1.2386929	67.78349	64.742355	208.41492	-19.982706	400.0	400.0	194699	30.453556	24.152468	123.87599	-241.68681	-30.655348	2.1856658	982.2805502414703
178	126.580505	13.2879925	140.76082	108.81116	102.34379	66.6202	257.58875	4.031957	400.0	400.0	195799	30.321327	24.080315	173.5726	-236.57448	-30.510866	1.764086	987.2242150306702
179	121.628685	36.2874	172.41164	89.835495	101.00536	47.132484	200.07796	53.053013	400.0	400.0	196899	30.229033	23.810823	106.520805	-224.18121	-30.415554	1.6072086	992.058028459549
180	65.217545	27.091888	102.99694	40.805756	132.511	53.790897	257.77432	58.047913	400.0	400.0	197999	30.071829	23.576794	132.2934	-227.5242	-30.247478	1.7382326	996.97340965271
181	161.57553	57.55598	219.13152	104.019554	118.49449	58.188065	208.72418	21.741127	400.0	400.0	199099	29.921162	23.610052	129.59053	-224.56291	-30.097713	1.7424129	1001.9508390426636
182	120.004585	61.391407	203.99069	58.956142	138.45451	61.962135	250.01872	43.175083	400.0	400.0	200199	29.8498	23.380802	139.99382	-223.34532	-30.034374	1.841897	1006.9109098911285
183	144.3747	63.287357	229.84496	78.63825	137.62161	60.02603	254.17805	47.568108	400.0	400.0	201299	29.787115	23.139437	111.7242	-217.01701	-29.974527	1.8265042	1011.7994933128357
184	119.79907	48.557407	176.4392	57.853794	108.803246	48.827175	212.28293	57.193096	400.0	400.0	202399	29.639595	23.065681	112.20738	-217.29698	-29.827475	1.9567727	1016.696028470993
185	90.41655	17.441235	107.85778	72.97531	134.3245	58.53592	241.7807	75.885826	400.0	400.0	203499	29.63718	23.056303	118.7933	-213.422	-29.82347	2.0667086	1021.499342918396
186	143.41933	58.809513	216.9707	73.02096	147.61378	57.498566	258.76193	73.372444	400.0	400.0	204599	29.52879	22.858547	128.39578	-202.07378	-29.7244	1.7354847	1026.3312227725983
187	88.74945	2.898987	91.80568	84.85474	163.05374	64.38468	263.70883	63.291843	400.0	400.0	205699	29.597136	22.607864	122.27975	-201.15857	-29.793242	1.9863068	1032.2868812084198
188	149.06621	25.014177	171.84871	114.2382	111.20359	60.490547	248.39462	23.492512	400.0	400.0	206799	29.649113	22.691347	200.666	-205.95718	-29.854893	1.9116793	1037.0111272335052
189	169.11761	4.724434	173.84204	164.39317	158.02888	61.138126	245.10901	59.4474	400.0	400.0	207899	29.789415	22.47677	106.866	-197.46375	-29.977606	1.816397	1041.95166349411
190	138.95377	63.338406	186.52644	49.43874	132.85344	59.88463	224.98529	62.62345	400.0	400.0	208999	29.806166	22.431381	119.732574	-195.85988	-30.024027	1.8803142	1046.8010919094086
191	77.92287	10.255557	89.31283	64.45188	128.35692	52.243015	246.59416	53.410954	400.0	400.0	210099	29.844564	22.424318	124.21959	-193.23378	-30.049261	1.8380964	1051.4244487285614
192	119.94355	45.329124	162.43892	57.130234	133.07372	56.36568	261.1607	58.203373	400.0	400.0	211199	30.019844	22.354256	126.664856	-195.24776	-30.22507	2.112952	1057.414368391037
193	179.61832	2.3905258	182.00883	177.22778	136.45815	50.09557	255.81589	51.28573	400.0	400.0	212299	30.166641	22.314707	119.44137	-191.24147	-30.375803	1.7121545	1062.0158171653748
194	98.10157	40.045605	154.73444	69.66372	119.12075	43.04851	190.66971	41.13932	400.0	400.0	213399	30.278524	22.142412	128.3351	-188.39586	-30.489822	2.2917938	1066.847600221634
195	75.74752	24.970598	105.96514	44.81254	118.46555	49.575073	202.27007	33.941998	400.0	400.0	214499	30.07313	22.243143	165.07706	-185.87132	-30.25993	1.7540468	1071.5738806724548
196	166.2715	35.736637	200.84026	117.05889	121.4505	41.518402	225.35408	49.774292	400.0	400.0	215599	30.184652	22.256516	106.045906	-179.07048	-30.378778	1.7641145	1077.646338224411
197	117.49712	52.224983	169.7221	65.27214	138.09221	65.59096	262.07193	71.42927	400.0	400.0	216699	30.122778	22.195745	183.67256	-179.22237	-30.31313	2.0432777	1082.37087392807
198	84.07267	69.154396	181.85304	33.52583	124.22731	54.989563	223.50206	47.063957	400.0	400.0	217799	30.055906	22.204372	87.29578	-177.70883	-30.243235	1.6811335	1087.1276905536652
199	128.27184	14.470253	148.7303	117.62923	93.08276	43.204193	165.45459	37.633877	400.0	400.0	218899	30.075748	22.071869	106.33162	-172.5128	-30.267944	1.7002623	1092.0565161705017
200	86.28391	22.678465	104.15378	54.284504	120.27289	56.773754	227.28438	37.717365	400.0	400.0	219999	30.056347	22.23976	104.15314	-162.3674	-30.245817	1.7425543	1096.712745666504
201	113.04384	75.20705	188.25089	37.836792	101.081215	47.699398	198.88443	30.876532	400.0	400.0	221099	30.029404	22.254042	136.2929	-171.7441	-30.206718	2.1349182	1101.300926208496
202	98.32412	40.786057	141.2884	43.513214	71.33227	37.79826	172.91235	15.010246	400.0	400.0	222199	29.917866	22.269962	102.03366	-168.83821	-30.10745	1.8741728	1106.3277695178986
203	115.01589	46.64634	179.18132	69.669716	96.91288	45.230675	204.44543	33.940937	400.0	400.0	223299	29.974134	22.29615	133.83533	-167.49916	-30.17232	2.0246727	1111.2157809734344
204	129.85793	26.265718	166.67152	107.16143	87.6291	37.41861	178.92427	25.691011	400.0	400.0	224399	29.934631	22.273882	100.85113	-163.2119	-30.126627	1.779431	1116.1276354789734
205	120.67827	3.7780952	124.45636	116.90017	61.37194	31.697124	133.01328	12.402	400.0	400.0	225499	29.969128	22.306221	147.14616	-153.45229	-30.157465	1.9500262	1121.2113552093506
206	132.85046	17.006886	149.48976	109.49082	68.54369	47.676746	201.63992	2.866966	400.0	400.0	226599	29.735498	22.531933	110.3532	-161.23926	-29.9178	1.9214284	1127.270828485489
207	150.99272	33.92255	188.56725	106.37475	75.063934	36.24478	152.54607	31.028976	400.0	400.0	227699	29.896086	22.560915	99.367004	-161.34854	-30.086481	1.766037	1132.1269836425781
208	72.88563	30.816275	99.97432	29.775827	56.220104	29.364414	117.05789	0.21475641	400.0	400.0	228799	29.939709	22.591967	138.31168	-156.61441	-30.126125	1.8541543	1137.009179353714
209	139.5079	38.472652	177.98056	101.035255	68.74685	27.290115	126.53224	36.584564	400.0	400.0	229899	29.855824	22.653545	186.49107	-155.91446	-30.048409	2.2555106	1142.920908689499
210	85.559456	42.979954	138.91566	33.66725	57.365303	32.150818	113.69726	2.621341	400.0	400.0	230999	29.87226	22.70692	105.34761	-156.12689	-30.074148	1.8866981	1148.8743240833282
211	106.253365	49.09828	152.87204	38.379623	91.29709	39.823353	173.67151	26.62853	400.0	400.0	232099	29.846472	22.91656	139.36136	-154.94391	-30.063822	2.215139	1154.6889445781708
212	58.76103	29.734642	98.35319	26.694284	82.224014	57.17446	182.82559	10.840968	400.0	400.0	233199	29.870155	22.944435	115.772934	-159.171	-30.081957	1.851161	1159.7677736282349
213	45.980087	9.65214	55.63223	36.32795	69.76962	46.47547	179.66537	-12.523347	400.0	400.0	234299	29.853388	23.176622	132.81544	-163.16377	-30.066933	1.9871633	1164.6339581012726
214	59.70146	16.709618	82.76862	43.724174	52.173164	34.74494	120.21889	6.491426	400.0	400.0	235399	29.93995	23.232378	122.53557	-163.92242	-30.151474	1.824245	1170.5107338428497
215	71.59558	7.016933	81.3724	65.23532	57.53523	30.573486	109.387146	6.5901732	400.0	400.0	236499	29.977528	23.132523	107.10307	-163.13322	-30.201385	1.99824	1176.369786977768
216	52.099	23.031761	72.87722	19.986809	55.360462	24.251925	126.277016	7.562503	400.0	400.0	237599	30.211243	23.279148	118.53714	-160.87485	-30.448614	2.0032325	1180.9629118442535
217	36.631023	2.3867188	39.017742	34.244305	53.110954	22.052134	101.9991	19.194109	400.0	400.0	238699	30.39837	23.243658	119.022156	-169.05994	-30.629723	1.9281784	1185.7046072483063
218	45.781494	10.823041	60.29824	34.321297	67.73443	30.248255	114.238434	11.148202	400.0	400.0	239799	30.500795	23.018137	139.89409	-161.99825	-30.738388	2.286154	1190.5049669742584
219	64.97569	29.923433	88.43945	22.744526	73.294106	35.898113	199.72374	19.857698	400.0	400.0	240899	30.573568	22.892473	137.97568	-165.83328	-30.805672	1.9780693	1195.1857149600983
220	43.005436	7.40428	53.298206	36.191956	51.17747	36.52988	128.10944	-5.9537787	400.0	400.0	241999	30.906128	22.820965	106.85335	-155.21893	-31.15201	2.0126927	1200.0235934257507
221	34.968063	25.287632	60.255695	9.680432	70.725746	32.707317	144.28986	13.81693	400.0	400.0	243099	31.173012	22.836544	134.78764	-163.50525	-31.415611	2.163932	1206.036098241806
222	89.70139	39.747036	139.5393	42.26851	67.572586	24.629095	110.47891	13.5359335	400.0	400.0	244199	31.345325	22.655806	125.031906	-153.07628	-31.58702	2.2035956	1211.1343574523926
223	29.49797	15.76253	45.743313	8.155894	53.848858	26.910166	111.737885	6.093503	400.0	400.0	245299	31.417933	22.57106	111.89664	-153.18127	-31.657784	2.0051723	1217.385281085968
224	56.677795	15.40743	71.41469	35.40966	64.71766	31.33013	120.02228	8.478572	400.0	400.0	246399	31.567158	22.45251	152.7881	-149.97197	-31.798082	2.036566	1224.1295201778412
225	52.458652	8.704826	61.16348	43.753826	53.262756	29.969685	117.28129	3.8847914	400.0	400.0	247499	31.522823	22.470346	118.22355	-146.7844	-31.747969	2.058646	1230.232446193695
226	49.964905	45.449013	112.65907	6.349975	71.37574	56.588356	233.5495	14.884676	400.0	400.0	248599	31.631313	22.429295	119.86088	-140.84766	-31.84468	2.2030628	1236.835628271103
227	32.225807	12.384069	46.738674	16.479362	44.62127	49.337605	161.2276	-7.9498296	400.0	400.0	249699	31.852625	22.119	167.71585	-138.49167	-32.079063	2.3670764	1242.2155606746674
228	73.49935	27.70652	112.67798	53.40667	47.05336	38.979744	152.80338	2.7074249	400.0	400.0	250799	31.923363	22.014635	136.15392	-131.2955	-32.14966	2.0446472	1248.002289056778
229	37.142326	35.529533	72.67186	1.6127919	55.50454	40.10826	155.29211	-10.438788	400.0	400.0	251899	31.845573	21.963844	136.31752	-131.6155	-32.07116	2.359663	1253.6114854812622
230	24.490585	15.14813	41.50478	4.710216	74.09286	52.19975	180.06557	-1.541889	400.0	400.0	252999	31.767727	21.896513	134.78131	-129.20609	-31.988417	2.113029	1259.2548215389252
231	63.927826	21.205296	93.9129	48.525295	52.69753	31.95475	98.64591	-10.256569	400.0	400.0	254099	31.861761	21.768583	175.24782	-125.85142	-32.071846	2.2776961	1265.960158586502
232	50.699024	20.824802	71.54055	22.25795	48.849476	43.002758	140.09488	-15.437458	400.0	400.0	255199	31.750603	21.696526	139.34734	-126.57529	-31.958433	1.8705952	1271.7972393035889
233	55.07696	49.93212	105.00909	5.1448393	41.86863	47.637836	160.31139	-17.408752	400.0	400.0	256299	31.943745	21.520052	157.61682	-120.89962	-32.158283	2.3058681	1278.0860426425934
234	63.5926	62.51456	134.25299	-17.753214	56.440845	27.536377	111.29814	9.285276	400.0	400.0	257399	31.879711	21.614084	263.61	-121.84503	-32.096825	2.4714122	1283.648188829422
235	23.320581	22.46277	45.843967	-7.3418074	66.669365	47.838844	157.04811	9.032544	400.0	400.0	258499	31.903496	21.669912	140.23543	-125.1565	-32.12237	1.7748727	1289.4146342277527
236	8.62613	18.062534	32.37387	-11.39736	41.662304	40.79869	139.02415	-17.835651	400.0	400.0	259599	31.896687	21.593025	138.08345	-123.70943	-32.113945	1.9143246	1295.2425427436829
237	26.678696	36.793873	63.47257	-10.115178	21.82367	41.39907	145.90875	-27.640694	400.0	400.0	260699	31.858187	21.610449	135.98727	-119.958954	-32.080612	2.10672	1301.2694280147552
238	31.61602	46.416294	82.59793	-29.684736	35.48834	59.55282	151.41982	-27.55313	400.0	400.0	261799	31.905313	21.605513	129.47212	-122.551216	-32.14228	2.2466836	1307.078839302063
239	31.476877	8.988919	44.07069	23.68067	37.464603	47.252308	125.261536	-19.151934	400.0	400.0	262899	31.969875	21.674864	138.78618	-122.26397	-32.197968	2.419131	1312.6485738754272
240	22.959373	34.22907	69.801605	-11.0352	48.260296	37.638645	127.09551	-0.53535664	400.0	400.0	263999	32.063553	21.796896	133.75089	-120.395515	-32.300293	2.2090425	1318.6426620483398
241	-2.396863	28.031612	25.634748	-30.428474	53.133858	35.29269	123.9315	13.56201	400.0	400.0	265099	32.008236	21.871159	136.33313	-117.02575	-32.24386	2.283972	1325.735511302948
242	25.22606	23.208998	58.038944	8.132197	44.149937	49.864914	184.98622	-25.135973	400.0	400.0	266199	32.039516	21.77579	134.69824	-116.466545	-32.27825	2.1864123	1333.084463596344
243	40.909912	4.733634	46.911438	35.34065	57.836693	45.20286	154.04353	-15.708011	400.0	400.0	267299	32.290318	21.946945	182.6598	-112.13274	-32.5357	2.5274777	1338.841835975647
244	23.80353	23.95963	52.86343	-5.8173923	23.07684	40.066673	125.21641	-29.03225	400.0	400.0	268399	32.227737	21.935598	134.9426	-112.19089	-32.457497	2.4799743	1344.140840768814
245	6.117086	17.684795	23.801882	-11.56771	32.56652	43.04523	159.9497	-22.864683	400.0	400.0	269499	32.155117	22.055918	136.1363	-114.88086	-32.385044	2.4379425	1349.9576818943024
246	39.58804	65.052536	129.0201	-23.814344	37.97956	33.430885	105.919716	-15.9996195	400.0	400.0	270599	32.11316	22.062347	130.89229	-111.70858	-32.343758	2.0816646	1356.019978761673
247	43.712048	46.820065	106.77108	-5.305929	28.059422	22.541391	82.99966	-7.912814	400.0	400.0	271699	32.23067	22.127268	129.01787	-110.71708	-32.46963	2.3935049	1361.4529087543488
248	21.142763	39.91368	73.39333	-23.477423	20.96556	45.52145	121.915016	-32.57071	400.0	400.0	272799	32.133392	22.263432	123.15815	-109.51808	-32.37006	2.4509153	1367.0789833068848
249	24.761578	0.9267397	25.688318	23.834839	42.68802	36.933388	138.67592	-12.094119	400.0	400.0	273899	32.06991	22.33451	132.65807	-111.82161	-32.300896	2.093875	1372.251106262207
250	9.256989	26.847692	47.069706	-12.623699	43.61522	37.370235	124.29332	-6.438118	400.0	400.0	274999	32.041008	22.399931	128.76932	-108.402405	-32.27703	2.520538	1377.303260564804
