Epoch	AverageEpRet	StdEpRet	MaxEpRet	MinEpRet	AverageTestEpRet	StdTestEpRet	MaxTestEpRet	MinTestEpRet	EpLen	TestEpLen	TotalEnvInteracts	AverageQVals	StdQVals	MaxQVals	MinQVals	LossPi	LossQ	Time
1	-77.41706	39.278244	-5.9931803	-127.23372	-40.840153	9.446054	-8.8894825	-54.205437	148.0	52.55	1099	-0.7058935	1.383689	25.867422	-19.843187	0.6725587	0.67747635	0.7404811382293701
2	-38.35425	10.810753	-16.753365	-56.61503	-48.84367	11.621806	-21.121359	-65.32105	77.46667	67.5	2199	-1.8803579	1.7192822	14.99311	-11.120357	1.8257753	0.12417369	4.733795404434204
3	-42.51263	13.84975	-9.58129	-62.337734	-49.933743	11.54947	-25.427786	-72.16034	64.52941	63.9	3299	-4.045565	2.838566	3.1300788	-14.529177	3.9916039	0.527498	8.655069828033447
4	-50.562428	27.16615	-14.399282	-139.58044	-32.11232	12.187741	-6.18978	-53.177006	64.76471	49.15	4399	-6.8514547	3.9214337	4.190056	-21.380442	6.830958	1.1618228	12.68010425567627
5	-44.438625	16.061686	-6.3301115	-79.84787	-39.64618	11.4249935	-12.066317	-60.419895	59.27778	60.05	5499	-9.643976	4.644507	1.6813936	-34.418114	9.6505	1.7268875	16.579323291778564
6	-39.181145	12.427428	-20.198782	-56.67059	-38.57096	12.28452	-16.285309	-57.29895	59.526318	65.0	6599	-12.045341	5.118513	4.1987853	-34.167522	12.036961	2.4421294	20.601301670074463
7	-36.17724	10.19184	-18.117132	-58.598423	-46.687874	21.098717	-8.568842	-116.8861	64.9375	72.95	7699	-13.676464	5.4388247	0.23262227	-33.759438	13.631041	2.6073592	24.776628732681274
8	-39.927826	12.480459	-12.225601	-62.04347	-42.500668	21.307625	-16.707537	-120.880974	67.29412	68.0	8799	-14.836454	5.7317553	-0.90946174	-36.35765	14.787495	2.5436058	28.909425973892212
9	-40.137157	16.701658	-13.539087	-95.319824	-42.038	9.936867	-26.910332	-61.91674	68.6875	60.7	9899	-16.005632	5.8061905	0.10181856	-36.806065	15.949556	2.3382366	32.858617305755615
10	-35.77154	20.606337	0.3260775	-88.10399	-38.597027	12.885821	-17.361277	-74.42294	61.11111	57.75	10999	-14.260766	6.875386	11.118498	-54.819366	13.52924	2.5525582	36.84829783439636
11	-46.585045	30.410969	-8.244436	-124.52219	-46.057957	24.281063	-20.100824	-114.45345	67.0625	62.15	12099	-14.262475	6.753249	8.476818	-62.132183	14.094259	3.4565537	40.79256772994995
12	-44.062332	24.269064	-8.48357	-133.1564	-40.546284	9.988348	-18.119438	-55.151802	60.72222	55.4	13199	-14.600019	6.045248	5.155774	-49.652637	14.436003	3.2156131	44.79009485244751
13	-50.062305	11.843144	-29.737951	-70.32956	-44.115448	12.174724	-17.671972	-65.06278	62.72222	58.5	14299	-15.147778	6.1931286	3.1737273	-44.81795	14.9881	2.9713242	48.67389941215515
14	-46.136757	14.1625395	-23.461857	-78.66171	-41.70996	10.146048	-17.338367	-59.5928	63.294117	56.8	15399	-15.741602	6.2490625	4.304393	-44.020664	15.570043	2.7108772	52.769604206085205
15	-37.477196	8.809577	-19.198372	-52.412598	-34.525997	12.486048	-11.498385	-55.521786	55.2	61.05	16499	-16.3492	6.143961	3.5248637	-44.737022	16.176538	2.6381092	56.82360219955444
16	-37.730858	10.653001	-10.290945	-52.719746	-38.622482	13.446119	-6.293147	-51.50727	57.0	61.0	17599	-16.745687	6.1269035	3.9291325	-47.610928	16.578672	2.4563794	61.1625657081604
17	-40.629913	12.692305	-12.152877	-68.93626	-38.68993	13.425987	-10.155818	-56.32308	59.42105	54.5	18699	-17.178984	6.3408937	4.6045895	-41.22141	17.030277	2.3534482	65.15480518341064
18	-32.57724	13.783948	-5.3815575	-58.244873	-37.474804	10.412685	-18.60321	-62.74691	59.789474	54.65	19799	-17.255692	6.5685544	5.434121	-41.56781	17.09061	2.1113605	69.1732120513916
19	-35.87267	11.689844	-15.8481	-53.672367	-31.784863	12.076474	-11.754343	-54.513683	55.894737	54.8	20899	-16.82877	6.7062535	6.4572268	-40.467377	16.672445	1.8859644	73.72655320167542
20	-36.54989	12.994821	-13.481168	-60.579685	-38.50519	13.658896	-14.327025	-64.228165	62.27778	60.95	21999	-16.716476	6.8398547	7.0261464	-39.784714	16.56993	1.7964133	78.24955248832703
21	-45.10841	12.023892	-15.925609	-66.63664	-35.478146	11.2584915	-5.817169	-50.2192	58.473682	57.05	23099	-16.507301	7.0793185	4.2672787	-40.104504	16.363142	1.7574883	82.55508756637573
22	-35.479267	12.180461	-16.71803	-56.80945	-32.892952	16.28169	-14.294701	-89.14483	57.842106	60.0	24199	-16.508615	7.422333	10.086731	-38.6562	16.36275	1.7530118	86.52476072311401
23	-36.636017	12.670097	-12.476407	-52.435535	-34.828346	8.935667	-16.894154	-49.208866	58.263157	57.3	25299	-16.378693	7.5776896	9.679275	-39.773296	16.214682	1.7802843	90.32985138893127
24	-38.089455	12.604594	-12.710626	-56.251232	-34.280186	11.588481	-8.171721	-58.183002	53.3	54.45	26399	-15.804788	7.5922575	9.41017	-39.270226	15.615494	1.7365885	94.21486330032349
25	-34.87171	12.847696	-14.20771	-53.10512	-38.28707	10.354404	-18.6974	-56.184147	51.857143	55.8	27499	-15.490211	7.5392847	9.818911	-46.598057	15.297166	1.718402	98.10365962982178
26	-35.83961	10.061209	-17.174862	-58.469826	-34.77868	10.587466	-18.536308	-51.154617	54.6	55.5	28599	-15.367316	7.468641	9.6472435	-41.436535	15.18926	1.707949	102.05223083496094
27	-38.95045	12.039254	-11.092324	-59.410484	-35.990826	15.830388	-14.570838	-72.84989	60.42105	55.7	29699	-15.0261755	7.4220133	10.213283	-40.858807	14.840526	1.7364378	105.91351389884949
28	-37.654488	13.240212	-16.365585	-68.013	-36.944595	10.10261	-21.122099	-59.896023	59.72222	57.7	30799	-14.822855	7.2955804	8.666947	-41.33899	14.623283	1.8168521	109.83870196342468
29	-34.68827	12.320386	-14.031567	-56.388836	-33.158955	11.032902	-13.432342	-56.845848	55.8	55.9	31899	-14.167928	7.0770392	9.438152	-38.02036	13.96614	1.848842	113.41590595245361
30	-37.55287	9.562011	-24.425299	-54.133163	-37.77771	11.902643	-14.328047	-54.960747	55.3	56.25	32999	-13.908867	6.9781585	6.4166365	-37.309757	13.68758	1.6099977	117.30919122695923
31	-36.09146	12.726698	-11.4126	-53.132908	-34.960346	11.683334	-8.480185	-50.321285	57.842106	58.8	34099	-13.80876	7.0403185	5.14915	-36.50348	13.589575	1.4926729	121.22162771224976
32	-38.10428	14.398634	-10.912765	-67.50104	-32.678616	12.867957	-10.391813	-55.79147	57.210526	55.1	35199	-13.591977	7.092026	5.316299	-36.903557	13.368389	1.5247425	125.11038637161255
33	-33.649982	11.172174	-12.128621	-53.59689	-35.240406	9.86344	-18.415771	-48.900238	54.05	54.5	36299	-13.425343	7.1308293	5.009301	-38.021053	13.208335	1.4937768	129.63915395736694
34	-34.282322	13.331615	-0.25381532	-54.093666	-36.11395	14.579151	-7.4082212	-60.178135	56.85	59.7	37399	-13.239457	7.040053	4.548731	-40.82506	13.027983	1.497802	133.70863938331604
35	-35.99958	11.319444	-15.12129	-55.582016	-34.835533	11.727773	-17.1372	-58.109627	57.526318	55.75	38499	-13.0801325	7.0993385	4.7348785	-39.78699	12.872182	1.5510905	137.8927607536316
36	-39.719948	9.34018	-19.78209	-53.277348	-35.074135	10.456095	-17.344425	-57.57452	57.842106	58.0	39599	-13.131069	7.1991544	3.8425257	-41.565544	12.947303	1.4694118	141.92106771469116
37	-41.206852	7.8328996	-25.18251	-52.303837	-36.541866	10.727256	-13.992827	-50.07237	58.42105	57.25	40699	-13.430129	7.42252	3.1677618	-39.724243	13.24861	1.460646	145.79988288879395
38	-35.41433	12.367161	-13.678797	-55.118946	-33.776966	9.034891	-15.731814	-47.71261	59.055557	60.55	41799	-13.251656	7.4165077	11.16126	-42.63347	13.051913	1.5100678	149.73053312301636
39	-37.570576	13.921587	-15.528227	-63.62264	-33.45857	11.98597	-11.610053	-49.29183	65.117645	54.9	42899	-13.090441	7.380995	8.070974	-40.158356	12.887495	1.6582224	154.1634979248047
40	-36.290154	10.584724	-15.914932	-56.80411	-32.63092	10.03593	-16.662724	-51.383408	57.36842	57.75	43999	-13.01818	7.401124	11.583152	-39.551544	12.803347	1.6927018	158.15269422531128
41	-38.05382	9.357908	-22.600197	-56.68367	-27.216827	10.629838	-10.224346	-50.67218	58.157894	53.45	45099	-13.013296	7.5752883	10.746309	-40.69253	12.780077	1.7020121	162.38199186325073
42	-33.927494	13.036386	-7.682666	-59.527084	-34.826668	12.507359	-13.47318	-53.479805	55.8	56.75	46199	-12.982719	7.5875697	10.106859	-43.52302	12.741117	1.724183	166.9025685787201
43	-31.54603	8.790632	-16.375097	-46.354446	-36.005543	13.9365635	-10.542638	-68.11512	58.210526	57.7	47299	-12.68233	7.664917	7.8134346	-39.80924	12.444742	1.7241921	170.86275148391724
44	-33.98353	10.267702	-12.464095	-49.323215	-39.07789	13.255145	-12.142109	-57.90295	57.263157	61.25	48399	-12.226634	7.420498	10.574138	-39.66259	11.994725	1.7428609	174.44518876075745
45	-33.287586	12.7908945	-16.421028	-58.916634	-34.171333	10.333925	-12.350686	-50.867172	56.36842	56.75	49499	-11.93439	7.181527	7.8256445	-44.07745	11.711371	1.7804579	178.34300637245178
46	-36.42756	13.204967	-11.773556	-65.106735	-37.98662	10.74431	-18.798767	-61.149605	60.526318	55.55	50599	-11.986396	7.1999755	11.907884	-40.526424	11.756616	1.7563256	182.20961046218872
47	-32.687824	10.406815	-13.568918	-55.705166	-32.57368	11.987154	-14.295266	-49.538708	57.157894	55.75	51699	-11.607055	7.0164104	8.9669895	-41.942028	11.373622	1.6600666	186.063658952713
48	-35.20392	10.6871195	-17.446024	-51.15915	-37.531273	11.04444	-14.644431	-55.470673	61.64706	58.9	52799	-11.221093	6.696062	12.177532	-40.026634	10.99185	1.631411	190.00452518463135
49	-39.05073	10.054292	-15.579852	-51.537964	-37.400402	12.61037	-12.708132	-57.07207	58.94737	62.15	53899	-11.062756	6.667187	10.211351	-39.755356	10.827091	1.7335359	193.97217512130737
50	-36.73332	13.483497	-14.955228	-59.3108	-34.19411	12.894746	-14.835674	-60.652893	61.555557	58.6	54999	-11.175315	6.6623025	12.189	-37.83922	10.931581	1.6463312	198.00513172149658
51	-35.018818	13.98717	-6.2582164	-58.34022	-35.74539	12.666715	-13.706112	-57.488235	58.894737	58.1	56099	-11.367876	6.746195	8.690954	-40.13144	11.13219	1.5733782	202.228688955307
52	-31.433754	14.552895	-7.4628215	-53.867725	-34.518776	12.396942	-15.0138445	-53.30722	59.444443	58.95	57199	-11.453895	6.982073	8.662766	-61.1977	11.213291	1.7330222	206.48439598083496
53	-38.586685	12.489537	-19.061066	-57.18866	-40.013153	10.002995	-21.286406	-58.806316	58.63158	62.6	58299	-11.318879	6.79124	12.142367	-46.97886	11.078135	1.6023	210.85908389091492
54	-38.38625	12.573773	-13.541266	-59.07737	-31.901455	11.007298	-13.445507	-55.807755	61.055557	61.1	59399	-11.500583	6.7364182	8.312252	-40.403378	11.248529	1.7457364	214.84715247154236
55	-37.751102	11.832297	-19.255632	-57.682358	-34.29709	14.083813	-4.604898	-63.34704	61.0	62.9	60499	-11.665069	6.8029284	9.429358	-41.57332	11.406357	1.6942794	219.0973129272461
56	-38.38513	9.50305	-13.214744	-52.04262	-43.74806	13.984119	-23.742878	-92.6187	61.52941	65.5	61599	-11.536602	6.6942725	9.565436	-41.18671	11.255651	1.6998581	223.1153655052185
57	-40.404133	15.687442	-13.576274	-85.726776	-35.860996	12.167896	-11.546344	-55.69642	68.05882	63.25	62699	-11.267654	6.589014	7.5318456	-44.96491	11.008247	1.61448	227.69747161865234
58	-32.911186	11.059884	-8.610561	-49.252377	-32.68415	11.802902	-4.282173	-49.972717	64.29412	62.9	63799	-11.137933	6.6186457	11.944348	-43.53292	10.88042	1.56597	232.49408340454102
59	-40.359467	9.297895	-24.31139	-58.698025	-36.76244	13.7963705	-7.719029	-55.51437	59.736843	61.0	64899	-10.996803	6.494358	5.615931	-46.912086	10.727496	1.5006403	236.45945525169373
60	-36.46475	11.710375	-16.205114	-56.36325	-35.9681	9.722853	-18.380604	-50.816322	63.35294	56.0	65999	-11.071674	6.3494067	7.613096	-38.013676	10.806568	1.4973602	240.60149788856506
61	-30.384695	11.756921	-8.22445	-45.568634	-36.20932	11.409958	-18.234877	-52.31364	59.157894	69.9	67099	-10.783743	6.2423716	8.018951	-38.053555	10.52136	1.3972672	245.5028178691864
62	-34.885956	8.956201	-18.920437	-50.00739	-37.538074	11.685488	-21.299719	-63.443993	62.941177	61.8	68199	-10.429514	5.911203	6.303604	-38.08379	10.179792	1.5763162	249.6444456577301
63	-36.960247	14.453754	-4.555693	-58.062668	-32.222546	13.37361	-5.2390647	-63.172657	59.0	67.4	69299	-10.515495	5.736555	4.7888427	-37.75046	10.268551	1.5840956	254.0386459827423
64	-39.03862	9.315865	-21.068615	-59.25982	-35.587822	11.766817	-12.282571	-59.652325	61.27778	61.05	70399	-10.482391	5.8217034	8.270857	-38.945827	10.242097	1.49821	258.61084151268005
65	-38.80911	14.927775	-17.518557	-67.693756	-31.8429	11.341201	-6.2265744	-53.967457	67.5625	59.9	71499	-10.571371	5.912919	7.0028253	-37.245144	10.311216	1.5314746	263.11064648628235
66	-34.259262	11.625513	-13.122883	-60.413956	-40.983074	15.110808	-12.944712	-91.179504	69.6875	67.4	72599	-10.602444	5.937484	8.380214	-35.347595	10.320005	1.4884278	267.6455452442169
67	-32.63914	10.163481	-10.909329	-48.69637	-34.9334	11.250678	-14.1353	-53.412792	65.882355	71.2	73699	-10.138652	6.0136127	9.419455	-36.883133	9.811911	1.5444586	271.6668186187744
68	-37.19709	10.350287	-14.048891	-57.037186	-35.166172	12.558492	0.12350399	-55.746582	66.625	72.7	74799	-9.627647	6.176534	10.949797	-37.134377	9.282266	1.484023	275.6999387741089
69	-31.955217	13.703671	-13.68853	-59.009228	-40.844154	14.398019	-2.291703	-64.3694	68.875	66.45	75899	-9.180411	6.382782	10.638351	-36.67371	8.850505	1.6034054	279.43609595298767
70	-38.66692	27.243372	-15.427353	-133.44206	-37.870613	13.244908	-0.69301444	-54.128075	73.066666	71.95	76999	-8.597456	6.5308332	14.906779	-33.418785	8.236707	1.5291342	283.46204590797424
71	-30.793528	12.375222	1.2639507	-48.20556	-34.278374	12.835177	-3.3067706	-59.72381	84.69231	86.95	78099	-7.9660573	6.7523155	13.037122	-34.423813	7.5761924	1.5130346	287.61384987831116
72	-41.710594	12.528751	-14.345162	-61.220554	-33.985046	19.384853	34.73241	-53.323868	68.125	69.0	79199	-7.107797	6.8304176	13.4939995	-36.894394	6.661718	1.5805035	291.6178684234619
73	-30.981808	21.580118	25.048225	-50.803154	-33.98806	16.747257	20.798197	-55.68255	83.53846	77.0	80299	-6.052795	6.753099	18.536503	-37.406364	5.608742	1.5393169	295.71647095680237
74	-36.05629	17.255209	6.5162787	-62.016758	-36.480537	22.45139	29.407236	-62.753166	83.53846	89.9	81399	-4.7829	6.924503	17.639765	-34.312077	4.331446	1.5871247	300.0991861820221
75	-44.007404	22.764364	4.3615203	-96.15473	-42.7499	11.471301	-23.897203	-74.5536	82.92308	75.25	82499	-4.149252	7.2994466	22.283136	-29.671114	3.737263	1.5132711	304.1013262271881
76	-25.518944	25.307125	32.36687	-58.541153	-32.072716	21.083717	39.530396	-68.31285	94.666664	83.15	83599	-3.3913498	7.7561116	29.309217	-28.160456	2.9076016	1.7999597	308.2237422466278
77	-40.92743	14.327174	-23.653711	-74.71126	-26.0675	37.679707	67.42298	-107.27587	79.64286	98.65	84699	-2.6198907	7.8388457	26.398666	-38.0105	2.1659627	2.1105921	312.331077337265
78	-50.633686	13.3661375	-27.153759	-77.536255	-28.377033	31.927456	51.979397	-98.04879	74.53333	98.6	85799	-2.7688682	8.392632	22.368706	-30.114264	2.3907995	2.171508	316.3890874385834
79	-38.519863	12.478074	-15.121597	-53.869846	-38.322163	21.523005	16.399345	-77.90373	89.333336	85.2	86899	-2.8656712	8.760131	23.513035	-33.608368	2.4758158	2.1010249	320.3983952999115
80	-36.277916	28.516438	45.314484	-78.01755	-41.846153	17.120487	-20.904121	-87.596	88.166664	81.75	87999	-2.5286963	9.358238	26.95883	-33.026134	2.1193783	2.3523626	324.83094930648804
81	-49.47556	15.943765	-30.513535	-82.88185	-29.675228	32.43212	56.423264	-93.20449	88.76923	94.7	89099	-2.7146723	9.274314	23.981773	-33.76756	2.3038485	2.1701097	329.00690364837646
82	-28.66576	34.215836	54.174877	-67.22236	-37.87913	21.98979	34.689663	-77.32848	102.8	100.05	90199	-2.72475	9.011252	25.010647	-29.77751	2.3460371	2.005502	333.14993476867676
83	-32.487236	14.763573	5.6143603	-48.461773	-38.07743	13.585889	-17.244486	-69.4042	115.8	79.4	91299	-2.25324	8.85035	22.30133	-29.836462	1.8937002	1.7724766	337.1335959434509
84	-39.10546	11.349642	-21.22799	-55.16546	-37.608788	12.778112	-17.387093	-57.765106	87.38461	81.05	92399	-2.217832	8.504026	21.986547	-32.83753	1.8556062	1.5132312	341.2566092014313
85	-26.692244	28.59434	66.94848	-55.387825	-15.956785	39.34801	67.84169	-70.963646	81.84615	95.1	93499	-1.4565097	8.335754	24.278433	-32.95278	1.0934384	1.4004476	346.0457286834717
86	-27.025414	28.537174	60.96212	-54.78795	-19.457972	30.85253	53.35327	-51.190857	88.833336	89.05	94599	-0.75673455	8.272366	31.01923	-30.387436	0.39722496	1.3630412	350.1746048927307
87	-17.83612	28.861317	55.23114	-50.182423	-23.162992	42.48846	61.936775	-87.258865	100.818184	110.65	95699	0.30793348	8.265039	29.17857	-28.114925	-0.66499454	1.4157628	354.400333404541
88	-32.307266	24.29985	43.691757	-53.540356	-31.323223	22.652159	45.452446	-59.007282	73.5	80.2	96799	0.961035	8.502154	29.079462	-29.931057	-1.3151742	1.2931938	358.4906542301178
89	-14.857975	40.030415	61.9542	-87.16768	-32.15315	30.446945	59.06627	-60.44863	108.888885	80.25	97899	2.1955364	9.017039	30.805752	-32.787716	-2.5753574	1.4475132	362.43518710136414
90	-5.6473856	32.657448	54.692852	-42.947952	-12.927103	43.648148	60.130577	-63.355587	113.2	98.0	98999	3.4266834	9.2929535	30.789413	-30.45328	-3.8261323	1.5112964	366.5122663974762
91	-25.635828	35.64078	63.33265	-60.723705	-45.500374	31.513142	56.77567	-96.43727	93.166664	93.85	100099	4.13654	9.582313	30.246378	-30.91121	-4.531355	1.4359374	370.2485315799713
92	-31.306635	30.492388	54.11727	-61.676586	-29.9892	27.289965	64.545494	-60.91481	104.27273	82.15	101199	4.93528	10.143255	28.099796	-30.073984	-5.274362	1.3867692	374.39268589019775
93	-21.211143	45.463806	66.17226	-88.43641	-18.9357	38.065453	58.004604	-67.33266	108.0	99.7	102299	6.0927987	10.756888	34.076797	-29.68404	-6.412129	1.4769589	378.8062114715576
94	-32.144188	34.57946	49.50702	-80.415504	-30.472336	47.48601	70.40274	-113.05489	86.69231	111.25	103399	6.221084	11.40253	38.98968	-32.21999	-6.552786	1.7383928	383.1357295513153
95	-5.971239	41.992126	61.185513	-51.33532	-5.8823743	41.796	64.64898	-80.05388	101.6	114.5	104499	7.0854206	11.985402	29.024734	-31.159792	-7.436656	1.6923665	387.33518838882446
96	-7.1478333	45.454903	61.19839	-60.338924	-21.546219	34.472347	44.88138	-68.01914	105.90909	121.4	105599	8.833585	12.593967	33.769753	-34.896202	-9.213051	1.7128738	391.48991322517395
97	-16.735243	45.655403	57.762566	-79.68347	-6.9240313	44.950886	66.0052	-90.18483	125.22222	118.95	106699	9.617828	13.297289	33.007458	-33.758217	-9.987977	1.7303426	395.75039505958557
98	-9.720051	39.797806	56.51701	-65.40223	12.865583	47.512035	72.98828	-78.047455	118.888885	122.85	107799	10.7613735	14.015956	46.373814	-45.21066	-11.139726	2.0375555	400.0330295562744
99	2.783761	44.79274	66.8188	-46.71229	-11.739347	51.04967	65.95478	-84.9246	127.5	100.2	108899	12.723413	14.3218	45.10148	-34.263172	-13.084369	1.9260591	404.2206470966339
100	-8.160933	40.058487	67.61467	-55.589855	-19.975906	38.548878	62.64349	-74.39077	120.3	95.7	109999	14.388252	14.878342	49.62723	-37.165394	-14.724539	1.8004009	408.3207633495331
101	16.679976	48.932667	70.16319	-46.038406	-2.5532372	49.974865	68.59223	-84.927956	124.5	108.4	111099	16.222952	15.021833	55.321716	-36.185722	-16.565838	1.6890836	412.537145614624
102	-17.640236	37.823685	63.481857	-62.940384	0.21569154	44.123	64.44652	-57.97165	91.333336	121.55	112199	18.686	15.254076	55.791317	-27.711863	-19.00543	1.8079798	416.748348236084
103	-6.161278	48.681293	53.773605	-80.69504	-1.3938004	42.61104	56.305885	-88.654495	112.5	128.4	113299	18.807737	15.96185	48.24644	-25.728586	-19.096615	1.7949051	421.5029947757721
104	9.163439	39.28699	49.31137	-52.701878	-9.555829	55.56031	51.008602	-118.35676	120.6	132.0	114399	19.870756	16.822056	51.794006	-29.915209	-20.170748	1.9625746	426.5352942943573
105	7.4624314	40.466816	61.65828	-51.912766	-7.6687536	49.00467	54.953827	-134.40382	127.125	129.1	115499	22.530941	16.79172	55.523613	-32.75908	-22.8476	1.8195103	430.84679913520813
106	9.046263	35.94102	43.280964	-48.517933	-10.022474	48.7019	47.82044	-130.18642	120.44444	128.4	116599	24.1388	17.032694	52.845425	-39.442173	-24.435278	1.872282	435.650737285614
107	-28.881924	45.5788	35.833775	-79.090416	-6.03596	39.88528	39.26139	-80.66997	119.4	131.7	117699	24.631401	17.47826	47.755463	-41.969456	-24.935091	1.8798779	440.6306862831116
108	-28.485518	30.5743	26.413277	-79.93234	-4.977029	32.495377	43.23675	-64.02725	93.454544	124.65	118799	24.479277	18.487926	53.37767	-37.43626	-24.819605	2.1374514	445.5849816799164
109	-20.824406	37.770782	38.34124	-68.043846	-7.020074	41.748142	59.50032	-66.58384	132.25	125.9	119899	23.535471	18.42526	63.906345	-39.917973	-23.909216	2.185348	449.57588362693787
110	-22.373352	34.170242	49.417725	-55.058968	1.0009234	41.977554	53.582527	-65.01431	101.166664	122.4	120999	24.816359	18.131987	50.691284	-37.625008	-25.182272	2.1226046	453.85782647132874
111	-8.676831	69.42747	55.93016	-126.51231	-13.129881	40.13756	58.673164	-52.61433	135.0	101.75	122099	24.656181	18.309488	52.265038	-28.77782	-25.067938	2.044834	457.9512209892273
112	-25.508148	28.600092	23.382326	-53.230663	-5.794873	43.444	58.81651	-57.187397	104.7	108.15	123199	23.969393	18.368914	51.601444	-36.93316	-24.42246	2.2725687	462.22263264656067
113	-5.4883013	35.941837	50.09001	-50.008858	-13.664767	45.00132	58.22408	-71.69685	117.7	103.7	124299	23.84457	18.307419	51.877243	-28.14253	-24.281208	1.9490969	466.33005690574646
114	-16.32242	37.238064	50.490623	-52.175915	-11.1268215	46.595	52.88929	-90.21485	102.8	110.65	125399	23.558786	18.548136	52.178658	-22.946407	-23.989698	2.0255096	470.5581078529358
115	-9.8963175	50.669636	55.198452	-99.34942	-5.322117	39.89688	63.572426	-67.8035	128.22223	119.95	126499	25.359987	18.461067	52.66802	-29.44266	-25.786385	1.9888153	474.7274694442749
116	-0.14045763	41.465195	61.94012	-54.41914	17.178127	35.621643	52.052578	-50.17036	124.875	128.8	127599	26.944363	18.292036	53.299274	-26.965256	-27.379368	1.9956194	479.3171694278717
117	2.3295588	47.328114	53.410034	-76.89003	4.446652	40.862522	55.662323	-80.57102	150.0	141.95	128699	28.565804	18.360586	53.59624	-24.828766	-28.991812	1.826944	484.3982298374176
118	-14.235277	34.11675	43.113495	-52.34324	10.7155485	41.33389	70.08657	-67.96846	126.5	131.4	129799	30.56529	17.978096	54.828773	-22.735554	-30.936268	1.6368448	488.74949836730957
119	-7.476566	42.555428	49.34125	-73.25259	17.759281	25.354338	48.82964	-59.581116	124.77778	146.45	130899	31.176163	17.915104	59.612835	-27.976229	-31.54186	1.4413612	493.62027859687805
120	6.9138794	50.032715	44.529915	-99.94758	16.62165	34.230347	59.822742	-62.900246	139.5	140.35	131999	33.40485	18.229174	62.450974	-30.623417	-33.77333	1.5447834	498.0156919956207
121	24.238543	32.624966	62.912567	-52.94155	7.5040464	30.392359	47.365623	-44.148273	138.75	135.8	133099	35.553753	17.932203	68.976776	-43.995182	-35.91795	1.6309476	502.41497826576233
122	3.7081232	25.88187	32.894897	-37.23936	10.0249605	36.801064	58.348362	-62.45605	136.125	136.45	134199	37.09246	17.376291	61.12628	-24.637817	-37.428032	1.5401222	507.19001936912537
123	23.969318	15.259625	41.553066	-6.0690155	0.6037092	39.374874	41.930725	-100.83682	150.0	136.7	135299	39.11647	16.592894	58.131035	-34.614407	-39.425663	1.4972124	511.919597864151
124	25.34524	7.0265985	36.398167	15.4243355	4.9627595	26.21626	43.551407	-45.042393	150.0	141.35	136399	40.90101	15.550249	65.650795	-42.197144	-41.224247	1.3378141	516.2659685611725
125	9.988037	25.272774	40.595036	-46.275635	-8.332787	32.138454	30.318283	-79.29995	140.57143	132.4	137499	42.663975	14.732124	68.171555	-41.47501	-42.99981	1.3552318	520.6035833358765
126	-1.2240276	19.935104	19.557896	-44.93645	12.393644	32.42201	51.134212	-58.84153	141.0	136.9	138599	44.443405	13.688308	77.28551	-25.800558	-44.766922	1.3523977	524.9468660354614
127	13.569653	22.675388	52.50354	-21.560177	-3.3627229	37.20172	55.28524	-67.43139	150.0	118.55	139699	45.197422	12.915787	69.46304	-17.180344	-45.554337	1.2430106	529.2050414085388
128	-11.701665	43.99381	43.38537	-65.83754	-0.32287493	29.364742	48.122852	-52.230404	121.5	123.7	140799	45.883205	12.207223	65.28984	-27.898844	-46.209404	1.2518624	533.3859212398529
129	3.534684	31.4027	45.267715	-44.30989	5.994314	33.705395	46.001408	-53.482613	139.5	125.95	141899	45.938274	12.429421	71.658936	-65.05692	-46.272125	1.5737642	537.5270855426788
130	-5.8502254	39.61671	54.62656	-55.875927	-22.28387	36.00541	51.51282	-76.20364	109.818184	94.55	142999	46.009056	12.473705	68.502594	-25.109089	-46.360283	1.5873711	541.6646473407745
131	-2.6979134	38.279964	46.86015	-63.204884	-3.5021014	37.00617	57.554207	-56.74508	138.71428	119.1	144099	45.441647	13.650125	82.04953	-23.93369	-45.811207	1.9808458	546.0136516094208
132	-22.541317	38.227573	51.81848	-78.74324	11.345352	38.137356	52.06716	-68.35449	131.66667	137.4	145199	44.8681	14.161566	72.77516	-24.017523	-45.276455	1.8259504	550.4257483482361
133	14.854367	44.52307	63.11415	-88.90926	-2.8044548	51.57564	57.74759	-120.42834	147.42857	128.45	146299	44.371376	14.636376	71.86249	-25.106527	-44.77593	1.6174242	554.6155211925507
134	17.221935	34.600704	64.22046	-50.579884	-0.7902397	35.517555	43.92178	-76.29952	129.22223	127.9	147399	45.27386	14.836932	72.43549	-19.912548	-45.687664	1.5998266	558.843015909195
135	19.003794	34.16005	53.743927	-62.79552	15.356183	33.348873	54.167587	-60.876842	139.25	142.65	148499	45.78194	15.182761	73.275345	-22.589163	-46.22127	1.7453516	563.0226271152496
136	3.1947176	45.067657	44.340347	-89.03694	-4.266251	43.111633	50.8374	-96.57322	143.28572	132.3	149599	46.798523	15.007208	80.02816	-16.207346	-47.226425	1.459693	567.3660986423492
137	15.856388	38.651577	54.87196	-58.149773	10.5870075	36.523308	44.674725	-75.59949	129.88889	146.55	150699	47.31012	15.609645	68.973854	-17.48668	-47.707584	1.4939705	572.3619327545166
138	13.901206	27.746717	51.758408	-43.33493	-2.1537826	38.732883	77.10167	-57.313442	136.75	128.95	151799	48.389484	15.54302	79.57074	-19.998981	-48.78377	1.6418133	577.0802569389343
139	-9.6146145	49.146812	39.635456	-88.5609	14.177055	35.123344	60.77418	-69.02088	135.25	144.0	152899	48.747498	16.417019	75.84584	-24.101238	-49.1606	1.7769208	581.8942587375641
140	-15.818307	32.983105	27.500969	-73.27074	-18.288654	31.149565	34.248474	-66.401184	130.88889	123.05	153999	49.519375	16.229454	79.03614	-24.534805	-49.900284	1.6768224	586.5183062553406
141	0.70598984	39.88131	56.294353	-73.44602	0.19066353	23.611145	41.113297	-51.97711	139.75	140.9	155099	49.185394	16.441666	69.86451	-27.079344	-49.58405	1.6570764	590.9059910774231
142	-8.490139	36.021996	48.246403	-55.750584	-3.4094334	34.875717	55.228054	-63.047947	120.5	132.35	156199	48.818645	16.825567	85.996414	-26.023956	-49.256638	1.802444	595.2314872741699
143	7.2612457	29.586323	41.771664	-52.29972	-9.130783	43.661736	43.586834	-119.80346	130.77777	131.25	157299	48.803963	16.861683	77.445694	-27.053572	-49.27227	1.977837	599.4175839424133
144	-4.748737	34.33297	37.743134	-50.440662	14.013019	40.98306	53.82068	-80.66563	130.0	144.25	158399	49.101986	16.761938	86.355446	-25.819878	-49.559574	2.0168474	603.646534204483
145	3.7062175	64.512955	77.6508	-128.05093	25.867956	34.193848	68.62484	-57.258255	132.44444	141.65	159499	48.813587	16.873604	69.19249	-22.772768	-49.301365	1.8203889	608.0097455978394
146	19.601727	46.919853	82.16546	-55.277836	14.363238	39.173504	63.951538	-59.01721	131.5	143.2	160599	49.51964	16.622374	68.87182	-21.130974	-49.950645	1.8139307	612.5288822650909
147	12.363827	29.561892	48.97333	-48.009518	8.09934	48.75541	95.673546	-60.161594	137.625	128.6	161699	50.03859	16.378426	80.51836	-20.757381	-50.446537	2.1140213	616.8904237747192
148	20.10765	47.086834	73.3703	-62.298954	25.681952	35.603012	72.3962	-58.16489	129.5	143.95	162799	51.101177	15.966949	78.654015	-30.791485	-51.502243	1.7247767	621.2512202262878
149	-14.808133	52.533524	48.03166	-121.47553	11.139959	42.973713	63.285202	-56.198303	122.7	129.85	163899	51.499733	15.951904	69.35546	-20.09383	-51.897507	1.7287415	625.7123744487762
150	8.601898	36.75574	55.53888	-44.297314	-0.87031806	38.268547	54.515774	-58.7944	130.375	133.7	164999	51.16846	16.58891	80.75608	-21.246042	-51.582664	1.7346886	629.7903580665588
151	4.135739	37.48711	72.26113	-36.025566	26.471863	34.5081	70.34741	-57.035995	150.0	142.55	166099	51.621933	15.7609215	72.983246	-19.205982	-52.047077	1.5550455	634.2415592670441
152	4.9495955	35.334923	44.561363	-42.733257	14.721695	46.023914	75.71401	-74.224754	140.75	138.65	167199	52.01158	15.260803	70.84369	-19.991941	-52.4347	1.4986606	639.0456483364105
153	14.0821705	46.012394	59.70647	-53.04735	16.499187	49.07754	72.454796	-96.56554	138.125	137.6	168299	52.28364	15.1621	70.37395	-20.517975	-52.690582	1.4699302	644.1289703845978
154	6.477457	52.258083	60.425217	-97.309006	23.630323	35.65818	60.647194	-81.150795	139.625	145.05	169399	52.06961	15.546802	70.70717	-10.673137	-52.475937	1.3226975	648.7663180828094
155	5.778396	41.060596	49.51558	-58.66794	22.493076	38.449177	78.37961	-52.075546	126.888885	133.25	170499	52.151985	16.118267	74.97892	-29.238928	-52.55657	1.6209369	653.16463804245
156	28.52563	36.655483	59.57581	-53.2557	23.337696	42.164593	75.055855	-94.66262	139.125	141.4	171599	52.131462	16.431149	72.386444	-27.925722	-52.521473	1.6731931	657.9412155151367
157	9.218872	47.996628	72.18489	-93.288445	26.558376	33.862556	64.4175	-73.942345	150.0	147.1	172699	53.585205	15.445296	74.67454	-26.369715	-53.95953	1.5944121	662.4653651714325
158	12.183685	25.08581	47.8368	-33.957867	23.620186	37.628716	93.282585	-44.53602	150.0	136.15	173799	54.36573	15.036492	71.81912	-23.408207	-54.73324	1.4206545	666.8407287597656
159	7.799905	51.939262	68.27437	-90.81624	7.894324	36.511406	65.49905	-60.851105	129.0	130.65	174899	54.845997	14.887524	71.64833	-17.68116	-55.212658	1.3016146	671.1917719841003
160	19.856821	34.5886	66.26684	-49.552856	22.554056	24.51968	56.182503	-46.137253	150.0	144.95	175999	54.948063	14.908215	82.888855	-18.97385	-55.261684	1.3428556	675.5916147232056
161	14.819957	32.414333	43.7845	-47.36721	37.491222	33.99622	85.01246	-41.99618	141.25	144.65	177099	55.49245	14.288874	91.03151	-13.487625	-55.804573	1.4503603	679.9742114543915
162	21.7881	21.475122	53.628086	-20.014515	11.957059	42.14126	65.896996	-66.731186	150.0	131.65	178199	55.57984	13.994884	70.47693	-13.271212	-55.885456	1.4219601	684.3289017677307
163	24.24224	47.972042	84.30042	-72.11431	16.923191	39.475933	77.00046	-60.83555	146.875	137.8	179299	55.77694	13.738625	70.305244	-11.833447	-56.073315	1.1809925	688.7197148799896
164	39.539936	22.516405	79.21277	11.106842	44.18064	30.178637	85.51393	-12.934808	150.0	150.0	180399	56.3666	13.5211935	71.235725	-16.25716	-56.650208	1.1989751	693.028971195221
165	34.13233	36.112415	62.358673	-57.245033	16.642069	33.408634	57.302917	-81.32574	142.625	142.75	181499	56.59121	13.869373	78.32348	-18.869495	-56.874985	1.4131657	697.4236018657684
166	20.413113	30.965408	59.01664	-50.16075	0.2961906	33.44209	52.74791	-69.61363	142.25	143.45	182599	56.98607	14.050129	69.93508	-20.045822	-57.31418	1.3821123	702.5633776187897
167	40.4107	24.452631	77.72994	10.829501	4.663663	29.059797	43.87938	-57.59647	150.0	141.2	183699	57.816826	12.616355	79.36229	-20.087687	-58.10466	1.4880664	707.5967509746552
168	8.574129	43.03786	77.1189	-60.364536	17.080101	33.288765	81.27806	-54.285084	140.0	145.95	184799	57.91821	12.749554	75.31994	-29.755453	-58.219296	1.6025623	711.8552443981171
169	24.46581	30.529549	56.592068	-28.402971	23.695354	44.756252	81.54946	-89.93173	150.0	137.9	185899	58.41767	12.523925	82.6293	-52.87137	-58.738007	1.5271583	716.1221287250519
170	19.264328	48.131836	92.36407	-70.04769	13.839331	45.97792	80.22252	-86.065186	141.125	140.35	186999	59.035423	12.389003	80.288506	-19.330097	-59.38125	1.5916944	720.527019739151
171	11.627472	37.909077	60.728325	-47.568485	7.6364684	36.969498	52.925934	-58.623833	129.66667	131.4	188099	58.89165	12.462678	70.73345	-17.393606	-59.285942	1.4786965	725.6080090999603
172	-21.550724	40.62411	48.177902	-64.20749	-0.48997307	43.690704	58.96059	-66.76538	108.9	127.0	189199	57.436745	13.884446	78.73929	-18.294268	-57.790375	1.6920522	730.63068318367
173	34.780453	37.68706	75.04957	-52.704018	29.242168	43.776592	96.57555	-48.164085	138.71428	145.3	190299	57.05428	14.678588	71.87227	-13.107145	-57.438744	1.4121007	735.745391368866
174	18.691338	39.337914	74.01433	-54.185802	23.858906	37.896973	83.52393	-55.614124	135.44444	137.5	191399	57.451893	15.132472	87.71577	-29.61222	-57.815533	1.6600118	740.3958394527435
175	11.874495	49.41514	68.78531	-62.816666	31.829777	31.724451	88.40771	-52.548252	130.625	147.0	192499	57.018414	15.897053	81.09186	-17.770233	-57.37481	1.7028276	744.7488033771515
176	26.581749	32.10543	54.28421	-45.428192	33.16812	44.418976	100.476685	-56.729137	140.125	138.15	193599	56.88949	16.356642	101.15743	-11.740171	-57.245792	1.8451104	749.072895526886
177	24.888868	44.305046	80.5789	-67.85164	30.45106	32.1281	77.7529	-38.413395	141.75	145.8	194699	57.032455	16.646982	88.47648	-11.458223	-57.42033	1.8127851	753.4307401180267
178	11.883093	47.766422	90.32666	-66.41916	34.30101	42.408306	91.03521	-71.07249	150.0	150.0	195799	57.230366	17.03342	80.20572	-16.035955	-57.614113	1.8159934	757.8708362579346
179	23.337477	34.690502	81.37483	-30.00755	27.593653	37.620804	68.82588	-89.35357	150.0	148.45	196899	58.384453	16.208189	82.82622	-17.280527	-58.70802	1.6861763	762.0479958057404
180	10.976049	39.145573	46.37071	-69.98319	25.025137	38.615826	88.42178	-64.380486	139.5	142.95	197999	59.952385	14.713572	95.71003	-10.160688	-60.230083	1.5841697	766.1468365192413
181	35.79839	37.516403	71.60187	-42.675186	30.495157	33.62701	87.87759	-64.58235	139.625	146.4	199099	59.67731	14.940709	92.357445	-15.025775	-59.95578	1.5972807	770.4674382209778
182	23.752821	51.93113	80.69477	-94.65131	21.939062	32.052094	73.50298	-49.709972	150.0	142.45	200199	59.960197	14.774686	102.07871	-10.7216835	-60.244446	1.5987188	775.5269002914429
183	22.365349	27.496508	74.82231	-16.634783	18.837528	38.173847	67.36704	-62.90801	150.0	146.7	201299	60.715508	13.798516	131.09625	-37.269005	-61.001106	1.6486248	779.7954840660095
184	38.81333	24.708282	78.34743	3.6502252	13.255635	42.29533	76.43084	-69.47589	150.0	138.8	202399	61.52703	13.194941	107.2599	-20.784348	-61.883408	1.4932129	784.2107138633728
185	-14.430754	64.321106	77.26558	-90.756454	31.242615	33.469414	83.78713	-60.92604	116.44444	150.0	203499	61.538654	13.492676	84.939156	-14.635757	-61.87303	1.5131012	788.7246677875519
186	28.33155	42.698097	84.5869	-67.28778	10.277422	40.13512	85.47334	-58.124203	148.125	134.5	204599	61.28771	14.847358	101.97042	-38.40432	-61.597145	1.6825854	793.7339797019958
187	21.355474	56.46468	74.84905	-101.66628	12.1879225	29.509289	72.26012	-58.58444	146.0	143.8	205699	61.047344	15.706223	88.06289	-41.454647	-61.36429	1.8522062	798.0097489356995
188	0.46584722	40.80854	52.80846	-55.9506	32.073734	32.130825	78.34381	-53.02998	132.22223	150.0	206799	60.65373	16.66762	93.28098	-40.206615	-60.967087	2.166123	802.4503376483917
189	29.534275	28.395775	85.58049	-3.8735805	23.394901	19.914644	55.777107	-37.267506	150.0	146.85	207899	60.04611	16.769438	101.2969	-36.11964	-60.337296	1.8082514	807.0596334934235
190	23.717125	38.734035	53.885532	-71.75776	25.188759	19.64868	70.03471	-17.090778	150.0	150.0	208999	60.207275	16.214966	101.99298	-29.728397	-60.49995	1.8255031	811.5161633491516
191	-2.3534691	24.34008	23.97393	-52.140163	13.741926	30.305645	66.26749	-41.730453	140.42857	143.75	210099	58.87281	16.574295	92.10937	-26.74912	-59.17145	1.7705629	815.9086096286774
192	11.276392	21.636194	45.406105	-20.376833	8.283651	32.882824	52.807484	-80.153755	150.0	150.0	211199	58.79742	16.030323	82.33562	-21.420105	-59.118694	1.5762696	820.3115158081055
193	23.9975	29.575768	80.07251	-23.001324	11.766413	28.08821	55.268597	-68.87091	150.0	150.0	212299	59.255547	14.353593	84.48801	-18.247839	-59.563004	1.3778377	824.764997959137
194	8.518896	40.27548	56.297104	-77.435196	18.817823	31.931494	63.60261	-47.14119	141.75	150.0	213399	58.903725	14.082545	76.308685	-13.8746605	-59.25863	1.5192285	829.7355582714081
195	-5.3387733	44.955437	54.941013	-82.14039	-3.3786323	41.13794	53.919666	-85.20489	138.625	141.95	214499	59.04015	13.3327465	92.27687	-12.644437	-59.419765	1.5718453	834.1943185329437
196	8.45771	48.048935	72.46768	-71.6997	10.864686	36.614643	55.97726	-86.90783	133.0	144.45	215599	59.388203	12.564597	82.62427	-11.698177	-59.764957	1.3712908	838.1721742153168
197	-2.167853	34.938896	43.232037	-79.678085	9.596179	34.21782	85.29736	-43.590664	150.0	145.45	216699	58.58573	13.351421	102.808495	-18.584276	-58.968536	1.4174519	842.4699652194977
198	24.642883	25.2156	48.869156	-28.290903	-2.9925597	40.43721	44.448532	-65.10279	150.0	130.35	217799	59.054764	13.266634	79.706	-12.798954	-59.52234	1.1922234	847.314778804779
199	20.60968	17.911804	36.83806	-20.448193	2.7085621	29.999258	52.873898	-46.61538	150.0	129.45	218899	60.024208	13.543883	88.85942	-24.107079	-60.481163	1.491554	851.9651598930359
200	-11.29122	40.439415	41.97587	-68.6279	3.760323	37.833515	59.29871	-64.1945	128.75	133.45	219999	59.80657	14.410727	78.47075	-18.675814	-60.217266	1.6428629	856.3082900047302
201	13.48049	32.3603	58.914867	-54.904697	12.391488	25.91992	63.037254	-51.278915	150.0	146.75	221099	59.946594	13.986549	73.86101	-26.105696	-60.370113	1.4251544	861.1494183540344
202	7.388539	25.4303	55.51007	-20.745543	9.070334	31.661203	49.426086	-63.455986	150.0	136.9	222199	60.251762	12.948002	78.283646	-11.84465	-60.66402	1.4506603	865.596531867981
203	6.97196	35.65399	50.691833	-59.2866	-2.0618353	36.50438	57.18594	-100.86214	130.33333	137.7	223299	60.415836	11.904587	79.48997	-14.540934	-60.82162	1.5529153	870.0535373687744
204	8.998943	23.103937	55.615547	-20.868727	-10.043303	40.692028	48.993156	-90.33298	150.0	122.5	224399	60.506886	10.92642	73.64005	-4.745561	-60.93436	1.311526	874.7634928226471
205	-13.635532	42.639084	53.920757	-63.283665	14.573441	25.97493	65.29166	-47.24215	121.22222	141.4	225499	59.722607	11.783769	92.95682	-49.09208	-60.12753	1.4630142	879.2076752185822
206	-10.73802	31.667822	26.336311	-69.05486	-1.6300375	34.50047	52.860645	-72.01932	141.25	139.2	226599	58.54769	12.514807	83.61551	-39.50875	-58.97427	1.3514413	883.9193432331085
207	1.3526783	32.094585	32.312542	-59.040607	-5.7045493	27.64181	46.351654	-68.50679	126.5	133.75	227699	57.668934	13.4852295	84.03525	-32.839447	-58.139053	1.3610997	888.174364566803
208	-1.9683633	32.59718	50.40026	-52.929306	-11.338533	32.06825	59.068783	-57.84981	150.0	148.8	228799	57.173702	13.227537	75.45108	-23.945591	-57.606766	1.1676354	892.3258435726166
209	-22.108227	20.452871	3.9867532	-50.48294	11.300398	33.356102	74.426254	-51.823166	137.0	147.25	229899	55.657265	14.020859	76.621994	-17.38306	-56.091064	1.1232703	896.7448666095734
210	-7.719518	51.938293	49.192127	-101.14445	6.202943	47.969273	71.99701	-78.901375	139.85715	131.25	230999	54.55019	14.483586	119.7239	-24.174421	-55.024986	1.2735542	901.0653026103973
211	-8.354981	37.611904	50.01343	-63.789433	5.6994433	40.007656	75.9288	-66.40354	118.7	142.25	232099	53.67565	15.112976	89.10353	-19.858843	-54.20648	1.4291595	905.1502294540405
212	0.5048895	23.941156	37.210663	-50.850204	11.147184	26.170961	65.688034	-16.317156	142.375	150.0	233199	53.221626	15.383258	73.945854	-20.684004	-53.710938	1.700866	909.5523753166199
213	-12.923193	36.27639	60.30957	-61.054264	3.3877978	50.696342	85.576225	-112.109375	139.5	146.45	234299	53.33362	14.651068	77.60652	-18.12586	-53.830856	1.4867762	913.8331854343414
214	19.886602	22.496315	59.656773	-7.082023	3.3363972	47.19778	88.98022	-137.75304	150.0	147.85	235399	53.54711	14.166345	84.96764	-17.757708	-54.03528	1.5330582	918.2108221054077
215	6.812946	12.782343	26.36993	-8.040268	-1.3313366	17.39363	43.857346	-30.556868	150.0	150.0	236499	53.46744	13.55988	86.27197	-18.181335	-53.894733	1.6267204	922.6108996868134
216	12.175626	29.95206	44.487045	-54.351166	-2.1725183	46.30199	59.171585	-143.8947	142.375	150.0	237599	53.392487	13.537929	120.770996	-29.46635	-53.806873	1.7224433	927.0489642620087
217	-6.165865	39.62295	46.88701	-65.9419	10.556766	27.022766	69.44016	-41.297375	135.0	150.0	238699	54.06974	12.92114	81.50541	-15.935461	-54.483418	1.7866828	931.7432169914246
218	-18.008755	53.36356	45.734303	-137.2302	17.406605	30.429361	79.446205	-24.606522	144.25	150.0	239799	54.187897	11.968273	117.16488	-13.798746	-54.60637	2.0971782	936.090756893158
219	1.5318015	31.308514	48.728725	-49.450237	11.1172695	25.68541	71.51385	-53.837215	150.0	150.0	240899	54.561066	11.010763	86.51499	-7.2074885	-54.97506	1.8866227	940.4352326393127
220	28.67085	21.173197	58.816376	8.536289	12.479051	38.289745	78.6151	-105.38097	150.0	147.95	241999	55.201073	10.603956	81.61055	-41.55094	-55.578503	1.7693523	944.7831454277039
221	-0.9280119	30.169453	32.788258	-67.2543	5.4129467	35.229446	80.284676	-50.41529	139.875	134.75	243099	55.54696	10.018776	75.8392	-2.1872308	-55.866932	1.5273337	949.136724948883
222	-13.037595	28.820276	19.51821	-56.339153	4.468382	37.389587	63.47916	-99.35479	140.0	146.0	244199	54.681587	10.036668	102.653755	-18.326973	-55.033863	1.6210685	953.1284680366516
223	17.907211	30.638088	48.44933	-48.960987	5.01623	42.476616	66.194496	-69.29922	142.875	139.8	245299	53.90778	10.280767	118.1239	-20.288055	-54.272465	1.850761	957.0704548358917
224	-2.3521802	22.611122	22.906952	-52.094963	6.4274917	38.587997	77.42618	-95.577835	141.875	140.95	246399	53.38511	10.254542	97.887146	-20.190624	-53.734066	1.6737119	961.3133537769318
225	-9.164803	41.524433	61.458855	-63.38404	-0.8165598	34.15443	68.485344	-66.03474	124.625	146.7	247499	52.887173	10.330531	94.56114	-18.573036	-53.239796	1.5390345	965.6342446804047
226	-1.7422413	29.857256	41.080704	-63.68448	4.8950224	24.696814	54.803722	-54.46879	133.22223	135.65	248599	52.560497	10.620303	84.87667	-16.04667	-52.91651	1.454182	970.759952545166
227	-9.043935	43.987038	41.156006	-110.85463	-1.1878939	23.30071	29.007074	-55.463985	145.42857	141.05	249699	51.924862	11.156457	95.696976	-16.721487	-52.31755	1.6288382	975.1892094612122
228	15.379147	14.476044	38.035698	-5.7582893	2.3564782	31.589582	49.511276	-76.81218	150.0	137.8	250799	51.287308	11.160618	78.14865	-16.441467	-51.680218	1.4682515	979.5045421123505
229	3.470057	23.402233	21.529387	-48.648964	-2.6930397	44.45096	70.72241	-137.19371	136.71428	142.05	251899	51.35401	11.228758	74.71509	-12.854559	-51.735836	1.1482385	983.9018514156342
230	10.614839	26.086632	61.157352	-24.83941	-5.274021	39.028755	41.394897	-101.92161	150.0	145.0	252999	51.623383	10.734732	66.3107	-13.406459	-52.001545	1.068243	988.4549627304077
231	-10.081375	65.807236	60.3921	-140.46603	6.332322	38.254433	63.070267	-68.23146	143.14285	131.75	254099	50.997944	10.389009	75.052635	-7.804778	-51.43034	1.1636842	993.3194444179535
232	7.4649405	35.15509	57.953484	-48.61004	19.762606	25.710085	70.316635	-34.339886	129.11111	145.6	255199	51.854183	10.225746	72.581276	-10.886361	-52.42667	1.1040003	997.7755436897278
233	16.359047	38.74671	62.93849	-48.674076	34.604816	34.279064	77.41886	-43.875015	137.5	150.0	256299	52.34382	10.517791	77.72703	-13.672826	-52.78513	1.2394576	1002.2038173675537
234	-0.34981972	45.57636	41.941666	-84.12386	-21.977114	45.135094	59.737103	-128.89862	150.0	147.2	257399	52.73482	9.660567	69.77183	-9.617111	-53.11664	0.9856234	1007.3438310623169
235	-21.204258	58.8337	77.74872	-131.72595	10.689996	40.291916	65.34756	-94.48684	150.0	150.0	258499	52.277218	9.742045	65.289505	-9.919434	-52.659935	0.9718406	1012.457798242569
236	-32.39707	46.908974	43.35992	-103.56232	-6.843652	51.211327	72.309166	-112.01217	139.25	141.7	259599	51.06798	10.655801	81.10685	-17.31702	-51.425808	1.233472	1017.4999992847443
237	28.234085	26.44685	78.15205	-7.9360743	-4.227689	52.32397	83.9149	-114.28279	150.0	130.85	260699	50.208057	11.051821	68.55332	-13.931736	-50.562435	1.079469	1022.2096064090729
238	-4.2294493	45.945667	53.259182	-77.268936	1.2410128	43.5274	76.83741	-64.24563	141.25	135.4	261799	49.791183	10.877988	74.2559	-15.267522	-50.135006	1.0102699	1026.924290895462
239	9.034256	43.734505	55.64097	-90.72551	-15.799357	45.3098	50.7409	-115.87829	142.28572	136.65	262899	49.15907	11.4603815	88.61689	-32.88999	-49.49905	1.0780199	1031.2248101234436
240	-36.53755	48.511444	55.827972	-112.71229	-17.133541	52.685383	51.994247	-100.88486	128.0	139.9	263999	48.14071	11.12442	90.658585	-18.814629	-48.45568	0.9186877	1035.2899281978607
241	-17.467434	47.929775	59.855156	-115.27252	-0.89316165	36.365982	61.461685	-79.81	138.5	137.95	265099	46.367657	11.695686	84.30265	-17.352047	-46.69727	1.11593	1039.6516225337982
242	7.6414075	43.06385	48.326237	-67.98523	-5.6539392	50.562046	49.796124	-100.79942	139.125	133.2	266199	45.58103	12.1716385	82.0714	-11.480246	-45.913605	1.0343384	1044.0367789268494
243	-9.912486	48.667244	42.978107	-98.52622	-20.938992	38.02503	41.493587	-100.19052	144.25	123.45	267299	45.69718	12.527653	126.29685	-15.525033	-46.065304	1.1501974	1048.3182833194733
244	-16.700321	47.69041	52.772564	-97.52004	-19.100843	41.23368	48.139217	-89.55637	119.55556	126.95	268399	45.564487	12.403791	85.60606	-21.22981	-45.940514	1.2907182	1052.4357249736786
245	-9.771338	43.696457	53.63533	-90.92413	-24.640516	43.688553	33.0366	-101.59203	150.0	130.7	269499	44.314194	13.386043	89.89744	-27.446732	-44.707302	1.7378911	1056.7687714099884
246	1.7656798	46.487778	43.345993	-81.054306	-0.16724929	41.14197	72.82669	-73.23873	143.5	124.55	270599	43.908947	13.119953	77.76064	-27.534964	-44.323685	1.8327688	1061.0908515453339
247	12.545791	43.5781	74.6714	-51.871372	-9.173617	54.54387	57.457573	-135.59204	139.0	136.2	271699	43.889835	13.627947	73.8095	-22.313963	-44.30055	1.520805	1064.991438627243
248	-7.171329	48.646633	64.52297	-85.21616	-26.114965	46.76349	64.465195	-108.31332	150.0	141.7	272799	45.131298	13.4792795	78.61175	-26.426105	-45.485676	1.2361867	1069.2041985988617
249	-41.639812	36.75125	56.128193	-74.055824	-38.31801	45.046104	42.68223	-115.883575	123.111115	124.45	273899	44.87612	14.116017	74.59326	-26.800303	-45.26186	1.2400289	1073.3315606117249
250	-35.92842	62.15696	42.06395	-114.079994	-34.19317	52.994137	51.338795	-135.19781	139.875	136.2	274999	43.357372	15.155356	71.28669	-29.739576	-43.769302	1.2221638	1078.324078798294
