Epoch	AverageEpRet	StdEpRet	MaxEpRet	MinEpRet	AverageTestEpRet	StdTestEpRet	MaxTestEpRet	MinTestEpRet	EpLen	TestEpLen	TotalEnvInteracts	AverageQVals	StdQVals	MaxQVals	MinQVals	LossPi	LossQ	Time
1	-43.826775	10.780027	-33.046745	-54.6068	-167.87701	10.296658	-142.97786	-179.36047	400.0	400.0	1099	0.3530289	6.274496	470.07184	-430.564	-0.38711277	39.052505	5.960091829299927
2	-12.046753	17.585752	12.7848425	-25.659182	50.152637	17.942434	90.70398	8.391588	400.0	400.0	2199	0.18817885	1.411714	350.8041	-444.9961	-0.27810797	1.8010129	31.528815269470215
3	-8.686431	10.891952	3.3679874	-23.018467	53.472363	19.711348	104.71429	27.168877	400.0	400.0	3299	0.4899225	1.0076438	39.473114	-18.602055	-0.68885475	0.02457467	59.008962869644165
4	-33.337296	10.2197	-23.361637	-47.38206	64.43579	23.01089	108.084785	20.565166	400.0	400.0	4399	1.0719763	1.626205	112.73801	-87.15494	-1.2862384	0.12372402	86.3117082118988
5	-54.187805	6.392832	-47.794975	-60.58064	61.569115	32.176952	131.2822	3.4544342	400.0	400.0	5499	1.5919851	2.1194782	17.009844	-17.564793	-1.8318847	0.064625815	117.89708375930786
6	-6.090096	36.35046	43.71414	-42.023415	78.34219	23.523853	144.49808	46.914303	400.0	400.0	6599	2.3101351	2.5935156	12.492442	-11.301177	-2.5603116	0.08741701	145.92839765548706
7	-31.561075	15.063233	-11.279448	-47.34486	78.57554	31.004166	141.5593	40.561954	400.0	400.0	7699	3.1114993	3.0056586	56.07012	-9.935464	-3.3610182	0.12205797	178.24355602264404
8	4.8692355	52.105537	74.618385	-50.59107	88.71112	37.525043	173.85101	33.828266	400.0	400.0	8799	3.8697681	3.6412735	17.900799	-9.873882	-4.117326	0.1509302	210.56290650367737
9	-26.672626	20.102673	-6.5699534	-46.7753	75.85604	23.024414	119.460396	37.64294	400.0	400.0	9899	4.6838026	4.289695	44.215103	-20.857632	-4.9315295	0.20354423	243.5904722213745
10	-34.843685	1.7595019	-32.678272	-36.988	67.46046	28.811224	149.75171	35.855145	400.0	400.0	10999	5.1500945	4.831571	75.31786	-12.804316	-5.396084	0.24450178	275.68736600875854
11	5.179306	30.576815	40.56881	-34.035194	92.93074	36.166927	168.42847	39.76034	400.0	400.0	12099	5.9819064	5.463338	47.13123	-33.571	-6.2405734	0.2683468	307.2807447910309
12	-33.89125	19.14266	-11.86618	-58.535892	108.736916	48.194874	203.76987	36.89821	400.0	400.0	13199	6.653539	5.906519	37.412704	-12.716831	-6.9232855	0.30179083	338.210000038147
13	-50.68142	9.310308	-41.37111	-59.991726	82.94351	47.699814	211.87772	25.967047	400.0	400.0	14299	7.1603494	6.2823844	32.203304	-17.672035	-7.4338174	0.34315854	367.5497980117798
14	-10.645489	41.90577	35.070354	-66.163574	90.12321	39.345863	165.46642	39.80433	400.0	400.0	15399	7.756743	6.8585515	231.24297	-18.976578	-8.037662	0.5963548	398.8957898616791
15	62.66836	11.498613	75.19518	47.425182	89.00393	42.80825	179.35846	40.932697	400.0	400.0	16499	8.364886	7.3471313	48.573563	-6.9470224	-8.636762	0.45791587	429.60876631736755
16	91.709564	27.72835	125.67304	57.75274	114.482376	46.450474	202.66296	43.964622	400.0	400.0	17599	9.03954	7.8660793	177.57477	-7.627844	-9.299272	0.59206253	462.12613677978516
17	41.896793	4.1962852	46.09308	37.70051	95.12262	56.003304	189.395	5.77672	400.0	400.0	18699	9.774107	8.544682	42.45078	-22.27185	-10.023677	0.64721656	494.87340569496155
18	103.487976	57.30352	169.52922	29.79236	107.65285	55.498302	191.80827	18.416946	400.0	400.0	19799	10.590282	9.442008	43.36556	-8.987154	-10.845433	0.7488496	528.9548335075378
19	61.723373	60.274784	144.00479	1.2979331	115.38735	40.815384	179.32104	41.103916	400.0	400.0	20899	11.3748665	10.167955	227.72215	-18.460262	-11.63108	1.0625368	559.8341236114502
20	129.18243	74.42006	208.82759	29.777933	109.41307	44.794144	177.5591	30.91304	400.0	400.0	21999	11.951761	11.049839	209.09637	-19.114193	-12.21793	1.1978502	595.8978555202484
21	90.5898	18.671764	109.261566	71.91804	122.62903	53.324875	208.90767	33.1956	400.0	400.0	23099	13.378193	12.288857	113.53716	-18.445934	-13.665014	1.3853726	628.5494368076324
22	125.98752	43.61416	185.25493	81.56114	118.02269	45.796833	178.83939	25.610748	400.0	400.0	24199	14.851089	13.35252	61.044678	-18.630505	-15.155002	1.848989	658.228045463562
23	153.59778	26.040934	187.83682	124.732574	114.242615	49.281296	174.92696	29.70266	400.0	400.0	25299	16.475332	14.481791	55.67227	-105.85922	-16.795368	2.2799025	690.8303971290588
24	109.132256	56.504143	169.37814	33.546116	75.04443	34.543175	155.35994	13.051581	400.0	400.0	26399	17.7718	15.406641	226.52809	-18.918339	-18.105528	2.8187144	720.9202823638916
25	65.078575	51.698765	116.777336	13.379807	81.287735	54.342884	173.63881	-10.022702	400.0	400.0	27499	19.069975	16.311348	139.83664	-18.774296	-19.417038	2.7746005	754.5968232154846
26	109.47402	23.823477	140.6417	82.81006	93.55911	48.32159	170.74876	10.5469055	400.0	400.0	28599	20.437616	17.060509	150.28111	-18.973541	-20.814413	3.0950675	788.0367157459259
27	70.59899	28.243233	93.96996	30.86233	112.031166	42.6915	170.969	4.2482285	400.0	400.0	29699	22.015106	17.791744	130.77429	-19.924393	-22.423223	3.41268	824.5217945575714
28	40.586964	29.44041	81.95283	15.810662	40.123848	70.06288	158.31316	-102.465515	400.0	400.0	30799	23.094551	18.473885	113.9068	-24.26915	-23.529284	3.391726	861.4615752696991
29	56.49506	39.9111	96.40616	16.583963	39.046124	104.939316	164.94695	-153.80167	400.0	400.0	31899	24.334831	19.243538	213.52177	-21.991096	-24.779596	3.550036	895.248575925827
30	121.375984	30.841846	154.46371	80.22052	46.227837	84.249245	168.30171	-115.20667	400.0	400.0	32999	26.020027	20.171211	139.52885	-45.777885	-26.482384	3.842725	932.9674031734467
31	84.08076	14.395466	104.26842	71.70921	28.76004	85.26557	131.94615	-127.30128	400.0	400.0	34099	28.021017	21.014645	173.6936	-111.12087	-28.49325	3.8739417	971.5217485427856
32	-20.942612	96.514244	109.15843	-121.739265	-30.40039	69.14606	92.76777	-149.73718	400.0	400.0	35199	28.969803	23.083477	845.2363	-308.69043	-29.443384	5.7650733	1013.2328679561615
33	-37.596153	42.641285	5.0451317	-80.23744	59.689568	73.44149	171.8378	-117.933334	400.0	400.0	36299	29.333649	26.021807	433.98712	-330.50644	-29.867517	5.262231	1052.8550996780396
34	103.049065	33.994392	142.79477	59.753204	67.48985	78.06652	157.46855	-96.60829	400.0	400.0	37399	30.977192	26.269567	369.36047	-269.55676	-31.511578	4.4856133	1087.2862453460693
35	48.06661	49.868874	113.089134	-8.096511	54.47273	58.54134	145.29811	-49.790344	400.0	400.0	38499	32.693398	26.501661	290.12466	-242.172	-33.244118	4.8825765	1116.581550836563
36	98.0727	36.18505	136.65105	49.666172	39.35487	61.26016	138.77754	-71.22283	400.0	400.0	39599	34.432335	27.113527	132.95358	-253.16933	-35.016975	4.8621736	1142.7193207740784
37	-64.09101	13.398102	-50.69291	-77.48911	42.84417	59.125404	132.20845	-82.48375	400.0	400.0	40699	35.699398	28.128742	133.40524	-226.84695	-36.318096	4.6368866	1168.4784653186798
38	36.648212	26.385818	73.70957	14.354708	80.04274	37.390205	142.35268	5.386117	400.0	400.0	41799	37.032356	29.445354	112.13254	-221.97697	-37.630928	4.065572	1195.0070436000824
39	56.184208	38.172924	94.523254	4.1004615	81.0996	66.4976	178.92181	-75.514435	400.0	400.0	42899	38.84158	29.928305	182.82367	-228.78654	-39.43753	5.1302195	1220.9001314640045
40	79.907776	9.36632	88.17707	66.81177	102.60376	63.72418	182.66463	-36.24529	400.0	400.0	43999	40.485283	30.478031	558.5441	-240.82628	-41.113907	7.227489	1245.552097082138
41	152.58371	4.3844223	156.96814	148.1993	78.75515	57.49461	142.32552	-76.13904	400.0	400.0	45099	42.7194	30.859842	343.61673	-233.14218	-43.408813	6.0577245	1268.7014956474304
42	104.13781	76.18229	159.28333	-3.5900617	110.8162	67.77747	180.92717	-137.24396	400.0	400.0	46199	45.24648	31.53818	149.45895	-234.32416	-45.953724	4.755378	1292.857267856598
43	113.07423	11.239618	128.88696	103.7673	88.72676	85.02089	191.67165	-70.68023	400.0	400.0	47299	47.241486	31.968287	469.38702	-372.34073	-47.923187	6.642397	1318.2380847930908
44	113.48495	23.54701	144.58635	87.62796	72.1656	76.809875	161.39989	-153.85384	400.0	400.0	48399	49.31235	32.51459	519.1888	-231.52011	-50.02828	7.0151563	1341.114560842514
45	65.23579	42.717514	107.9533	22.51827	63.32558	96.28309	169.7982	-147.73804	400.0	400.0	49499	51.536438	32.996357	183.55167	-221.7087	-52.257267	6.361359	1363.1709246635437
46	44.780518	126.899086	155.86978	-132.82741	84.08212	84.66018	173.34224	-166.63777	400.0	400.0	50599	53.309532	33.17812	196.16026	-222.98233	-54.039433	6.5583525	1385.6677873134613
47	122.92811	44.43918	180.69878	72.61445	114.143394	30.764427	171.78603	61.777344	400.0	400.0	51699	55.53687	33.353085	218.82852	-214.15726	-56.2869	6.495347	1410.6004741191864
48	95.467834	33.343857	142.1523	66.3689	111.40723	28.649803	159.94177	50.833103	400.0	400.0	52799	57.302113	33.336914	753.33325	-229.04663	-58.01822	8.008679	1437.8532910346985
49	54.794968	34.25946	89.05443	20.53551	114.051346	26.715063	156.6096	69.09075	400.0	400.0	53899	58.95081	33.331123	193.79997	-207.47435	-59.701912	6.2467737	1466.264800786972
50	46.44083	85.0817	117.84905	-73.13219	70.030594	55.754566	161.35435	-31.91323	400.0	400.0	54999	60.54174	33.252766	267.59616	-592.54846	-61.31119	7.5531487	1493.2006697654724
51	83.46005	24.817913	112.905754	52.196156	95.209816	47.966106	185.80167	-1.3197261	400.0	400.0	56099	62.195156	33.016106	168.14197	-198.87097	-62.950184	6.506146	1520.6105742454529
52	104.80967	18.98077	131.65248	91.34266	111.15657	73.03786	221.82709	-106.58581	400.0	400.0	57199	63.662373	32.887222	179.5295	-190.6013	-64.38329	5.3815875	1545.5559973716736
53	142.85568	21.089108	163.9448	121.76658	94.66805	57.565594	185.63373	-46.28299	400.0	400.0	58299	64.96487	32.61908	260.35577	-194.77666	-65.66771	6.2947774	1572.5644369125366
54	96.57446	32.21637	141.5421	67.74432	54.17085	99.41527	160.37247	-159.16505	400.0	400.0	59399	66.04783	32.50084	296.51132	-184.39233	-66.77378	7.126796	1597.554681777954
55	120.50733	30.086878	157.54321	83.84861	63.46385	79.21269	146.03525	-145.59662	400.0	400.0	60499	67.34585	32.31114	392.95865	-185.36235	-68.06899	6.226202	1622.0957217216492
56	128.48103	14.392491	144.50932	109.60244	65.06358	85.64686	179.29102	-135.76419	400.0	400.0	61599	68.58337	32.343643	215.27144	-254.82135	-69.31424	6.1085815	1646.0334692001343
57	47.44756	98.25342	145.70097	-50.805855	77.46092	76.627335	167.04582	-106.36263	400.0	400.0	62699	69.37437	32.79625	289.59653	-176.25278	-70.09709	6.6128693	1671.7788047790527
58	140.85516	32.848827	177.22545	97.64064	41.74331	96.973816	153.02066	-107.210304	400.0	400.0	63799	70.39649	33.02388	168.24898	-174.65736	-71.101166	5.461943	1699.0448024272919
59	88.16465	22.963915	104.62023	55.689754	129.21396	40.696518	199.09987	51.016926	400.0	400.0	64899	71.28552	33.179	233.74997	-204.80037	-71.97966	6.0241885	1724.398137331009
60	49.72961	141.43251	164.08943	-149.5633	141.3367	51.785137	210.2835	28.481028	400.0	400.0	65999	71.7821	33.99665	170.92812	-323.15353	-72.48959	5.8809657	1751.8494770526886
61	120.64867	9.036106	129.68477	111.61256	109.41687	53.66447	210.18973	-56.500393	400.0	400.0	67099	72.158226	35.433212	195.37315	-292.206	-72.83673	5.669307	1780.1039991378784
62	138.03052	17.959974	160.64087	116.70436	96.16897	51.80872	191.76291	-42.17837	400.0	400.0	68199	72.980934	35.256634	217.17534	-299.74625	-73.65959	5.850481	1807.6692140102386
63	134.68637	0.5091499	135.40334	134.2703	103.135376	88.87421	207.10016	-84.708824	400.0	400.0	69299	73.51073	35.429947	175.38014	-288.8578	-74.18646	5.585038	1835.4511761665344
64	153.04498	26.737898	183.63373	118.49913	115.23397	54.38391	182.00412	-19.321417	400.0	400.0	70399	74.52001	35.230175	259.39844	-292.43106	-75.20071	5.685902	1862.5294420719147
65	174.26297	2.8341827	177.09715	171.42879	99.284065	61.928776	166.22414	-78.384415	400.0	400.0	71499	75.34038	35.202778	317.012	-303.28387	-76.03434	6.15243	1889.253978729248
66	100.988304	15.18251	120.08574	82.94083	140.93915	52.801052	250.15688	-18.047556	400.0	400.0	72599	76.13804	35.15888	211.99585	-295.7631	-76.848236	5.2768755	1916.8657677173615
67	135.81364	28.812635	174.29613	104.971725	125.71748	30.444777	194.82323	68.627754	400.0	400.0	73699	77.18317	34.833603	175.0457	-270.9526	-77.876	4.983727	1943.4528422355652
68	128.07924	27.944067	159.65988	91.71458	94.90434	58.48924	166.61699	-112.02037	400.0	400.0	74799	77.8477	34.524925	201.96646	-307.922	-78.52821	5.7128153	1969.1322717666626
69	126.673004	6.3106956	132.9837	120.36231	127.314926	18.864115	172.06332	91.720634	400.0	400.0	75899	78.33833	34.18361	213.70935	-248.98207	-79.009	5.382559	1993.2858347892761
70	149.61725	19.009893	175.03395	129.32222	131.96902	61.620434	224.16264	-57.770287	400.0	400.0	76999	78.69874	34.037964	181.40729	-264.94055	-79.34558	5.3914647	2018.6670124530792
71	105.06277	32.1245	140.4344	62.68665	154.50627	47.40423	254.15016	40.377323	400.0	400.0	78099	79.20444	33.69091	191.721	-253.06953	-79.859314	5.069699	2046.12624335289
72	138.64552	36.85695	186.2503	96.45861	103.631226	85.025314	263.09897	-89.93254	400.0	400.0	79199	79.391075	33.63057	253.61461	-251.78365	-80.05154	5.1636376	2071.3879828453064
73	159.60379	34.01938	193.62317	125.58441	127.77279	54.35976	210.8039	-14.042664	400.0	400.0	80299	79.79177	33.328545	213.94629	-257.99817	-80.45293	5.149788	2097.480140209198
74	142.59576	34.922165	189.26015	105.25776	123.536255	65.009315	226.27847	-65.78317	400.0	400.0	81399	80.258385	33.149765	174.70187	-253.09575	-80.904625	4.7087493	2121.5998697280884
75	153.92433	56.977226	206.35695	74.72008	160.89343	40.75486	219.41838	39.609673	400.0	400.0	82499	80.494644	33.235573	464.07462	-263.1132	-81.13601	6.801435	2147.9929945468903
76	154.18105	44.510914	213.07478	105.486374	149.4093	43.50371	229.12947	78.56524	400.0	400.0	83599	80.86054	33.01462	195.25275	-243.49977	-81.48487	4.8058257	2175.783133983612
77	61.447735	27.320927	88.76866	34.12681	158.0588	32.464363	231.34424	73.16647	400.0	400.0	84699	81.04773	32.457363	221.26974	-243.58249	-81.65909	4.7764797	2204.3432133197784
78	145.42688	34.94699	172.86476	96.108635	128.76396	49.241844	198.25047	-42.51843	400.0	400.0	85799	81.073814	32.392776	673.3353	-904.4971	-81.689514	8.35729	2240.0462923049927
79	132.24944	36.11466	169.48857	83.3588	116.51543	70.97519	196.07321	-67.56115	400.0	400.0	86899	81.061455	32.266586	221.15628	-335.2365	-81.68413	5.69788	2279.837926387787
80	108.09426	6.914724	113.5087	98.33488	144.18576	79.85638	241.18976	-74.92273	400.0	400.0	87999	81.384	31.697594	158.41823	-256.5245	-82.00441	4.458281	2317.295987844467
81	125.83924	21.547783	147.38702	104.29146	150.29596	37.49207	210.37088	49.653378	400.0	400.0	89099	81.285774	31.61728	230.33582	-243.13928	-81.884415	4.2884135	2358.0389506816864
82	166.14253	32.766537	189.61032	119.80494	144.12956	40.959072	228.05156	62.70715	400.0	400.0	90199	81.38572	31.110874	144.9812	-247.77774	-81.97246	4.288505	2403.809736728668
83	137.03741	15.443103	158.04924	121.37287	158.33173	43.48194	235.64415	59.37731	400.0	400.0	91299	81.42631	30.794691	187.96048	-249.0371	-81.99995	4.57925	2452.8028116226196
84	175.96242	34.708508	210.57387	128.51443	147.72818	49.53163	232.66583	53.528233	400.0	400.0	92399	81.16529	30.73634	147.8381	-296.15088	-81.697784	4.0944533	2496.0179512500763
85	188.48001	14.464279	202.94429	174.01573	132.25835	37.765976	229.43137	74.417915	400.0	400.0	93499	80.98722	30.453968	150.68713	-251.30045	-81.52451	3.9794176	2541.900899410248
86	130.22586	32.024796	175.19028	103.04979	129.92049	82.907646	268.1745	-119.440605	400.0	400.0	94599	80.69655	30.203661	161.32506	-249.63094	-81.21891	4.014457	2587.1938762664795
87	148.64088	36.34064	180.20596	97.73432	145.40451	53.064156	223.00383	10.801837	400.0	400.0	95699	80.48558	30.129148	161.77736	-246.95586	-80.9958	4.1333175	2635.9540073871613
88	172.65657	52.068665	220.79814	100.33114	155.9665	45.003574	251.15004	86.65434	400.0	400.0	96799	80.0825	29.772032	282.57602	-237.74449	-80.57984	4.1515617	2679.7535316944122
89	143.73352	51.44871	195.18224	92.28481	143.68098	68.69036	231.51071	-80.75285	400.0	400.0	97899	79.77843	29.551586	207.94556	-267.87814	-80.263885	4.2023134	2724.6876327991486
90	96.68924	30.390951	127.436554	55.30853	135.4889	76.34897	224.30435	-124.55227	400.0	400.0	98999	79.37487	29.19905	149.7057	-244.45723	-79.87688	3.7372913	2772.450829744339
91	146.15988	18.947563	167.51346	121.46404	138.36423	70.62801	227.39276	-127.4037	400.0	400.0	100099	79.08266	29.05094	237.50632	-239.16394	-79.58584	3.914253	2817.8598165512085
92	156.18147	50.023766	197.43085	85.78297	82.04285	73.15115	203.40416	-86.852806	400.0	400.0	101199	78.80209	29.071873	169.7565	-240.385	-79.32774	3.817406	2865.940791130066
93	70.10526	56.845703	126.950966	13.2595625	132.59874	42.378677	206.0136	67.30692	400.0	400.0	102299	78.58257	28.709654	232.2811	-249.57971	-79.10773	3.8462377	2915.090259552002
94	165.20795	39.38879	212.94594	116.478775	144.63303	35.0411	220.11292	91.13323	400.0	400.0	103399	78.42794	28.319977	222.10823	-518.55853	-78.913536	4.138259	2960.293188095093
95	119.13192	32.841408	151.4087	74.07132	147.21284	45.616302	203.60207	12.675073	400.0	400.0	104499	78.02294	28.171906	144.77963	-247.12871	-78.49513	3.3296285	3006.901846885681
96	172.75342	28.466858	212.47836	147.23499	133.35948	71.26995	233.93408	-101.6188	400.0	400.0	105599	77.75458	27.75126	161.84102	-249.02095	-78.214264	3.5647159	3054.3543767929077
97	82.825294	84.92606	167.75136	-2.1007733	169.00172	36.448643	236.03873	108.99865	400.0	400.0	106699	77.13577	27.497581	342.479	-244.93231	-77.58244	4.3408227	3099.6653831005096
98	150.2475	25.528433	183.5626	121.543	168.09863	50.12171	233.64996	17.096981	400.0	400.0	107799	76.648766	27.103697	155.50519	-251.44727	-77.0842	3.3463862	3156.6769127845764
99	136.0407	86.63033	233.75522	23.182451	153.50146	61.436253	225.44899	-40.467896	400.0	400.0	108899	76.19124	26.724928	159.38266	-246.91573	-76.6278	3.206064	3206.648391723633
100	175.24113	19.920816	200.80951	152.21234	157.15463	37.69819	229.39232	79.225075	400.0	400.0	109999	75.73393	26.451435	164.72476	-273.42322	-76.16535	3.1998398	3258.070526599884
101	139.99799	30.777233	170.77522	109.22076	159.68576	30.652765	204.80164	93.722946	400.0	400.0	111099	75.197914	26.41324	161.0333	-251.29555	-75.61456	2.730744	3308.721967458725
102	64.80282	51.944855	135.77753	12.903734	132.37943	60.43501	195.89758	-89.020676	400.0	400.0	112199	74.78492	25.902624	162.26628	-260.99463	-75.18788	2.88685	3370.0031445026398
103	160.26677	56.52159	213.25598	81.944145	134.6678	74.98074	238.94896	-12.003151	400.0	400.0	113299	73.979256	25.749512	164.6116	-248.3722	-74.362206	2.5917335	3421.7937631607056
104	158.51888	24.605001	190.45944	130.59204	153.70467	48.56923	218.06552	-8.168113	400.0	400.0	114399	73.30358	25.392937	173.19646	-237.04521	-73.671974	2.7093978	3462.9060728549957
105	155.4172	22.671837	178.08905	132.74538	156.70378	45.287014	222.63469	-2.1240468	400.0	400.0	115499	72.69119	25.080645	166.27103	-250.13199	-73.057526	2.430352	3508.8908989429474
106	165.34578	11.397175	180.83018	153.72823	157.65338	40.044743	204.22058	40.156906	400.0	400.0	116599	72.13576	24.591724	165.08368	-241.12315	-72.501495	2.312448	3557.509889125824
107	163.78381	33.278328	210.70999	137.21896	156.53397	37.85987	221.87129	77.483246	400.0	400.0	117699	71.48409	24.537878	166.83076	-248.15875	-71.83997	2.4163456	3605.177377462387
108	121.08102	34.484447	151.61674	72.88228	177.19266	29.381006	236.82784	122.85065	400.0	400.0	118799	70.95025	24.075838	164.17249	-249.26393	-71.30044	2.3577447	3653.797357082367
109	182.49081	18.06472	200.55554	164.4261	156.41972	41.16059	236.16513	63.813057	400.0	400.0	119899	70.38835	23.67413	159.81853	-239.21819	-70.74598	2.2295215	3707.490615606308
110	149.51402	1.9717462	152.29373	147.93298	154.8472	35.049866	213.67116	43.094826	400.0	400.0	120999	69.839554	23.540792	158.7773	-251.59688	-70.19764	2.2111452	3757.6149473190308
111	157.63704	16.091982	176.61742	137.27318	145.577	69.38074	246.17989	-79.98489	400.0	400.0	122099	69.367004	23.240791	152.32117	-246.97041	-69.715706	2.072701	3810.176973104477
112	150.48938	28.108055	184.88654	116.03621	146.52121	45.465244	202.23718	47.238968	400.0	400.0	123199	68.89201	22.975058	153.06795	-238.63211	-69.240486	2.0338717	3857.280106306076
113	173.43166	52.658844	226.0905	120.77281	148.34177	42.018257	211.56573	36.745853	400.0	400.0	124299	68.429825	22.738293	147.84035	-241.87228	-68.765045	1.9594389	3902.53254199028
114	155.16536	19.812359	176.37115	128.70276	144.4915	34.03388	212.80188	69.970474	400.0	400.0	125399	67.93272	22.674143	147.50345	-251.50134	-68.27202	1.9095917	3950.323343038559
115	119.83662	38.364727	161.25897	68.778786	55.070415	96.2169	212.8924	-69.84718	400.0	400.0	126499	67.47586	22.407547	292.11655	-560.17914	-67.8019	3.6344142	3999.383092880249
116	163.40901	15.13728	174.21208	142.00197	162.56142	43.904526	216.58537	20.215343	400.0	400.0	127599	66.98013	21.970057	402.19803	-258.71683	-67.29328	3.2970958	4051.3032648563385
117	187.2243	10.411766	197.63606	176.81253	144.91235	74.66181	239.61696	-44.18845	400.0	400.0	128699	66.46401	21.87325	165.00076	-234.88213	-66.77735	2.076627	4101.198725938797
118	189.5306	20.249054	206.55994	161.07759	143.7742	56.631454	227.23215	14.093791	400.0	400.0	129799	65.970825	21.528934	166.64885	-231.40622	-66.27926	1.9027972	4149.6303770542145
119	144.15169	43.910553	176.93713	82.08577	152.38315	58.43051	236.04544	-49.495575	400.0	400.0	130899	65.58429	21.151583	167.71382	-227.95154	-65.89791	1.9012098	4191.726251840591
120	155.13783	31.526186	194.47566	117.29608	155.65082	60.81424	212.28352	-5.5827913	400.0	400.0	131999	65.138176	20.956835	167.80737	-223.02615	-65.44676	1.9385973	4238.354849815369
121	111.84061	108.40965	220.25026	3.430958	147.44772	43.241123	210.2938	18.515362	400.0	400.0	133099	64.76297	20.516132	170.20251	-249.31863	-65.07262	1.8756654	4280.892634391785
122	188.94011	19.973087	214.17249	165.3293	168.29524	36.028057	224.4106	101.348	400.0	400.0	134199	64.31666	20.630827	171.09088	-211.73564	-64.62791	1.6854854	4321.529033899307
123	157.51614	12.276857	174.86172	148.18755	154.5353	58.413834	234.45413	-59.643616	400.0	400.0	135299	64.00521	20.39327	175.05188	-216.89604	-64.30129	1.7741739	4364.826352357864
124	169.4769	23.08749	190.9552	137.4408	178.57567	28.638493	237.77095	128.91562	400.0	400.0	136399	63.61118	20.164091	170.79344	-216.2749	-63.90797	1.8327833	4405.864256620407
125	143.64078	24.019882	167.66066	119.620895	168.60252	30.329157	220.14728	86.682755	400.0	400.0	137499	63.291286	19.878239	170.48436	-240.68423	-63.57851	1.6487743	4452.249757051468
126	140.16821	43.49197	191.92555	85.510895	182.25223	26.15065	230.64505	141.93225	400.0	400.0	138599	62.84207	19.688353	171.06915	-221.90767	-63.114906	1.7836962	4502.4943726062775
127	197.67235	5.388277	205.11682	192.54117	184.37535	31.095516	227.01639	118.50289	400.0	400.0	139699	62.426582	19.587582	166.02968	-218.8203	-62.70133	1.5941048	4541.359483242035
128	211.46855	23.931803	245.31123	194.22975	126.59601	78.582954	210.27766	-61.518818	400.0	400.0	140799	62.036713	19.611742	159.92618	-218.64716	-62.31193	1.5949342	4589.657763242722
129	98.674095	39.82052	138.49461	58.85358	181.7749	44.109863	242.7147	47.67873	400.0	400.0	141899	61.782074	19.20632	150.57597	-222.88225	-62.05647	1.731922	4633.284017324448
130	186.73567	12.468713	203.19109	173.01999	187.35724	25.412455	247.32552	141.926	400.0	400.0	142999	61.36645	19.252792	142.72308	-223.48163	-61.633453	1.7036943	4676.218554973602
131	175.16101	45.76927	209.34822	110.4684	171.69687	79.85223	245.58899	-148.5693	400.0	400.0	144099	61.00745	19.19463	136.76353	-217.54182	-61.276577	1.526395	4726.126992940903
132	164.64864	41.709778	199.56702	106.01799	187.75916	32.47441	245.24367	95.54514	400.0	400.0	145199	60.743996	18.964407	201.83627	-212.89401	-61.004936	1.6150131	4779.68398809433
133	175.57689	2.847931	178.42482	172.72896	182.72116	49.90114	267.52643	79.01718	400.0	400.0	146299	60.38484	18.99148	143.23943	-213.2236	-60.644943	2.159965	4832.716845750809
134	164.31512	17.399355	188.80734	150.01842	198.39925	36.28385	249.28714	130.6094	400.0	400.0	147399	60.1454	18.685938	121.94636	-226.32741	-60.409546	1.6726316	4885.878973484039
135	185.14052	38.83072	239.43814	150.88089	185.63646	32.99051	248.17537	130.54874	400.0	400.0	148499	59.861755	18.606869	117.49662	-211.20264	-60.119175	1.4785726	4939.0941796302795
136	187.40504	32.873425	227.11873	146.61711	198.73868	27.400572	246.23962	143.19693	400.0	400.0	149599	59.60211	18.527063	112.0547	-212.3723	-59.86084	1.5315068	4993.01859498024
137	240.6659	1.9194565	242.58534	238.74643	194.49283	27.36533	236.28093	133.0707	400.0	400.0	150699	59.380333	18.315659	108.11696	-216.55249	-59.634575	1.4591364	5041.814780950546
138	151.68275	37.765278	204.91968	121.36332	188.82544	34.489338	258.51062	109.55529	400.0	400.0	151799	59.118977	18.272142	103.40589	-213.41129	-59.370358	1.4577926	5093.30234336853
139	144.96379	25.691927	175.90959	113.00208	182.2777	31.767622	233.88272	129.69504	400.0	400.0	152899	58.84045	18.133982	120.315445	-236.25961	-59.07796	1.8941082	5143.325407981873
140	183.18755	49.283367	247.78876	128.23108	183.70413	39.83061	264.25574	93.58621	400.0	400.0	153999	58.530983	18.04679	99.039246	-212.0927	-58.767117	1.4409121	5195.644545555115
141	184.37004	26.687103	211.05714	157.68294	178.58298	30.994396	220.0703	110.32191	400.0	400.0	155099	58.27571	18.000065	97.38012	-210.96648	-58.50846	1.3879193	5242.390069484711
142	177.7004	32.96769	208.85117	132.08295	188.23717	28.344738	235.46217	130.00842	400.0	400.0	156199	58.027218	17.859947	286.69986	-218.38019	-58.258286	1.5689102	5288.664888143539
143	197.62813	18.966688	223.15483	177.73082	189.73392	28.045454	228.82948	128.72795	400.0	400.0	157299	57.728443	17.846537	117.73648	-210.70644	-57.960716	1.5807832	5337.943804740906
144	196.75159	32.240433	226.62245	151.98384	181.93246	32.49483	231.63197	123.36736	400.0	400.0	158399	57.489685	17.655165	155.16385	-211.5916	-57.717747	1.5627383	5384.134224891663
145	174.80304	26.9486	201.75165	147.85445	178.32307	36.305748	238.50896	124.60057	400.0	400.0	159499	57.229	17.594429	87.5827	-222.75314	-57.46014	1.4454424	5432.645627975464
146	154.13359	19.494865	180.22446	133.37294	160.46193	35.73063	237.67189	78.944626	400.0	400.0	160599	57.054638	17.570208	90.664925	-232.87978	-57.27862	1.4775592	5480.228907108307
147	189.03847	37.316433	218.07585	136.35701	175.77673	27.647362	220.30174	131.0041	400.0	400.0	161699	56.806168	17.55366	83.833305	-204.55174	-57.030758	1.3623408	5524.305284976959
148	152.5098	39.875534	208.81468	121.63571	198.45071	36.003883	279.31552	140.69403	400.0	400.0	162799	56.56254	17.587193	83.79784	-207.36455	-56.781353	1.388676	5568.011845827103
149	155.72943	8.321342	164.05077	147.40808	195.34207	28.721838	247.3483	155.59442	400.0	400.0	163899	56.342728	17.413261	168.52083	-195.68712	-56.55315	1.5044212	5611.865827083588
150	189.46184	4.0836	194.14783	184.1957	187.7196	27.100866	226.76038	111.62053	400.0	400.0	164999	56.164425	17.354912	91.34375	-191.1425	-56.377438	1.3773844	5654.801847696304
151	197.42448	5.9099436	204.49867	190.03278	181.48979	36.079742	239.14963	103.090096	400.0	400.0	166099	55.95824	17.369913	97.0459	-187.98613	-56.17576	1.4345423	5698.880829811096
152	150.71588	27.125261	174.82896	112.821594	182.24911	30.207876	250.9218	120.229034	400.0	400.0	167199	55.7835	17.275576	110.035	-190.18651	-56.0022	1.4638097	5746.453702926636
153	159.90616	3.7567368	163.6629	156.14943	188.67252	27.132269	228.95908	131.62772	400.0	400.0	168299	55.63069	17.154661	116.83864	-182.58371	-55.84887	1.3162084	5798.11146903038
154	206.82365	1.3115062	207.80418	204.96994	191.16046	34.848804	255.98961	112.17405	400.0	400.0	169399	55.53681	17.152447	131.45807	-184.18723	-55.750034	1.3078307	5849.632365226746
155	172.31694	46.80333	238.13266	133.32259	191.00252	28.12069	239.31992	143.67645	400.0	400.0	170499	55.3837	17.14771	623.97974	-194.65608	-55.58972	2.1116855	5899.2915053367615
156	187.20683	9.778851	199.65659	175.7674	187.29607	28.555265	225.04659	121.18718	400.0	400.0	171599	55.19724	17.063904	143.63008	-177.82751	-55.399582	1.3036324	5947.142178297043
157	205.23842	14.808594	220.04701	190.42982	187.44344	24.49503	226.8257	137.76976	400.0	400.0	172699	55.01171	17.097368	144.99442	-180.62222	-55.220497	1.2972205	5991.716592311859
158	156.45512	30.111933	184.21744	114.60911	195.0603	33.563908	263.99622	102.44207	400.0	400.0	173799	54.938496	16.914682	143.98758	-177.73589	-55.149452	1.2771837	6029.812940120697
159	198.76129	31.814598	243.11147	170.02498	179.68968	25.689037	222.80072	119.59287	400.0	400.0	174899	54.82471	16.913523	147.69888	-176.0082	-55.030724	1.2792605	6064.1454882621765
160	118.454185	18.40627	143.63881	100.162125	175.17447	40.587776	236.48125	64.70541	400.0	400.0	175999	54.65411	16.92008	146.15802	-184.60419	-54.85522	1.2085885	6097.8200969696045
161	198.49602	2.1743011	200.67032	196.32172	177.44363	47.307835	254.6385	58.73486	400.0	400.0	177099	54.56847	16.83346	149.59418	-187.98944	-54.773827	1.4309888	6131.973580121994
162	176.70537	19.862494	204.00197	157.31691	160.88058	55.622795	247.70964	16.992132	400.0	400.0	178199	54.397038	16.926695	151.66818	-195.6715	-54.599537	1.2966067	6172.235388755798
163	189.32448	21.20376	219.29512	173.49059	194.6254	56.959652	296.14966	54.98419	400.0	400.0	179299	54.380104	16.792177	156.92401	-172.04361	-54.58719	1.2621725	6215.369679689407
164	200.66148	13.440061	216.49287	183.63655	178.87013	70.57034	258.7595	3.5193677	400.0	400.0	180399	54.30618	16.827955	159.39212	-187.14531	-54.50997	1.3319622	6264.2933938503265
165	116.2222	126.980705	243.2029	-10.758507	160.15408	61.724728	232.91013	15.884796	400.0	400.0	181499	54.226166	17.001516	215.58989	-306.95724	-54.431194	1.8417718	6321.101994514465
166	141.85583	76.69151	215.26761	36.009403	191.8452	57.50785	258.61942	51.895657	400.0	400.0	182599	54.15658	17.000443	171.25136	-191.71144	-54.3605	1.5391934	6376.297865390778
167	117.78777	87.894035	186.96901	-6.2372303	194.25307	34.338043	262.97488	135.11113	400.0	400.0	183699	54.121616	17.061514	177.76749	-177.7711	-54.329998	1.4462298	6425.909948348999
168	175.59212	11.16098	187.5773	160.70471	194.19681	55.816246	252.00728	20.394388	400.0	400.0	184799	54.059475	17.118116	186.38089	-177.29083	-54.27535	1.4116182	6463.87516784668
169	193.60428	69.692314	263.2966	123.911964	190.94536	42.06653	258.36066	110.98642	400.0	400.0	185899	54.05789	17.324242	189.01907	-179.43591	-54.272957	1.4466906	6499.145804405212
170	178.9179	43.797993	219.6375	118.1374	181.59534	42.392044	233.23447	99.95418	400.0	400.0	186999	54.185574	17.218067	195.02263	-179.18805	-54.40499	1.3363099	6532.948400974274
171	218.76546	17.785107	242.81584	200.36458	192.24591	36.752605	258.83392	122.97476	400.0	400.0	188099	54.23124	17.19419	199.45065	-178.16197	-54.454315	1.5847858	6570.789313793182
172	167.41457	49.61518	228.73845	107.22238	205.91975	33.57643	244.49623	118.51543	400.0	400.0	189199	54.329792	17.20677	205.46478	-196.06232	-54.54799	1.3941475	6613.181334495544
173	202.58336	17.149185	219.73254	185.43417	198.67822	32.08499	265.0749	158.30696	400.0	400.0	190299	54.324448	17.235922	314.2467	-183.28503	-54.540108	1.7686694	6655.448957681656
174	188.25789	24.28684	218.57373	159.11826	197.7939	25.575499	238.39986	147.67967	400.0	400.0	191399	54.367355	17.198505	212.42647	-185.05405	-54.583294	1.4414864	6700.131946325302
175	157.53615	42.418644	209.42122	105.51745	201.26016	34.587784	244.10562	117.31967	400.0	400.0	192499	54.35738	17.35295	214.27274	-189.90047	-54.57337	1.3516779	6748.909903049469
176	195.67493	25.284674	227.88678	166.12395	203.93509	31.48611	265.34564	130.797	400.0	400.0	193599	54.45937	17.29931	219.84108	-172.46841	-54.67735	1.3374251	6797.259276866913
177	196.16023	31.137451	227.29768	165.02278	205.10938	46.27208	257.55554	33.842808	400.0	400.0	194699	54.56552	17.141596	224.91443	-178.2905	-54.779537	1.4108194	6849.159615755081
178	187.43684	20.052383	205.012	159.37538	198.69035	31.136854	252.1419	131.8718	400.0	400.0	195799	54.564693	17.231052	230.54106	-183.33897	-54.775944	1.4448489	6906.6575446128845
179	192.42554	11.934877	206.5787	177.3848	193.77443	31.926756	260.8352	141.62875	400.0	400.0	196899	54.5572	17.254293	229.77277	-186.31448	-54.761692	1.4905007	6949.422057628632
180	192.67236	14.156925	207.10422	173.439	209.2596	24.3534	249.31697	157.35803	400.0	400.0	197999	54.58034	17.095453	228.29773	-187.52187	-54.784325	1.3425719	6995.234578371048
181	175.68666	15.292007	190.97867	160.39465	213.01102	35.874664	269.07785	118.641716	400.0	400.0	199099	54.579094	17.137907	231.66571	-179.41365	-54.77827	1.2897538	7040.785161972046
182	205.15181	36.654003	256.76334	175.16739	198.83913	37.655617	272.69876	140.90419	400.0	400.0	200199	54.50244	17.142609	281.72324	-184.92343	-54.70131	1.450261	7082.406478404999
183	151.3827	37.04678	183.69218	99.51006	208.44409	29.019495	254.24564	157.69366	400.0	400.0	201299	54.421864	17.13829	238.69478	-185.40717	-54.622215	1.2423716	7129.629831075668
184	203.39177	37.037296	250.36954	159.8415	177.553	34.21478	252.00935	110.83126	400.0	400.0	202399	54.487923	17.044495	242.48148	-184.29588	-54.688984	1.2374116	7173.562157154083
185	197.02144	37.45099	234.47243	159.57045	193.46982	35.49061	249.79504	136.80536	400.0	400.0	203499	54.483093	17.09276	248.53094	-179.86375	-54.683132	1.3882655	7218.341603040695
186	186.18756	31.282787	212.3921	142.21605	181.22762	52.613007	238.95424	48.536087	400.0	400.0	204599	54.497772	17.036058	250.8212	-185.78963	-54.68685	1.5238286	7271.818586349487
187	190.87675	31.196133	234.94495	167.02771	189.89047	46.393127	263.06223	71.0901	400.0	400.0	205699	54.433826	17.026516	249.53667	-175.22629	-54.61927	1.4881376	7312.347187280655
188	214.02165	8.996782	225.26399	203.24098	191.05661	29.193237	256.50235	135.47653	400.0	400.0	206799	54.469795	16.93344	254.94067	-198.25719	-54.663387	1.4104133	7349.967036247253
189	191.88004	42.0353	233.91534	149.84474	193.80542	29.862663	243.2501	109.01525	400.0	400.0	207899	54.455166	16.893671	254.81519	-175.20244	-54.65377	1.3946208	7387.6094353199005
190	171.60835	10.196661	180.68423	157.36581	199.51413	46.706024	263.3501	80.96737	400.0	400.0	208999	54.46507	16.858656	263.17807	-173.55643	-54.662907	1.4101956	7427.594014883041
191	126.91391	29.100172	165.31607	94.899345	176.78754	37.15475	225.11536	84.59124	400.0	400.0	210099	54.473053	16.768677	270.1098	-176.01297	-54.672997	1.4552927	7473.6982979774475
192	210.76054	9.07013	223.04526	201.42204	201.59462	44.135628	259.60513	94.44002	400.0	400.0	211199	54.487007	16.869026	423.347	-183.21806	-54.6843	2.1387918	7518.223428726196
193	172.39297	42.69821	215.09119	129.69476	186.71585	32.380367	250.3986	121.098595	400.0	400.0	212299	54.49979	16.714678	271.56143	-168.44446	-54.69473	1.4996951	7557.35089635849
194	222.09314	11.952279	233.8688	205.7036	185.79192	47.178043	240.1467	72.60469	400.0	400.0	213399	54.5725	16.678988	277.4993	-181.67114	-54.767338	1.4375674	7600.056317090988
195	219.94188	32.33093	257.51404	178.59071	193.8154	39.58213	244.17145	95.14592	400.0	400.0	214499	54.600063	16.58018	277.38928	-165.38843	-54.79871	1.3811164	7643.204037189484
196	126.46235	30.740885	166.76923	92.20148	178.09009	35.6887	237.8533	100.491554	400.0	400.0	215599	54.65008	16.50603	280.34985	-166.27542	-54.844498	1.3350943	7690.448479652405
197	154.6586	46.232338	200.89093	108.426254	204.23529	32.142067	262.04572	121.998344	400.0	400.0	216699	54.687992	16.546713	278.09116	-202.96442	-54.875896	1.4866389	7740.175546646118
198	183.08119	10.143656	191.69946	168.84056	184.92885	28.582767	221.0452	99.096306	400.0	400.0	217799	54.642418	16.459656	286.5146	-170.56038	-54.833588	1.3873396	7783.521608114243
199	198.34143	7.286161	208.64423	193.04361	193.89069	38.22128	245.35355	60.8581	400.0	400.0	218899	54.63857	16.551939	277.97998	-174.69632	-54.828346	1.7348527	7827.775667190552
200	176.69086	8.909709	189.2334	169.37662	202.03406	37.334454	263.33923	120.63036	400.0	400.0	219999	54.60285	16.61595	278.89017	-166.2108	-54.792786	1.4293996	7876.998501777649
201	161.53564	33.680046	195.21568	127.85559	215.56108	21.47412	246.88266	150.11876	400.0	400.0	221099	54.686916	16.459806	272.4131	-195.09726	-54.879242	1.4157771	7924.3705265522
202	186.7397	10.667703	197.79181	172.32051	189.3619	33.882313	241.86118	111.858696	400.0	400.0	222199	54.716427	16.38095	270.07855	-165.72269	-54.910748	1.5440911	7964.490997552872
203	191.80486	27.789276	230.27693	165.61969	184.38469	41.09337	264.81552	116.80891	400.0	400.0	223299	54.824303	16.384712	272.44998	-172.17227	-55.013187	1.3650544	8007.197025060654
204	161.9648	55.52705	214.52963	85.15929	202.65718	30.997854	248.52036	123.343575	400.0	400.0	224399	54.82621	16.432579	263.98267	-173.26637	-55.012157	1.5683854	8058.841019392014
205	204.73288	34.13601	238.86888	170.59686	195.21466	28.728014	245.74219	127.96129	400.0	400.0	225499	54.843327	16.470057	269.35492	-165.55301	-55.03379	1.6631284	8111.414116382599
206	189.9333	15.244648	210.47081	173.985	202.29065	26.31496	270.8985	151.23009	400.0	400.0	226599	54.88956	16.460794	264.77478	-169.8242	-55.076164	1.4027511	8162.058450460434
207	193.54353	52.20168	235.84006	119.99511	201.01297	34.718136	273.86	126.16221	400.0	400.0	227699	54.91199	16.489662	272.7722	-167.99646	-55.102272	1.486367	8210.42635679245
208	170.80566	24.962723	203.43338	142.81789	210.31967	37.19567	268.3616	144.71722	400.0	400.0	228799	54.958702	16.46251	258.99353	-168.14192	-55.15011	1.453973	8260.584530591965
209	224.26643	37.571457	261.8379	186.69498	198.78143	37.531803	252.80754	127.41802	400.0	400.0	229899	55.035103	16.269436	263.2577	-170.44489	-55.22912	1.5185678	8301.27345085144
210	145.03142	37.698696	186.57782	95.32364	209.35818	31.491259	264.69437	138.86333	400.0	400.0	230999	55.07477	16.167171	251.71162	-177.63771	-55.269665	1.4859161	8337.146290779114
211	181.0846	5.666258	189.00058	176.0484	203.32623	35.241444	295.85504	158.02179	400.0	400.0	232099	55.103043	16.147259	254.78528	-168.97281	-55.300186	1.4283944	8369.907495498657
212	184.55243	31.502584	228.81703	158.0494	203.30008	23.566002	238.67815	159.70105	400.0	400.0	233199	55.15554	16.064734	254.83087	-172.06223	-55.35458	1.4230188	8403.408613204956
213	214.51797	12.666588	227.18457	201.8514	213.06723	35.92515	292.76785	139.2379	400.0	400.0	234299	55.274597	15.966018	250.4024	-167.56154	-55.469803	1.395149	8436.140434741974
214	207.13757	31.86225	249.37047	172.4163	206.61514	28.688723	272.9595	159.7381	400.0	400.0	235399	55.291565	15.971204	249.31349	-157.60832	-55.483746	1.5010831	8468.519119501114
215	197.63521	9.880954	210.83147	187.05664	201.61311	28.09661	279.91803	163.72435	400.0	400.0	236499	55.384346	15.856495	240.54332	-158.24232	-55.574818	1.3664994	8500.339467048645
216	194.43166	43.286194	238.11526	135.45027	207.93716	28.139648	249.54813	158.25092	400.0	400.0	237599	55.483204	15.67238	230.88342	-164.62343	-55.674957	1.5371335	8533.214421272278
217	206.18906	13.252869	219.44193	192.93619	200.41705	27.45638	254.33919	133.82509	400.0	400.0	238699	55.535633	15.653963	229.67932	-163.66154	-55.725353	1.434236	8566.022010564804
218	179.76176	34.66567	224.0542	139.4167	188.54106	23.635645	231.32135	146.77953	400.0	400.0	239799	55.548805	15.600495	218.42787	-168.00534	-55.73824	1.3645574	8599.767049312592
219	225.0547	13.912044	244.71815	214.64908	202.83829	38.284115	256.54745	99.09591	400.0	400.0	240899	55.552322	15.550843	219.648	-173.5367	-55.738728	1.3702868	8636.17269206047
220	211.82837	42.401413	243.78036	151.90785	180.82959	26.629894	225.45375	132.34923	400.0	400.0	241999	55.56097	15.555784	209.1355	-171.67032	-55.748486	1.3647783	8668.288792133331
221	185.29578	3.8908005	189.18658	181.40498	196.20126	38.656254	244.86472	106.92027	400.0	400.0	243099	55.58811	15.502696	475.15002	-169.26953	-55.77295	1.885523	8702.689112186432
222	184.96638	21.28891	215.05112	168.91974	204.5911	28.936232	248.25566	108.79481	400.0	400.0	244199	55.657238	15.3726425	199.85457	-220.28146	-55.846096	1.5839972	8739.095237255096
223	231.9182	7.7221255	240.60669	221.84425	202.54846	37.590847	271.136	139.3865	400.0	400.0	245299	55.765926	15.493887	194.43585	-169.61589	-55.960175	1.3050944	8782.685288190842
224	203.92432	6.643731	213.2846	198.53899	200.58475	35.87935	292.85977	128.64832	400.0	400.0	246399	55.87303	15.474754	192.01698	-208.40385	-56.069458	1.4976939	8826.710285902023
225	148.11937	13.313522	161.43289	134.80585	183.51186	50.5091	254.59169	39.909786	400.0	400.0	247499	55.94111	15.480467	185.56387	-174.57318	-56.131004	1.3924192	8869.186661481857
226	137.50838	10.138328	146.92833	123.43747	205.66956	32.566505	294.44122	159.83382	400.0	400.0	248599	55.983086	15.495914	185.48195	-176.68675	-56.173985	1.3971295	8914.40636920929
227	189.1862	8.671015	199.57352	178.3483	176.75816	45.20789	234.24675	94.94735	400.0	400.0	249699	56.01683	15.532496	173.69392	-187.0694	-56.206337	1.8300794	8961.651260614395
228	226.01201	0.6642707	226.83313	225.20622	194.18198	35.512726	277.31506	135.05577	400.0	400.0	250799	56.144665	15.387874	163.66176	-179.56332	-56.330112	1.6755229	9014.146065711975
229	214.03638	4.0870743	218.12346	209.94931	199.67833	35.952065	256.60022	131.5087	400.0	400.0	251899	56.17841	15.292578	151.16992	-193.54382	-56.366905	1.6480559	9060.58722281456
230	201.82082	14.664718	217.80634	182.38567	194.34615	27.850992	253.0365	133.40997	400.0	400.0	252999	56.267967	15.190787	144.8228	-164.77766	-56.458664	1.4130362	9097.877608776093
231	174.30135	16.656525	196.35794	156.11137	199.60895	26.32979	266.23114	157.84897	400.0	400.0	254099	56.299084	15.204873	133.52875	-164.24043	-56.496468	1.4633609	9139.901315927505
232	220.7561	20.128557	245.18663	195.88777	187.42497	31.500875	246.67938	125.18473	400.0	400.0	255199	56.39764	15.168272	129.72891	-165.02763	-56.587013	1.5132475	9189.79685664177
233	189.81952	23.315926	213.13545	166.5036	209.78203	29.415577	247.84865	139.1544	400.0	400.0	256299	56.43203	15.227102	126.97329	-158.76259	-56.620518	1.5184608	9236.633112430573
234	178.48982	20.921364	198.95917	149.75354	205.43767	32.048206	252.69801	142.33508	400.0	400.0	257399	56.443382	15.143057	126.24233	-162.26016	-56.62815	1.4255544	9281.236015558243
235	177.54063	6.740683	186.55434	170.34677	195.80849	24.812523	241.63887	151.14487	400.0	400.0	258499	56.415096	15.251968	258.7339	-147.16284	-56.599377	1.5190796	9333.537510633469
236	171.3802	27.314737	204.41855	137.52629	205.30705	30.497452	264.19635	144.00131	400.0	400.0	259599	56.490734	15.091622	115.44939	-149.37138	-56.680347	1.3791616	9388.534106731415
237	170.3983	7.985672	178.38397	162.41263	203.36038	27.25763	250.86943	146.97781	400.0	400.0	260699	56.521603	15.108104	118.523895	-142.39484	-56.707264	1.3614329	9448.766583442688
238	164.5963	36.833267	215.03261	128.10127	183.43527	31.587263	242.97842	118.717064	400.0	400.0	261799	56.54858	15.028393	116.489265	-183.65813	-56.731236	1.367881	9509.085747241974
239	198.46594	38.48315	235.27351	145.34428	210.9235	24.307854	256.11395	171.47488	400.0	400.0	262899	56.544434	15.050444	116.33392	-131.67796	-56.723953	1.3634784	9559.329661369324
240	172.70583	13.326162	190.17754	157.8516	202.09134	33.82863	250.96873	117.70772	400.0	400.0	263999	56.534737	14.976176	109.87571	-131.4697	-56.71353	1.2899116	9607.17807674408
241	176.12563	0.5590973	176.68472	175.56653	188.44948	33.373257	251.71968	115.318474	400.0	400.0	265099	56.490433	14.837219	146.70215	-144.60406	-56.669678	1.3551509	9653.089615345001
242	194.70308	14.148037	214.60239	182.94688	186.29323	27.455137	247.00014	118.75511	400.0	400.0	266199	56.527916	14.759949	110.42598	-135.00006	-56.702606	1.3398752	9703.639163732529
243	180.66231	24.549337	211.64513	151.60426	195.04797	33.071342	270.40192	131.79921	400.0	400.0	267299	56.5105	14.641942	118.93478	-137.08766	-56.68165	1.3851687	9746.935077905655
244	189.4292	15.179018	210.26839	174.54865	191.5655	27.983082	233.80904	140.35112	400.0	400.0	268399	56.407696	14.662787	115.80115	-131.14372	-56.57829	1.2861459	9792.016349554062
245	171.98056	1.3261032	173.30666	170.65445	171.78973	44.438576	236.05531	73.430885	400.0	400.0	269499	56.352665	14.5896845	119.39798	-139.89508	-56.52225	1.3767713	9841.450316429138
246	166.22346	28.333569	202.29869	133.0822	195.8961	29.064821	251.11534	149.2528	400.0	400.0	270599	56.30309	14.481926	121.70256	-140.6581	-56.470196	1.3420191	9909.474401712418
247	197.32246	3.0484195	200.89375	193.44548	198.08305	25.211428	260.0986	153.05238	400.0	400.0	271699	56.23917	14.422733	120.599335	-135.40515	-56.401054	1.2041777	9973.552145957947
248	179.17255	42.6286	210.1088	118.89363	187.14473	20.091082	231.589	148.70857	400.0	400.0	272799	56.223625	14.358327	129.8019	-425.13422	-56.379154	1.8368747	10021.774477243423
249	210.59842	0.6424484	211.24088	209.95598	206.74606	27.6951	245.92947	155.24611	400.0	400.0	273899	56.173584	14.301963	123.13757	-131.9425	-56.333958	1.4205921	10079.370747804642
250	191.87312	25.081112	217.31433	157.74803	188.16772	31.872812	236.52261	90.68113	400.0	400.0	274999	56.106503	14.305064	125.78348	-137.49744	-56.266426	1.270007	10141.562724113464
