Epoch	AverageEpRet	StdEpRet	MaxEpRet	MinEpRet	AverageTestEpRet	StdTestEpRet	MaxTestEpRet	MinTestEpRet	EpLen	TestEpLen	TotalEnvInteracts	AverageQVals	StdQVals	MaxQVals	MinQVals	LossPi	LossQ	Time
1	-34.23549	38.668945	4.433459	-72.904434	-137.20627	78.835945	-30.26914	-272.3897	400.0	250.35	1099	0.006491125	0.40123186	1.5732156	-12.515426	-0.089014076	0.053923506	10.73055624961853
2	-125.6486	30.647005	-87.84327	-162.90681	-152.57993	71.44659	-57.410057	-286.63147	400.0	257.9	2199	-0.14660674	1.1406587	20.25844	-14.900251	0.0565216	0.014879605	79.88714075088501
3	-48.63347	36.444588	0.9708131	-85.55474	-121.47003	68.86026	-9.189702	-252.76619	400.0	282.3	3299	-0.72214293	2.2840517	5.0804176	-22.464077	0.5940046	0.013347081	151.32131481170654
4	-18.836718	66.71339	60.47713	-102.74293	-138.51622	97.442924	4.539689	-301.4802	400.0	280.7	4399	-0.70290494	3.3572073	12.376988	-29.861553	0.54862773	0.039390936	223.90166997909546
5	-47.21349	11.62056	-35.59293	-58.83405	-113.718895	111.84337	165.73851	-300.9454	400.0	312.8	5499	-0.30330124	4.1730056	14.300896	-29.05586	0.14750417	0.04089144	300.03720211982727
6	-99.80701	19.089787	-78.72369	-124.95175	-113.38457	97.61398	101.14208	-276.4795	400.0	294.7	6599	-0.28245553	4.8745203	12.934322	-39.412987	0.13052554	0.076582104	370.4259285926819
7	9.378779	69.60406	99.68982	-69.68876	-88.161476	102.64279	172.54529	-314.42014	400.0	285.4	7699	-0.021637699	5.3745675	11.5012045	-42.44334	-0.16797757	0.09544402	443.4173758029938
8	-61.603657	84.07807	52.66196	-147.21822	-106.06047	81.07106	52.248425	-264.8916	400.0	327.75	8799	0.5363066	5.8479266	12.770563	-43.393394	-0.75922763	0.09473565	516.5986607074738
9	-119.84622	32.257122	-87.5891	-152.10335	-134.7927	95.05351	40.58	-299.39218	400.0	357.4	9899	1.0064923	6.185894	31.839947	-82.24086	-1.2564864	0.20543887	594.7108180522919
10	-41.31388	27.258541	-18.373861	-79.614075	20.694422	150.16888	270.0766	-274.37442	400.0	301.85	10999	1.5955951	6.243215	29.795212	-66.36172	-1.843985	0.19379354	670.993082523346
11	-86.62969	33.13039	-39.989624	-113.81782	-68.55617	150.35135	254.4276	-295.92563	400.0	371.1	12099	2.1336832	6.211048	21.414293	-74.967285	-2.4107225	0.1807003	753.6640837192535
12	-101.25189	16.851274	-80.54284	-121.81913	25.892635	170.29279	277.29102	-259.96356	400.0	357.6	13199	2.6065068	6.2411184	26.127527	-60.10533	-2.8754177	0.2521638	828.2066481113434
13	-81.44577	2.5073662	-78.9384	-83.95313	12.828995	186.9886	266.86896	-230.90674	400.0	342.7	14299	3.0432842	6.1455364	17.982727	-46.11695	-3.2937157	0.18590678	904.9266726970673
14	-58.12755	19.34233	-34.322792	-81.69992	64.796005	136.88931	232.84424	-269.0452	400.0	343.75	15399	3.3812163	6.0775313	84.67954	-86.35817	-3.6288886	0.29031813	978.2883679866791
15	-54.32774	211.51775	223.22183	-289.71677	-49.69889	174.59814	239.26671	-331.48962	307.33334	318.8	16499	3.1783404	7.7028003	19.82665	-79.979095	-3.428504	0.2571662	1054.0676710605621
16	47.663055	114.69834	204.80891	-82.94964	24.70921	174.77174	264.17776	-244.13129	280.6	316.85	17599	3.8295982	8.07894	51.47009	-141.28462	-4.1363854	0.6284527	1131.5915806293488
17	-64.991066	175.6646	168.00087	-256.1405	108.40967	137.20798	249.38408	-167.12886	310.33334	322.8	18699	4.493252	8.645291	19.13054	-80.39324	-4.79068	0.38577715	1202.8962171077728
18	169.80916	7.7354736	178.20126	159.53563	75.27767	131.81976	258.4684	-96.60534	400.0	287.75	19799	5.6194944	9.437068	22.418222	-88.89518	-5.929503	0.3479181	1275.163036108017
19	177.77034	67.57608	257.57574	92.33619	97.95729	143.60979	238.96216	-255.9225	400.0	312.45	20899	7.19323	9.94029	24.965986	-73.51142	-7.5296273	0.29584104	1348.2142586708069
20	-90.27003	18.599049	-70.295044	-115.077675	49.294758	162.81711	215.12706	-322.91483	302.66666	340.55	21999	8.350988	10.619466	27.421473	-76.8594	-8.674308	0.35118964	1423.1438508033752
21	172.48021	24.552912	206.05396	148.02061	77.466354	149.22078	264.26218	-174.5558	400.0	340.55	23099	9.751756	11.437235	32.981606	-68.32719	-10.10752	0.3544713	1497.1505477428436
22	228.96716	15.575903	250.70367	215.00761	86.48591	151.93912	265.32944	-301.31326	400.0	369.65	24199	11.564486	11.758574	36.764538	-93.76004	-11.940996	0.31654844	1570.4336471557617
23	82.86554	182.89557	265.7611	-100.03004	72.02931	163.1177	279.3625	-252.80965	400.0	305.55	25299	13.399636	12.028997	34.14174	-60.386322	-13.773109	0.26783353	1648.0905776023865
24	119.18213	149.32407	255.80057	-132.88	57.199596	171.30815	239.00919	-230.96002	338.75	349.5	26399	15.09112	12.495115	44.326225	-71.23427	-15.451976	0.35683754	1722.856721162796
25	123.13969	168.4492	269.40494	-112.83505	130.74014	140.34048	287.34808	-129.58815	306.33334	345.45	27499	16.486015	13.460072	37.492393	-67.78794	-16.845737	0.39443094	1801.2499463558197
26	121.19857	114.19921	233.2775	-66.460915	167.86978	101.64859	273.84277	-64.97091	321.75	354.45	28599	18.312996	13.92019	97.640144	-93.77539	-18.680857	0.5530407	1875.2024426460266
27	249.58945	17.5271	267.11655	232.06235	171.01184	90.2705	280.28198	-63.63631	400.0	368.65	29699	20.135416	14.393031	41.355713	-64.72761	-20.487867	0.38845748	1950.8244366645813
28	176.95808	53.02508	237.3085	108.23603	149.40172	106.52605	259.89374	-78.79143	400.0	355.55	30799	21.955158	14.815392	55.664932	-96.63278	-22.30734	0.47636953	2027.5625748634338
29	75.825554	148.59985	247.12804	-81.74125	173.02562	92.152565	255.56343	-75.13324	247.5	368.95	31899	23.676395	15.180622	75.940704	-108.937256	-24.034386	0.5931529	2105.9406735897064
30	15.303449	135.3866	196.38191	-138.32962	127.485535	125.67717	270.49832	-73.191376	228.8	323.2	32999	24.897398	16.23987	46.401733	-75.83691	-25.260178	0.6499471	2182.7702939510345
31	224.34015	33.575363	255.2706	177.67496	160.27365	114.39922	271.7071	-127.22246	400.0	400.0	34099	26.601645	16.560263	127.28351	-129.12509	-26.966167	0.9437963	2256.377574443817
32	79.19861	170.09955	261.9562	-124.73306	173.23405	111.39515	284.9839	-107.01319	264.0	355.75	35199	28.172081	16.8126	49.312645	-66.46489	-28.533413	0.59625	2333.6437594890594
33	195.01149	50.842056	246.17375	125.67891	149.49985	100.34667	266.87283	-99.4792	400.0	370.4	36299	29.766903	17.024063	50.692726	-52.52296	-30.116037	0.67578965	2406.732255458832
34	102.816986	148.62343	219.47055	-106.927574	188.02078	58.363873	282.2154	71.78625	305.33334	400.0	37399	31.371567	17.248495	52.046547	-64.94632	-31.721054	0.7075119	2480.184118270874
35	242.65564	30.246614	275.63565	202.57483	149.40366	99.35209	264.42682	-66.60388	400.0	385.45	38499	32.825985	17.541185	60.424263	-62.199314	-33.16431	0.6749888	2558.0147626399994
36	100.274536	152.50755	250.33752	-108.91603	121.00433	147.97711	263.33316	-306.91827	400.0	352.8	39599	34.218117	17.645166	54.933216	-81.16365	-34.553303	0.7492978	2631.1420238018036
37	222.66899	26.170135	256.2878	192.4564	160.54167	112.429306	279.13837	-96.00211	400.0	373.55	40699	35.46964	17.775553	55.98977	-51.382706	-35.80056	0.55863327	2710.8601064682007
38	209.46439	0.6418915	210.10628	208.8225	152.83823	119.88205	270.23563	-174.44635	400.0	371.0	41799	36.91665	17.860422	83.84812	-81.93841	-37.260555	0.70260996	2786.5538873672485
39	122.58291	26.156504	146.40132	86.16337	167.35504	148.70758	289.3997	-319.8717	400.0	396.6	42899	38.20457	17.838278	94.38838	-79.04732	-38.54737	0.61647767	2866.0955398082733
40	57.813232	286.96783	262.88434	-348.01294	164.29245	96.76706	273.14526	-64.84966	400.0	384.75	43999	39.40281	17.84853	59.456318	-49.81174	-39.755554	0.6056678	2938.262006044388
41	159.99394	85.24195	242.97008	42.772747	108.9626	143.60728	250.47275	-177.11879	400.0	345.6	45099	40.31934	18.113033	60.409077	-52.481956	-40.669693	0.6434369	3013.763304233551
42	170.37485	48.67388	219.04874	121.70097	190.1465	100.54757	274.4242	-77.31575	400.0	385.55	46199	41.604115	18.01882	61.243366	-58.42706	-41.9549	0.5578267	3086.2430140972137
43	230.57417	13.449909	242.67065	211.81349	191.53378	76.989044	265.0945	-82.25314	400.0	386.05	47299	42.874004	17.951788	69.32974	-71.231224	-43.224213	0.65065366	3163.850998878479
44	139.96317	99.371605	231.12794	1.7588947	170.65038	110.052086	275.0048	-232.83788	400.0	394.55	48399	43.86058	17.90551	63.100143	-52.14047	-44.202538	0.56277674	3242.0864531993866
45	62.630756	109.68802	198.02992	-70.624084	173.40031	75.776855	264.42975	-91.002464	309.66666	386.1	49499	44.89976	17.832645	70.533806	-74.48991	-45.23973	0.6571808	3316.4644887447357
46	127.44301	125.722916	239.20966	-74.87159	122.59857	144.62843	262.6903	-234.51015	322.25	358.15	50599	45.821842	17.78272	65.23664	-71.428795	-46.15396	0.55137694	3395.698225736618
47	169.89023	83.50877	286.09555	93.54435	100.46936	140.80817	262.6305	-242.21352	400.0	339.6	51699	46.65637	17.844568	65.888054	-52.99959	-46.979465	0.5889021	3471.9300377368927
48	98.10157	77.6554	175.75697	20.446173	149.62558	125.38172	267.3032	-159.986	400.0	368.1	52799	47.361736	17.933779	66.91665	-51.472984	-47.67131	0.64954233	3546.76570725441
49	222.95033	40.527195	258.58722	166.25787	178.33688	76.663086	279.31085	-50.754215	400.0	384.85	53899	48.16812	17.985832	67.97734	-47.050377	-48.47254	0.63046986	3624.6302449703217
50	200.9571	45.50541	257.47897	146.049	199.06711	57.307934	265.6852	65.204666	400.0	400.0	54999	48.876038	18.101395	68.89844	-58.40415	-49.172928	0.59393656	3699.9435470104218
51	223.66087	11.781511	239.12071	210.55034	180.26888	86.51165	266.9803	-47.598373	400.0	384.25	56099	49.605843	18.11768	77.597404	-90.75355	-49.89498	0.71992695	3772.1446285247803
52	231.27875	27.096153	258.3749	204.1826	189.43336	62.398453	247.7617	-14.0415745	400.0	400.0	57199	50.31786	18.245169	70.462944	-55.476864	-50.601654	0.6064917	3850.489114046097
53	198.48845	14.732155	218.98875	185.01997	195.19785	57.32269	286.0556	28.644432	400.0	400.0	58299	51.007877	18.301191	70.90706	-48.954346	-51.28138	0.627772	3926.2898576259613
54	222.85645	21.25377	245.07242	194.21501	168.29665	78.72592	257.89377	-66.68568	400.0	400.0	59399	51.5805	18.418884	90.52126	-63.595722	-51.862522	0.6827943	3998.0167927742004
55	152.53479	76.07837	251.33513	66.24629	162.38246	101.02619	284.15073	-104.864105	400.0	400.0	60499	52.0824	18.458828	72.57137	-68.5408	-52.362064	0.6677908	4076.3582384586334
56	120.265045	49.96652	170.23157	70.29853	200.79967	64.772446	263.92783	7.8508544	400.0	400.0	61599	52.60688	18.527622	73.21843	-46.037388	-52.883778	0.6191252	4152.4696435928345
57	180.69908	102.73093	261.45792	35.730106	157.34169	87.82724	251.14156	-60.224987	400.0	370.65	62699	52.98173	18.630508	133.04565	-65.20285	-53.26077	0.71881	4227.050349712372
58	197.12445	24.654991	218.31848	162.5501	139.04935	113.770226	258.7825	-221.67729	400.0	381.4	63799	53.61355	18.60706	74.21629	-54.600784	-53.894928	0.5009078	4310.5997524261475
59	107.21475	136.26628	211.90714	-85.24702	137.89178	97.49641	256.74918	-46.641647	301.66666	368.55	64899	54.10271	18.654926	74.48098	-59.094143	-54.386753	0.57261765	4390.037185668945
60	148.99402	38.156673	184.39653	96.02388	117.45522	104.594604	241.87009	-87.7425	400.0	370.6	65999	54.5614	18.741909	86.67396	-112.55183	-54.84441	0.7042116	4466.911932706833
61	112.96556	116.27963	260.2439	-58.980076	176.98167	77.28036	286.68848	8.737748	326.5	400.0	67099	55.08306	18.718441	206.02812	-148.78592	-55.360973	1.0208756	4543.5913944244385
62	81.241196	89.50802	174.08038	-39.698135	146.71677	108.66717	266.75046	-128.54898	294.0	359.9	68199	55.426895	18.821789	75.79315	-59.797916	-55.703884	0.5681381	4620.841040611267
63	188.23395	29.399275	222.82964	150.96538	135.54594	106.22143	259.21848	-94.36964	400.0	355.95	69299	55.84611	18.849867	76.50618	-75.83302	-56.120773	0.5798596	4696.188516378403
64	161.25078	73.206505	237.5725	62.509098	187.2089	88.325	270.74713	-77.95488	400.0	386.35	70399	56.21398	18.895311	77.15685	-41.929592	-56.486076	0.5798511	4776.959159851074
65	217.17836	12.305634	229.484	204.87273	169.87093	89.40884	279.07568	-103.46727	400.0	400.0	71499	56.61494	18.825335	77.7771	-48.218727	-56.886646	0.6168845	4851.660272598267
66	187.03279	44.67382	234.2078	127.051414	191.82619	79.47191	285.55884	-14.009249	400.0	400.0	72599	57.01844	18.799969	78.61441	-67.94018	-57.28702	0.66896206	4924.815027952194
67	237.33344	18.731985	257.39676	212.32085	194.04536	75.30174	280.03024	-67.79004	400.0	384.05	73699	57.44851	18.774395	82.116714	-57.681053	-57.718197	0.5545451	5003.10800743103
68	224.25989	23.599228	256.44662	200.5248	203.68233	75.286224	277.2568	-60.320873	400.0	383.9	74799	57.858685	18.69929	87.62671	-56.04228	-58.12493	0.7694962	5078.930662155151
69	194.09784	27.159279	221.25711	166.93855	139.38835	125.327324	284.11353	-141.25005	400.0	368.4	75899	58.310474	18.5792	80.73188	-41.877388	-58.58252	0.58178276	5153.8990268707275
70	216.45558	58.090603	265.7192	134.88875	182.78291	81.65206	282.8063	-57.983475	400.0	384.1	76999	58.741314	18.463146	81.26449	-52.940445	-59.010757	0.6222242	5227.861901521683
71	167.51086	88.44681	233.48235	42.492092	155.09413	107.02717	276.83786	-50.97567	400.0	369.5	78099	59.08568	18.432926	81.648834	-68.973305	-59.346176	0.62914586	5302.937952280045
72	210.79366	28.29165	246.27266	177.03677	168.34369	80.27102	269.51178	-76.17362	400.0	384.05	79199	59.326267	18.450897	82.16641	-76.464096	-59.584774	0.71881413	5377.765265703201
73	196.74062	39.66098	236.4016	157.07964	184.93144	56.58281	260.94492	71.75571	400.0	400.0	80299	59.671864	18.470213	82.55739	-35.95097	-59.927555	0.5445326	5457.504563331604
74	201.8161	35.38874	250.70535	168.1019	185.2348	87.121155	280.0694	-141.91888	400.0	392.6	81399	59.978077	18.46177	82.83522	-42.35622	-60.23247	0.53878504	5534.100864887238
75	235.54753	15.536737	257.38153	222.49924	183.8785	87.11657	266.83328	-59.631794	400.0	384.4	82499	60.289223	18.424004	83.21644	-38.88413	-60.545918	0.6651515	5611.13472533226
76	203.77435	17.414572	218.4834	179.31328	181.69225	72.32859	268.51105	-58.241962	400.0	384.5	83599	60.61412	18.3765	83.43146	-42.390163	-60.869644	0.5447997	5685.748476982117
77	265.312	12.733841	278.04587	252.57819	114.00647	150.5133	260.38364	-289.26553	400.0	383.8	84699	60.96959	18.366554	90.099915	-63.53309	-61.223194	0.6689788	5760.141622304916
78	205.63676	44.331375	264.72403	157.94298	156.3561	120.97106	292.61978	-82.47834	400.0	371.4	85799	61.353905	18.339972	84.1942	-86.14673	-61.61223	0.61197025	5836.4513030052185
79	220.25867	6.7208004	226.63506	210.96637	126.29686	170.66432	272.3558	-380.8632	400.0	400.0	86899	61.71741	18.325552	84.05898	-52.698635	-61.978027	0.57172906	5915.523606061935
80	235.77528	30.709501	266.85742	193.96568	127.64722	132.42067	263.6605	-180.21292	400.0	337.8	87999	62.112495	18.212376	83.94004	-68.6414	-62.364212	0.62942725	5996.969660997391
81	222.09389	6.3936157	228.4875	215.70027	186.56342	53.550243	277.1939	72.42019	400.0	400.0	89099	62.374138	18.1547	104.49859	-36.2133	-62.628353	0.5350221	6069.282779932022
82	174.19617	72.65971	270.15024	94.37948	206.1813	73.45582	269.93692	-60.478756	400.0	383.65	90199	62.653004	18.120625	108.54611	-70.93405	-62.901306	0.6719981	6146.716597795486
83	210.85193	55.094696	254.91179	133.16965	197.90536	69.914536	269.2977	-22.070894	400.0	400.0	91299	62.93064	18.117126	84.03154	-34.175488	-63.181103	0.52719647	6223.301899671555
84	131.48544	143.80312	260.59085	-69.14755	198.64723	47.923786	278.55325	104.24432	294.0	400.0	92399	63.22249	18.105867	91.872154	-78.4264	-63.468018	0.6777142	6303.9093105793
85	190.1601	14.082381	208.59494	174.41676	174.66922	70.14143	246.72508	-78.71697	400.0	384.3	93499	63.398937	18.15601	153.96007	-103.23189	-63.635468	0.77709544	6379.72784113884
86	221.10765	31.887749	264.8081	189.61661	187.45798	97.834564	279.2904	-112.918884	400.0	386.75	94599	63.623318	18.10416	83.92168	-30.118065	-63.86372	0.4536069	6459.72244143486
87	177.69075	78.7966	256.42148	70.028534	126.356766	104.89981	251.84467	-106.683426	400.0	355.6	95699	63.82758	18.052807	130.87029	-68.55071	-64.060585	0.7065141	6536.322575807571
88	162.53752	16.984802	179.52232	145.55272	201.43117	67.39789	257.67987	-40.99603	400.0	400.0	96799	63.921642	18.011679	86.54666	-64.755905	-64.15167	0.57204944	6608.21691608429
89	202.64752	51.02721	269.99078	146.51863	191.02016	74.019005	268.36905	-65.62141	400.0	384.75	97899	64.09308	17.966972	84.38512	-47.128727	-64.31738	0.55025536	6680.590497970581
90	220.80885	27.162691	259.21094	200.78429	164.53525	115.56821	271.4798	-73.659004	400.0	353.0	98999	64.19422	17.961805	84.555534	-49.25376	-64.415695	0.55331385	6757.430865049362
91	193.26562	33.393497	235.13123	153.40819	197.42203	65.28121	260.1261	-19.538134	400.0	400.0	100099	64.2858	17.920334	97.08207	-54.04637	-64.50713	0.680203	6833.860732793808
92	263.43442	3.3767395	266.81116	260.05768	193.84274	85.164055	270.98938	-57.310616	400.0	385.2	101199	64.461624	17.816383	91.83266	-97.57437	-64.67969	0.6812219	6908.706527471542
93	232.47198	23.931913	262.94992	204.48836	202.29288	56.746273	260.1905	56.80985	400.0	400.0	102299	64.5446	17.782625	84.732376	-36.006157	-64.76691	0.4969752	6979.9302315711975
94	187.45436	47.897266	241.5629	125.10956	204.4049	37.69413	275.28445	121.69931	400.0	400.0	103399	64.69606	17.723717	84.944305	-56.651608	-64.91207	0.5772142	7056.040584802628
95	188.29602	79.45214	246.55504	75.95966	228.6211	34.5342	270.14935	142.85364	400.0	400.0	104499	64.74007	17.707363	103.817276	-97.854546	-64.95718	0.59682107	7131.910842895508
96	247.6511	40.17743	287.82852	207.47366	143.76828	156.71295	268.74316	-369.26123	400.0	377.35	105599	64.84034	17.598783	85.19159	-46.92907	-65.05685	0.54241097	7208.001577138901
97	240.05775	19.419462	256.81616	212.83604	185.09671	97.31945	275.6338	-120.83426	400.0	400.0	106699	65.01266	17.458166	84.922935	-37.692513	-65.22966	0.5511135	7284.017568349838
98	228.13133	14.1465845	241.08167	208.4499	217.64375	43.59531	273.20502	97.15503	400.0	400.0	107799	65.12969	17.276443	88.24251	-57.24935	-65.33955	0.62812686	7360.655180931091
99	132.3678	74.53457	211.56529	32.52853	136.8051	172.18	230.1431	-349.43256	400.0	390.5	108899	65.16238	17.241234	84.667534	-92.37024	-65.375565	0.6020641	7435.84178853035
100	134.6348	144.63004	252.26651	-69.09087	187.64043	136.46118	268.9767	-381.23035	298.33334	400.0	109999	65.18242	17.23594	116.08694	-72.341286	-65.393555	0.64122397	7513.1932718753815
101	35.23131	201.38506	187.61145	-249.33133	190.45953	90.43656	280.9207	-51.48644	351.0	369.65	111099	65.1971	17.263672	84.2563	-64.66706	-65.40383	0.56662863	7588.860203504562
102	192.09358	11.358939	204.50742	177.05713	214.74228	40.733593	272.92816	104.02856	400.0	400.0	112199	65.10528	17.442112	84.1007	-52.342495	-65.31274	0.44340444	7665.869878292084
103	177.48315	15.943526	198.91058	160.69138	209.96826	60.406868	268.31876	-3.8690648	400.0	400.0	113299	65.097435	17.452978	83.89165	-63.51618	-65.30078	0.5667225	7743.288028717041
104	186.68042	31.194588	221.54977	145.84169	208.0972	65.972466	278.56088	-42.231518	400.0	383.95	114399	65.15249	17.435555	83.853004	-92.952415	-65.355804	0.56109244	7818.941574335098
105	232.68039	27.376617	260.057	205.30377	197.6022	88.197426	259.00662	-63.30785	400.0	369.2	115499	65.16829	17.445127	83.48303	-69.7945	-65.3705	0.52089566	7894.460844993591
106	203.6746	74.18833	258.643	98.79714	200.08162	52.834877	244.40909	18.192343	400.0	400.0	116599	65.23877	17.420399	108.6702	-78.936615	-65.43626	0.5800633	7975.895747184753
107	209.49767	48.6917	258.633	143.14948	196.62973	76.86719	267.7845	-43.21538	400.0	384.15	117699	65.24561	17.462507	82.97232	-36.25131	-65.4509	0.42659667	8046.050712823868
108	250.1906	1.7935814	252.3195	247.9319	205.81184	38.094917	281.36493	113.115456	400.0	400.0	118799	65.35964	17.409306	84.572426	-57.722366	-65.562614	0.6573861	8122.34370970726
109	208.60585	12.678238	221.28409	195.92761	194.13803	54.19044	272.67474	64.47775	400.0	400.0	119899	65.464485	17.345556	82.52236	-35.019176	-65.664276	0.4192233	8199.996953725815
110	232.15729	33.875153	264.9034	185.50127	180.26712	82.29751	273.42194	-48.59495	400.0	384.5	120999	65.487045	17.430405	104.08076	-58.597637	-65.68362	0.7076362	8278.313766002655
111	214.08253	38.70542	264.3426	170.1746	157.04791	99.26862	262.38724	-88.840866	400.0	371.05	122099	65.57608	17.446575	82.35741	-77.55684	-65.771545	0.54783803	8356.986418008804
112	243.68706	27.981613	278.62436	210.12509	206.3449	60.294163	282.9653	49.99333	400.0	400.0	123199	65.67013	17.421568	82.17891	-40.198086	-65.86359	0.46914396	8436.385556459427
113	201.84088	53.23413	255.07501	148.60675	192.1953	53.615612	278.9955	68.96548	400.0	400.0	124299	65.71602	17.509865	110.99568	-90.02278	-65.907394	0.7359358	8514.187626600266
114	184.90846	21.25066	203.6541	155.19267	166.62003	113.00587	282.73407	-53.81282	400.0	336.45	125399	65.72959	17.563095	82.420654	-52.477	-65.925354	0.59422165	8584.101405620575
115	191.79828	54.290703	256.38223	123.54931	204.5639	68.76712	272.32477	-39.99511	400.0	384.3	126499	65.82166	17.561045	88.05256	-48.177902	-66.014626	0.6010905	8657.47285747528
116	176.2253	37.46739	223.63309	132.02547	188.84837	75.23624	279.32132	-38.539104	400.0	384.5	127599	65.81569	17.554966	82.558304	-46.922863	-66.01044	0.5115667	8736.125609397888
117	233.08536	12.882545	245.96791	220.20282	202.59329	66.23863	254.18346	-2.6003678	400.0	400.0	128699	65.89597	17.550638	91.135056	-77.57268	-66.089935	0.6811233	8810.724328756332
118	169.07066	94.939285	251.69975	36.10718	194.87724	87.234505	281.62952	-40.63311	400.0	384.1	129799	65.95067	17.53107	82.75843	-83.94626	-66.1431	0.5086154	8885.27710533142
119	228.70605	12.893753	242.73587	211.6042	210.6531	39.460808	262.41953	115.32765	400.0	400.0	130899	66.0339	17.471218	98.77501	-85.46862	-66.223274	0.5270517	8964.640056848526
120	197.51176	38.219254	229.43185	143.77742	209.8444	52.05682	265.51154	56.141502	400.0	400.0	131999	66.11722	17.485825	82.70584	-56.589676	-66.30791	0.61952734	9042.931485176086
121	241.18094	23.446312	264.62726	217.73463	197.9982	50.365654	263.40884	34.326313	400.0	400.0	133099	66.19376	17.404955	127.302345	-145.20708	-66.38533	0.7929068	9121.174750328064
122	234.61263	11.958518	246.95709	218.42941	213.18506	65.035736	276.62122	-39.363182	400.0	384.3	134199	66.23937	17.41298	82.33126	-56.550648	-66.432495	0.44702667	9198.059549808502
123	249.66272	10.103374	260.6605	236.2642	163.69339	100.71219	258.81738	-126.22614	400.0	391.5	135299	66.35056	17.295944	82.4702	-45.919342	-66.54056	0.5715294	9272.497756004333
124	199.90234	37.879967	253.4125	170.94846	205.04187	84.25563	265.6492	-51.52138	400.0	384.6	136399	66.42914	17.19049	82.185684	-46.07609	-66.618576	0.44467667	9348.234257698059
125	211.89166	31.425049	243.31671	180.46661	150.65933	129.23994	289.8004	-76.119194	400.0	321.4	137499	66.44158	17.192125	89.85318	-88.04668	-66.62764	0.6891534	9421.699198007584
126	184.64421	40.11191	222.18164	129.0427	178.46465	95.19395	281.6665	-44.771076	400.0	384.2	138599	66.52682	17.086643	114.21891	-85.334206	-66.711105	0.5452333	9498.536265611649
127	188.73413	19.164787	210.3153	163.74413	132.5514	127.56992	274.1265	-118.961815	400.0	356.25	139699	66.509865	17.090368	81.97832	-81.0541	-66.68997	0.5121617	9573.782712221146
128	214.92725	46.289265	269.07953	155.99687	187.70656	66.78697	270.4228	-45.72026	400.0	385.05	140799	66.51299	17.099121	82.02887	-51.728146	-66.69128	0.43416113	9649.00489783287
129	208.93643	0.69963837	209.63606	208.23679	197.7357	78.4882	274.535	-91.7959	400.0	387.05	141899	66.52142	17.084888	103.42862	-108.67102	-66.69045	0.7255857	9726.402999639511
130	101.3426	120.02109	257.03867	-60.60062	161.30743	91.94882	258.58102	-68.19859	324.5	368.2	142999	66.52362	17.0622	91.33574	-78.08687	-66.69593	0.6341954	9801.548813343048
131	115.4021	121.722435	236.185	-51.211502	185.6842	94.56686	275.30615	-73.242294	296.0	369.9	144099	66.4993	17.0802	82.463646	-78.34154	-66.67158	0.49545068	9879.483850240707
132	201.52675	40.596264	235.46988	144.45552	202.75128	72.91182	269.29987	-69.77209	400.0	385.05	145199	66.43886	17.145683	85.22604	-63.38513	-66.60557	0.5287088	9953.712837457657
133	207.59692	44.069687	243.68117	145.54741	171.84814	85.19452	248.65608	-149.84154	400.0	389.4	146299	66.41902	17.12585	92.432205	-49.004025	-66.5832	0.5513848	10028.864979505539
134	220.24811	26.218262	253.31395	189.18648	198.14648	57.30574	276.35968	33.25107	400.0	400.0	147399	66.38863	17.063904	82.63561	-88.08684	-66.55513	0.48033503	10103.223260641098
135	91.97175	145.87387	220.53192	-112.03303	221.96194	26.975904	269.29532	148.14183	311.33334	400.0	148499	66.31842	17.104494	87.034004	-71.19675	-66.485596	0.5570389	10176.125313520432
136	210.55444	36.647434	247.42471	160.57585	211.57442	40.501675	269.93933	118.86877	400.0	400.0	149599	66.289055	17.066607	82.64982	-59.3943	-66.45874	0.5390356	10255.421395778656
137	202.9467	46.293957	242.94255	138.06064	182.04288	83.86908	263.47125	-83.826584	400.0	387.15	150699	66.30241	17.030865	82.81627	-51.859005	-66.47307	0.4812029	10327.824338912964
138	185.25102	63.53491	248.78593	121.71612	226.9054	27.46569	269.45895	178.69794	400.0	400.0	151799	66.28117	17.031626	99.37708	-53.79256	-66.45078	0.49865156	10401.646500110626
139	195.28578	33.098904	220.1858	148.50943	191.01843	82.94258	266.42166	-65.63042	400.0	384.55	152899	66.29776	16.97297	83.18846	-64.06876	-66.466194	0.59002495	10479.237349510193
140	148.72803	57.222	227.59622	93.59706	192.60565	115.88037	269.9046	-182.48663	400.0	386.85	153999	66.23099	17.020414	83.24101	-53.5864	-66.39631	0.52929187	10553.860828638077
141	209.34302	28.134058	237.53926	170.93405	172.97903	94.53327	281.36133	-100.75336	400.0	386.05	155099	66.2194	17.067131	144.90942	-67.04062	-66.3827	0.5635205	10632.18190073967
142	115.60351	137.00113	252.60464	-21.397627	220.01065	35.361427	278.15015	148.3584	400.0	400.0	156199	66.23876	17.068388	87.38567	-77.32029	-66.39692	0.63044655	10708.166903495789
143	240.15967	11.265354	253.82153	226.23103	228.66653	22.694304	266.33963	186.3286	400.0	400.0	157299	66.17296	17.12271	83.69382	-103.2771	-66.33269	0.49753672	10789.845284461975
144	139.32085	117.55144	230.84286	-26.628765	176.78621	85.80006	252.36888	-65.103065	400.0	373.7	158399	66.142334	17.1393	89.593445	-130.86963	-66.30088	0.86339134	10865.643717765808
145	206.58508	41.31259	242.39322	148.70067	189.37943	63.25844	268.53604	-26.733347	400.0	400.0	159499	66.12465	17.160131	83.49194	-45.841175	-66.28727	0.36769378	10938.359207868576
146	220.24165	30.560867	250.80252	189.68079	185.51001	64.41091	253.88753	-56.040188	400.0	384.75	160599	66.07157	17.24983	83.72658	-70.237564	-66.23141	0.5537999	11014.126050710678
147	172.4613	52.48285	225.76805	101.081345	178.66699	48.370678	244.6637	60.8816	400.0	400.0	161699	66.14335	17.201405	86.19353	-77.05707	-66.30737	0.5866371	11088.708045721054
148	196.73616	17.985296	217.43655	173.58649	185.84311	70.50274	240.36012	-81.865685	400.0	386.3	162799	66.177986	17.203817	83.77213	-58.875755	-66.34287	0.5916182	11170.343271970749
149	194.48299	13.247998	209.27364	177.12816	207.0944	37.52952	262.39758	138.92209	400.0	400.0	163899	66.20532	17.258162	83.91677	-62.74506	-66.37086	0.5068304	11248.715527057648
150	190.40924	11.242027	201.65126	179.1672	206.35767	41.195766	266.47946	117.107574	400.0	400.0	164999	66.23585	17.304827	83.96893	-51.778927	-66.39999	0.5277799	11328.34590101242
151	221.95	17.865461	246.82742	205.69063	205.49629	45.74842	251.2982	37.1054	400.0	400.0	166099	66.27763	17.363838	83.770096	-59.65245	-66.44059	0.570748	11401.677558660507
152	210.68166	7.300294	218.22578	200.80582	192.25082	78.86712	265.1008	-51.266537	400.0	384.35	167199	66.368996	17.272976	93.872185	-43.73027	-66.52796	0.48757923	11477.316339492798
153	155.73943	90.81241	226.23428	27.523205	219.19109	46.438335	282.99078	68.223495	400.0	400.0	168299	66.38497	17.35823	83.83947	-62.59171	-66.5463	0.6571157	11553.809147834778
154	239.83945	14.090851	253.9303	225.7486	193.14091	76.37087	280.34033	-93.51366	400.0	386.7	169399	66.35048	17.440107	83.80575	-86.79709	-66.511604	0.53683907	11631.315347671509
155	233.48741	26.043411	262.99576	199.64575	227.29536	26.695118	281.52975	178.20847	400.0	400.0	170499	66.444916	17.37936	102.48385	-54.90903	-66.60848	0.58208346	11727.740017414093
156	184.63252	62.46837	272.7687	135.32452	192.45154	66.05439	274.35468	-57.68549	400.0	383.65	171599	66.50157	17.36555	83.65296	-78.04003	-66.66756	0.50805014	11827.773973464966
157	229.4212	7.02042	237.01067	220.08305	214.52946	39.432156	287.6538	119.05126	400.0	400.0	172699	66.57108	17.30852	83.4739	-44.392742	-66.73507	0.47921097	11934.122505426407
158	190.89906	0.26693726	191.166	190.63213	199.32996	69.0002	284.0346	-49.204037	400.0	384.05	173799	66.64399	17.301445	83.62985	-74.00282	-66.807205	0.49093062	12051.25148653984
159	164.7946	63.069477	253.39648	111.61003	212.55586	52.412376	273.70358	52.736813	400.0	400.0	174899	66.68328	17.246588	83.67139	-76.426125	-66.850685	0.6602447	12145.983733654022
160	191.45184	38.507133	218.74036	136.99458	223.29166	31.051783	278.0788	159.11684	400.0	400.0	175999	66.72111	17.214586	83.61655	-72.0232	-66.88885	0.47427535	12227.96879196167
161	181.28209	13.784667	198.89369	165.23756	218.6683	33.03067	263.61838	143.59218	400.0	400.0	177099	66.82455	17.096666	83.66457	-47.97129	-66.98763	0.5334965	12311.197615385056
162	218.32903	8.0849	226.41393	210.24413	199.90785	69.68322	266.88638	-55.733788	400.0	384.65	178199	66.8457	17.110012	91.88214	-96.88026	-67.01358	0.6084192	12391.998192310333
163	136.29471	116.26179	208.10556	-64.90483	195.8826	75.32193	287.78735	-73.38663	319.0	386.25	179299	66.911964	17.053715	83.609634	-59.46466	-67.07919	0.57920736	12475.220259666443
164	229.71867	19.50961	253.63719	205.84868	202.30823	92.31231	258.12756	-181.11342	400.0	389.8	180399	66.98808	17.050035	94.705	-97.46241	-67.1578	0.80410886	12559.59651017189
165	281.6016	3.5480652	285.14966	278.05353	211.06491	34.938873	273.99625	129.40617	400.0	400.0	181499	67.0985	16.937342	84.75867	-94.942085	-67.268456	0.5905484	12638.693938493729
166	228.7152	1.8609201	230.10437	226.08484	204.65479	68.284584	269.6355	-60.891785	400.0	385.5	182599	67.18539	16.896246	97.41282	-84.26169	-67.35311	0.6310058	12718.571902275085
167	226.68114	10.654095	241.71165	218.2564	214.66682	42.654057	270.42892	117.196724	400.0	400.0	183699	67.30082	16.718882	84.10224	-45.092484	-67.47415	0.36856195	12794.86321258545
168	170.24583	72.282486	258.3944	81.34401	187.769	94.21469	274.32825	-78.35836	400.0	370.15	184799	67.32631	16.72153	96.82634	-69.735985	-67.494606	0.6783907	12874.145700454712
169	180.87845	71.87479	252.75323	109.003654	194.77365	46.301003	263.17307	84.99631	400.0	400.0	185899	67.4168	16.596304	84.4607	-46.426464	-67.59029	0.5000476	12949.844284057617
170	152.74274	132.39722	253.69089	-74.96987	200.03363	80.35027	291.13617	-56.58493	320.5	384.35	186999	67.465	16.57318	84.38809	-49.17172	-67.63332	0.49991012	13027.608735084534
171	216.26527	17.871464	233.93155	191.77931	204.01837	75.02519	274.77338	-61.121162	400.0	384.3	188099	67.50298	16.512594	94.35474	-54.317734	-67.6732	0.607216	13104.896450042725
172	119.358826	29.94778	149.30661	89.41105	189.16478	76.42335	276.68008	-71.48451	400.0	383.85	189199	67.56148	16.465256	133.55406	-57.26709	-67.728004	0.64117444	13182.956578016281
173	205.25096	33.667137	250.04788	168.88321	207.74707	67.618515	267.02167	-49.336315	400.0	385.7	190299	67.60549	16.40613	84.9233	-87.60792	-67.77629	0.5217062	13256.484278202057
174	211.86748	34.37683	259.56473	179.87154	213.91763	46.128426	277.57678	114.589165	400.0	400.0	191399	67.6418	16.355616	85.27117	-48.469433	-67.805786	0.56911206	13330.073583126068
175	209.87337	30.619886	246.68768	171.72043	206.20255	40.768906	273.30157	106.06153	400.0	400.0	192499	67.64756	16.349047	85.462425	-70.88383	-67.80926	0.56768	13408.409405708313
176	193.78467	62.152405	255.93707	131.63226	195.14981	68.20131	266.8696	-56.500225	400.0	383.8	193599	67.654236	16.329824	85.48882	-48.200077	-67.814575	0.4611186	13483.56927371025
177	182.4373	17.825438	207.63535	169.19585	176.39838	82.65495	279.89322	-65.63816	400.0	386.0	194699	67.64681	16.283842	107.67401	-68.27334	-67.803734	0.5974925	13561.302064180374
178	212.98784	22.267702	240.55826	186.02386	185.47531	70.0981	254.8054	-65.185555	400.0	384.65	195799	67.63355	16.240501	85.31665	-51.433365	-67.79543	0.43711823	13636.78028845787
179	230.23714	27.720053	259.223	192.88667	198.8761	66.595825	251.56139	-69.887596	400.0	384.15	196899	67.6959	16.156544	208.23235	-115.44352	-67.85891	0.85893446	13710.795661211014
180	201.48245	33.439095	234.92154	168.04335	162.99838	95.72785	255.86974	-99.64686	400.0	370.05	197999	67.70441	16.14471	85.0498	-46.878033	-67.872574	0.37356564	13790.846836328506
181	157.89638	57.26268	234.75322	97.37063	178.66447	92.36806	272.22995	-59.791325	400.0	369.6	199099	67.7598	16.027983	85.30973	-46.947594	-67.928635	0.44429985	13871.06708908081
182	212.40208	14.036487	227.25375	193.56987	177.80322	78.44515	271.14877	-68.318085	400.0	384.4	200199	67.78459	15.9731245	91.430305	-69.68811	-67.94824	0.58340585	13947.947338581085
183	192.57512	27.32434	225.18446	158.31488	167.34966	95.32399	283.3282	-78.90043	400.0	372.55	201299	67.78477	15.932715	85.21201	-45.943417	-67.94948	0.459245	14025.212274074554
184	230.4083	36.96247	267.37076	193.44582	188.68938	86.36223	272.70303	-67.72734	400.0	383.9	202399	67.85952	15.797252	84.915085	-45.823574	-68.024826	0.48991466	14102.62279677391
185	229.49763	59.402584	284.99295	147.13127	209.1829	50.951653	287.60684	65.7896	400.0	400.0	203499	67.88433	15.787114	89.66378	-93.28483	-68.05042	0.48547986	14179.359026670456
186	237.27858	32.237343	271.837	194.24756	189.26279	75.96748	266.4648	-67.47396	400.0	383.9	204599	67.94112	15.733762	84.23401	-50.8644	-68.10471	0.48491094	14259.756610631943
187	197.91388	31.053047	241.7956	174.47838	215.64102	53.12127	279.71786	21.493649	400.0	400.0	205699	67.943474	15.7275305	106.66732	-71.704994	-68.10705	0.4845833	14334.357895612717
188	170.06549	16.446014	186.5115	153.61948	202.38559	43.24243	270.4766	82.07196	400.0	400.0	206799	67.98486	15.663578	83.86569	-53.06471	-68.14476	0.45198697	14413.075740814209
189	255.4062	17.870846	273.4346	231.05305	182.29489	86.046234	269.0325	-61.767624	400.0	367.8	207899	67.963585	15.676369	84.0701	-48.32502	-68.12265	0.5169813	14490.66309762001
190	190.4845	37.19709	242.71695	158.9587	190.92361	72.90155	281.74408	-68.14581	400.0	383.9	208999	68.0313	15.597062	83.98224	-45.280983	-68.1918	0.4806127	14566.14631652832
191	130.9944	146.53111	249.2221	-75.50909	187.56102	76.43578	273.73764	-70.16047	295.33334	384.15	210099	68.02109	15.676815	161.5822	-103.66681	-68.17689	0.70347565	14642.840902328491
192	167.59056	36.1701	213.28336	124.83083	196.5122	61.85416	269.98453	16.712076	400.0	400.0	211199	67.99737	15.687036	83.96666	-46.38154	-68.15638	0.3740226	14717.058355093002
193	213.24382	32.741955	256.2386	176.85884	207.32722	32.26343	261.13593	132.48346	400.0	400.0	212299	68.017075	15.704953	100.01505	-99.28774	-68.167625	0.5886713	14792.435264587402
194	218.29492	16.37665	239.84225	200.1676	204.75418	47.014782	262.52628	65.11369	400.0	400.0	213399	67.98572	15.7367	83.71594	-45.739693	-68.13236	0.4537979	14871.595450162888
195	207.14752	26.525421	233.67294	180.6221	220.32805	52.99007	271.87802	47.930782	400.0	400.0	214499	67.99827	15.65803	83.49495	-46.99213	-68.14211	0.49448335	14947.715730905533
196	215.54541	29.843958	247.22682	175.555	209.78537	43.22411	271.7609	71.91722	400.0	400.0	215599	67.92811	15.744022	101.288155	-69.22276	-68.075195	0.54115236	15022.929490566254
197	146.03748	39.893913	189.34584	93.069145	220.8063	43.803097	285.88623	118.03597	400.0	400.0	216699	67.88786	15.745747	82.956436	-72.51191	-68.03335	0.4656427	15104.230700492859
198	181.12604	3.895173	185.06876	175.82304	201.75961	35.39818	273.83932	148.96399	400.0	400.0	217799	67.82072	15.820063	82.7719	-73.22664	-67.96632	0.4080606	15182.315119981766
199	236.9339	5.7221756	242.65607	231.21172	209.45609	37.006	264.97253	132.9472	400.0	400.0	218899	67.79763	15.769947	82.71367	-70.04944	-67.94568	0.54673165	15256.860993862152
200	233.2429	6.65285	242.31343	226.54321	204.53517	69.528114	280.6288	-71.177025	400.0	385.9	219999	67.81359	15.697776	82.65115	-47.372585	-67.96348	0.43885234	15337.363680124283
201	207.65466	41.71407	263.97043	164.28178	211.87813	41.826138	271.1905	84.54547	400.0	400.0	221099	67.83523	15.691053	82.88129	-46.395542	-67.986916	0.4579887	15408.142251253128
202	219.22852	24.933212	253.91759	196.40686	227.3759	44.77961	276.77936	110.46226	400.0	400.0	222199	67.828735	15.702096	102.43446	-58.807045	-67.9777	0.5206783	15483.026341676712
203	242.83487	17.262077	260.09695	225.5728	158.71526	116.8353	282.25308	-94.99874	400.0	343.1	223299	67.875244	15.624601	82.70787	-49.70862	-68.03218	0.41568547	15559.725539445877
204	233.31148	29.00502	266.23773	195.66267	198.13962	67.92944	286.9116	-51.244503	400.0	385.4	224399	67.91726	15.591342	82.78516	-51.182877	-68.081474	0.4396688	15637.983002185822
205	166.39934	104.219315	249.9106	19.468142	194.85342	54.61584	266.76166	38.422176	400.0	400.0	225499	67.97398	15.551439	83.21566	-52.536667	-68.13991	0.4745522	15714.002578258514
206	193.98921	19.362022	208.72607	166.63454	201.97496	45.306396	280.7482	93.65307	400.0	400.0	226599	68.03939	15.519246	83.31703	-53.871063	-68.2072	0.53931576	15793.643717765808
207	183.28775	11.716431	195.00418	171.57132	187.80078	38.805843	286.29807	92.66222	400.0	400.0	227699	68.19871	15.385169	83.32082	-98.048096	-68.373055	0.50914174	15871.85019659996
208	213.71684	6.96656	223.33736	207.06712	190.39072	42.723858	271.3482	116.80283	400.0	400.0	228799	68.26312	15.404633	88.84843	-59.868134	-68.43694	0.49166736	15946.148656368256
209	187.21881	30.466051	221.87895	147.72398	160.69945	99.031815	264.03305	-56.649128	400.0	356.15	229899	68.38309	15.33446	83.36751	-55.63621	-68.55723	0.4422525	16023.242422580719
210	154.8632	45.297325	193.54364	91.30038	162.51674	73.15959	246.626	-51.99374	400.0	385.65	230999	68.44925	15.282009	83.249695	-60.41013	-68.62362	0.48587462	16100.425350904465
211	104.855255	35.85701	140.71227	68.998245	193.77054	42.475048	271.6691	100.94576	400.0	400.0	232099	68.490234	15.266666	83.254196	-56.93866	-68.66795	0.5472695	16180.699715137482
212	172.18842	22.50678	202.52951	148.68742	202.90268	36.513474	271.17715	126.17459	400.0	400.0	233199	68.61271	15.291886	117.6738	-64.81865	-68.78408	0.66914797	16255.094687461853
213	195.80225	40.433746	251.39879	156.42384	213.33003	22.969633	250.32082	175.19386	400.0	400.0	234299	68.66367	15.294187	82.94708	-57.622482	-68.84669	0.44015774	16328.033207416534
214	200.16188	14.981396	217.36479	180.85023	221.04184	38.983204	284.17532	151.59647	400.0	400.0	235399	68.80841	15.223751	82.92403	-57.26454	-68.98278	0.48194107	16402.028494119644
215	234.2598	9.163498	243.4233	225.0963	208.36551	39.309776	272.49286	136.78857	400.0	400.0	236499	68.953545	15.172827	82.5141	-59.609455	-69.1282	0.43129134	16478.821445465088
216	233.44618	10.017829	245.30884	220.80714	191.29967	42.229603	275.4251	88.68306	400.0	400.0	237599	68.97253	15.199732	101.525826	-57.451984	-69.145004	0.45776787	16556.552757501602
217	216.45654	5.460968	222.72379	209.41466	206.10342	38.69265	271.06052	154.2497	400.0	400.0	238699	69.087555	15.094716	82.52261	-57.30069	-69.25461	0.48229548	16633.578509569168
218	222.89838	19.333206	250.20494	208.05232	189.47964	62.38734	278.14578	-19.115644	400.0	400.0	239799	69.18278	15.023533	89.56169	-57.9908	-69.34246	0.5241218	16712.915469408035
219	190.11356	38.304825	228.41838	151.80873	194.99532	30.685349	254.94644	129.5059	400.0	400.0	240899	69.14819	14.899237	82.50092	-56.06925	-69.309555	0.44459394	16786.766588687897
220	226.5987	10.935263	241.60419	215.85614	193.0203	34.04112	257.02002	136.67241	400.0	400.0	241999	69.12552	14.866537	105.62004	-58.89958	-69.27829	0.6027006	16862.247118473053
221	246.46825	28.702312	284.7185	215.57782	212.95108	36.76455	271.91165	144.89561	400.0	400.0	243099	69.13958	14.70798	82.48171	-49.95229	-69.296776	0.432595	16941.442592144012
222	197.623	12.079048	212.40236	182.8149	208.10799	32.957718	274.97754	152.30467	400.0	400.0	244199	69.153984	14.606784	82.51525	-48.62469	-69.30747	0.42920226	17017.664083480835
223	252.0438	3.253868	255.29765	248.78992	190.5013	34.25535	255.65355	114.160515	400.0	400.0	245299	69.107086	14.560501	82.6003	-51.179596	-69.258354	0.39823243	17091.37535429001
224	233.15546	26.346895	252.46504	195.90369	198.67296	39.750957	256.68948	131.92195	400.0	400.0	246399	69.08575	14.487082	108.7081	-101.17912	-69.2346	0.5771534	17166.824994802475
225	208.89307	42.978878	269.39612	173.61041	217.08115	34.28335	273.48657	141.04388	400.0	400.0	247499	69.05979	14.477976	82.45236	-40.908455	-69.21522	0.39048806	17240.194308757782
226	211.50562	9.834912	222.84897	198.86368	201.09093	32.676304	247.99281	137.24919	400.0	400.0	248599	69.07673	14.454386	131.5193	-127.902725	-69.22905	0.5630458	17320.35582447052
227	188.04153	1.7443237	189.78586	186.29721	216.18994	35.460663	273.58884	166.85394	400.0	400.0	249699	69.03749	14.468095	95.359146	-98.55448	-69.194244	0.37551957	17397.412731170654
228	183.39629	29.490677	209.04015	142.09024	201.41907	39.419533	257.4113	87.651726	400.0	400.0	250799	69.04848	14.46719	99.91365	-95.19312	-69.21471	0.49199095	17473.37065243721
229	192.7231	29.374018	220.32599	152.03653	211.19211	35.041542	266.7334	148.05984	400.0	400.0	251899	69.13075	14.443147	83.425	-40.46684	-69.30453	0.32172817	17548.012909650803
230	194.39612	29.383154	231.98268	160.25708	194.2702	45.274853	281.20026	117.04912	400.0	400.0	252999	69.24684	14.473494	91.34206	-65.62057	-69.41334	0.453174	17624.84214758873
231	212.35687	7.638489	219.99536	204.71838	164.7043	67.48833	259.97675	29.16558	400.0	400.0	254099	69.27351	14.570925	97.63487	-66.25319	-69.44294	0.42830265	17702.478236198425
232	188.65643	48.75619	255.87611	141.74675	207.04199	41.41767	282.6578	122.2943	400.0	400.0	255199	69.32878	14.639281	142.4419	-67.58368	-69.487785	0.53740466	17720.961607933044
233	211.44002	21.088394	228.88095	181.76863	215.32024	34.677437	287.6262	125.567665	400.0	400.0	256299	69.358826	14.698202	85.10309	-56.12472	-69.51962	0.35509142	17727.894485235214
234	230.21802	22.129982	259.70013	206.38258	167.95747	64.2689	242.4038	-60.848198	400.0	385.55	257399	69.42009	14.71863	85.57079	-53.011272	-69.58037	0.51541126	17734.89686512947
235	166.26707	38.813522	205.0806	127.45355	180.92935	73.46148	274.10025	-19.479353	400.0	400.0	258499	69.42885	14.894024	85.90564	-49.33915	-69.59442	0.40051302	17742.202244758606
236	156.62016	35.700478	189.18591	106.924866	179.06471	55.331062	281.71823	79.83455	400.0	400.0	259599	69.505455	14.922307	86.18775	-42.91444	-69.66846	0.4026719	17749.172258138657
237	197.60097	34.86763	227.12498	148.6355	178.85764	58.311466	261.72168	-10.92355	400.0	400.0	260699	69.56026	15.031078	121.37492	-74.868355	-69.72616	0.49771768	17755.892384052277
238	141.88081	70.04909	199.24005	43.25299	171.09671	80.16441	267.54178	-61.98876	400.0	385.55	261799	69.570786	15.168595	87.46454	-46.27962	-69.73788	0.4273746	17762.752016305923
239	143.03014	19.008114	162.03825	124.022026	203.0341	49.505833	267.06598	107.64903	400.0	400.0	262899	69.64755	15.190752	88.18737	-46.022495	-69.816986	0.42159733	17769.794153928757
240	180.74153	29.607199	214.70389	142.55191	183.8914	49.611748	247.00412	11.571884	400.0	400.0	263999	69.73565	15.249615	101.151985	-66.21583	-69.90454	0.585322	17778.027889966965
241	134.51613	27.626526	161.57597	96.58005	200.194	51.438538	279.0551	88.40387	400.0	400.0	265099	69.8295	15.296049	88.89823	-143.34961	-69.99801	0.5392963	17786.221899032593
242	192.75652	89.17959	259.00244	66.69212	194.7022	40.545334	258.08514	113.22995	400.0	400.0	266199	69.875465	15.411587	89.03919	-47.29723	-70.04392	0.54226893	17793.073283195496
243	192.78589	32.543724	225.32962	160.24217	157.289	68.178215	268.35498	-60.375805	400.0	385.4	267299	69.930824	15.432903	89.05931	-47.461536	-70.094185	0.4099083	17801.082678556442
244	169.01935	28.250847	189.46515	129.07033	168.89397	47.04101	267.5765	111.44241	400.0	400.0	268399	69.94797	15.417408	106.60739	-60.649582	-70.10414	0.49932238	17808.272735595703
245	119.12487	41.406067	162.48015	63.36009	197.37251	53.834286	283.46622	50.753365	400.0	400.0	269499	69.940056	15.373972	88.75011	-47.11965	-70.08815	0.46538728	17815.27742958069
246	223.8186	3.682316	228.99089	220.70831	173.99715	51.295937	265.5491	47.05408	400.0	400.0	270599	69.84428	15.446291	88.392365	-72.92996	-69.99045	0.4510109	17821.992700099945
247	221.56537	22.128418	243.69379	199.43695	194.63297	78.39323	292.13046	-64.70688	400.0	385.0	271699	69.806305	15.479637	96.24706	-50.879566	-69.94963	0.5226809	17828.930062294006
248	174.65996	31.868845	216.20697	138.75969	192.00217	37.217167	278.6755	137.27518	400.0	400.0	272799	69.75713	15.486284	87.42721	-68.95727	-69.898346	0.5629834	17835.984713315964
249	202.22005	21.869745	229.84595	176.36401	198.71098	68.6455	283.61594	-52.562172	400.0	400.0	273899	69.69115	15.417996	87.13043	-76.11732	-69.82609	0.5529784	17843.040571928024
250	236.71375	17.32349	261.19577	223.68028	200.02766	44.698376	269.927	118.79485	400.0	400.0	274999	69.57939	15.538785	86.872505	-48.22412	-69.71778	0.46974576	17850.40815114975
