Epoch	AverageEpRet	StdEpRet	MaxEpRet	MinEpRet	AverageTestEpRet	StdTestEpRet	MaxTestEpRet	MinTestEpRet	EpLen	TestEpLen	TotalEnvInteracts	AverageQVals	StdQVals	MaxQVals	MinQVals	LossPi	LossQ	Time
1	-37.41092	20.401964	-14.38594	-76.66451	-27.153168	14.888718	3.6347964	-54.6125	141.0	54.5	1099	-0.26024035	0.32160679	4.1720414	-7.2742343	0.22930214	0.08157188	1.0635318756103516
2	-29.775799	23.980867	37.49699	-68.83409	-17.602997	28.391905	42.327972	-50.861965	77.13333	86.9	2199	-0.90407705	1.1544583	6.572329	-8.721087	0.8445177	0.06963156	7.350024223327637
3	-1.6828318	37.07979	38.94792	-65.08015	21.634825	26.865217	54.06799	-45.637417	133.125	143.65	3299	-1.7259815	2.420032	10.986528	-12.711626	1.5355479	0.18407218	14.028582334518433
4	31.861477	19.609575	59.13602	8.00695	20.154572	24.377384	73.994865	-16.526297	150.0	141.5	4399	-1.1028527	3.9487164	16.006876	-13.472651	0.84920114	0.23241135	21.10467839241028
5	26.437096	17.636887	52.23129	1.2495209	34.579807	15.454971	64.33637	10.07405	150.0	150.0	5499	0.35064742	5.356478	21.764748	-16.410795	-0.66234964	0.24472332	27.9034161567688
6	29.03811	20.887918	56.84771	0.60880154	26.04658	13.756976	55.328987	6.9410696	150.0	150.0	6599	2.1752243	6.736819	29.69678	-18.626255	-2.556156	0.31362972	35.33555746078491
7	33.783546	12.748975	54.542892	15.462297	31.801456	13.277462	63.03945	11.192871	150.0	150.0	7699	4.1264496	7.897061	33.74189	-19.926897	-4.5371246	0.3784971	42.463016510009766
8	43.809605	17.030312	66.99324	14.206071	35.959072	19.45273	77.16766	4.924853	150.0	150.0	8799	6.4628105	8.885272	38.437645	-20.588543	-6.880752	0.45285282	49.42674899101257
9	44.369713	12.348185	59.720364	20.042894	33.264355	20.60996	72.03813	-3.258417	150.0	150.0	9899	9.406183	9.456898	43.538216	-20.73234	-9.777676	0.49499595	56.371602296829224
10	31.786518	15.8190775	61.933617	11.481668	28.385931	17.21736	61.48761	-3.5062804	150.0	150.0	10999	11.501721	9.354525	48.868275	-20.343294	-11.779721	0.41428593	63.44416260719299
11	39.585888	22.721685	79.28062	3.3617053	35.511055	16.295822	68.97937	-1.7170857	150.0	150.0	12099	13.345383	10.201015	62.099083	-19.227634	-13.599762	0.40972933	70.48625898361206
12	26.0144	17.347677	60.90559	10.639139	33.92191	24.822649	76.77414	-3.6757345	150.0	150.0	13199	14.687053	11.395416	63.848206	-2.6493967	-14.903395	0.3339623	77.12794756889343
13	19.817806	10.929483	32.513657	4.351864	29.567245	18.493393	60.55992	-1.5303851	150.0	150.0	14299	15.2737	11.814068	68.355965	-2.9603336	-15.454162	0.3206872	84.56416702270508
14	30.856853	21.21301	67.17344	6.681494	33.233734	15.653129	63.966766	9.746964	150.0	150.0	15399	16.45428	12.038874	71.02482	-3.0676854	-16.6583	0.27171952	91.38339281082153
15	32.208115	14.809047	45.025074	-0.32115647	24.413214	17.745802	54.717735	-9.740239	150.0	150.0	16499	17.787968	12.0844555	76.53843	-2.5841792	-17.982403	0.35591236	98.0374321937561
16	38.828762	15.029687	61.18814	20.809986	25.055254	17.17918	60.037296	-2.5670679	150.0	150.0	17599	18.57331	11.859653	68.59435	-2.3184214	-18.754358	0.35982	105.02889275550842
17	35.51808	14.389982	69.79009	16.641184	28.157633	19.087057	67.46249	-3.9371889	150.0	150.0	18699	19.620651	12.044666	74.67043	-1.2737541	-19.788967	0.37200674	111.82838940620422
18	23.25476	13.676735	51.96988	10.193966	28.513708	16.970816	64.162964	0.41063744	150.0	150.0	19799	20.29421	12.110677	75.00131	1.7495838	-20.456963	0.39568853	118.59936761856079
19	24.295837	19.21489	55.559376	0.5340855	9.790705	28.873045	57.697807	-57.347694	150.0	149.35	20899	19.670988	11.207539	72.77704	4.015207	-19.819012	0.33257315	125.78990983963013
20	27.362041	15.94145	57.385742	5.561529	28.976873	13.998951	59.68701	10.936135	150.0	150.0	21999	20.098705	11.109079	70.887245	3.8528056	-20.255608	0.31307888	132.7196192741394
21	29.44897	11.800972	50.37953	11.006312	28.725824	15.070553	49.531918	2.7681367	150.0	150.0	23099	20.539217	10.866163	71.939964	3.7623224	-20.687977	0.2757989	139.36907982826233
22	19.903439	17.039206	44.63831	-9.81794	11.7156725	15.864499	42.640774	-23.373808	150.0	150.0	24199	20.553274	10.9193945	70.24091	5.0868974	-20.714987	0.25981048	146.06330370903015
23	10.921894	16.955551	49.477673	-7.415121	15.319814	25.675785	61.723785	-22.891478	142.75	150.0	25299	20.495655	11.016591	89.43625	2.6990266	-20.65053	0.41672722	152.80628895759583
24	22.141232	12.989554	49.91449	7.8206406	6.392303	31.45415	43.485027	-81.71634	150.0	148.2	26399	20.65333	11.032081	73.350624	-0.56092715	-20.816349	0.41447383	159.56538224220276
25	29.182686	16.45938	51.573055	2.202637	0.8259012	39.998856	54.102516	-78.81277	150.0	138.25	27499	20.70448	10.8283	75.554436	-1.6265558	-20.880957	0.44500172	166.17307329177856
26	16.309288	48.188362	88.68832	-51.201736	14.084909	32.434845	78.184944	-48.163494	126.666664	142.55	28599	22.757864	12.292675	96.0617	-1.2127421	-22.980715	1.1682729	173.63530492782593
27	11.07628	38.60014	71.81398	-49.90587	7.8779893	28.87405	52.406864	-61.185215	129.25	140.15	29699	23.82389	12.263271	83.7743	1.257545	-24.057066	1.2015201	180.2847981452942
28	36.362904	11.488204	49.633793	13.50738	25.24606	16.01318	49.14525	-8.186843	150.0	150.0	30799	24.045307	12.2090845	88.12003	3.5549407	-24.301868	0.8705858	187.0538513660431
29	37.35227	15.861583	61.953007	16.351599	27.844091	19.922432	68.99663	-13.017392	150.0	150.0	31899	24.826862	12.950306	85.11118	3.0558228	-25.114954	0.853575	194.11376214027405
30	27.223265	16.947296	60.370037	7.772194	22.628336	33.73716	81.32419	-24.159536	150.0	150.0	32999	25.56102	13.539882	83.14396	1.7060658	-25.84842	0.6807574	201.2508625984192
31	13.217508	29.969315	71.46397	-27.165356	15.968274	21.64317	56.321823	-18.897055	150.0	150.0	34099	25.788609	13.604244	86.85956	1.5843416	-26.045702	0.6792443	207.96787118911743
32	11.26498	21.355003	36.390076	-30.543974	11.314856	33.536488	76.7012	-49.184784	145.25	140.0	35199	25.456947	13.796943	85.03211	-0.080014944	-25.693232	0.5305572	215.32454538345337
33	21.479353	12.240417	36.217968	-4.28155	10.233737	31.907768	47.600346	-67.98282	150.0	137.4	36299	24.805517	13.440289	92.65512	-1.3010302	-25.028337	0.573424	222.72713041305542
34	21.698135	24.58761	54.20675	-18.540956	22.991467	13.272418	47.486416	-0.75010365	150.0	150.0	37399	24.370255	13.1168165	81.312325	3.7073426	-24.572517	0.45133996	229.67871189117432
35	21.516455	16.14403	47.025364	0.002144664	32.402397	13.835509	57.18879	1.0690746	150.0	150.0	38499	24.00968	13.020601	82.66022	5.6122155	-24.205564	0.45138445	236.52827858924866
36	13.127852	14.712973	30.620436	-5.1262045	22.52298	16.067505	51.3696	-0.64557016	150.0	150.0	39599	23.252956	12.782638	79.73885	1.9495282	-23.46191	0.58766776	242.8950457572937
37	15.54497	20.02664	34.662346	-32.541435	24.221724	19.925959	56.163345	-11.66249	150.0	150.0	40699	22.629742	12.485127	78.075745	-2.9319947	-22.829414	0.7326207	249.95820426940918
38	12.867964	11.127935	31.87478	-0.20828672	22.299183	24.500877	55.963474	-33.106213	150.0	145.8	41799	21.89266	12.023161	78.13138	0.55503654	-22.08388	0.80915487	256.93446707725525
39	14.761591	30.906576	41.574127	-37.73473	6.878909	19.021961	50.847363	-44.430458	131.5	136.4	42899	22.019213	12.18198	72.17798	-4.2141156	-22.24028	0.8029886	266.91396951675415
40	2.8396783	23.76943	41.191975	-32.241787	23.209644	20.771936	67.7074	-14.287483	150.0	150.0	43999	22.556396	12.247404	71.60292	-1.1123294	-22.76548	0.8503016	273.79645109176636
41	16.362436	12.267894	39.749737	-0.6323513	27.632977	19.829288	72.97487	-11.73898	150.0	150.0	45099	22.538986	12.26473	78.52839	-1.5402371	-22.77141	0.7527842	280.3376317024231
42	12.100169	23.867636	49.70511	-28.690382	26.02357	27.159224	79.23911	-30.759212	150.0	147.65	46199	23.389414	13.317094	82.67501	-2.094924	-23.619322	0.6754069	287.06465768814087
43	6.1074886	25.853209	64.95307	-29.95589	17.028896	18.957811	49.080875	-15.223288	150.0	147.85	47299	24.169117	13.918557	93.72279	-30.77656	-24.38285	0.6871053	293.83189034461975
44	10.990797	31.169159	52.881405	-53.62731	32.550785	17.672144	61.134483	-5.0292606	138.85715	150.0	48399	24.61768	14.0575695	88.752075	-5.550643	-24.835197	0.8230611	300.225537776947
45	26.036552	24.252254	69.38755	-0.23513283	27.384945	16.856152	59.10409	-0.33391634	141.25	150.0	49499	24.754946	14.451604	83.47032	-6.2776127	-24.966887	0.64167726	307.0086908340454
46	22.681034	18.304724	50.524555	-5.2374063	13.917521	32.953186	61.72739	-68.0397	150.0	145.75	50599	24.82959	15.114358	89.055084	-4.6394854	-25.052958	0.74208254	314.2395341396332
47	10.279992	22.294094	39.965637	-35.986244	17.133457	20.106619	60.56826	-5.1248474	150.0	150.0	51699	25.304073	15.935362	83.10545	-7.609924	-25.548357	0.66128606	321.38842606544495
48	21.148785	10.81529	46.384464	10.220577	28.43594	19.680779	63.81094	-3.4315538	150.0	150.0	52799	26.348171	16.15035	82.171394	-10.47249	-26.586666	0.6802799	328.85824394226074
49	28.302635	18.103739	50.707954	4.9699364	29.56495	17.775997	58.35671	-4.9471755	150.0	150.0	53899	26.119427	16.258507	81.53068	-11.120441	-26.357904	0.72520876	335.1148693561554
50	25.247921	24.455173	54.47314	-25.370249	31.441492	16.597172	61.94674	-0.6317917	150.0	150.0	54999	25.232693	15.925088	73.045235	-11.515059	-25.476635	0.7150128	341.8771221637726
51	18.724854	20.411072	47.961456	-19.290476	25.385258	20.81098	62.543755	-7.923378	141.875	150.0	56099	25.260319	15.525553	77.270966	-11.122802	-25.50585	0.62796634	348.6619312763214
52	24.350811	16.413094	51.853756	-0.92200094	24.076208	19.456158	68.60483	1.443872	150.0	150.0	57199	26.16172	15.461067	80.522385	0.044592023	-26.405445	0.59382457	355.54561591148376
53	13.313419	32.89601	69.06124	-48.00185	22.4901	19.862087	54.13373	-20.317785	137.25	150.0	58299	26.268644	14.923271	82.7553	2.0432668	-26.490894	0.86783135	362.5685067176819
54	31.001879	24.243944	73.12096	-3.2441986	22.907467	18.801514	48.60747	-7.221647	150.0	150.0	59399	25.975412	14.588117	86.26828	1.3966321	-26.19352	0.76262975	369.21817660331726
55	13.726429	13.317448	34.266445	-6.0381737	22.158157	29.280449	65.177025	-40.377056	150.0	142.55	60499	25.666012	16.07085	104.92122	-4.7648945	-25.88682	0.8705313	375.91244745254517
56	15.334674	26.616272	49.28859	-35.23705	26.544052	14.780661	56.127754	3.9520574	140.375	150.0	61599	25.125113	16.143425	95.760506	-7.124198	-25.34044	1.0701239	382.65363001823425
57	10.85792	33.444168	59.5155	-35.82288	8.4287405	33.174953	65.94171	-69.21704	130.375	141.15	62699	25.51298	16.138979	88.53581	-9.271533	-25.752068	1.281992	389.43834710121155
58	20.030506	15.550727	35.554955	-8.540472	20.813213	16.864481	61.533695	-11.041113	150.0	148.5	63799	25.975636	16.27707	86.13872	-12.144388	-26.246754	1.6600542	396.9421908855438
59	6.9718547	23.436272	37.09869	-34.650833	0.13975239	20.558928	33.84027	-57.22579	139.0	143.1	64899	26.734951	16.40936	87.622246	-13.331365	-27.026829	1.7279884	403.5912399291992
60	0.65822506	22.293585	38.320667	-32.43963	17.879599	25.559645	64.472244	-26.298616	150.0	150.0	65999	27.962317	17.31475	85.275406	-11.527978	-28.245937	1.4669653	410.63544487953186
61	12.636463	39.004288	46.7637	-60.99127	19.317028	19.764332	77.9728	-6.8816175	137.88889	150.0	67099	28.832436	17.769104	81.01956	-10.740962	-29.130333	1.210792	416.7259473800659
62	-7.1998434	27.609844	15.776371	-74.779015	7.8110733	25.651522	37.264767	-58.4312	134.375	144.5	68199	29.244976	17.332102	83.32666	-12.21268	-29.5493	1.1248682	423.32141852378845
63	19.413475	31.615255	51.41976	-44.06074	14.625606	14.529378	40.360058	-12.884827	140.125	138.8	69299	29.708324	17.273302	99.196014	-19.122992	-30.054296	2.1335707	430.1637704372406
64	12.535516	9.803002	25.654236	-2.2327414	22.528465	14.531347	53.308273	0.6520832	150.0	150.0	70399	29.40707	16.823519	105.37386	-26.023178	-29.780094	1.9957635	436.94529390335083
65	26.770786	16.644737	43.34125	-10.223983	6.6573496	23.384287	73.94433	-37.76906	144.0	146.7	71499	29.342058	17.166906	111.80589	-26.47765	-29.69726	2.2171857	444.0125370025635
66	25.126036	10.938737	43.823673	12.790432	11.838078	21.25074	49.263496	-45.123688	148.85715	150.0	72599	29.233011	17.252867	118.96635	-23.817408	-29.556108	2.0654612	451.2140429019928
67	24.823761	14.731272	39.25163	-9.906982	25.289667	18.84313	61.659958	-8.53533	150.0	150.0	73699	27.952179	16.413641	123.21564	-17.363014	-28.276108	2.2335641	458.51140213012695
68	20.781366	15.164661	42.11401	-0.47643575	20.757359	20.244316	75.193	-6.97914	150.0	150.0	74799	27.514502	16.521952	125.56489	-16.520008	-27.860497	2.130166	466.04212164878845
69	29.81892	17.85049	56.01551	7.1070704	23.266973	18.817867	56.2792	-7.5931687	150.0	150.0	75899	26.066532	16.626774	127.53391	-12.231103	-26.378798	1.8482689	472.85052371025085
70	13.652083	18.28196	51.368416	-6.036946	20.609715	16.972414	46.365013	-13.784149	150.0	150.0	76999	25.476225	16.364399	131.19067	-5.14924	-25.741861	1.1294076	479.5944437980652
71	15.6249485	23.24675	45.09976	-16.099342	-1.4571617	31.211658	83.510345	-53.99139	150.0	146.25	78099	25.932837	16.117134	93.859116	-7.1207957	-26.189774	0.8517558	487.1889896392822
72	0.8816926	31.32928	42.914036	-35.096745	-25.990612	30.76103	26.744198	-67.88783	150.0	137.45	79199	27.26484	16.000937	90.99962	-9.654974	-27.563887	0.9047443	493.9478187561035
73	-14.38245	17.496492	23.18024	-37.343227	-21.359484	17.969225	28.92258	-49.29727	124.0	117.45	80299	29.023258	16.752863	86.75992	-21.266891	-29.3571	0.99130714	500.71831250190735
74	-9.748926	16.131258	21.27347	-26.825293	-17.757046	31.901266	51.31505	-61.975655	133.5	120.6	81399	32.08651	18.032133	98.24879	-24.470797	-32.481983	2.2979758	507.4584815502167
75	-32.51926	30.887508	39.94202	-62.335987	-23.93213	30.956957	30.451048	-64.38444	113.0	129.3	82499	34.335564	17.954382	89.87696	-25.349312	-34.85076	3.1379042	514.1944272518158
76	-5.647813	33.50409	44.13361	-57.95529	-18.746574	32.704624	55.611237	-73.19523	132.875	127.9	83599	38.743526	17.220615	95.920525	-26.219563	-39.313686	3.231515	521.2367646694183
77	-34.507072	25.029495	18.631037	-63.502304	-26.26326	29.003635	40.23505	-77.004364	118.9	102.35	84699	41.17354	16.327198	92.69761	-24.125149	-41.819153	3.0230572	528.106618642807
78	-31.907545	29.975649	30.718494	-64.84295	-25.190527	28.752258	19.441412	-83.90077	115.333336	112.45	85799	43.47732	16.56818	85.43984	-21.671213	-44.14972	3.2417524	535.4696996212006
79	-22.630775	13.732769	-1.2831755	-42.69312	-24.725336	19.479227	5.3013887	-57.509525	139.875	125.3	86899	44.650955	17.576004	85.34376	-18.819593	-45.338192	3.168228	542.5259683132172
80	-10.466927	22.465117	13.079893	-54.28896	-17.530624	17.727524	10.10483	-53.291042	150.0	142.3	87999	44.9769	18.874302	92.90361	-22.05789	-45.64347	3.2763708	549.1606709957123
81	-20.486418	26.905941	42.697357	-46.130154	-17.7143	15.537414	10.4145565	-58.443737	139.375	150.0	89099	45.18454	19.42631	90.35089	-20.365839	-45.8024	3.176844	556.0553843975067
82	-6.985851	14.659128	20.797655	-29.130661	-6.0256743	18.937922	42.865685	-35.449535	150.0	146.15	90199	45.771267	19.890278	93.18355	-19.903315	-46.39035	2.7798052	562.5408043861389
83	-3.37431	26.394918	57.236603	-32.44804	0.08518789	18.625916	36.806717	-31.464622	145.75	146.6	91299	45.75307	20.03236	106.50643	-19.737251	-46.338135	3.4362872	569.290048122406
84	-22.109118	19.804396	12.246511	-50.773247	-7.6483855	20.180542	26.123358	-48.84974	150.0	142.6	92399	46.696392	19.690796	107.82413	-18.728796	-47.225098	3.4922116	576.0807731151581
85	-1.9703476	14.66047	29.89252	-23.545223	-6.547877	25.411211	37.970177	-57.47968	150.0	146.85	93499	48.08738	17.88053	109.322235	-18.999432	-48.53327	2.2147017	583.0074362754822
86	-4.4521785	23.337345	35.376816	-44.453083	-7.2314453	28.008297	52.79129	-51.25368	145.42857	150.0	94599	48.158707	16.0814	99.48708	-8.384783	-48.55816	2.177908	589.7305521965027
87	2.4972932	30.038015	66.78538	-27.59537	-1.148941	29.055113	56.58352	-47.128597	150.0	125.15	95699	48.071762	14.159981	118.28991	1.1422296	-48.422115	1.859551	596.7772512435913
88	-9.314066	21.824976	30.083336	-36.8283	-0.96559066	26.310114	34.445553	-61.273052	123.111115	133.95	96799	46.339336	14.028173	111.50995	-3.3346405	-46.713387	1.4701271	603.6136865615845
89	6.7086825	28.926712	67.44808	-30.193851	3.8344345	20.979317	41.26344	-32.47521	127.22222	131.35	97899	45.119205	13.929339	125.654144	-9.9994545	-45.548805	2.0149071	611.2441756725311
90	11.584425	17.630836	32.552387	-17.488974	13.53293	25.039497	61.043156	-24.408648	150.0	139.0	98999	44.292294	14.994911	111.54859	-14.052162	-44.741165	1.6286117	618.1505312919617
91	3.1547582	16.052174	30.961006	-26.218798	11.334927	21.251415	54.504707	-39.150684	130.55556	135.4	100099	43.014515	16.231316	113.75211	-16.590109	-43.48483	1.2696413	625.2834215164185
92	14.031525	14.352413	36.39068	-3.1254447	15.326071	21.061583	45.508358	-45.338467	145.125	143.0	101199	42.959595	18.417233	115.13846	-15.785542	-43.515488	1.2765024	632.7998993396759
93	33.265305	24.522219	60.627552	1.1666768	31.727741	22.383358	74.81884	-36.411404	150.0	150.0	102299	42.984844	18.892939	122.97637	-20.114588	-43.538006	1.3247399	640.3729014396667
94	33.26959	15.707354	51.96958	15.291567	25.057455	20.047958	63.050236	-8.267061	150.0	150.0	103399	43.125294	18.843323	124.65436	-20.674932	-43.70579	1.1653863	647.1229207515717
95	5.968666	31.237696	31.573034	-72.52605	17.102812	32.002834	53.88901	-63.507793	149.5	146.65	104499	43.44015	18.167513	124.95489	-22.679674	-43.965435	1.3211024	654.2923917770386
96	5.822969	40.033184	64.588875	-67.99542	22.507357	20.710386	50.28712	-22.932243	138.28572	150.0	105599	44.85307	17.88137	133.64938	-17.535309	-45.31168	2.6724055	661.375700712204
97	29.996786	16.760527	58.368744	8.143052	14.61366	29.2267	50.049774	-49.809696	150.0	150.0	106699	44.669243	16.567999	105.387955	-13.622488	-45.07687	1.9873582	668.5822556018829
98	8.030509	24.690403	37.704636	-28.268566	2.7668054	24.562124	52.627296	-49.41271	150.0	148.15	107799	45.5242	16.542135	105.41471	-12.72948	-45.941814	1.5040962	675.4421501159668
99	-19.413723	24.668983	16.515865	-57.66836	-14.103151	24.167816	35.459263	-50.031193	150.0	150.0	108899	46.741386	16.517223	105.227	1.7238574	-47.071804	1.2083745	682.2865068912506
100	10.7181835	22.134146	45.15273	-21.201832	-10.061316	25.978779	44.367226	-43.654903	150.0	140.3	109999	48.13029	17.051937	102.53504	-4.3517156	-48.39693	1.0504693	689.0910441875458
101	-7.819089	29.342686	40.609547	-60.59026	2.5504982	28.352499	53.371006	-62.916534	145.14285	147.55	111099	48.64228	16.219425	105.859276	-13.156619	-48.925716	0.910133	695.4498448371887
102	13.787582	29.772673	79.82085	-9.199951	-0.20224495	29.435034	45.127575	-56.820705	150.0	140.6	112199	49.661655	15.5080185	108.13593	-17.538715	-49.9418	0.8638056	702.5591034889221
103	10.811191	21.425556	56.73415	-19.411697	9.000814	24.992643	54.37652	-39.67809	138.875	142.05	113299	50.232243	14.91919	107.95999	-23.04421	-50.524418	0.84641826	709.2719173431396
104	2.173333	10.904487	15.292031	-18.995853	13.199278	24.598015	62.444874	-42.28438	150.0	150.0	114399	50.01344	13.904573	109.04676	-29.442675	-50.30841	0.7513825	716.441859960556
105	1.345477	40.605976	45.585045	-71.70419	-8.692341	32.951252	44.630974	-76.1204	146.57143	137.45	115499	49.584625	13.859276	109.92911	-28.61526	-49.90504	1.3859619	723.322696685791
106	-2.164721	16.916723	23.89774	-28.432537	-8.436113	32.40219	56.469612	-58.71027	150.0	133.95	116599	48.530853	13.967059	108.69695	-28.441782	-48.84844	1.5012407	730.7600340843201
107	-10.410482	26.764776	27.252966	-54.994987	14.223996	22.545095	51.147667	-44.43746	133.75	145.75	117699	46.939137	13.929903	108.082	-30.039484	-47.25262	1.5372148	737.8216886520386
108	-5.914606	33.942753	39.725742	-55.904705	3.0171223	30.76764	49.209972	-100.268425	127.888885	148.95	118799	45.169262	14.16468	108.24946	-27.063902	-45.49226	2.3588483	744.480987071991
109	-8.2845335	33.067387	48.1708	-63.52114	18.33584	25.92652	72.99724	-22.92857	145.42857	150.0	119899	44.22422	14.096986	110.12372	-4.9947977	-44.55665	2.3966658	751.3632335662842
110	-0.88556576	48.024082	51.808537	-75.1258	-2.3527339	41.500854	60.607296	-91.572	143.75	132.65	120999	43.135498	13.771855	106.420364	-7.5568075	-43.48508	2.104101	758.8507218360901
111	-10.613107	48.905552	48.301445	-85.655945	16.870298	35.804703	65.33908	-58.161793	143.75	146.0	122099	43.132626	14.268661	98.59565	-8.5888195	-43.474785	2.4863453	766.0736145973206
112	27.337704	18.12104	56.41365	-8.202122	25.563828	24.449713	80.36568	-37.991467	150.0	142.95	123199	40.927567	14.391101	91.54896	-8.282344	-41.282986	2.4867506	773.248197555542
113	17.686548	30.340715	58.577847	-46.218502	24.246965	26.465302	78.12019	-34.397243	144.0	145.5	124299	39.27223	14.285841	95.4917	-4.6672707	-39.63286	1.7662565	780.7701704502106
114	22.375278	10.898652	33.94111	-0.071513996	20.755127	25.943727	59.21754	-22.761292	150.0	150.0	125399	37.60228	15.49058	103.518585	-8.455009	-37.962036	1.6677076	788.3655321598053
115	22.624643	10.13096	37.6447	4.0706487	21.4185	12.40384	55.29428	1.0538446	150.0	145.4	126499	37.05615	16.459538	107.57028	-18.35088	-37.45993	1.2551019	795.5461046695709
116	19.21875	14.897353	46.34161	-0.8685651	19.572294	16.017574	51.738792	-2.0949655	139.0	140.55	127599	35.422367	16.677383	115.78875	-19.777523	-35.776337	1.1382287	802.3353319168091
117	23.372583	14.49756	42.99581	-2.3997145	14.785855	11.664231	35.33065	-1.3281431	150.0	145.2	128699	33.674877	16.566751	115.091095	-9.23121	-33.98578	1.083104	808.9153072834015
118	31.261911	27.575266	55.49868	-23.7042	18.344372	20.93422	51.16856	-27.4558	150.0	142.65	129799	32.473923	16.58631	114.27695	-12.85556	-32.75403	0.782108	815.687479019165
119	30.344923	18.950846	69.81137	9.7411785	19.65265	22.100779	57.831318	-46.93534	150.0	141.1	130899	33.07316	17.534641	111.143486	-13.99209	-33.322395	0.5962665	822.7826776504517
120	17.360313	19.173782	57.291893	-7.9708786	22.045078	17.390682	47.946434	-9.280106	119.333336	145.45	131999	32.4004	17.109165	114.238174	-62.731285	-32.61248	0.82690483	829.6123614311218
121	16.21895	15.431279	40.353283	-11.492395	21.428389	24.940851	85.88306	-25.245747	120.333336	135.4	133099	31.39856	16.431787	123.57653	-20.379078	-31.592329	1.2661288	835.8740425109863
122	22.182764	22.593184	50.19165	-28.313753	17.41623	17.791407	47.72888	-34.246773	128.22223	123.7	134199	30.361729	16.148302	121.92579	-41.7495	-30.59147	1.5166948	842.6636621952057
123	41.36218	16.02417	59.787243	13.396022	19.408104	16.99807	55.284363	-18.982424	141.875	134.35	135299	30.994564	17.345278	122.109375	-26.27554	-31.252106	1.2094866	849.4327464103699
124	18.954987	14.549752	41.730877	-4.019736	20.696396	20.06002	48.747353	-16.669165	150.0	136.6	136399	31.704443	18.584444	101.768875	-17.69657	-31.981325	1.0145952	856.6757521629333
125	35.634506	27.064	66.50731	-8.619471	19.574265	19.644808	51.763485	-23.213451	139.125	144.1	137499	31.949335	18.95686	114.24219	-17.119806	-32.256973	1.368213	863.6489703655243
126	30.175274	19.262987	65.73061	0.17418778	10.153757	13.46471	30.642944	-13.94757	150.0	146.55	138599	31.360727	18.222136	109.91111	-16.854456	-31.648516	1.0232757	870.3025336265564
127	4.427805	17.44507	35.27986	-23.831848	13.127278	16.985952	46.7127	-17.81434	134.625	150.0	139699	31.83187	17.742188	114.413734	-16.286535	-32.1168	1.3347222	876.7500154972076
128	15.372742	19.339582	46.661144	-21.630516	3.6825614	13.216857	34.107346	-14.559785	150.0	150.0	140799	33.1108	17.20819	99.7115	-16.053537	-33.396507	1.4241768	883.5612037181854
129	-20.825249	20.899319	6.2865386	-45.270084	-28.196762	24.678465	19.181736	-68.60454	127.25	132.3	141899	33.99915	16.69902	110.36567	-15.329532	-34.286163	1.8065257	890.2164192199707
130	-60.042385	19.846285	-26.515812	-90.110855	-35.717796	43.080048	41.982697	-117.07837	136.11111	129.8	142999	36.156384	18.74761	125.92761	-14.895323	-36.46186	3.0978444	897.6869430541992
131	-36.9094	31.794147	25.320303	-74.5968	-31.411127	38.44029	31.954659	-85.30305	150.0	139.65	144099	41.274075	23.130106	124.05505	-7.918723	-41.654465	6.140419	905.24374127388
132	-26.5158	32.928474	21.561092	-67.3777	-35.67549	19.533815	31.147211	-64.086754	138.25	127.25	145199	44.358006	23.841137	116.11745	-8.091967	-44.73914	5.7925196	912.2022676467896
133	-18.193783	44.334198	65.10186	-65.58042	-26.819141	31.002312	39.206314	-74.37651	141.75	132.9	146299	45.53677	23.602312	112.281586	-12.742593	-45.93773	5.6434145	918.9373025894165
134	-47.12337	26.341204	-14.638697	-79.5724	-32.066708	35.058563	61.983425	-78.51699	130.375	146.4	147399	46.75878	22.132792	108.68411	-14.836215	-47.186207	6.6085095	925.7952544689178
135	-25.966667	39.676567	37.354477	-70.24988	-15.41333	34.662045	52.234253	-59.010616	146.0	150.0	148499	47.48787	21.015816	106.84208	-14.175325	-47.87364	8.179871	932.6820893287659
136	6.4835052	36.086266	74.51973	-31.604666	1.892959	25.998129	46.83089	-55.831966	150.0	141.7	149599	46.63368	19.927038	102.496376	-11.535516	-47.008965	7.2125006	939.204204082489
137	-8.9629345	29.530264	60.9681	-42.45987	8.493849	23.747042	55.088543	-31.188429	140.125	148.55	150699	45.12528	18.7096	99.53939	-7.8534436	-45.491043	6.65848	946.5249435901642
138	5.483497	14.314997	21.800104	-22.85345	9.69248	25.320145	50.452793	-45.121582	144.42857	136.1	151799	41.75844	17.570623	96.0035	-3.2116146	-42.14344	5.054867	954.0255959033966
139	8.396231	14.618804	22.883657	-16.000353	10.994019	17.777004	48.086884	-36.22273	145.75	127.1	152899	37.818436	16.798214	95.86252	-6.1644135	-38.282898	4.6750665	961.0686266422272
140	-1.4111285	37.592308	48.381283	-56.921165	2.9750009	24.083353	61.815353	-28.201925	134.625	146.25	153999	35.93294	16.14655	105.373535	-5.710824	-36.422565	4.375921	968.6555752754211
141	5.764132	24.502007	32.831226	-46.47558	9.513936	30.970371	64.02771	-68.67817	139.75	149.95	155099	35.329945	16.226074	107.70091	-17.248217	-35.81938	3.5785143	975.8574848175049
142	4.3580704	20.53002	31.267778	-28.678164	10.053579	27.687542	44.137005	-84.29209	143.875	148.55	156199	34.390514	16.11695	109.586136	-11.8030405	-34.829704	2.5040267	982.8635005950928
143	-8.147042	21.490881	20.454046	-41.321465	-3.1938457	24.076332	48.37239	-55.507664	150.0	147.0	157299	34.24877	15.943798	111.801704	-14.685649	-34.655468	1.9677521	990.4333965778351
144	-4.333982	23.08578	31.444519	-26.844557	4.274325	17.516464	31.471386	-30.535208	150.0	150.0	158399	35.31839	17.383595	118.05045	-14.095122	-35.735325	2.1412382	997.2076640129089
145	-14.374599	18.633436	24.855862	-35.744812	-11.148947	19.579329	22.610342	-50.092503	133.375	131.2	159499	34.723423	16.97773	118.3478	-18.496555	-35.080303	1.9366978	1004.00754570961
146	-15.082465	16.732899	19.31437	-40.939255	-9.4574585	27.608038	47.35413	-63.55587	136.33333	128.8	160599	36.402954	18.14588	113.22836	-23.59615	-36.767498	2.7125196	1011.3625676631927
147	2.707065	33.478527	43.138138	-67.452805	3.7312095	24.284233	57.890156	-31.13716	145.14285	147.1	161699	36.698368	17.60444	107.698296	-25.437922	-37.08363	2.689409	1020.3565716743469
148	6.3805246	12.090928	25.563385	-10.455746	1.494961	16.603006	49.42521	-30.719177	140.5	140.4	162799	36.85931	16.270807	100.68852	-15.895575	-37.233845	2.3005779	1028.801204442978
149	12.727172	25.573927	74.15633	-17.01042	5.7932534	18.286034	52.626446	-23.107733	138.25	140.95	163899	37.2893	15.293231	102.33881	-17.626316	-37.644432	1.7753079	1037.4179453849792
150	2.3951735	19.161217	32.4703	-37.157944	-4.121768	23.10345	45.633423	-58.040295	144.0	136.5	164999	36.855675	14.989318	96.09298	-10.98457	-37.241238	1.7719008	1047.0884184837341
151	-8.274933	23.173231	21.432001	-48.193016	-1.0050676	18.253786	33.795086	-49.396122	125.625	136.65	166099	35.73988	15.004051	105.918945	-15.3060465	-36.111683	2.702968	1056.3358602523804
152	-6.1729302	23.285908	25.703568	-46.32907	-21.580357	21.673925	18.122564	-61.620728	131.77777	141.5	167199	35.61669	15.059846	94.7893	-26.296783	-36.004715	2.3111298	1065.3385317325592
153	-15.139391	18.778532	15.702794	-36.148853	-8.384753	18.144884	21.112894	-47.787674	132.125	144.5	168299	35.45477	15.313246	102.47588	-35.28281	-35.850098	2.0381134	1073.8613719940186
154	-7.2218018	28.391893	25.10653	-52.28659	0.25665942	17.899315	32.011288	-39.394466	146.14285	150.0	169399	37.208656	16.393747	104.94156	-29.126225	-37.659084	2.2183816	1081.5383236408234
155	-6.06995	34.14867	40.531357	-83.72221	-20.183657	30.980078	31.278637	-64.862656	150.0	146.25	170499	38.620514	17.607735	108.086205	-33.128414	-39.108192	2.5694234	1090.6911022663116
156	-14.800608	24.95472	36.941593	-43.38454	-2.599078	19.155828	50.46562	-31.147688	141.25	133.8	171599	41.690243	19.154842	109.99567	-26.529179	-42.234127	2.5156596	1101.015558719635
157	-4.62898	26.631083	40.929268	-52.12952	-7.393602	29.385708	33.886566	-83.28544	150.0	145.85	172699	43.879803	19.359644	111.42695	-26.057714	-44.47176	2.52898	1111.7441272735596
158	-0.6818423	31.175518	43.25879	-40.974804	-6.2562456	26.716846	33.9137	-71.32586	139.375	140.95	173799	45.66791	19.104168	113.22616	-22.053913	-46.25936	2.844772	1122.8447351455688
159	4.3843412	17.053488	26.293447	-30.720371	7.7520423	25.220499	47.188274	-39.9167	146.57143	145.45	174899	45.93139	19.28817	115.113785	-36.26339	-46.52877	2.9029386	1132.1917340755463
160	-2.3892832	14.716671	17.688416	-22.231846	-4.088943	23.594099	49.025124	-38.097626	143.75	138.6	175999	45.928783	19.121141	114.15328	-25.357145	-46.46517	2.4432442	1141.9851160049438
161	-3.0812488	26.659712	41.685753	-53.038944	0.28737658	24.38104	31.827972	-59.99869	140.75	143.05	177099	44.530846	18.68453	115.08356	-16.888966	-45.004498	2.7246099	1152.2940645217896
162	8.778424	20.713373	49.624653	-12.940867	-16.524578	31.76921	20.761663	-69.75342	150.0	137.6	178199	43.538258	17.95673	101.48389	-14.728583	-43.96294	1.8750747	1162.223326921463
163	2.4640453	25.781788	39.05075	-38.860588	-4.386682	31.165033	49.206898	-75.3529	140.75	144.45	179299	43.01171	17.54649	95.658356	-14.856128	-43.41157	2.4081533	1171.1683523654938
164	-5.267359	19.641104	15.42972	-51.285664	-33.581196	40.208843	54.01579	-86.72655	140.125	126.45	180399	43.110264	17.370886	98.17776	-21.231392	-43.507786	2.0974717	1180.4944288730621
165	-11.416294	33.858356	44.771484	-68.17693	-14.629053	26.578993	46.972878	-57.974804	127.0	139.0	181499	43.5164	17.364851	101.7251	-22.76566	-44.023342	2.3367004	1189.9741327762604
166	-26.219105	24.676823	24.97789	-55.947903	-8.310485	30.333395	48.351696	-68.52537	104.8	137.45	182599	45.3183	17.019428	101.26907	-24.191973	-45.912678	2.3518634	1200.4322555065155
167	-9.575979	19.171597	21.339884	-38.24825	0.0071130157	24.710445	44.546482	-47.706757	133.125	146.8	183699	47.12157	16.941828	95.71427	-20.022951	-47.74231	2.0686345	1214.0522863864899
168	0.17519324	25.719536	47.18463	-39.50686	-0.7819395	24.726435	40.37713	-54.778793	149.71428	139.25	184799	47.63299	16.103456	97.848564	-20.3508	-48.187634	2.0774355	1226.4172637462616
169	-10.81427	40.766182	60.33301	-47.869442	-11.849924	20.881872	32.86898	-53.742416	131.44444	148.8	185899	47.88621	15.998567	104.80502	-21.612614	-48.394043	1.9719671	1237.2744586467743
170	-1.8076857	22.13155	42.20316	-28.891792	6.5614524	17.83333	31.646984	-33.662094	144.125	150.0	186999	47.98705	16.89578	103.93909	-23.555521	-48.55574	2.0940917	1248.0317044258118
171	10.88096	19.316727	43.477943	-23.261644	-9.181897	23.128513	33.307518	-72.99131	150.0	150.0	188099	48.297928	17.160427	102.69999	-25.449474	-48.897636	2.2101943	1259.1119995117188
172	4.272799	26.860237	58.460526	-27.868235	4.86463	27.960398	60.858532	-43.151905	150.0	146.0	189199	48.56625	16.564325	99.96656	-23.655396	-49.14276	2.0417852	1270.2323346138
173	12.086084	15.400892	34.702694	-20.332417	-6.464747	22.446405	59.723362	-35.632175	150.0	150.0	190299	48.870525	15.621359	96.67005	-24.15351	-49.346233	1.7342137	1280.9959127902985
174	-4.5931067	14.213469	12.962905	-25.96287	-4.3547254	18.586025	40.795166	-41.51376	150.0	150.0	191399	49.65623	14.328604	94.80261	-24.042467	-50.083755	1.5069691	1291.372390985489
175	4.7555127	20.65686	54.06567	-11.6967	6.9576235	14.046679	36.01203	-16.663761	150.0	150.0	192499	50.59045	14.011847	96.9515	-20.352156	-51.01894	1.576563	1301.8763406276703
176	-3.2630417	22.285292	32.524235	-43.906975	-19.345457	30.280716	47.061546	-79.32979	145.625	130.9	193599	50.753323	13.487752	98.64603	-20.277042	-51.148808	1.5642555	1312.3321902751923
177	-3.5108955	24.147697	30.5187	-42.42852	-6.8127775	16.105621	26.933163	-40.546272	146.28572	141.35	194699	50.446724	12.63353	106.114334	-11.96092	-50.834274	2.175154	1322.6016297340393
178	-9.758568	28.47152	44.816917	-53.388615	6.451064	21.101603	35.35883	-42.54179	122.22222	139.95	195799	49.200554	12.9664135	135.16519	-25.496933	-49.58504	3.581824	1332.9036014080048
179	0.4826249	20.23225	27.182346	-29.588749	-1.2818401	23.649704	39.361633	-35.164806	150.0	136.85	196899	47.224525	13.898507	135.24341	-1.4515536	-47.636814	1.9494236	1343.23619222641
180	4.4150357	11.686645	17.904898	-17.987751	7.5839243	19.421038	43.7521	-42.083363	139.57143	150.0	197999	46.77413	15.050708	132.45305	-6.9700313	-47.237804	2.0594146	1354.4264414310455
181	7.2247624	22.456505	31.282427	-37.255856	9.536362	24.00415	59.13382	-29.623262	140.25	145.4	199099	46.751762	15.208725	128.08008	-12.132906	-47.230133	3.594709	1364.5906956195831
182	-3.3040075	27.731672	38.744926	-69.20354	-7.31409	32.349487	47.789833	-77.69488	131.55556	145.95	200199	45.855427	15.510366	124.35955	-11.551491	-46.33512	3.29925	1375.5626509189606
183	9.53757	27.41695	40.645214	-43.25967	-1.6984293	33.633717	48.37334	-69.194496	140.875	133.6	201299	45.27284	15.942224	122.45774	-8.871277	-45.774567	3.2724233	1386.0920057296753
184	-5.788961	39.356415	46.07211	-55.259216	19.142975	19.898146	49.94243	-22.05588	139.0	147.75	202399	45.69731	17.917263	130.01076	-16.726812	-46.195747	3.8930633	1398.0887744426727
185	0.7216606	25.160147	33.046974	-37.832455	20.041332	18.34706	54.768047	-8.681411	148.125	150.0	203499	45.59633	18.271841	134.79753	-21.71101	-46.078114	4.2548685	1408.946380853653
186	17.601715	16.997923	51.215748	1.1994977	11.074957	20.574104	57.02282	-20.646933	150.0	147.45	204599	45.40354	18.02128	136.48824	-17.114473	-45.85738	4.3332324	1420.207407951355
187	14.779104	19.373463	50.735703	-14.452413	-9.511581	29.395693	50.5618	-56.396046	150.0	126.85	205699	45.553204	17.154324	115.96214	-16.14291	-45.974636	3.2238848	1430.9997429847717
188	-4.186259	16.66262	16.942892	-30.633488	2.1613605	21.771732	32.04463	-51.16736	120.22222	140.75	206799	46.06501	17.012712	113.95677	-14.642272	-46.455177	2.4474611	1442.3517889976501
189	-12.103376	32.5366	58.314487	-55.28966	-22.958569	32.23945	50.0815	-66.22576	116.666664	120.2	207899	46.00524	16.536196	109.6592	-16.15239	-46.407146	2.018512	1453.0099375247955
190	-20.372574	29.92806	43.57458	-56.53652	-19.49595	26.883312	48.012505	-63.67789	131.0	137.9	208999	47.317284	16.350481	108.48572	-14.982132	-47.726437	1.9489337	1464.328988790512
191	-20.472984	29.000668	52.398197	-40.729427	-6.9601073	26.96481	48.018265	-59.655605	131.77777	146.8	210099	47.942966	16.080133	107.395775	-15.987909	-48.3345	2.3606894	1475.652067899704
192	-23.525118	22.136902	22.506401	-57.258087	-3.2314484	22.653364	47.986755	-40.61086	141.625	147.55	211199	48.189957	15.43684	142.00777	-15.353095	-48.620354	2.5846133	1487.4906239509583
193	6.924445	23.479866	45.02139	-25.485685	-2.7617183	27.280222	45.949455	-54.872032	150.0	147.9	212299	49.017338	14.268862	93.66685	-12.291475	-49.417946	1.7980211	1499.0746800899506
194	20.10103	20.756693	49.20238	-6.2560205	-3.2391415	23.976694	35.298874	-73.514984	150.0	147.65	213399	48.68317	14.207306	99.647385	-15.395567	-49.070366	1.7054663	1510.0090990066528
195	-11.796762	28.594753	34.460396	-73.623474	-1.6766227	24.538551	46.240623	-53.981224	146.75	113.3	214499	47.67399	14.609139	104.747345	-18.552643	-48.039707	2.0127282	1521.079951286316
196	-0.17533916	24.211943	28.88827	-34.789593	8.87164	29.63783	56.968807	-58.899666	115.666664	130.65	215599	46.47207	14.432985	110.0986	-25.05719	-46.84105	2.1487868	1535.782389163971
197	-2.9351964	15.840595	13.621539	-30.788292	-10.385608	32.211906	75.48182	-50.704998	118.2	110.4	216699	46.306026	14.652303	109.84136	-30.906582	-46.673084	2.2529354	1549.5247263908386
198	-25.015053	18.597775	2.7997613	-52.276577	-18.399113	25.750448	31.295969	-56.3704	83.75	136.75	217799	45.343426	16.143793	149.84772	-28.313532	-45.78378	4.5686836	1565.3016345500946
199	-18.189802	16.262667	18.683584	-37.74019	-2.6520019	18.36244	39.319378	-37.44167	150.0	146.25	218899	46.752014	18.041378	130.1923	-26.541704	-47.35355	4.900593	1578.9258551597595
200	-15.879851	28.33434	17.588436	-59.012184	-33.48411	19.864613	22.453375	-55.889984	142.57143	150.0	219999	50.19415	20.078646	124.06643	-25.17903	-50.955658	4.576463	1595.1874425411224
201	-25.06288	21.204718	9.715091	-58.69937	-27.840351	24.822308	51.76179	-59.061108	145.75	145.1	221099	53.572834	21.438322	125.55419	-20.540962	-54.328842	4.1366715	1609.7576384544373
202	-24.960167	24.420137	25.91969	-57.886097	-24.112434	16.346416	-0.67735314	-55.24805	132.5	138.25	222199	55.40598	21.878868	120.539375	-62.31933	-56.146843	4.7248855	1621.8145384788513
203	-14.703766	20.641869	10.900362	-42.580814	-14.71268	23.495457	23.74899	-69.06911	141.375	144.9	223299	56.676796	21.440628	120.13264	-49.379017	-57.377186	4.0835137	1633.6734387874603
204	-22.110453	17.15212	11.432559	-41.93444	-18.111467	17.310968	11.756952	-52.25586	150.0	141.75	224399	57.479935	20.751717	119.442825	-38.60955	-58.152386	4.0739336	1651.5753121376038
205	-24.02524	17.275007	7.0364976	-46.415855	-2.7468133	26.02613	51.821625	-40.437485	145.75	150.0	225499	58.10571	19.120684	114.99841	-22.444466	-58.68875	3.5480874	1663.9909431934357
206	23.878033	14.71513	51.181046	0.6781456	4.183385	25.197306	65.68311	-44.35994	150.0	149.5	226599	58.02493	16.561302	107.58326	-11.808202	-58.54464	3.23505	1677.0343551635742
207	7.7307625	18.021358	44.50996	-15.738683	10.346337	23.285955	43.330635	-38.180504	150.0	150.0	227699	55.724815	15.621512	107.6647	-4.882285	-56.232544	2.9597244	1688.1174104213715
208	24.026499	25.543453	54.058887	-19.346672	24.701687	26.68963	61.551258	-36.70867	150.0	150.0	228799	53.892464	15.371063	97.72598	-4.221732	-54.395077	2.6214712	1705.9807963371277
209	19.237505	23.113367	59.476265	-10.495788	23.278416	22.388283	77.92211	-26.696474	150.0	150.0	229899	53.075283	14.286466	97.40585	-4.026618	-53.514027	1.7452953	1723.0578808784485
210	25.530718	33.60653	72.369316	-34.30029	10.775683	19.957146	39.295376	-25.021774	150.0	150.0	230999	51.843975	14.009306	98.86059	8.344549	-52.248943	1.2896227	1735.600332736969
211	6.2771387	27.769922	50.857048	-34.612827	20.535177	22.661596	60.15568	-22.436247	150.0	150.0	232099	50.537823	13.855513	100.864426	3.1922297	-50.89308	0.98148906	1755.9073107242584
212	19.39446	16.64888	45.84217	-0.87576425	25.34792	21.240496	52.86465	-27.423788	150.0	150.0	233199	48.95412	14.382258	98.1481	-0.012243509	-49.259712	0.98935616	1772.9447801113129
213	17.696003	17.488983	51.83597	-6.791201	6.969729	20.365334	48.227394	-20.500458	150.0	147.0	234299	47.384666	14.577882	109.536766	22.067368	-47.64622	0.9363783	1786.2585492134094
214	-8.150861	14.346446	10.375899	-39.513634	-5.473809	44.32134	54.601776	-73.14272	150.0	150.0	235399	46.33713	14.072486	100.92051	14.247182	-46.58275	1.0155513	1800.0583283901215
215	-2.624089	39.37849	69.10785	-61.366238	0.90119183	34.083622	50.37439	-84.61622	150.0	150.0	236499	46.174408	15.293072	107.6703	14.522745	-46.414368	1.1408867	1814.5371315479279
216	-3.7071452	39.593155	43.05326	-65.71466	19.85389	31.512756	59.806614	-77.30459	150.0	150.0	237599	44.87227	15.518762	101.96452	18.59656	-45.10635	1.1147064	1827.2979214191437
217	-7.891003	27.442263	21.276842	-63.472736	11.558927	39.593163	76.84538	-55.269413	144.25	137.5	238699	44.018692	15.318624	96.19394	18.745275	-44.25684	1.0651278	1838.8433330059052
218	-3.6750457	29.571375	39.698246	-43.811115	12.837587	25.337332	60.93194	-46.943275	113.0	142.45	239799	43.867287	15.151179	94.12969	15.823127	-44.128025	1.7359796	1850.6734852790833
219	24.298746	29.413103	48.730606	-42.9641	9.524044	24.75157	44.808823	-42.247215	138.875	132.8	240899	42.786053	14.722895	89.17449	8.185822	-43.045708	1.5817689	1862.099625825882
220	13.413374	34.33956	48.30473	-50.963974	14.222948	23.416237	43.35264	-45.68026	137.125	142.4	241999	42.131355	14.600701	93.37748	1.2152203	-42.381516	1.0809463	1873.955063343048
221	22.370838	12.410974	38.94581	-0.81221074	12.8068495	19.803633	51.39133	-22.207964	150.0	150.0	243099	41.168114	14.997954	101.24706	-1.1074653	-41.42845	1.0438988	1885.775628566742
222	13.037146	15.168511	35.888077	-4.9415917	28.95785	13.04504	44.03461	4.072414	150.0	150.0	244199	39.637207	14.565841	106.298874	-1.8123693	-39.912025	0.9517087	1899.939934015274
223	17.873219	17.485235	44.91584	-4.644561	16.398531	19.323559	51.878815	-15.289919	150.0	150.0	245299	38.086784	14.214084	106.206985	-1.5314436	-38.37449	0.9872632	1911.4137468338013
224	16.004353	9.330842	31.70805	3.189283	17.592466	20.915049	51.37485	-28.521313	150.0	150.0	246399	36.35117	14.275214	103.19196	-1.2265952	-36.64871	1.0002099	1925.391628742218
225	7.3658714	21.639463	54.30778	-16.688118	15.126988	22.452152	46.32386	-27.065878	150.0	150.0	247499	34.711803	14.234325	99.7972	-0.6031122	-35.021698	1.0667503	1937.6530740261078
226	19.586805	9.532661	31.44276	0.42496198	3.8482232	29.686575	49.159252	-49.014656	148.125	150.0	248599	34.256027	13.926386	134.5308	-1.7255025	-34.516865	1.0612984	1949.8132519721985
227	10.729834	22.049915	53.49309	-18.579817	3.0930905	28.388042	48.406883	-49.328465	150.0	139.0	249699	34.321156	14.200837	116.73282	-5.2413177	-34.559517	1.0165151	1962.4028625488281
228	27.346483	16.69869	60.9325	1.8060044	6.8220496	30.913055	47.92812	-39.942013	150.0	126.65	250799	33.41491	14.090237	93.292534	-2.421742	-33.637024	0.94634986	1974.2601344585419
229	-10.511644	31.519081	26.007023	-57.074837	6.485827	28.409904	56.051655	-65.54802	131.125	135.85	251899	33.349056	15.286753	93.90264	-8.49233	-33.582058	1.044995	1986.5625722408295
230	1.1183996	25.480011	34.216347	-57.51152	3.8620777	25.437452	53.870213	-54.869713	141.0	142.25	252999	33.257412	16.712202	98.44747	-8.659664	-33.548027	1.1989462	1998.412225484848
231	-21.192236	34.817455	31.816256	-62.645985	-10.9090395	23.94846	43.57326	-53.78503	131.75	136.35	254099	35.12744	17.845535	101.32024	-11.621292	-35.467335	1.7422886	2009.0687885284424
232	-23.719765	16.227451	-1.2283751	-45.390472	-39.20077	26.11486	9.672574	-78.736916	135.25	133.2	255199	37.534496	17.860744	100.44368	-12.227401	-37.958183	2.022622	2022.1528103351593
233	-37.64938	23.966417	-3.2737925	-77.135956	-35.653168	31.366707	16.032099	-97.04533	127.111115	115.7	256299	40.0787	17.758293	99.54308	-11.117706	-40.539772	2.0980735	2034.0159335136414
234	-33.706074	13.657798	-16.10699	-66.43101	-20.095287	27.599728	44.46014	-57.734528	107.0	137.25	257399	41.133602	17.42638	117.929016	-11.893647	-41.63616	2.9740481	2045.6730275154114
235	-25.181847	20.85008	7.894549	-59.030617	-2.7525373	22.693134	37.524532	-58.42977	146.375	148.2	258499	42.129955	16.660612	112.62836	-7.5386944	-42.647736	3.1202345	2058.491486310959
236	-3.460036	19.226677	19.440289	-28.836397	-5.9450383	21.348238	39.79856	-52.05736	150.0	140.7	259599	42.69881	15.955691	107.51629	-9.766268	-43.19535	2.35477	2070.6235795021057
237	-22.970184	18.218067	9.706358	-53.602833	-14.961166	29.543312	53.157055	-58.25152	150.0	141.95	260699	42.46399	15.682435	103.46571	-10.746774	-42.96306	2.2916083	2082.1380937099457
238	-7.805169	22.317045	21.42587	-47.051594	-1.2582333	18.127827	31.912193	-38.981194	124.111115	142.8	261799	41.899994	16.10425	104.98162	-14.9014015	-42.443382	2.6154652	2094.5913915634155
239	-8.695278	23.991936	9.9531355	-68.18854	6.526889	16.36547	31.607323	-19.176998	135.75	147.85	262899	40.64028	16.10561	106.67928	-13.575132	-41.187706	3.9970982	2107.64550447464
240	-3.7235885	26.13957	25.61919	-61.384956	9.178728	14.9065695	32.725986	-24.344027	145.125	141.55	263999	39.963417	16.499376	104.68825	-13.627459	-40.539093	3.7706969	2119.4257175922394
241	-8.082141	17.915545	17.852207	-34.578117	-17.457806	19.145922	30.392424	-44.158897	150.0	150.0	265099	40.299934	15.567674	98.19553	-20.93161	-40.88583	3.2627926	2131.2613785266876
242	-22.525946	19.252651	6.549889	-49.189007	-11.231222	29.068995	41.596348	-59.251026	147.875	145.15	266199	41.3587	15.362779	96.99034	-25.962147	-41.89538	2.3159738	2143.5137243270874
243	-16.97613	18.99774	21.539078	-43.465134	-5.063998	14.179234	19.869968	-34.51903	149.71428	150.0	267299	42.041332	15.545958	99.740555	-30.070078	-42.56096	2.9366043	2155.90993309021
244	9.769584	24.76399	38.69951	-30.500942	-8.053983	12.735364	11.981056	-29.51225	150.0	150.0	268399	42.096916	15.253831	111.65231	-47.50693	-42.605278	3.1496615	2168.111177444458
245	3.8084362	10.630206	28.607527	-7.377536	6.199335	16.40786	32.786304	-31.448717	150.0	150.0	269499	42.788326	14.445945	98.20514	-42.757614	-43.28851	2.6192055	2180.297823190689
246	-1.3108902	14.927917	31.011793	-22.623348	-10.344938	15.209681	22.071156	-33.246304	150.0	150.0	270599	44.88312	13.941642	93.64137	-10.118296	-45.30839	2.115256	2192.0790631771088
247	-11.459369	16.232374	7.6032057	-43.143566	-17.442059	15.99884	22.30451	-38.82967	150.0	146.55	271699	46.32844	14.297044	93.61253	-2.696802	-46.714176	2.1449618	2203.892569065094
248	-9.480175	19.97584	23.440327	-43.080894	-24.29295	29.668652	40.635796	-89.44699	150.0	150.0	272799	48.348873	15.033674	93.762886	-3.588949	-48.71791	1.8867744	2216.4190361499786
249	-9.524782	36.76471	50.038345	-63.500946	-5.682939	22.631496	30.034063	-42.64215	150.0	150.0	273899	48.89211	14.920422	116.12615	3.3351731	-49.2677	1.8339022	2228.1938922405243
250	-33.18267	46.169617	21.95473	-100.34123	-15.645086	27.841425	38.660294	-61.94929	144.125	149.75	274999	50.6207	15.594972	119.24696	4.134125	-50.97804	2.7769642	2239.7586121559143
