Epoch	AverageEpRet	StdEpRet	MaxEpRet	MinEpRet	AverageTestEpRet	StdTestEpRet	MaxTestEpRet	MinTestEpRet	EpLen	TestEpLen	TotalEnvInteracts	AverageQVals	StdQVals	MaxQVals	MinQVals	LossPi	LossQ	Time
1	-38.758892	19.7978	-2.2143352	-62.437817	-32.65531	10.841646	-7.085735	-54.597183	140.42857	52.25	1099	-0.11219047	1.0336117	31.58161	-17.463783	0.063823864	0.9768426	1.0297753810882568
2	-30.90566	20.779697	3.736526	-85.2764	-25.750614	11.432203	-5.3954654	-41.142597	66.111115	45.55	2199	-0.92571235	1.297903	13.994475	-8.17731	0.90578204	0.15395574	6.648284196853638
3	-26.787365	16.048235	11.035552	-44.910046	-18.598133	19.36321	8.538864	-46.49475	51.090908	49.85	3299	-2.701448	2.8150702	6.112176	-14.015035	2.6314194	0.5513049	13.142337560653687
4	-25.176373	15.81544	9.984525	-45.676723	-25.713049	17.056545	7.9386964	-48.669468	49.227272	48.05	4399	-4.4470863	4.4820075	11.626911	-16.030579	4.3854146	1.2342926	19.467711448669434
5	-28.030546	12.319047	3.8218927	-46.65195	-24.790752	15.73616	-2.3135812	-52.74512	50.904762	81.65	5499	-6.3426266	5.9858975	17.666864	-16.614908	6.1964765	1.9183934	26.125773191452026
6	-44.87164	20.497307	9.749262	-61.88855	-38.250664	22.247278	9.629362	-74.722046	100.0	73.85	6599	-6.1354675	6.3855963	21.646313	-17.103642	5.774691	1.6463199	33.9537148475647
7	-36.71217	18.47639	-0.32450497	-59.46033	-33.079094	19.019186	2.0784566	-62.689827	80.14286	82.25	7699	-6.028389	7.0324965	20.397238	-21.507648	5.7624364	1.7626178	41.292192220687866
8	-33.131065	21.946568	4.8414316	-73.002235	-39.347702	23.206074	8.092344	-70.13057	78.64286	98.8	8799	-6.0185986	7.4340935	25.769222	-22.797743	5.757088	1.9736408	50.9479033946991
9	-30.043268	13.032236	-13.762279	-56.06374	-28.649506	13.573724	1.5069494	-46.32148	106.7	112.15	9899	-6.2238717	7.1437716	22.031355	-21.932146	5.892055	1.9486386	60.514506578445435
10	-28.095474	16.750732	7.692056	-55.9513	-28.51914	16.809397	4.2690964	-58.541183	123.77778	121.9	10999	-6.0635047	7.0814524	22.294315	-18.971096	5.7290206	1.8087822	68.0817756652832
11	-19.973763	19.149654	7.289548	-41.61414	-25.824398	19.620054	13.707376	-65.89942	100.0	111.6	12099	-5.5028744	7.1415696	22.898298	-18.53195	5.181058	1.6808016	75.95951223373413
12	-28.472902	14.247824	-4.6157765	-52.575527	-25.827168	19.141102	8.269452	-58.228447	103.90909	94.6	13199	-5.4007187	7.1288133	21.863697	-18.036446	5.122507	1.3957599	83.75622773170471
13	-33.239895	12.218847	-13.841502	-50.15495	-23.893803	18.593904	8.405738	-50.35084	93.454544	85.3	14299	-5.5474644	7.4787717	26.751104	-18.39262	5.2904086	1.4799646	92.21398901939392
14	-27.278973	22.593521	5.190975	-61.49269	-20.969181	15.155672	5.1773033	-43.742836	111.7	121.15	15399	-5.671111	8.274418	25.821663	-20.526623	5.4170794	1.5174797	100.08515310287476
15	-19.800694	17.293997	5.132277	-43.3118	-17.070759	12.716492	4.2315207	-40.016693	115.0	111.75	16499	-5.8505425	8.834846	28.66993	-22.056004	5.622768	1.4967647	107.637704372406
16	-20.977192	15.527576	13.165959	-36.51092	-16.267447	19.367125	24.423927	-64.16961	121.77778	116.85	17599	-5.856975	9.336082	31.21747	-23.226608	5.651733	1.5618459	114.9336211681366
17	-24.18135	22.853773	17.733265	-44.59777	-20.145044	23.598494	27.166082	-55.370113	131.375	136.35	18699	-6.1704464	9.95604	34.224224	-24.49357	5.954638	1.6950243	122.12947201728821
18	-16.130201	16.753937	4.3155084	-47.79171	-17.788876	17.121006	12.451598	-46.58932	137.25	143.65	19799	-6.045861	10.2676115	35.375565	-28.389805	5.8073397	1.9013228	129.59830141067505
19	-13.369254	17.147793	10.293421	-44.05408	-17.99251	15.103264	4.70776	-43.08231	137.25	137.3	20899	-5.508449	10.296492	39.57168	-30.288496	5.25508	1.7199961	137.298157453537
20	-24.860678	19.187529	5.0960994	-56.09407	-17.405117	19.766314	35.44498	-42.72937	123.22222	122.45	21999	-5.108245	10.624654	42.296593	-26.165918	4.8852057	1.667721	144.18222212791443
21	1.018419	20.280647	44.318462	-21.242216	-6.632403	25.487019	52.169247	-43.652718	150.0	134.35	23099	-4.6983323	10.865971	44.056496	-26.329386	4.5111003	1.4816761	150.92789959907532
22	-0.48570052	16.26861	35.216267	-21.912828	4.291917	24.704996	64.49321	-30.283743	117.5	116.25	24199	-3.6913633	10.922123	44.55045	-26.339153	3.4132764	1.328475	158.06625127792358
23	-0.8110062	17.399536	38.76482	-28.447866	-10.928301	26.096703	36.486565	-77.94676	111.5	114.4	25299	-2.0990942	10.620728	46.40537	-32.354275	1.7865639	1.2445606	165.2318766117096
24	-3.3657482	19.322527	8.791941	-49.554672	9.16433	20.801178	46.718044	-28.726652	148.85715	112.65	26399	0.47922245	10.6255	47.10286	-26.625448	-0.78651744	1.4801744	171.78958439826965
25	8.193803	9.601351	24.31703	-6.7119875	20.161942	16.800535	63.256477	-7.0567083	138.25	141.5	27499	1.8113061	10.097756	47.175198	-24.052204	-2.1057076	1.2690914	178.95928835868835
26	15.534871	18.74603	44.05001	-11.417139	20.173916	14.4264965	51.70239	-1.1589773	150.0	145.4	28599	2.6859677	9.920761	47.9997	-24.034357	-2.9723258	1.1089567	187.33810377120972
27	26.142841	15.859105	49.910187	2.3211076	16.362335	12.40097	47.896847	-6.012432	150.0	150.0	29699	4.4598613	9.652127	49.161037	-19.996813	-4.775134	1.0582963	194.6009442806244
28	19.89281	17.546942	45.43534	-8.48676	16.69601	11.230464	44.057076	-5.074933	140.0	150.0	30799	6.2344494	9.232954	49.607765	-16.64209	-6.542471	0.8510706	201.8135712146759
29	15.991598	12.331541	38.524185	-7.53864	15.977902	14.65813	39.904396	-13.595168	150.0	150.0	31899	7.442931	8.557662	43.55263	-16.00138	-7.7272034	0.80141044	208.38641047477722
30	10.255879	10.26228	20.915815	-3.1962173	12.430676	19.509996	61.121407	-13.814503	150.0	150.0	32999	8.298514	8.166413	53.492058	-15.937149	-8.568974	0.8135689	215.80061888694763
31	3.2386928	20.168571	43.384216	-28.023613	5.1757917	14.389008	32.65228	-17.268045	138.0	145.3	34099	8.97002	7.527517	50.120777	-14.792718	-9.224155	0.77086115	222.38480281829834
32	10.839006	13.5303755	32.242046	-15.338864	9.703851	18.31431	42.876762	-25.19971	136.375	137.75	35199	10.0814705	6.9900923	56.513027	-13.0362425	-10.366936	0.6600558	229.80763149261475
33	17.769554	13.521225	33.961777	-12.424891	5.1492605	20.8241	41.23592	-34.606716	142.75	141.25	36299	11.73589	7.44738	52.51544	-10.519022	-12.003313	0.9133097	236.61625480651855
34	9.118112	22.121344	27.706644	-42.37403	10.50092	14.998667	30.07729	-22.310564	150.0	144.35	37399	13.009942	7.5213594	52.344807	-6.7641044	-13.312473	0.80013216	243.3737404346466
35	12.107279	7.207523	20.410872	-1.715846	15.790105	16.67917	58.125748	-9.50732	138.375	145.3	38499	14.072029	7.698034	56.166634	-5.476043	-14.397077	0.7795119	250.12001967430115
36	2.7168045	18.07512	32.994114	-17.000584	1.074302	22.14134	28.880075	-52.183853	142.5	145.45	39599	14.709272	8.152774	60.21205	-5.605533	-15.014583	0.8101546	256.7782039642334
37	3.6412065	15.60004	21.645226	-29.427164	5.1694975	17.386412	37.690765	-25.572662	127.666664	138.25	40699	15.9110365	8.931274	63.44331	-5.316177	-16.213228	0.9948522	263.2752914428711
38	3.171087	14.676868	20.941565	-15.470039	1.6619307	17.902185	36.814873	-35.268166	150.0	135.4	41799	17.220398	9.898838	65.35065	-4.8044353	-17.515327	0.98879814	270.13944268226624
39	3.6619885	17.593233	26.169067	-34.69161	16.695042	17.615032	52.09744	-12.049908	119.22222	150.0	42899	18.098495	10.7339325	68.43037	-4.0944366	-18.405891	1.1601009	277.0273823738098
40	14.532976	15.541774	36.690304	-6.810756	16.973562	12.222214	41.854797	-4.164559	150.0	150.0	43999	18.284754	10.795563	69.4387	-4.290025	-18.629536	1.1852312	283.912850856781
41	34.727097	9.66784	43.85376	18.42981	25.06138	18.587872	61.305283	-5.7009788	150.0	145.25	45099	18.902555	11.064547	59.787987	-4.5236	-19.26644	1.2245464	290.64456248283386
42	31.42958	12.520467	51.936012	12.548569	21.517612	15.744686	43.977093	-4.67383	150.0	150.0	46199	19.481857	11.508284	60.484684	-4.5142617	-19.818743	1.3004148	297.5624966621399
43	24.09804	7.8449507	33.78503	11.957756	22.83329	15.382123	55.65674	-5.8316617	150.0	145.2	47299	20.138298	11.863418	66.47279	-4.6197753	-20.445179	1.5417434	305.3310959339142
44	12.606232	13.987384	27.579298	-17.25141	17.573092	15.15043	59.53886	-1.5223019	150.0	150.0	48399	20.390928	12.296999	68.9297	-4.5894055	-20.681816	1.468713	312.67345690727234
45	22.42507	16.667215	43.17091	-3.5456285	21.080418	14.283127	51.55043	-1.5486597	150.0	150.0	49499	20.137596	12.086297	69.54135	-4.3631988	-20.449997	1.4834588	319.8524053096771
46	17.17576	10.57285	28.493668	-2.6662967	22.424543	19.565458	46.829136	-19.381529	150.0	139.75	50599	20.300951	12.051441	77.385925	-1.1976316	-20.604733	1.4052552	326.88841581344604
47	20.164856	13.795835	51.069622	3.8027923	10.572856	19.190084	43.658558	-27.487864	150.0	141.6	51699	20.35281	11.855963	83.66701	-0.7838208	-20.602299	1.0426227	333.4109425544739
48	13.407295	17.168835	40.021072	-9.413289	2.7169266	25.999252	52.75761	-53.622425	143.85715	120.15	52799	20.52484	11.742651	86.07969	-10.9176655	-20.792833	1.1911981	339.8262093067169
49	27.379042	18.515146	58.838757	-9.641183	8.123973	23.737411	45.314644	-46.686695	150.0	141.8	53899	21.979845	12.398654	84.442024	0.7948625	-22.258192	1.1820592	346.86495566368103
50	12.849788	19.907066	49.039948	-20.993631	7.540999	27.078009	61.810253	-41.106945	150.0	126.75	54999	22.340826	11.869029	85.34501	-17.495914	-22.615482	1.012409	353.695041179657
51	11.566682	18.300322	31.293236	-21.749275	14.447286	22.808521	41.882896	-39.987774	127.77778	135.0	56099	23.016544	11.658894	67.945274	1.869197	-23.314173	1.3406993	360.51076221466064
52	4.241534	24.348892	49.69271	-40.550995	16.182127	18.576149	35.891403	-42.566475	128.375	140.4	57199	24.36165	11.662437	75.66909	3.1278124	-24.666471	1.7465563	367.1589844226837
53	16.740509	17.19484	48.201477	-8.212877	25.351856	18.631216	54.96053	-7.5068617	135.375	146.35	58299	25.420317	11.684802	81.186485	4.689973	-25.778847	2.6543057	373.7264971733093
54	24.626045	13.500478	51.216297	11.003263	30.25409	11.518567	46.215168	7.006022	150.0	146.55	59399	25.901018	11.81029	70.47265	6.0611453	-26.2863	2.4701977	380.84126138687134
55	28.367292	7.0425005	42.193775	20.09036	21.482014	16.131231	50.436153	-4.699165	150.0	150.0	60499	26.193151	11.761592	76.40764	7.3625617	-26.584394	2.1541226	387.33156299591064
56	31.703962	7.086068	38.782574	21.56195	23.093601	15.223787	46.33438	-12.0675745	150.0	147.9	61599	25.946661	11.162221	71.56769	5.767358	-26.319315	1.6729838	394.3047490119934
57	24.0554	14.293577	45.528713	-4.6446233	14.358154	16.3035	36.130684	-24.405449	150.0	138.45	62699	26.555573	11.582072	72.576744	4.059054	-26.891476	1.7161858	400.90378403663635
58	22.74236	21.928455	48.63878	-17.718206	19.828152	15.99384	47.124756	-18.883406	144.0	146.65	63799	27.197796	12.066527	86.62167	3.0357656	-27.494886	2.1802757	407.75036334991455
59	5.829326	7.048193	14.702262	-5.6571426	17.357944	17.572218	40.474	-20.488274	150.0	146.8	64899	26.574034	11.702707	74.26413	6.2979255	-26.939487	1.9468703	415.0625853538513
60	21.338533	15.179544	45.168434	2.827226	20.306116	16.69076	46.004414	-14.396101	150.0	147.65	65999	26.139362	11.10062	82.45096	7.3149505	-26.473257	1.336301	421.6272623538971
61	17.019623	16.465206	44.25763	-6.989683	24.445805	17.238928	54.44725	-3.6392686	150.0	146.55	67099	26.595274	11.2249565	69.91401	7.454174	-26.849844	0.9903225	428.09595918655396
62	20.418316	22.556656	52.57344	-12.208864	23.96595	12.159349	46.17539	2.9207034	150.0	150.0	68199	27.29099	12.004687	83.52747	5.219444	-27.525948	1.149827	434.65258717536926
63	31.163929	13.391259	49.155876	6.1301045	16.151842	12.710861	37.1431	-8.888702	150.0	150.0	69299	26.812168	12.411918	81.55935	8.005311	-27.068567	1.084122	441.2224655151367
64	17.003931	13.271385	42.131382	1.3053018	19.324192	14.64693	42.534847	-4.509201	150.0	150.0	70399	26.149273	12.737265	81.50236	8.407962	-26.407166	1.0293494	448.09556555747986
65	28.016888	12.997218	43.69403	2.7467654	19.180828	14.40561	55.369087	-1.2402757	138.625	145.85	71499	25.215117	12.947624	108.197495	7.8167524	-25.478876	1.1122998	454.82216453552246
66	14.740042	13.204317	35.584003	-1.338173	19.916204	18.443274	59.415813	-17.525282	139.5	137.0	72599	25.354885	13.266149	105.149635	6.9875803	-25.634659	1.056741	461.44664239883423
67	25.949446	11.542374	48.089706	15.561334	16.526066	15.335869	45.42334	-9.786916	150.0	147.65	73699	26.025131	13.6021595	105.72458	5.916101	-26.31609	1.3020463	468.40464901924133
68	15.044391	20.88991	33.564087	-28.498308	15.053513	16.425028	44.11905	-14.470138	150.0	141.35	74799	26.34578	13.046505	103.03281	5.836203	-26.636234	1.2720245	474.625048160553
69	10.420363	27.729551	70.64604	-29.608528	14.309626	13.353515	49.04645	-8.409632	131.875	150.0	75899	26.704962	12.544174	102.19673	2.9407234	-26.957806	1.2489551	481.11473083496094
70	22.187845	10.922334	41.78142	8.450547	16.779036	19.008823	60.33007	-13.150855	138.625	145.35	76999	26.814156	11.909772	100.538345	2.6219382	-27.086206	1.225564	487.39276695251465
71	26.159317	11.9672785	40.571236	7.468229	21.32657	10.432674	45.070786	-1.5884899	138.875	141.0	78099	26.774569	11.450702	89.403824	0.48101157	-27.04273	1.1328827	494.6058669090271
72	34.42405	16.029905	52.236275	3.610057	22.652138	12.68701	52.645954	-10.554714	150.0	145.5	79199	27.394154	11.45539	91.87689	3.7186394	-27.651232	1.1224285	501.4091317653656
73	12.055414	12.736127	24.41574	-15.503742	23.641268	12.609505	46.83632	-1.0028555	150.0	150.0	80299	27.441256	11.000865	78.55126	2.6524649	-27.72231	1.0550073	507.992378950119
74	23.004257	6.6248546	34.440987	9.992975	23.765928	15.442522	46.802742	-12.147948	150.0	150.0	81399	27.764116	10.698061	83.91542	5.290426	-28.008533	0.9581625	514.7744307518005
75	21.027176	16.790499	39.94168	-12.017564	18.4576	14.813686	40.432846	-15.105419	150.0	147.3	82499	27.291143	10.370645	80.44673	6.73441	-27.517668	0.8554685	521.3379430770874
76	27.131836	9.555608	43.439507	11.331501	26.343271	18.65895	54.18818	-6.829719	150.0	150.0	83599	26.820063	10.002189	84.99893	7.0056305	-27.029058	0.72409046	527.690881729126
77	21.28529	17.604877	43.882732	-10.734681	33.51288	19.49177	69.884445	-3.1756022	150.0	150.0	84699	26.567265	9.623046	68.16305	6.487686	-26.750319	0.54279953	534.9118874073029
78	25.77367	19.943563	53.384953	4.766119	16.243748	17.10837	50.692986	-12.233587	150.0	150.0	85799	26.701265	9.387064	67.67833	6.0321326	-26.879932	0.49089643	542.557936668396
79	9.760172	14.448586	27.631893	-11.324299	22.018368	21.062986	62.41116	-21.48644	150.0	150.0	86899	26.611567	8.815006	65.09961	11.461536	-26.79545	0.39826494	549.6343801021576
80	17.1254	11.7582	30.842518	-1.959582	16.081453	23.41071	73.56095	-10.919198	150.0	150.0	87999	26.38776	8.338704	64.3284	8.256942	-26.56874	0.41746366	556.6221730709076
81	14.610314	16.011934	42.46874	-9.229997	13.954741	21.075607	56.152657	-26.764402	150.0	150.0	89099	26.120003	8.139534	62.361847	9.501604	-26.30929	0.4451198	563.4873824119568
82	21.759594	24.838951	62.12863	-10.552461	27.849857	20.885502	59.18146	-11.796028	150.0	150.0	90199	26.40378	8.18818	65.338165	9.454433	-26.616884	0.53530616	570.8013575077057
83	21.384905	19.674173	52.484253	-4.9474998	25.022278	16.24133	51.788822	-7.2581143	150.0	150.0	91299	26.682869	8.179961	74.39601	10.123775	-26.922777	0.55493736	577.5297141075134
84	24.50395	17.677511	45.910645	-5.399266	8.522051	22.457125	37.692295	-67.69704	150.0	145.6	92399	26.793697	8.553982	70.67916	8.988023	-27.029264	0.656483	584.4230964183807
85	24.871998	14.008037	44.15846	-0.34435403	18.887455	17.62678	57.72392	-18.126938	150.0	150.0	93499	26.903652	9.567152	76.189804	10.214198	-27.116507	0.66619384	591.9122452735901
86	10.87979	15.716417	44.38522	-8.31725	16.249386	24.897486	62.655655	-22.38153	150.0	150.0	94599	26.59388	9.723898	79.42632	9.988769	-26.789257	0.6153731	598.6975514888763
87	6.5834455	12.766056	22.039858	-14.477577	29.57742	20.048965	60.981586	-19.58825	141.375	150.0	95699	26.601198	9.961062	84.34904	10.38747	-26.839756	0.62641156	605.589697599411
88	24.461815	23.980524	63.045082	-11.722293	25.965693	23.530422	65.783195	-15.717013	138.375	145.55	96799	26.898577	10.101921	76.496124	5.2890463	-27.142035	0.6960833	612.0895607471466
89	29.91973	19.89384	52.420506	-6.696901	16.966806	17.781485	44.421196	-10.669274	150.0	130.95	97899	26.857422	10.443292	89.67793	-2.7476535	-27.095596	0.8690483	619.0614724159241
90	16.858074	14.20001	39.92162	-1.9755456	23.590939	17.751562	68.22563	-5.4974976	138.0	150.0	98999	26.5968	10.535888	84.51903	3.564349	-26.83148	0.81492245	625.7124795913696
91	15.202151	18.031017	49.457424	-9.489185	32.887287	19.464611	64.69206	-5.7090445	138.625	150.0	100099	26.231949	10.397483	73.2724	-1.3204058	-26.483456	0.76644486	633.017632484436
92	33.086323	10.216956	55.504406	22.422312	24.118835	13.362788	47.98477	-7.9470644	150.0	145.9	101199	25.96173	9.770071	95.60544	-6.290238	-26.216545	0.9036505	639.4095516204834
93	29.760452	16.91448	61.71768	11.092391	23.200932	11.653251	47.82868	1.8505814	150.0	150.0	102299	25.75334	9.524129	80.36242	1.2546806	-25.999016	0.7207369	646.8302052021027
94	12.688928	18.987528	51.12938	-6.976619	21.6712	20.518429	61.473164	-6.846362	150.0	143.2	103399	25.894161	9.7302065	78.12927	-0.48719257	-26.132483	0.69220567	653.3432788848877
95	17.385124	13.780114	35.079304	-4.306263	25.729176	15.41106	53.827408	-0.87799317	142.875	150.0	104499	25.940832	10.422202	90.41993	-1.0958169	-26.174946	0.8538874	660.5245940685272
96	21.613363	17.525944	50.54671	-8.137888	20.586126	10.692538	43.59968	5.262047	140.14285	147.15	105599	25.837803	10.403214	88.04765	0.71773344	-26.112623	1.1024303	666.70205950737
97	23.938316	17.485659	51.007645	4.5571184	28.11375	15.869419	68.33727	3.7562196	150.0	150.0	106699	25.340122	10.240768	82.611885	1.971859	-25.594635	1.0722599	673.7095084190369
98	26.790394	9.73939	45.095963	16.800615	27.82989	17.430374	62.937023	0.28141966	150.0	150.0	107799	25.332653	10.553969	81.43278	8.580279	-25.568727	1.0220765	680.2067031860352
99	18.792099	17.189226	45.607327	-13.130319	22.802952	11.389594	41.0054	-2.6630673	142.0	150.0	108899	25.430182	10.994932	87.2704	10.3108835	-25.662588	1.3260216	687.263341665268
100	27.76334	9.575746	43.846157	12.577155	15.291121	17.048803	54.145756	-22.24602	150.0	141.95	109999	25.17567	10.738107	85.579094	8.349487	-25.416132	1.1208072	693.7322971820831
101	32.2382	15.2747555	50.71484	7.1413107	26.512701	12.024442	47.608677	0.6134441	150.0	146.7	111099	25.415369	10.851573	81.47867	9.686016	-25.645168	1.0253993	700.5018968582153
102	21.044704	20.574728	43.750458	-7.481179	22.870346	18.1612	55.93946	-7.47903	150.0	135.1	112199	25.799082	10.686759	85.01773	9.893848	-25.997606	0.82841045	706.8047115802765
103	24.158566	15.887534	46.116615	0.7236438	14.879654	20.142815	49.9297	-15.652611	142.375	135.5	113299	25.51699	10.685305	81.996284	9.680318	-25.699564	0.89899594	713.0905339717865
104	17.656225	17.052616	39.603603	-9.917998	24.021444	18.082024	57.574398	-4.3561077	130.875	150.0	114399	25.883833	10.647827	84.66267	4.7697935	-26.093313	1.153968	719.5852310657501
105	11.379387	18.00959	35.69728	-18.601507	17.850243	15.623535	50.663666	-4.673035	123.666664	131.4	115499	26.18265	10.679705	76.01439	-5.992847	-26.427916	1.278282	726.1924324035645
106	24.028793	10.860699	39.657047	9.291485	19.51744	15.148598	47.158215	-20.639086	126.875	149.1	116599	26.45042	10.711324	78.78522	-9.6313305	-26.684557	1.4379963	732.4735453128815
107	16.261059	12.351846	33.010517	-5.7177944	19.952293	15.511024	48.667625	-5.475398	141.75	150.0	117699	26.500572	10.801951	80.67891	-9.7162895	-26.73394	1.4179193	738.7913074493408
108	20.454342	9.767289	32.84385	5.2097034	28.597391	15.285608	51.700127	-6.4608655	142.875	150.0	118799	26.517092	11.140276	87.71458	-7.745731	-26.774315	1.7794957	745.3790664672852
109	24.234722	16.605913	44.64878	1.987722	23.790075	14.151682	47.626743	-5.5508018	142.0	150.0	119899	25.833282	10.9794445	78.207054	-3.8087754	-26.106792	1.8650324	752.547755241394
110	18.826685	12.140622	32.336357	-1.0380524	27.184973	14.871116	49.722645	-2.3298142	150.0	150.0	120999	26.046658	10.87908	87.29891	-0.08922744	-26.323778	2.0552957	759.163455247879
111	22.463223	14.207165	40.442432	-8.985944	26.284103	16.20761	49.515728	-9.308144	150.0	150.0	122099	25.318865	10.553473	103.409935	0.65868706	-25.57679	1.779883	765.6581676006317
112	25.10491	15.812091	48.343216	6.2850437	21.985695	14.559538	46.226223	2.2189128	150.0	150.0	123199	25.134867	10.293704	79.810074	-0.80129826	-25.37622	1.5397273	772.3750066757202
113	21.197886	22.190302	51.730804	-9.588551	22.015057	17.172865	63.984028	-1.1322503	150.0	150.0	124299	24.988285	10.050646	84.14069	-4.6718707	-25.20892	1.1159803	779.036604642868
114	18.773363	15.462799	46.078964	1.4468428	28.474579	12.57512	55.26935	3.5221367	150.0	150.0	125399	25.01561	10.136412	68.55716	9.666213	-25.237524	1.0866145	785.9897701740265
115	26.803276	18.626995	53.322186	2.3885605	24.424173	17.30446	53.100685	-0.7499472	150.0	150.0	126499	24.8062	9.955506	83.103264	-6.8209453	-25.017746	1.0494237	792.4082717895508
116	17.400076	12.750791	36.588257	-0.12162556	20.428621	18.641401	46.194283	-13.634398	150.0	137.9	127599	24.62103	10.209904	85.87566	-16.171946	-24.838728	1.0077828	798.8374998569489
117	12.975054	18.803041	46.751476	-2.6869867	20.413893	20.881727	69.38012	-11.604322	150.0	146.65	128699	23.974327	10.002311	73.40465	8.566612	-24.167902	0.65041995	805.1479942798615
118	21.244793	16.389482	50.472816	-1.8343829	2.904871	24.793869	52.985023	-42.931183	150.0	125.5	129799	23.962683	10.263866	87.06158	-1.4111748	-24.151896	0.61925375	811.4458830356598
119	5.3999515	22.08202	27.142557	-46.830406	6.1407495	11.481053	27.281826	-12.636976	139.28572	142.0	130899	23.922342	10.102898	72.26306	4.474848	-24.141169	0.6623515	818.0161328315735
120	1.4813688	21.95818	31.2637	-42.055313	16.94463	19.08499	57.078472	-7.619269	139.375	142.15	131999	23.87641	9.83387	73.53181	6.280392	-24.073603	1.3088521	824.3687443733215
121	24.067907	12.120025	46.877007	6.868075	30.356724	20.202555	66.11112	-0.075364515	150.0	143.9	133099	23.222502	9.341343	66.000984	8.325762	-23.468956	1.0713279	831.3557481765747
122	30.85071	10.575836	47.55107	18.722797	34.34749	21.586508	72.76271	0.5331501	150.0	146.3	134199	23.171608	9.2287855	74.335556	7.3216295	-23.436144	0.92449605	838.007917881012
123	25.09434	20.540386	48.216503	-11.671819	21.088982	14.036599	54.78197	-1.5097986	130.875	146.55	135299	23.23561	8.655896	75.65676	0.53749436	-23.490824	0.7768256	844.4793553352356
124	29.935204	14.55117	47.598778	6.65334	27.021982	15.310609	53.966934	2.6911066	150.0	150.0	136399	24.10402	9.076599	82.54992	-7.929197	-24.38591	0.62184405	851.0947725772858
125	21.17784	13.497423	38.15076	-5.2049584	22.826181	19.231333	66.3072	-11.305135	150.0	150.0	137499	24.332422	9.19627	67.30536	-13.809722	-24.619255	0.6350953	857.4986448287964
126	26.455341	12.784313	42.106983	3.0782025	33.18575	15.18282	51.559532	-3.5741382	150.0	150.0	138599	24.324505	9.6145735	75.13424	-13.526651	-24.593508	0.6665072	863.8344032764435
127	31.024828	7.896121	41.600925	16.565649	36.798103	19.402489	71.32275	1.2934821	150.0	150.0	139699	24.43752	9.92055	71.4399	-8.132834	-24.697205	0.56960094	870.2777256965637
128	13.834609	22.34575	63.61904	-10.698125	28.673939	19.286264	59.073387	-2.1560807	150.0	150.0	140799	24.321339	10.105081	72.13402	-0.21605676	-24.55412	0.5268466	877.427383184433
129	35.846817	16.17984	58.425747	14.9991045	26.542786	16.411495	54.932495	-4.934628	150.0	150.0	141899	24.722366	10.682426	74.92351	3.9503307	-24.957937	0.7361441	884.4224240779877
130	23.649113	24.323349	64.14051	-5.1377597	30.056702	19.381006	65.94984	-4.530584	150.0	150.0	142999	24.791069	10.823089	72.13385	0.08737242	-25.009666	0.732993	891.1982805728912
131	27.809431	16.483185	49.57613	-3.5128117	34.49377	22.991138	64.80397	-6.721325	150.0	147.95	144099	24.035372	10.4793005	73.27287	6.741359	-24.213245	0.68845296	898.6967549324036
132	39.359253	15.873223	68.63242	22.037298	26.81836	19.114674	61.86211	-10.331889	150.0	150.0	145199	24.149956	10.810477	87.7613	0.36819482	-24.323435	0.70971024	905.9357163906097
133	24.175316	17.770811	55.25159	1.4812951	27.178986	18.548655	63.930183	-3.2672656	150.0	150.0	146299	24.076477	10.817538	69.02487	9.765611	-24.242943	0.68990445	913.1085183620453
134	30.474142	15.312349	49.605167	7.441914	27.084927	17.294804	60.81317	-5.1442094	150.0	150.0	147399	23.747305	10.593872	79.39646	9.475654	-23.908403	0.64139205	920.962075471878
135	45.703213	14.203184	67.53861	21.03876	24.703999	16.263905	64.11269	-0.047269136	150.0	150.0	148499	24.606308	11.158346	74.25987	9.361542	-24.766182	0.58067936	928.2323694229126
136	29.34541	20.564861	73.58387	8.240851	28.077133	21.619066	68.678825	-20.57934	150.0	145.0	149599	25.116703	11.20298	71.54809	9.563728	-25.300728	0.55028224	935.5069053173065
137	21.048605	13.767527	44.295406	-4.3773713	16.281305	27.7626	51.2342	-72.75178	142.14285	144.25	150699	24.948767	11.271488	76.26379	1.7614697	-25.150671	0.7220136	942.6489579677582
138	8.470598	24.795788	35.94335	-47.89572	27.468792	16.91949	59.845497	6.1305094	150.0	150.0	151799	25.620193	11.556005	84.39863	10.0116825	-25.857433	0.74885154	949.5360534191132
139	21.031784	20.555838	51.25155	-7.2259555	15.018689	20.125517	45.1462	-30.53698	138.125	145.75	152899	26.86939	12.628676	90.698654	8.145563	-27.107021	0.8315599	956.6359992027283
140	14.48195	24.997997	58.407425	-16.86084	21.230267	20.799568	54.948364	-30.223215	150.0	150.0	153999	27.64415	12.609899	93.39205	6.682496	-27.88572	0.8714644	963.8748281002045
141	33.937897	7.5377097	39.957508	20.640457	35.44912	15.912667	56.084976	-3.8668103	150.0	150.0	155099	27.862017	12.643028	90.05634	9.210352	-28.143576	0.88325804	970.7627711296082
142	28.265842	18.44287	68.16181	4.962578	33.31817	17.040028	67.93881	10.480279	150.0	150.0	156199	27.783339	12.690528	129.1216	-2.440538	-28.062183	0.85388124	978.0990314483643
143	38.246113	13.0298605	56.53764	16.328579	38.47024	15.91367	69.241356	8.738042	150.0	150.0	157299	27.252865	12.525826	93.17386	-2.1327405	-27.518515	0.85281503	984.7414677143097
144	33.89279	12.971784	60.07929	16.837048	30.779842	15.2240925	57.069874	-5.4912624	150.0	150.0	158399	27.466866	12.90647	90.96189	3.3019483	-27.71039	0.78923094	992.3136396408081
145	36.477436	16.690016	60.07773	5.855798	39.436893	18.421581	72.59992	4.2174263	150.0	150.0	159499	26.969929	12.993744	87.36287	0.86507607	-27.190771	0.6717203	998.8340880870819
146	49.027706	24.511953	73.542076	1.7318058	28.989925	17.107525	55.450245	-0.5009384	150.0	150.0	160599	25.92204	12.782494	84.25286	4.478068	-26.14316	0.72383803	1005.7003803253174
147	24.895826	25.750761	64.63062	-8.303022	27.797995	21.576538	72.990555	-21.759077	150.0	150.0	161699	25.396837	12.770711	102.81224	-2.681797	-25.664219	0.8150656	1012.6461229324341
148	26.597853	18.234158	41.879627	-19.215948	12.721689	24.577095	47.043167	-32.219852	150.0	150.0	162799	26.21615	12.67328	89.029144	10.516446	-26.457386	0.67144895	1019.2203381061554
149	14.184684	32.01779	61.904423	-40.853275	13.550183	34.389915	63.770576	-51.02664	150.0	144.1	163899	27.68051	13.030943	91.19713	5.080942	-27.917236	0.6326354	1026.6189057826996
150	25.620728	18.18304	54.213528	-0.2001472	17.76519	25.440226	62.035145	-58.901783	150.0	150.0	164999	28.187263	12.969167	84.51088	10.8090925	-28.41306	0.6280134	1032.943691253662
151	17.154694	19.440674	45.505	-21.959389	15.156728	24.07838	59.26738	-47.519894	142.5	147.65	166099	27.941711	12.676813	72.90549	4.3305855	-28.171558	0.74601763	1039.631353855133
152	26.849533	18.517557	51.149826	-0.6729744	29.745571	15.825302	51.094574	-2.2192743	150.0	150.0	167199	28.401722	12.639067	75.02162	1.1496292	-28.615116	0.8260569	1047.0780556201935
153	22.926716	26.43191	65.26273	-26.551958	22.493267	20.537964	59.44078	-25.02128	150.0	150.0	168299	29.31977	13.046938	82.005356	6.9155083	-29.542503	0.85452557	1053.9052374362946
154	29.999464	23.104263	64.25327	-3.3455937	22.864237	25.476202	57.286922	-43.41428	150.0	150.0	169399	29.472609	13.149086	87.71912	2.8109026	-29.733326	1.0611385	1060.968205690384
155	14.025452	20.587568	42.318336	-29.106188	18.973682	23.966356	54.84616	-37.19322	150.0	150.0	170499	29.822905	13.318895	83.78736	6.6802025	-30.120224	0.94302577	1067.873749256134
156	25.775429	23.060844	55.537518	-7.256938	25.685734	23.876532	80.63457	-36.795357	150.0	145.6	171599	29.187286	12.909993	85.33685	7.6544266	-29.515963	0.92872673	1075.0330529212952
157	21.827187	29.891119	61.955627	-33.795425	13.022037	20.33085	49.10175	-32.399303	126.55556	143.85	172699	29.915491	13.076566	119.65236	-3.5292716	-30.275536	1.6161865	1082.7909247875214
158	37.599392	10.428602	50.68	21.749939	23.466345	15.531444	57.25405	1.244837	150.0	150.0	173799	31.08436	13.045238	93.59271	11.715302	-31.456146	1.3958248	1089.112065076828
159	18.483751	28.07357	66.168076	-37.00357	14.837794	20.799786	51.170017	-21.338827	140.25	147.05	174899	31.970596	13.403838	100.77641	12.208205	-32.34224	1.3342006	1095.2478289604187
160	16.06853	16.90727	39.969044	-5.804097	12.402403	29.78463	62.412407	-58.450848	150.0	139.95	175999	31.706589	12.849497	93.29296	12.267059	-32.063583	1.2380055	1102.038224697113
161	21.790283	17.10397	49.478676	-1.630499	19.246595	22.431124	68.193924	-38.365658	144.875	138.55	177099	31.999636	12.4633	121.95156	8.844882	-32.34664	1.0494591	1108.1165363788605
162	17.602484	22.829905	51.17005	-17.644417	0.6105696	26.442183	42.931103	-54.61582	134.875	126.55	178199	32.275677	11.734254	97.111824	12.82079	-32.62093	1.5601603	1114.7470498085022
163	13.173057	34.536415	47.030506	-61.672348	24.01136	19.781368	69.91651	-4.6972647	139.625	150.0	179299	32.679737	11.206446	93.567635	13.398798	-33.035137	1.8909807	1121.6034622192383
164	17.10605	19.334028	41.332245	-8.138074	12.005133	15.772205	35.087944	-13.771109	150.0	150.0	180399	33.058857	10.9272175	93.23524	13.525212	-33.409206	2.408283	1128.7712717056274
165	20.748737	22.791534	48.863716	-15.058044	9.906027	22.315584	49.94081	-54.245697	150.0	148.55	181499	33.433376	10.478732	85.72539	10.383654	-33.79414	2.301375	1136.7091932296753
166	7.492841	32.478165	34.76358	-70.163246	5.0703344	21.193413	50.375557	-33.97704	147.75	146.0	182599	33.618336	10.054471	90.10419	5.8281097	-33.927948	1.9188037	1145.0739965438843
167	1.3334309	25.466553	37.148666	-42.574463	21.749378	15.262359	49.55812	-9.927964	122.55556	150.0	183699	33.680305	10.152172	76.085495	1.1174048	-33.96562	1.5769968	1154.013013124466
168	31.232067	15.046053	50.977215	13.305023	27.363424	20.949293	58.93317	-31.056232	150.0	143.2	184799	34.03032	10.330532	80.693054	2.8078728	-34.303055	1.6486874	1162.6732339859009
169	10.949573	30.276546	48.44046	-43.01719	25.170189	24.274689	54.374596	-51.980244	131.375	146.2	185899	33.628197	10.328213	77.40117	7.742879	-33.89248	1.4495472	1170.0486028194427
170	18.841019	28.904032	48.8243	-40.409035	25.475279	18.810104	75.82649	-9.585153	138.875	150.0	186999	33.109463	10.013575	79.22675	4.9523835	-33.384857	1.1851456	1176.561462879181
171	19.100702	19.744566	51.984604	-8.044132	23.512234	23.838213	59.539158	-24.225864	150.0	150.0	188099	32.810814	9.675451	75.36297	3.3477871	-33.127712	0.8402599	1184.9128804206848
172	27.81336	18.386568	57.98647	0.6492941	31.354069	20.825108	67.58523	-10.351514	150.0	150.0	189199	32.8671	9.572777	87.604744	2.1252694	-33.202118	0.7388446	1192.4770982265472
173	27.719473	19.745201	52.641144	-4.342499	27.766994	15.584008	59.322514	1.7695247	150.0	150.0	190299	32.325527	9.218263	84.56699	4.094945	-32.7023	0.90727836	1204.1168930530548
174	18.81992	3.913035	26.966639	11.595714	29.11135	16.091753	58.337193	-3.741217	150.0	150.0	191399	31.777687	9.2775755	79.941246	5.3985434	-32.120605	0.72721374	1213.325165271759
175	27.622166	11.336752	46.829002	10.913745	28.020565	14.841668	55.306362	-4.80622	150.0	146.95	192499	31.293135	9.036247	79.456154	8.563337	-31.586308	0.75414115	1221.5455181598663
176	27.180338	25.597818	60.227013	-6.9885573	29.148998	13.014052	49.343945	1.8527085	150.0	150.0	193599	30.39954	9.340897	75.052124	15.401693	-30.668467	0.7017516	1229.1508738994598
177	29.134296	19.805471	50.36263	-6.5398564	24.598663	12.107581	42.90444	0.7856094	150.0	150.0	194699	30.260746	9.998682	81.75044	13.355101	-30.514332	0.63890934	1236.5365619659424
178	7.1703796	20.533854	49.34765	-17.879948	22.21113	16.95182	50.876846	-13.7904415	141.42857	150.0	195799	30.345081	10.333162	78.17815	15.318885	-30.574162	0.7528821	1244.1004660129547
179	31.873016	16.58135	58.83341	0.08601166	22.613787	25.728485	62.779316	-31.757526	150.0	150.0	196899	29.523945	10.289141	86.10419	11.54114	-29.748781	0.9468573	1251.3711280822754
180	21.875364	8.402763	35.82137	8.959943	23.90311	18.774948	54.997425	-7.4075694	150.0	141.6	197999	28.974762	10.129106	84.388176	2.1698103	-29.2056	0.8331125	1258.554657459259
181	18.083248	21.395624	44.53928	-23.938513	23.053833	19.826801	56.321865	-29.659199	142.75	146.75	199099	29.382133	10.084244	82.4896	14.807671	-29.66344	0.75504845	1265.2748925685883
182	21.070032	9.539192	34.359966	2.9261312	23.4087	18.386307	61.626125	-6.1924176	150.0	150.0	200199	29.91567	9.937852	79.53676	-1.4778557	-30.181513	0.9032145	1272.9558975696564
183	16.431343	31.027718	48.423534	-56.467583	24.320608	13.68569	45.07615	0.3112314	144.5	150.0	201299	30.250542	9.868297	73.06439	11.317132	-30.46782	0.6901323	1279.4513993263245
184	19.83919	10.625925	31.89692	4.5659223	13.446213	17.326145	45.294456	-14.901954	150.0	143.35	202399	29.82842	9.7469	74.42591	7.57944	-30.049023	0.5450476	1286.083327293396
185	28.48556	13.253265	54.38485	14.482892	19.514048	17.227392	54.724297	-9.5628195	150.0	150.0	203499	29.34863	9.687891	83.90948	4.224349	-29.59077	0.53457344	1292.9572670459747
186	17.057709	16.453213	37.960033	-12.988692	23.656918	17.325241	46.859608	-6.478866	150.0	143.45	204599	28.87906	9.701778	81.08588	4.18015	-29.115402	0.53337926	1299.5306537151337
187	11.871679	17.48103	36.40523	-8.336194	14.357249	23.131468	55.28226	-21.881939	142.0	140.55	205699	28.764103	9.510229	73.93365	4.244224	-29.004393	0.60864	1306.206815958023
188	11.61972	28.569582	46.04149	-38.010895	19.146551	17.916992	41.578312	-14.467041	150.0	150.0	206799	28.046705	9.595337	69.67477	-10.123838	-28.273327	0.64483285	1312.9051599502563
189	27.5062	18.354435	48.546974	-13.864261	22.60968	21.249802	68.68132	-16.200222	150.0	150.0	207899	27.378466	9.645411	92.10024	5.2925167	-27.586079	0.66770464	1319.5930371284485
190	29.225653	13.920262	47.561916	1.352429	29.569773	17.597198	57.29919	-10.140336	150.0	150.0	208999	26.77012	9.615727	71.88241	6.1155086	-26.983604	0.50603485	1326.1023778915405
191	24.882627	18.996643	52.371605	-0.16858254	29.129898	13.377116	56.035213	11.917661	150.0	150.0	210099	26.529379	9.690635	71.61025	1.6806145	-26.758766	0.5415992	1333.1472654342651
192	34.93164	22.534426	68.48122	-7.4881506	32.16445	20.457926	62.759468	-5.472184	150.0	150.0	211199	26.298203	10.261651	83.29672	4.454011	-26.527222	0.6461408	1339.8765025138855
193	18.86105	11.532554	36.258	2.302646	29.792023	13.368333	49.237335	-2.2170591	150.0	150.0	212299	27.024807	11.524268	86.76944	3.9219394	-27.250301	0.6194497	1346.5758392810822
194	26.037958	15.948303	47.132526	-1.5281605	31.960052	13.624455	59.13375	8.952707	150.0	150.0	213399	26.493635	11.542009	84.578064	3.4673405	-26.722914	0.65059006	1353.0058288574219
195	28.334906	17.87352	56.074245	7.4710774	31.68961	14.251426	54.97224	-5.029448	150.0	150.0	214499	27.017939	11.566615	93.614555	3.9072938	-27.258135	0.66609657	1359.985903263092
196	29.785454	17.056782	48.38598	-2.941738	23.071218	15.388372	47.486877	-5.7267537	150.0	150.0	215599	27.578566	11.713319	88.64355	9.516721	-27.80764	0.72829336	1366.3250586986542
197	35.06603	11.47959	58.70088	16.657852	25.75001	13.715883	52.384552	-2.742942	150.0	147.35	216699	27.85887	11.720349	83.40937	10.738288	-28.082993	0.5940616	1373.321620464325
198	13.817155	21.35929	59.086346	-8.515792	27.64388	16.055283	53.925343	-0.9703753	150.0	150.0	217799	27.495533	11.696707	85.15684	10.653135	-27.70678	0.53449374	1379.9794554710388
199	28.445492	19.217018	55.34232	-0.17664087	19.61519	19.424381	59.657604	-21.375355	150.0	139.25	218899	27.65609	12.076907	83.33991	10.685204	-27.861832	0.4801841	1386.7458531856537
200	26.036087	20.921244	54.40667	-0.58649	27.51056	25.322062	80.670456	-24.829502	150.0	145.25	219999	27.28502	11.572717	142.69815	4.551015	-27.48643	0.583465	1393.7969484329224
201	3.6907172	14.125738	23.879627	-24.856297	13.933431	15.4541855	68.40223	-2.473573	138.25	146.4	221099	27.33388	11.178167	82.335884	11.715588	-27.557194	0.7387743	1400.4558317661285
202	22.162304	14.039677	46.789875	2.8300343	24.907146	15.204648	59.824726	2.4762259	150.0	146.55	222199	27.675571	10.907186	93.56267	10.069587	-27.905863	0.8354239	1406.8921942710876
203	-0.47028732	34.32759	48.880054	-70.08751	18.877663	26.03927	45.89237	-77.12573	150.0	148.3	223299	28.145357	10.9926605	88.82721	10.3178005	-28.39886	0.7446755	1413.6628534793854
204	34.730106	19.150442	69.72723	13.842082	17.634377	21.50027	45.030727	-46.96537	150.0	143.7	224399	29.275703	12.341198	91.94167	10.951663	-29.528181	0.7099845	1420.3047857284546
205	22.170177	20.907425	50.967422	-16.847921	12.209217	17.530022	46.915787	-24.57689	140.75	140.35	225499	29.393137	12.5541525	94.97514	10.990772	-29.647474	0.80166733	1426.6351499557495
206	27.926588	17.34755	55.699745	10.761553	22.887365	19.749678	56.94845	-18.69568	150.0	150.0	226599	30.055891	12.504781	86.3489	8.953529	-30.313728	0.9826212	1432.7885956764221
207	29.582767	9.28715	43.484432	16.298803	20.87022	22.069937	57.77379	-27.297503	150.0	142.4	227699	30.143349	12.155091	94.470894	10.820344	-30.402575	0.8474708	1439.932858467102
208	8.42292	18.104155	29.005451	-20.465086	28.048716	13.681462	51.730804	3.711338	145.375	150.0	228799	30.646257	12.337005	87.75244	10.462423	-30.907784	1.1143337	1447.1198918819427
209	20.05977	16.901165	45.08369	-5.5506573	20.576485	17.942484	52.738728	-12.350061	134.375	141.8	229899	31.002163	12.484253	96.10371	10.306013	-31.257195	1.3819653	1454.047714471817
210	19.99734	20.88429	47.314545	-20.33847	16.772045	10.776158	36.258167	-10.354576	150.0	144.05	230999	31.128992	12.566434	81.9058	10.425286	-31.404066	1.3449394	1460.152155160904
211	26.22723	15.401902	60.919224	8.362527	7.786195	24.802233	67.866936	-43.1559	150.0	128.05	232099	29.436975	12.010839	79.920494	10.526111	-29.70996	1.4041613	1466.171929359436
212	9.325131	34.075462	38.375343	-71.19079	19.400646	24.262083	63.76528	-32.491646	144.28572	149.25	233199	28.848312	11.672975	85.137184	11.166496	-29.11174	1.375459	1472.5609111785889
213	15.462515	10.669246	36.72209	1.9335648	7.752383	20.267239	41.49958	-29.19703	141.0	146.05	234299	27.911932	11.216601	76.24798	4.49964	-28.161236	1.0398993	1479.3626170158386
214	17.3269	11.6532	38.59134	-0.7124566	19.415571	16.958506	47.394333	-23.229702	150.0	150.0	235399	26.572094	11.192976	83.97513	0.61012876	-26.818583	0.87914664	1485.8959064483643
215	9.260202	8.772772	20.598036	-4.0443745	19.261269	16.670412	67.13905	-2.713818	140.0	150.0	236499	26.390299	11.6384	82.87735	-1.297631	-26.656158	1.1306914	1492.6431076526642
216	14.599678	14.397999	35.251564	-12.232443	17.610926	21.953833	55.990803	-48.20726	150.0	148.55	237599	25.990845	11.677602	85.13555	-2.641768	-26.251396	1.1144183	1499.2454137802124
217	14.16619	9.532244	23.78124	-4.395606	10.444544	24.068275	56.18489	-49.67139	150.0	140.9	238699	25.133795	11.424672	108.90706	-5.5198264	-25.379911	1.1140081	1506.1902723312378
218	11.938749	23.3905	41.488224	-41.213375	13.831889	20.552965	53.629414	-26.616468	137.625	142.2	239799	25.657396	12.407842	87.67308	-10.096195	-25.921083	1.9221544	1512.8078317642212
219	15.375903	17.735338	44.12804	-10.863592	18.904171	23.688835	51.00827	-37.053608	141.75	134.7	240899	25.411364	12.862012	84.83518	-3.811635	-25.679262	2.3053737	1518.836107492447
220	11.564617	24.306824	35.73632	-41.17381	29.954111	14.730517	59.528072	10.062487	130.375	150.0	241999	25.365578	12.909353	83.88716	-3.2974844	-25.650496	3.092829	1525.5398330688477
221	24.8849	10.328379	45.800926	11.936985	26.378576	14.788224	51.390263	-1.8600476	150.0	145.75	243099	26.723085	13.202659	79.82757	7.4891334	-27.047033	2.797615	1532.4649364948273
222	13.40719	9.005725	30.745584	-1.8466693	15.579241	19.524317	43.45055	-52.781876	138.28572	146.4	244199	26.452776	12.301707	79.995834	0.68291116	-26.774355	2.491507	1539.3680653572083
223	22.437346	16.51336	45.50397	-3.94764	13.245855	32.60633	79.20556	-69.42305	140.25	134.1	245299	26.269537	12.128619	75.83077	0.3599503	-26.585463	1.8962864	1545.5600361824036
224	10.182335	33.03976	46.172916	-44.284473	19.194305	16.41675	48.342194	-16.845518	150.0	143.05	246399	27.002796	12.366558	78.327194	7.72073	-27.313591	1.880997	1551.6764681339264
225	8.177913	17.859179	36.943306	-26.463205	17.941875	17.560371	54.151913	-10.214698	128.0	145.6	247499	27.609634	12.525167	87.03171	4.98406	-27.930159	1.7884036	1558.259838104248
226	0.87915844	9.157633	13.021594	-15.870512	19.845043	20.117178	47.76812	-32.4834	129.88889	145.65	248599	28.521713	12.912699	80.21143	4.8946786	-28.831617	1.947597	1565.2460870742798
227	24.712046	17.557981	51.72282	-1.0019855	27.981756	22.481268	78.618454	-16.465675	150.0	150.0	249699	29.196836	13.061569	80.42722	-1.6116393	-29.482136	1.6940001	1572.179641008377
228	13.58489	20.095942	38.798824	-17.647083	25.179699	22.894089	86.04063	-22.152012	140.0	150.0	250799	28.763243	12.694627	82.086006	1.6555924	-29.037563	1.4501429	1578.386284828186
229	23.667845	18.720966	60.50835	-0.20992598	20.719423	14.548054	45.70737	0.3792946	150.0	150.0	251899	29.031992	12.545663	84.724045	-1.5826774	-29.310246	1.7853383	1584.7567195892334
230	31.680857	13.267059	53.033752	6.991533	20.43612	15.553861	48.066307	-6.8090363	150.0	150.0	252999	30.099874	12.524945	100.5521	-5.72346	-30.41159	1.5737962	1591.913596868515
231	22.922073	17.59078	51.122356	4.0447707	21.449078	18.807657	59.16112	-1.2898796	150.0	150.0	254099	30.005005	12.369237	90.34573	-9.174911	-30.290266	1.3169404	1598.4525475502014
232	14.458176	19.715612	44.713894	-19.46344	24.733953	23.258152	60.455616	-48.024376	150.0	145.65	255199	29.336716	12.0145	88.53857	-12.061867	-29.60999	1.2046751	1604.7102754116058
233	19.08066	22.319132	55.048786	-14.50111	18.328703	14.080026	41.273605	-5.063301	150.0	150.0	256299	28.445484	11.030278	88.29726	-12.581811	-28.696257	1.025592	1611.0451231002808
234	9.244592	21.998728	39.22294	-29.343788	14.117628	20.25859	46.314346	-46.262547	150.0	145.7	257399	28.16892	10.547745	77.30795	12.481018	-28.40443	0.7959896	1617.4235804080963
235	5.6294	15.698823	32.253178	-17.182547	23.546677	18.827147	53.772865	-8.474826	150.0	142.75	258499	27.680435	10.734857	74.394	11.373783	-27.903881	0.7737349	1623.4866423606873
236	22.305145	19.49651	65.0997	0.61660564	12.751917	18.891472	52.559464	-17.832508	141.5	150.0	259599	26.84887	10.40613	74.424805	9.617779	-27.068321	0.61477107	1630.1884298324585
237	15.985504	23.207277	53.33773	-13.99294	28.434116	21.741121	76.88503	-11.450527	150.0	150.0	260699	25.984194	10.573487	74.778915	10.790341	-26.197838	0.67605346	1636.877403974533
238	16.474571	18.224537	49.282513	-5.1353607	22.095686	19.01336	49.764862	-10.056943	139.625	150.0	261799	25.416128	10.714048	70.15413	5.219181	-25.61875	0.6381631	1643.6929321289062
239	18.245922	16.864674	46.294086	-7.0056787	24.142052	23.357456	65.38088	-8.411747	150.0	150.0	262899	25.259542	10.920004	74.79502	2.5319967	-25.444784	0.6728771	1650.5804088115692
240	10.667788	13.80774	32.355507	-14.374765	10.921869	23.301634	54.23063	-43.00933	140.625	145.9	263999	24.60907	10.976963	73.14502	6.8908176	-24.778337	0.72910213	1656.8306074142456
241	20.099941	21.454933	41.531734	-22.573517	13.274527	23.426462	54.952354	-28.628155	150.0	150.0	265099	24.353333	11.096784	83.927216	4.807599	-24.512024	0.9306548	1663.2207639217377
242	7.4887137	15.11795	24.466484	-30.033026	13.368856	18.313154	46.393936	-23.926405	119.666664	142.85	266199	24.288845	11.372291	83.13013	-0.8619957	-24.470383	0.9478449	1669.4185523986816
243	5.4654264	13.929999	29.789387	-17.301422	19.646055	20.78663	54.556038	-22.674328	150.0	150.0	267299	24.906227	12.508983	79.69712	-2.956688	-25.123705	1.6289668	1675.5732419490814
244	1.6611235	11.889089	20.243803	-17.57398	17.594654	21.222227	54.863674	-7.10762	150.0	150.0	268399	24.493717	12.023943	98.31166	-5.4626355	-24.727968	1.4212583	1681.943766593933
245	20.54309	13.220961	41.04843	1.0416385	25.090271	19.229483	55.035313	-5.432982	150.0	150.0	269499	23.81764	11.362	82.26323	-7.1010838	-24.06728	1.31371	1688.239758014679
246	33.485275	14.632943	52.215446	4.550833	22.18401	18.746023	53.240757	-4.7520337	150.0	150.0	270599	23.41626	11.214539	92.11205	-7.557279	-23.678873	1.1930562	1694.6609089374542
247	31.08317	20.394857	70.15678	-2.616197	26.939713	11.776943	45.94303	4.0635624	150.0	150.0	271699	23.429508	11.389755	98.45691	-7.9379187	-23.695219	1.2893268	1700.888611316681
248	27.073658	11.87355	48.09941	8.399733	30.911459	16.990757	74.44298	2.5767312	150.0	150.0	272799	23.28622	11.775706	100.718636	-6.4755573	-23.54141	1.1156671	1707.2650301456451
249	23.03609	15.456202	49.410713	8.037057	27.14481	13.902494	51.35052	0.8408028	150.0	145.6	273899	22.23794	11.605734	96.93745	-4.03395	-22.491617	1.1679852	1713.5519964694977
250	22.519728	15.160903	37.172157	-2.6665752	28.704098	12.257659	54.816532	10.953869	150.0	150.0	274999	21.083126	10.344741	76.65167	-2.2474964	-21.295218	0.725977	1720.0942335128784
