Epoch	AverageEpRet	StdEpRet	MaxEpRet	MinEpRet	AverageTestEpRet	StdTestEpRet	MaxTestEpRet	MinTestEpRet	EpLen	TestEpLen	TotalEnvInteracts	AverageQVals	StdQVals	MaxQVals	MinQVals	LossPi	LossQ	Time
1	286.87616	12.621445	299.49762	274.25473	318.92087	11.713855	336.34766	282.23315	400.0	400.0	1099	0.953472	0.28616002	4.1364303	-5.3976903	-1.4835708	0.0707238	3.825469970703125
2	302.54852	5.056963	309.1531	296.87054	35.89201	13.861183	84.71027	15.1294155	400.0	124.5	2199	3.3626056	1.2401428	12.789451	-7.7340674	-3.5027833	0.0129657695	12.062901258468628
3	294.51624	23.264893	320.08762	263.8012	43.6273	29.68259	108.81628	12.048222	400.0	105.55	3299	7.8794656	1.4168531	17.932753	-9.310805	-8.104336	0.019484755	20.67623734474182
4	292.25964	18.517748	312.8784	267.96774	36.823883	19.267406	93.12843	10.50069	400.0	103.9	4399	12.4964	1.4639889	21.900558	0.07072444	-12.748271	0.016512629	29.108763933181763
5	254.85068	15.12748	269.97815	239.72319	43.082905	23.318708	108.29643	14.3769045	400.0	108.85	5499	16.989014	1.5488365	32.01174	0.45790964	-17.223776	0.03063393	37.767070293426514
6	276.35004	10.873155	291.5908	266.9611	52.084736	24.426512	116.34125	28.67844	400.0	137.6	6599	20.963793	1.6131941	33.848	-2.4220734	-21.126253	0.035417236	47.51422381401062
7	305.97	15.388139	326.9239	290.40454	34.787083	16.064379	75.90765	12.709205	400.0	102.75	7699	24.346325	1.692492	35.642982	7.818735	-24.462439	0.030023905	55.84852051734924
8	274.3626	21.005825	298.93582	247.61969	36.251087	21.171482	105.16636	5.252459	400.0	98.4	8799	27.419098	1.778906	42.286777	10.846727	-27.516623	0.036259834	64.18394422531128
9	256.63345	17.61789	274.25134	239.01556	42.8976	22.230124	82.73826	5.340356	400.0	135.95	9899	30.214611	1.980537	50.550175	12.161287	-30.295013	0.04465302	72.57422542572021
10	299.89978	10.598066	314.7215	290.56122	37.989044	20.977097	85.17162	10.982972	400.0	105.6	10999	32.72891	2.1258993	54.509766	15.400927	-32.792065	0.037244532	81.47817778587341
11	316.2861	8.661804	324.7617	304.3891	42.13806	26.204134	114.87392	6.4333305	400.0	121.7	12099	35.07588	2.233674	51.936832	13.617527	-35.12685	0.056536093	90.16075849533081
12	294.0098	20.845598	322.5713	273.4053	41.64673	24.852633	111.68269	13.903209	400.0	108.15	13199	37.299725	2.3382483	55.571907	19.849493	-37.33494	0.054625787	98.71766400337219
13	290.3871	16.307724	306.69482	274.07938	46.91298	25.16937	106.29721	19.860254	400.0	122.8	14299	39.28678	2.3897755	58.774998	19.215912	-39.33139	0.066594064	107.78185725212097
14	173.09213	124.76471	306.8453	19.421997	31.811722	20.225082	82.83125	-1.0351067	273.0	106.25	15399	41.28562	2.4967027	82.41301	14.381231	-41.343422	0.10622761	116.8723623752594
15	50.91706	28.042606	88.2608	5.738546	44.561172	24.274391	97.49226	5.4882464	119.25	110.0	16499	42.893787	3.0302722	73.75526	10.055036	-42.900562	0.34374058	126.10780239105225
16	100.56926	54.302074	191.58919	33.79215	211.63972	103.11384	336.60052	21.336817	198.2	353.3	17599	44.483162	3.8910553	80.975235	1.6767156	-44.7012	0.5049727	137.72551155090332
17	308.89847	9.723017	318.73386	295.65884	224.56021	130.06567	333.19754	-52.023018	400.0	357.1	18699	46.647175	3.9691474	107.441444	2.7829788	-47.001648	1.0812595	147.88670420646667
18	173.63861	127.531876	332.49625	-6.0660977	62.307983	81.66906	332.31076	-44.35475	317.75	201.45	19799	49.265903	3.5589623	105.98886	8.917275	-49.668247	1.2608681	157.20616102218628
19	188.58514	136.47878	327.49173	27.00601	72.42976	82.33713	301.97083	-11.938071	273.0	201.15	20899	51.755116	3.8393734	103.353546	3.6958323	-52.125504	1.1336433	166.6548867225647
20	177.05304	133.87177	322.22388	-0.7775527	53.940742	71.13928	327.12827	-12.386336	288.66666	152.0	21999	54.108803	4.233945	98.12978	-6.6785145	-54.470467	1.0380201	175.68067932128906
21	97.48622	120.1266	333.58377	12.009954	89.43873	119.37488	334.1111	-1.0001107	213.2	153.45	23099	56.317932	4.8186026	90.7303	-17.130978	-56.6758	0.9576362	185.01104259490967
22	157.01399	125.374306	320.2807	18.834112	151.14432	118.46417	330.18692	1.0502204	295.25	284.2	24199	58.16504	5.9851036	114.92443	-24.737257	-58.537292	0.9954459	196.00783395767212
23	76.98706	63.276134	174.56764	3.0549302	174.52652	101.02675	320.01648	20.14606	239.4	310.5	25299	60.077045	7.015432	127.23448	-19.638256	-60.495056	1.0115845	206.52825236320496
24	282.84097	27.63088	318.05493	250.56494	138.4809	84.570755	311.86435	-15.225198	400.0	350.4	26399	62.253075	7.866305	109.23957	-17.768087	-62.790043	0.9846187	217.10009360313416
25	86.97522	88.88728	239.89818	20.010538	146.93408	129.57205	318.171	-58.026596	278.25	301.6	27499	64.851166	8.134041	103.4493	-20.368248	-65.306694	1.0538247	228.61944198608398
26	194.91747	78.69923	281.35556	90.98026	135.70244	89.6035	331.87476	24.976461	337.0	321.95	28599	66.77915	8.245512	99.57388	-25.227962	-67.20639	1.0996968	239.0123906135559
27	145.0113	65.49443	237.37492	92.82931	218.40645	101.086044	326.96576	-9.918922	370.33334	351.55	29699	68.65028	8.7311325	106.64992	-23.634283	-69.16331	1.1805804	249.4539132118225
28	267.51227	31.476135	298.9884	236.03613	277.5695	41.589714	322.35394	158.65587	400.0	400.0	30799	70.905914	9.102034	101.222496	-10.919306	-71.48172	1.1828953	261.9780511856079
29	255.05403	17.163239	278.56003	238.06023	274.1374	31.255695	324.7033	221.51619	400.0	400.0	31899	73.22039	9.077924	108.02859	-6.8167005	-73.79195	1.1383783	272.56608867645264
30	248.55005	36.401108	278.12238	197.27185	282.99127	63.614388	335.9331	45.444416	400.0	385.5	32999	75.37986	8.844626	116.68528	-5.348915	-75.91663	1.2528367	283.0633010864258
31	246.20906	46.52017	291.0469	182.09645	278.75555	38.160477	315.18344	170.81874	400.0	392.6	34099	77.29123	8.824258	116.76225	-4.3229494	-77.80276	1.2877281	293.6825261116028
32	256.57114	33.625793	290.19693	222.94534	276.45898	37.234245	324.5079	199.65347	400.0	400.0	35199	79.00092	8.619946	118.790115	-3.5844865	-79.53758	1.390964	305.9634711742401
33	215.50487	28.557007	246.19156	177.4239	241.0726	70.78206	306.74536	7.8730273	400.0	386.15	36299	80.86855	8.458877	120.11544	-5.765497	-81.49666	1.5393229	316.63919258117676
34	264.1296	17.818428	287.8499	244.90367	211.96223	82.64468	291.7063	12.845059	400.0	365.4	37399	82.99673	8.096375	116.64958	-12.531939	-83.61241	1.5998255	328.6113429069519
35	290.53714	14.000523	308.8747	274.90134	243.80734	60.62512	294.034	20.671457	400.0	394.8	38499	84.61769	7.7616534	119.30104	-19.714928	-85.15291	1.7751338	339.31236124038696
36	236.47159	39.909813	276.3814	196.56178	230.3081	65.24663	295.22516	8.503884	400.0	383.85	39599	85.876785	7.485539	140.13861	-21.708778	-86.382484	1.9697093	350.36403918266296
37	273.66324	26.917852	311.28287	249.81064	255.9541	62.151485	321.80304	22.051361	400.0	383.55	40699	87.04432	7.2154884	125.823784	-19.02529	-87.562584	1.7974715	362.34160256385803
38	266.24	28.831621	289.91806	225.6537	159.6278	123.69157	322.0231	7.796059	400.0	298.15	41799	88.35495	6.842583	124.45356	-6.995864	-88.89534	1.8934821	373.3800654411316
39	118.66724	83.227196	215.85356	32.9051	211.26009	99.10212	313.86353	7.8203826	256.25	348.9	42899	89.65525	6.468243	143.10007	-3.8351994	-90.21471	2.1807377	385.16589093208313
40	181.0283	121.680084	274.58606	9.172368	128.99907	91.52886	259.03192	-66.34369	400.0	323.4	43999	91.15419	6.085037	129.95859	-4.837114	-91.79279	2.7339687	396.1788501739502
41	132.16374	85.760254	242.41536	25.491457	135.6589	116.27679	322.8141	0.11982504	230.0	256.1	45099	92.68697	6.0192533	138.31595	-5.1465583	-93.3242	2.9330952	405.65718817710876
42	159.86337	87.84599	245.72043	15.119768	163.02599	113.73812	315.1045	18.676207	314.0	295.95	46199	94.07873	6.470354	148.93967	-6.688263	-94.716125	2.8105824	415.34030079841614
43	115.77713	93.05448	233.81273	16.535877	149.57509	104.02895	315.33932	18.546354	238.0	277.6	47299	95.21271	6.948918	147.0158	-10.244842	-95.77565	2.7905962	425.0752217769623
44	196.83156	41.51161	241.53491	141.52495	111.25295	66.010185	197.15196	-50.81333	400.0	265.75	48399	95.979065	7.2655416	136.09782	-7.489112	-96.544785	2.5259397	434.89088773727417
45	161.27484	43.472023	212.5096	106.23001	114.605	74.04969	280.77258	16.102354	400.0	247.7	49499	96.65757	7.5346212	143.624	-14.380381	-97.205055	2.4734058	444.6371748447418
46	89.155266	7.153415	100.79373	80.53347	95.19552	74.7606	255.37816	0.76354295	217.0	229.05	50599	97.15225	7.7246385	148.29337	-12.802855	-97.67547	2.5753636	454.3211097717285
47	204.30328	51.216625	270.83224	146.23685	195.44702	114.440186	334.52185	18.254885	400.0	305.4	51699	97.58071	7.994469	146.22926	-9.842689	-98.12601	2.592091	464.207421541214
48	286.29565	11.293777	297.58942	275.00186	212.4187	80.63561	321.8632	39.83358	400.0	385.1	52799	98.276695	7.950559	134.67482	-11.785672	-98.84304	2.3023484	474.75011229515076
49	219.9673	53.749123	280.8723	150.12715	205.71353	90.70673	310.39157	5.6491246	400.0	339.5	53899	98.91797	7.958035	135.2006	-9.131883	-99.49773	2.468672	485.9860236644745
50	106.29345	104.056885	271.18942	-4.7185526	170.07872	85.64508	306.8698	12.593115	199.5	293.85	54999	99.4142	8.066849	142.95406	-10.097839	-99.9596	2.772153	497.1565842628479
51	223.78284	68.71891	277.72244	126.8036	189.42798	97.63645	284.731	28.859497	400.0	316.15	56099	99.65865	8.218725	131.66711	-19.46112	-100.17453	2.7892072	507.095965385437
52	212.31898	15.122925	227.44191	197.19606	223.14767	89.07672	326.94315	-0.7716742	400.0	352.7	57199	99.93928	8.232108	127.71705	-35.50415	-100.47495	2.6437118	517.407341003418
53	244.9915	43.6524	277.75024	183.29715	230.34651	98.67848	323.52295	-27.158852	400.0	353.75	58299	100.23591	8.273504	129.07199	-21.055931	-100.771576	2.7300367	527.445806980133
54	283.2252	8.294536	292.2103	272.20193	252.02182	87.508224	337.75766	12.281605	400.0	375.1	59399	100.52898	8.283947	131.92734	-33.83792	-101.04543	2.6918993	538.1810824871063
55	301.90305	5.541802	306.5911	294.1199	213.64075	99.8913	320.99997	16.792177	400.0	338.75	60499	100.74089	8.2657585	158.66711	-37.694504	-101.23413	2.676017	548.7434296607971
56	158.7779	94.40704	270.88528	39.93102	272.4105	60.038197	335.8848	103.136505	263.66666	385.05	61599	100.82902	8.244439	138.72899	-34.16826	-101.32373	2.8422577	559.841778755188
57	258.0397	40.507748	311.53876	213.55025	256.17828	76.27905	333.8804	59.363197	395.66666	369.35	62699	100.92378	8.053511	134.09367	-32.796154	-101.41128	2.6932724	570.794233083725
58	305.4703	32.57937	333.36926	259.76617	292.23996	63.409855	337.88626	41.078262	400.0	384.7	63799	100.92081	7.636297	128.37578	-36.543667	-101.38037	2.7598155	581.5036721229553
59	241.85774	50.68261	311.66043	192.8575	233.97392	97.986595	337.35217	18.14373	400.0	353.8	64899	100.793785	7.3812647	132.46298	-30.69266	-101.24183	2.9079971	592.2200636863708
60	322.14575	0.11933899	322.2651	322.02643	275.04422	90.29595	336.66614	3.0196269	400.0	366.9	65999	100.68238	7.2627826	128.30164	-32.316982	-101.135056	2.6451128	603.0573451519012
61	215.31937	115.4491	295.09586	16.216778	239.04489	110.304184	337.5881	2.0395386	316.25	367.25	67099	100.645584	7.0787883	143.20503	-31.245384	-101.108154	2.4640439	613.9048759937286
62	142.99065	73.52327	217.42064	21.585455	261.6663	80.37915	333.27182	13.615314	303.5	374.9	68199	100.68412	7.0483356	144.87271	-31.714254	-101.16472	2.5828767	624.6606080532074
63	121.36936	75.60943	199.08702	18.909016	257.01617	89.60213	337.7407	-1.8027102	302.66666	368.35	69299	100.711525	7.074647	137.71388	-37.635563	-101.185036	3.1820745	635.2085201740265
64	283.0215	28.110508	304.7923	243.32944	244.94548	59.3083	333.09314	107.13507	400.0	399.0	70399	100.732155	7.1779265	136.24864	-39.80935	-101.19115	3.0011213	645.8786196708679
65	181.68791	100.77588	283.3774	44.367134	252.9144	72.844376	331.0549	5.2986274	400.0	384.75	71499	100.62446	7.3040013	128.68436	-34.37271	-101.07499	2.6548753	657.2609007358551
66	225.18997	0.781662	225.97163	224.40831	274.7949	44.431747	331.86087	195.95178	400.0	400.0	72599	100.47445	7.315998	134.82437	-27.31706	-100.904106	2.4421403	669.2601528167725
67	292.62198	8.146137	301.54242	281.8484	302.88452	21.564734	329.80396	236.48235	400.0	400.0	73699	100.330025	7.342149	132.65096	-18.393341	-100.75666	2.4290216	680.1667988300323
68	275.55136	4.274639	280.06155	269.81024	278.08066	41.28974	332.72232	175.89726	400.0	400.0	74799	100.16674	7.3239627	146.37152	-21.159748	-100.574036	2.224877	691.1126809120178
69	281.09418	17.175167	305.28595	267.11456	236.55441	70.98853	302.57162	43.69851	400.0	370.85	75899	99.99324	7.518548	132.99619	-38.203217	-100.42107	2.3586123	702.3030009269714
70	224.88174	47.094902	271.97665	177.78685	252.4303	48.44621	333.7449	168.62103	400.0	400.0	76999	99.894684	7.7298384	124.88937	-36.076675	-100.336945	2.2338614	712.6159529685974
71	251.45271	19.295958	265.1587	224.1642	247.42542	75.663734	333.5769	15.580682	400.0	363.1	78099	99.80969	7.884393	131.85796	-39.43282	-100.2444	2.283763	723.5020701885223
72	221.48796	87.880104	287.55542	97.29127	236.70181	69.79183	318.3255	16.785845	400.0	382.75	79199	99.67498	7.971663	124.714294	-47.618565	-100.083694	2.0012033	736.3385796546936
73	204.5389	23.611788	237.13084	181.95018	178.84003	117.328926	326.5336	3.765932	400.0	292.1	80299	99.4331	7.983145	128.59665	-20.759819	-99.83487	2.0543694	748.3598732948303
74	190.42693	132.46219	291.869	3.318639	246.69504	73.18667	328.09723	-1.4647115	343.0	376.45	81399	99.16253	8.171896	119.79773	-58.2053	-99.55159	2.1425302	759.4486813545227
75	198.61217	44.70617	252.1722	142.73825	223.39462	101.07194	319.53702	-10.400214	400.0	346.0	82499	98.90504	8.266309	124.54516	-44.94276	-99.29197	2.091205	770.9713730812073
76	253.64796	62.62349	316.27145	191.02448	180.75113	106.929634	319.43872	-7.842254	400.0	333.25	83599	98.64786	8.278514	122.11544	-31.593473	-99.023384	1.9107333	782.1048445701599
77	238.53835	17.549007	260.40604	217.44061	211.37671	104.67417	309.91177	11.672619	400.0	332.8	84699	98.3506	8.312894	132.40984	-38.437473	-98.71547	1.934567	792.7273199558258
78	249.10094	29.45535	273.78412	207.69937	265.35425	74.66077	327.16965	12.744509	400.0	383.4	85799	98.019485	8.385196	115.80616	-44.829647	-98.37677	1.649961	803.5413019657135
79	253.62502	18.254503	273.48352	229.41045	274.5124	63.516266	334.3729	30.205786	400.0	383.7	86899	97.68287	8.304307	145.32129	-34.816677	-98.03165	1.7831975	816.3409652709961
80	195.68233	122.40144	309.71088	25.87937	262.39847	93.738235	337.7755	-17.159525	292.66666	367.25	87999	97.31198	8.318564	122.99015	-31.557848	-97.65226	1.6818026	826.8386807441711
81	237.20845	49.1455	276.00803	167.87006	263.67703	72.769005	329.0388	9.588272	400.0	383.95	89099	96.87211	8.298782	117.24939	-52.49309	-97.19963	1.6238297	837.8661932945251
82	294.35953	15.712247	309.43713	272.68527	296.27466	22.787037	331.58005	241.70743	400.0	400.0	90199	96.42387	8.325391	122.026855	-36.783516	-96.73864	1.6374583	849.7416241168976
83	305.45892	1.4482727	306.9072	304.01065	300.43884	16.848991	326.81232	261.1445	400.0	400.0	91299	96.015045	8.288	121.10638	-30.146305	-96.32813	1.6549559	861.8185577392578
84	303.0422	29.186872	323.73874	261.7658	300.14056	21.704815	335.2519	254.94057	400.0	400.0	92399	95.6576	8.225267	123.99391	-33.44514	-95.99578	1.6890095	873.5429122447968
85	293.89062	8.201062	304.53018	284.5726	299.37042	15.330985	327.44928	266.95795	400.0	400.0	93499	95.39596	8.097565	122.582184	-29.866852	-95.731804	1.5869306	886.6790261268616
86	281.30118	15.294851	299.5214	262.0957	296.2653	20.533964	324.6174	248.27745	400.0	400.0	94599	95.165794	7.8817644	135.26213	-44.221626	-95.48607	1.6054103	898.366135597229
87	280.84894	12.167053	293.016	268.6819	286.9702	31.294123	322.3499	193.86076	400.0	400.0	95699	94.89608	7.7503977	120.22911	-33.142876	-95.214775	1.6082573	911.7559621334076
88	244.47899	40.1951	297.63086	200.44946	286.08887	26.375767	320.34396	205.56343	400.0	400.0	96799	94.629974	7.5792713	118.73613	-24.271152	-94.949875	1.6554699	924.7075362205505
89	281.17886	2.871213	285.17526	278.5583	292.04126	27.269342	324.46713	210.41254	400.0	400.0	97899	94.34493	7.5199	121.34668	-21.347172	-94.644516	1.5105087	936.1344554424286
90	289.11508	4.3500533	293.9711	283.41617	283.60355	29.275787	327.42987	211.65019	400.0	400.0	98999	93.98761	7.4303346	112.69183	-25.985327	-94.276405	1.3986579	947.8442854881287
91	273.96396	28.179573	302.14352	245.78438	292.92017	34.193367	330.32834	190.85959	400.0	400.0	100099	93.59541	7.314415	120.52759	-46.10282	-93.87012	1.4525177	959.3365705013275
92	222.69482	42.47429	254.81638	162.67667	296.14502	41.17163	331.09448	143.79521	400.0	400.0	101199	93.19934	7.263395	112.10994	-25.732632	-93.47038	1.4404992	972.1867415904999
93	295.10156	4.134984	300.94046	291.9034	285.49545	48.799744	327.93933	96.37139	400.0	400.0	102299	92.80954	7.309753	114.67227	-31.577349	-93.09088	1.4049933	985.2688477039337
94	280.05194	26.345171	316.4563	254.98358	289.7501	40.581177	333.65778	190.059	400.0	400.0	103399	92.48911	7.307815	115.92253	-28.035799	-92.7432	1.3275476	997.146639585495
95	233.31042	73.46406	306.77448	159.84636	298.79358	22.664198	332.66586	260.4141	400.0	400.0	104499	92.03753	7.5080996	109.18878	-26.252682	-92.30357	1.5172564	1010.0199792385101
96	273.8541	32.980946	302.51788	227.65678	291.89697	20.08422	336.00803	248.36388	400.0	400.0	105599	91.700485	7.5228643	114.6275	-22.157978	-91.95998	1.1141396	1020.7699210643768
97	278.92517	2.1036682	281.84824	276.98416	300.33258	22.071283	333.18124	245.90547	400.0	400.0	106699	91.3951	7.5981317	116.88967	-29.622766	-91.667015	1.1255738	1032.0769538879395
98	293.23557	9.407901	303.8445	280.97763	297.48688	24.047192	333.5716	232.5313	400.0	400.0	107799	91.1734	7.5051403	114.834366	-20.725258	-91.447105	1.0895556	1042.0318834781647
99	306.5224	12.934067	319.45648	293.58835	297.55426	18.57043	328.41513	253.09416	400.0	400.0	108899	90.92191	7.426792	120.520004	-29.442324	-91.18338	1.113572	1052.7411403656006
100	274.05844	9.301041	286.25558	263.69534	284.24933	28.69233	332.78055	215.43355	400.0	400.0	109999	90.6959	7.2907567	112.54732	-20.970894	-90.966354	1.2013352	1065.519808769226
101	287.6593	39.076233	320.2015	232.70769	291.9946	42.50106	332.83557	134.06718	400.0	400.0	111099	90.41617	7.2471304	114.995476	-28.98109	-90.67964	1.2071193	1077.4041457176208
102	312.32547	2.7881308	316.18347	309.6912	289.7473	34.44822	325.72482	176.71117	400.0	400.0	112199	90.204216	7.097351	121.72093	-30.648415	-90.4735	1.0657563	1088.9278421401978
103	243.5812	56.616272	300.19748	186.96494	277.82236	52.037296	316.8137	78.97471	400.0	400.0	113299	89.98562	7.0346413	108.955574	-20.74803	-90.24318	1.0259295	1100.7216138839722
104	283.23917	24.734198	314.4165	253.91547	276.79553	50.031696	329.55743	154.76123	400.0	400.0	114399	89.696724	7.037726	118.32423	-25.207718	-89.94505	1.0537647	1113.2571232318878
105	265.3976	32.5051	297.24396	220.76505	267.35196	50.70955	323.04623	127.66389	400.0	393.1	115499	89.41606	7.052357	116.06293	-20.802055	-89.66691	1.0433711	1124.6115691661835
106	227.1379	64.98523	278.7131	135.4745	264.78558	72.77006	335.06924	76.625404	400.0	400.0	116599	89.18306	7.0305586	106.25302	-31.247488	-89.44106	0.95668536	1136.058454990387
107	211.37279	16.064941	227.43773	195.30785	289.8517	37.333183	333.4232	204.84558	400.0	400.0	117699	88.9894	7.138888	107.85855	-19.894901	-89.25878	1.0656095	1148.3391489982605
108	291.4642	5.446965	299.07837	286.64594	298.49078	27.152872	333.81842	245.95944	400.0	400.0	118799	88.90369	7.2836404	130.40556	-37.91824	-89.18031	0.98281336	1159.6148710250854
109	215.84373	118.2139	311.97882	13.386166	249.30046	80.107834	317.65137	18.292841	318.25	371.75	119899	88.901665	7.3343005	115.44762	-29.59803	-89.184105	0.98077327	1170.9581446647644
110	302.62268	16.315096	318.9203	280.32947	274.1207	71.73295	331.33896	72.78281	400.0	382.3	120999	88.86383	7.4506083	108.81059	-38.00101	-89.146095	1.0976791	1182.3776321411133
111	310.453	14.395081	324.84808	296.05792	306.4893	13.781754	331.92422	280.95193	400.0	400.0	122099	88.880516	7.498826	107.62602	-20.813437	-89.16164	1.1272678	1193.8544845581055
112	310.13528	22.640446	331.04312	278.6806	304.69598	24.038626	332.53384	251.12225	400.0	400.0	123199	88.95341	7.520478	109.63268	-36.31989	-89.25139	1.0525502	1205.271075963974
113	305.84793	13.360297	322.88666	290.25696	298.1954	35.39087	335.19754	199.1089	400.0	400.0	124299	89.045135	7.432646	119.91885	-25.923939	-89.35072	1.1219296	1218.674017906189
114	251.20515	69.90712	302.0697	152.35555	283.3523	47.802265	336.85413	185.1569	400.0	400.0	125399	89.16193	7.3652296	112.01768	-30.10703	-89.457375	1.1753726	1231.472912788391
115	320.26257	4.938339	325.2009	315.32422	312.97162	17.04993	334.90744	263.77835	400.0	400.0	126499	89.231735	7.280072	105.63791	-35.29746	-89.52316	1.0969517	1241.787954568863
116	295.10428	14.393902	308.1135	275.04065	309.74115	15.7904005	336.86676	273.9457	400.0	400.0	127599	89.312355	7.0066524	107.696396	-26.143467	-89.60227	1.1016484	1252.5878522396088
117	235.68228	136.42535	323.9398	-0.12952633	279.541	46.768906	333.74768	167.64453	320.5	400.0	128699	89.347305	6.826771	108.99382	-13.803345	-89.63213	1.1027529	1265.8385682106018
118	313.2438	3.035553	316.27936	310.20825	301.5795	30.580008	337.1732	204.40218	400.0	400.0	129799	89.361565	6.643265	107.23584	-27.04396	-89.641304	1.052467	1276.8354058265686
119	283.55374	16.405302	306.7508	271.6034	294.1166	75.16883	337.29678	-5.468631	400.0	384.0	130899	89.319466	6.4501233	104.87377	-36.224495	-89.58612	1.0809218	1288.0183012485504
120	306.33655	10.690881	320.05795	293.97723	301.01727	24.526236	334.11502	250.5018	400.0	400.0	131999	89.22318	6.3772774	103.97837	-32.17653	-89.47997	1.0048808	1299.2816486358643
121	307.38077	16.747585	320.28314	283.72873	293.3873	49.743687	328.65607	135.41939	400.0	400.0	133099	89.1058	6.3208523	107.229935	-25.378864	-89.35154	1.05119	1310.5967283248901
122	275.992	16.690002	292.682	259.302	277.1541	89.33169	334.4396	3.9976373	400.0	369.35	134199	88.89293	6.3188887	106.17854	-28.570444	-89.13594	0.9626921	1321.7221014499664
123	275.8616	18.885532	301.75122	257.23425	303.75555	22.648699	333.67712	241.66193	400.0	400.0	135299	88.7505	6.2701206	108.95438	-19.275198	-88.99865	1.0246238	1333.0136282444
124	303.8881	6.096789	309.00012	295.31903	305.12317	23.411526	334.6306	248.31488	400.0	400.0	136399	88.6321	6.206042	110.1921	-22.846043	-88.883804	0.9628508	1344.7187983989716
125	299.73264	10.059122	312.64124	288.10098	296.11136	35.875916	337.11456	165.82666	400.0	400.0	137499	88.4903	6.229979	114.34846	-24.101877	-88.727104	0.8345915	1355.5240874290466
126	287.24814	12.459015	299.70715	274.78912	300.2669	33.618767	336.06583	176.38292	400.0	400.0	138599	88.3663	6.186184	108.6121	-26.335342	-88.606125	0.9629635	1366.7117414474487
127	219.77872	123.45818	296.93216	6.0507255	294.1923	28.447252	327.87823	230.7251	320.5	400.0	139699	88.16137	6.229773	117.44027	-20.787003	-88.38705	0.86582965	1378.013438463211
128	264.9717	46.775017	313.91122	201.95917	309.825	24.649357	336.90445	234.6286	400.0	400.0	140799	87.99114	6.3406787	104.960236	-25.795992	-88.22196	0.847998	1389.700760126114
129	297.66797	24.03038	321.69836	273.6376	305.22656	21.488794	335.88498	243.64665	400.0	400.0	141899	87.876656	6.551569	104.488525	-18.436733	-88.11016	0.85087943	1401.0386543273926
130	280.78268	25.994234	304.303	244.55528	294.2821	32.075428	328.5549	174.4403	400.0	400.0	142999	87.755684	6.7267823	111.55159	-22.906132	-87.98854	0.8208976	1412.3227710723877
131	290.30222	23.171051	314.20544	258.93866	293.98593	34.09465	326.42813	192.11261	400.0	400.0	144099	87.70986	6.8338885	104.229805	-26.386065	-87.95349	0.84443414	1425.3854305744171
132	296.14328	16.6375	318.69708	279.06085	288.30505	69.09159	333.81873	13.566761	400.0	400.0	145199	87.68134	6.9373364	108.6255	-27.944382	-87.91864	0.8582295	1438.4655759334564
133	308.5296	7.3575134	315.88712	301.1721	304.31577	12.784508	327.17932	285.25708	400.0	400.0	146299	87.6279	7.0683417	104.50152	-27.389894	-87.87403	0.80218387	1450.3762578964233
134	313.76144	14.099023	328.72617	294.86783	300.29138	24.367216	335.6703	250.17714	400.0	400.0	147399	87.6011	7.204507	114.351364	-33.157627	-87.845924	0.80304354	1463.3645813465118
135	310.38602	10.913483	319.89813	295.104	299.3062	22.391712	336.83414	263.3758	400.0	400.0	148499	87.630196	7.221329	109.34289	-39.43415	-87.879074	0.8603074	1475.6482424736023
136	292.04233	22.657774	320.68954	265.28632	274.43622	67.80654	332.6417	7.940091	400.0	384.25	149599	87.71565	7.259502	106.38875	-19.117071	-88.0002	0.71336347	1486.6437451839447
137	292.08664	37.493294	329.57993	254.59334	311.9281	20.624346	336.19623	248.06197	400.0	400.0	150699	87.97063	7.234176	107.92709	-21.905247	-88.2603	0.7883083	1498.3245570659637
138	275.39536	21.226656	304.6855	255.05621	290.68927	21.206284	328.1156	247.61307	400.0	400.0	151799	88.19558	7.284837	105.28108	-23.917227	-88.47873	0.8164526	1510.043702363968
139	280.5079	38.388073	321.60248	229.23778	298.36	23.98008	335.2165	257.79144	400.0	400.0	152899	88.401306	7.2725153	105.21785	-25.640053	-88.69687	0.7734515	1520.3644225597382
140	288.0985	32.682667	317.35623	242.48218	307.4017	27.158758	337.39398	223.62274	400.0	400.0	153999	88.75244	7.239444	107.002556	-21.016552	-89.06977	0.8534627	1531.5123128890991
141	284.26837	4.9931183	289.2615	279.27527	296.49652	31.781466	337.32254	200.48254	400.0	400.0	155099	89.07207	7.2921968	105.20585	-29.015808	-89.35838	0.8772932	1542.9205913543701
142	289.60748	15.313436	306.76642	269.58554	304.9475	20.528872	336.16638	260.47427	400.0	400.0	156199	89.1257	7.164057	108.03076	-24.419827	-89.352104	0.84487873	1554.6119446754456
143	301.47372	8.419746	309.3537	289.80276	298.69382	23.596954	335.6954	230.86229	400.0	400.0	157299	89.047615	6.986945	108.14194	-21.370256	-89.29196	0.7386214	1565.8974478244781
144	224.03639	59.634094	293.85568	148.15984	300.02914	31.712374	337.55804	225.22618	400.0	400.0	158399	89.02346	6.9379973	104.94355	-20.262672	-89.27341	0.7368234	1576.3834748268127
145	293.38568	17.84784	311.23352	275.53784	289.6885	32.648922	338.0495	227.60803	400.0	400.0	159499	89.06467	7.1621194	105.67351	-30.4687	-89.33951	0.76498973	1587.8318214416504
146	284.75986	11.642192	296.16467	268.77353	281.9912	65.11465	332.52905	21.75334	400.0	385.35	160599	89.21937	7.3954964	110.349304	-25.723326	-89.492256	0.747158	1599.2387261390686
147	285.28293	11.349427	300.90024	274.26663	295.95267	36.06861	337.53992	210.5174	400.0	400.0	161699	89.32963	7.6803627	106.76485	-76.24427	-89.60567	0.841721	1610.7749059200287
148	270.81754	13.457774	285.0832	252.77435	283.03336	64.974174	337.70724	39.21449	400.0	385.3	162799	89.4716	7.834136	108.35485	-36.941666	-89.7626	0.75105906	1622.251734495163
149	210.62721	144.70844	327.40695	6.694696	271.82288	91.20892	335.66586	4.3502235	296.33334	368.6	163899	89.70727	8.028744	111.38704	-20.970337	-90.0121	0.7827501	1635.3023700714111
150	288.19055	19.573149	313.93314	266.50723	277.17828	64.8117	334.9137	37.396637	400.0	384.95	164999	90.009964	8.10193	113.91218	-22.12837	-90.3183	0.869938	1648.2032735347748
151	293.07285	10.254856	307.02454	282.66833	305.48022	35.696415	337.54193	203.08801	400.0	400.0	166099	90.2555	8.200868	116.424934	-23.528309	-90.55976	0.76668763	1661.100179195404
152	282.70978	16.87642	299.5862	265.83337	291.54285	29.494654	333.64316	221.17319	400.0	400.0	167199	90.56939	8.242849	116.997536	-37.367313	-90.882454	0.74716616	1672.5580649375916
153	265.44006	29.560947	289.73325	223.82898	236.96292	65.6547	329.51974	15.693621	400.0	392.15	168299	90.83559	8.27737	117.72655	-37.008377	-91.15112	0.90864724	1683.4739418029785
154	292.02414	32.29606	329.31253	250.53842	249.67429	77.40774	335.51395	-32.584343	400.0	396.5	169399	91.154305	8.15703	119.84621	-36.97379	-91.482544	0.81193995	1694.7329392433167
155	301.0933	4.637629	305.3946	294.65482	268.02057	83.106865	328.81067	-75.479774	400.0	400.0	170499	91.47987	8.028656	124.65212	-35.19964	-91.80426	0.79431015	1706.2784683704376
156	284.53937	14.154648	298.69403	270.38474	263.43185	71.44122	327.5152	-32.89558	400.0	400.0	171599	91.68619	7.9264565	127.23969	-32.001976	-91.99413	0.8242159	1717.6285436153412
157	293.43405	25.447054	325.19904	262.9034	267.22092	64.13534	332.9453	126.4887	400.0	400.0	172699	91.880035	7.831172	128.59874	-34.63805	-92.18224	0.8342401	1729.6866853237152
158	301.52795	13.617929	320.7607	291.04697	290.74335	32.151455	332.72446	230.43304	400.0	400.0	173799	91.95894	7.723786	130.37668	-41.522636	-92.245995	0.78632057	1741.3197383880615
159	223.70076	104.883766	300.27	75.399	292.38492	31.95468	331.9465	229.11276	400.0	400.0	174899	91.97764	7.569962	129.19481	-46.46581	-92.24753	0.9170183	1752.6472721099854
160	215.3006	53.045433	268.34604	162.25517	277.86768	41.003178	326.52237	182.62926	400.0	400.0	175999	91.92457	7.432672	122.02912	-49.81144	-92.179535	0.8087209	1764.333746433258
161	299.57834	37.39389	330.541	246.96964	287.33862	35.309845	331.9895	207.37114	400.0	400.0	177099	91.7913	7.471109	118.8498	-54.34805	-92.05246	0.99811625	1775.7565298080444
162	242.65991	23.577396	259.74515	209.31989	281.32248	41.661354	333.6367	191.11372	400.0	400.0	178199	91.742134	7.126915	121.3254	-47.50497	-91.998184	0.7867676	1787.1806318759918
163	284.08157	13.607756	303.07184	271.88757	300.6828	21.503504	333.8754	240.83606	400.0	400.0	179299	91.65347	7.0035005	124.961426	-35.860645	-91.92195	0.9081256	1798.2775452136993
164	255.47418	15.497078	270.97125	239.9771	304.63602	25.523733	336.95358	226.72008	400.0	400.0	180399	91.64255	6.8213415	130.16931	-34.707436	-91.90064	0.90186596	1811.5768225193024
165	304.58438	15.782432	316.7963	282.29883	298.9685	26.41094	337.64413	246.21748	400.0	400.0	181499	91.57242	6.8670287	139.86807	-32.897552	-91.83741	0.9563497	1824.2314701080322
166	312.85123	7.813668	322.6374	303.51367	303.32733	18.769314	334.9656	267.87698	400.0	400.0	182599	91.50149	6.8898535	154.10063	-32.716206	-91.756195	0.9122192	1835.1720464229584
167	300.57376	16.581188	324.0231	288.8296	307.52338	23.964123	334.22638	261.76474	400.0	400.0	183699	91.43177	6.875139	162.82005	-38.413334	-91.68662	1.079367	1847.7644193172455
168	257.65103	66.52277	324.1738	191.12825	288.29303	66.23996	335.6154	14.452636	400.0	384.75	184799	91.32428	6.7710667	164.50938	-24.910236	-91.57694	1.1896944	1860.41947555542
169	225.78598	117.57735	304.22177	22.458397	220.70322	138.26878	337.60995	6.9381485	319.25	304.2	185899	91.23041	6.6011047	164.92691	-25.046692	-91.47856	1.0340647	1872.4699335098267
170	258.16525	19.734514	285.27072	238.85524	271.2265	93.88689	336.96585	1.2137004	400.0	369.9	186999	91.106125	6.4714446	158.67772	-27.538382	-91.346664	1.1795776	1882.1265625953674
171	307.5119	19.421097	326.933	288.09082	289.9309	63.355354	331.25732	24.887053	400.0	384.45	188099	90.99805	6.2260933	149.08777	-24.14729	-91.23876	1.0879437	1893.2185475826263
172	250.13818	129.89511	327.41336	25.17011	292.30038	63.670082	332.61023	32.811607	316.5	384.1	189199	90.908775	6.0921154	139.74713	-25.42541	-91.15279	1.2975572	1905.634630203247
173	289.85562	15.637238	305.86548	268.63904	288.40192	64.99	336.12457	27.276169	400.0	383.55	190299	90.85888	6.083241	132.08205	-39.216175	-91.126366	1.1270438	1916.2584347724915
174	293.57416	20.797834	317.469	266.77405	275.05344	72.12912	336.71152	10.516189	400.0	383.85	191399	90.98071	5.957923	140.35982	-35.675682	-91.25757	1.1950729	1929.1764776706696
175	211.46277	128.93973	303.80884	29.119507	278.03787	69.20282	335.46286	22.693745	290.66666	383.55	192499	91.087654	6.0261188	152.12323	-25.540007	-91.3736	1.1828836	1940.0542323589325
176	301.31693	32.634617	326.5704	255.23541	294.02914	58.09935	337.61725	58.898605	400.0	400.0	193599	91.20441	6.182449	157.6451	-19.710545	-91.48785	1.3196414	1951.6733047962189
177	296.96915	4.477756	302.71857	291.79584	286.4958	56.763493	334.07196	107.78492	400.0	395.7	194699	91.336235	6.485729	167.45679	-35.721107	-91.61922	1.1781217	1962.95525765419
178	276.58347	28.94162	305.5251	247.64185	260.65005	101.72313	336.80252	19.939068	400.0	363.7	195799	91.41337	6.7564225	176.1817	-18.817297	-91.68076	1.2884251	1973.8952980041504
179	244.97302	56.07725	300.964	168.33861	268.80856	64.548065	326.84866	116.50812	400.0	391.65	196899	91.38106	6.9955273	188.16846	-34.13849	-91.651306	1.36192	1985.3675355911255
180	235.91649	72.140076	287.9246	133.90155	286.4812	33.737545	335.42938	210.19333	400.0	400.0	197999	91.42385	7.288726	194.8747	-25.415699	-91.69503	1.3551134	1996.8970737457275
181	187.14369	75.36518	261.9803	84.00265	249.2773	76.82531	320.0059	38.041443	358.66666	371.55	199099	91.40481	7.5346017	195.71434	-38.08575	-91.67022	1.5603136	2007.9250283241272
182	226.47554	112.52935	318.49545	68.02212	204.10266	96.25485	317.4355	-12.817086	346.33334	352.9	200199	91.447105	7.5573063	194.0304	-31.449953	-91.732475	1.8161628	2018.9679033756256
183	212.27727	54.943897	265.36414	136.5954	255.19324	80.86335	336.4374	14.206355	400.0	379.9	201299	91.378136	7.268719	188.37135	-14.879844	-91.62442	1.565362	2029.4334037303925
184	256.47488	46.821747	315.1398	200.54854	236.97754	95.06925	336.07825	23.095911	400.0	361.2	202399	91.29647	6.954177	183.20079	-21.355146	-91.55546	1.4501384	2041.0809276103973
185	311.18994	4.225296	315.41522	306.96463	224.436	109.76835	336.31085	13.399455	400.0	334.8	203499	91.23873	6.8524528	176.856	-43.950264	-91.50396	1.5311723	2053.578766822815
186	319.49344	12.918931	332.6702	301.94476	200.19743	115.70182	328.52554	34.743053	400.0	320.2	204599	91.232956	6.7171454	186.15111	-90.71372	-91.49735	1.8167582	2064.4405007362366
187	135.54987	87.948235	265.63535	24.150055	242.16089	68.36703	319.7667	13.240338	319.5	384.2	205699	91.20297	6.6164255	178.12534	-55.45877	-91.46011	1.5956227	2075.699017763138
188	199.93762	130.77509	331.70996	21.667204	201.59056	107.69587	322.67273	30.178135	292.0	325.95	206799	91.12534	6.5446377	181.35902	-69.14969	-91.370636	1.6924125	2086.1266717910767
189	227.69344	24.98531	258.12875	196.93013	189.31398	107.71819	336.9451	20.004494	400.0	324.45	207899	91.00065	6.550949	184.19312	-68.787735	-91.265884	1.5439739	2096.8144207000732
190	272.50046	44.74992	314.45825	210.49121	162.45569	124.26587	337.15173	18.811726	400.0	264.05	208999	90.956894	6.6290307	186.1013	-72.902664	-91.215355	1.4316595	2107.815982580185
191	161.48166	3.2661057	164.74777	158.21556	227.56046	111.17663	333.0719	18.031382	400.0	339.85	210099	90.889946	6.6024876	187.85063	-97.60027	-91.14987	1.4077041	2118.204687356949
192	175.0551	97.36953	270.17178	13.110421	184.06615	125.55596	321.79117	3.8994172	322.25	285.75	211199	90.84483	6.6692734	185.76154	-73.2625	-91.120186	1.1767172	2128.810926437378
193	182.57307	99.943596	288.64343	18.484837	203.41135	122.57931	330.06186	8.375101	317.25	331.8	212299	90.85531	6.6467724	184.34406	-75.64598	-91.12884	1.3091592	2139.088531732559
194	268.25494	49.83895	318.0939	218.416	254.5754	88.55098	331.40964	26.523438	400.0	367.4	213399	90.80674	6.4859724	173.69435	-62.769337	-91.0637	1.3531302	2150.1950330734253
195	226.56004	66.12819	275.3062	133.0692	246.79507	74.03696	329.4675	21.982742	400.0	384.0	214499	90.71903	6.488014	165.14615	-34.351254	-90.97148	1.2124884	2161.136716604233
196	295.1082	16.497343	311.44373	272.51453	254.04529	99.17446	328.3596	29.224876	400.0	352.45	215599	90.58259	6.6074915	158.68594	-32.388725	-90.83442	1.2262529	2172.1464455127716
197	258.49515	22.538342	283.9864	229.17809	285.31564	75.79271	334.63907	13.137584	400.0	383.85	216699	90.50526	6.8052216	156.40483	-45.51961	-90.76042	1.1956174	2183.800042629242
198	312.44415	10.669388	323.11356	301.77478	284.44235	46.60206	328.8222	170.34335	400.0	400.0	217799	90.477875	6.8624697	148.89421	-49.628345	-90.74041	1.1477602	2195.527227640152
199	296.988	8.162239	305.6986	286.07318	276.8736	60.79117	336.19128	119.059235	400.0	399.55	218899	90.51304	6.8762717	137.26978	-49.87273	-90.78821	1.0867143	2206.8949966430664
200	308.97656	2.8919103	313.01715	306.40863	273.78973	65.18028	331.2236	84.592995	400.0	400.0	219999	90.633224	6.8508015	137.63712	-38.196377	-90.92447	1.1842791	2220.1828353405
201	272.4364	41.029896	311.84955	215.84988	294.16913	31.64606	336.37613	224.22304	400.0	400.0	221099	90.81621	6.863344	138.28555	-33.48033	-91.1117	1.1141396	2233.1504049301147
202	258.5664	46.78203	305.34845	211.7844	298.15024	52.14514	335.626	96.25965	400.0	400.0	222199	91.03213	6.7083263	137.32465	-28.465057	-91.329346	1.0460134	2245.3401353359222
203	252.85417	61.515697	301.6505	166.08246	287.6283	66.30926	335.79462	95.34008	400.0	400.0	223299	91.209595	6.713209	146.63754	-39.288307	-91.51757	1.2139373	2256.943775177002
204	281.32324	36.998234	318.07117	230.69255	282.31354	50.125507	335.04538	129.9065	400.0	400.0	224399	91.44287	6.6021876	133.43436	-25.543903	-91.74175	1.1753218	2269.6344776153564
205	291.59946	9.395151	301.59348	279.02002	294.77097	66.17771	336.59512	36.413166	400.0	385.35	225499	91.57224	6.5672255	135.65562	-15.756411	-91.85693	1.2420334	2281.205116033554
206	303.24274	17.196518	320.43927	286.04623	258.0976	96.32789	330.58762	25.856073	400.0	366.3	226599	91.60804	6.597469	130.91733	-24.046885	-91.876816	1.0407993	2293.9277317523956
207	286.49484	11.205569	299.75436	272.34937	269.4064	102.99821	337.64706	25.525213	400.0	361.25	227699	91.55009	6.676176	130.31628	-23.98552	-91.81624	1.2673169	2304.9913461208344
208	304.1897	24.619707	325.7847	269.73978	303.3759	25.147806	336.46185	262.48138	400.0	400.0	228799	91.50162	6.693313	131.0065	-31.30106	-91.76114	1.2016642	2316.359883546829
209	259.18457	41.15817	309.7976	208.98363	305.79953	46.989414	336.56854	111.09255	400.0	400.0	229899	91.48368	6.649056	131.40266	-30.171684	-91.759094	1.3081573	2329.484804391861
210	259.00388	10.8836975	269.88757	248.12018	288.70612	24.410553	336.40756	242.73454	400.0	400.0	230999	91.48033	6.5935907	134.31781	-39.423916	-91.75033	1.3898655	2341.884777545929
211	300.8097	21.025303	318.92892	271.3328	276.25162	44.211864	327.09528	168.16208	400.0	400.0	232099	91.46135	6.5018144	132.99144	-32.65499	-91.729645	1.2741504	2353.485695838928
212	257.0547	9.621361	270.21945	247.49362	267.31085	68.96075	333.2155	1.4390193	400.0	384.65	233199	91.49335	6.4781017	131.80963	-43.495007	-91.78321	1.1976893	2364.0077316761017
213	246.37146	68.54321	302.65265	149.88193	303.4379	19.420443	330.95517	254.37457	400.0	400.0	234299	91.63523	6.474197	126.70854	-29.550062	-91.92255	1.2612886	2375.0129384994507
214	277.58755	27.124947	304.7125	250.4626	300.55563	23.548347	335.63882	258.68344	400.0	400.0	235399	91.718506	6.499509	123.98411	-35.941463	-92.00692	1.2380042	2386.4442195892334
215	258.00827	33.372673	294.31326	213.73944	281.0983	68.232605	334.13052	13.390841	400.0	384.25	236499	91.74211	6.654473	129.37627	-49.565002	-92.02138	1.3971616	2397.541393995285
216	273.52066	25.63455	304.60175	241.81937	276.25952	56.5048	335.955	62.227013	400.0	388.2	237599	91.792725	6.6974783	119.54341	-43.70932	-92.06814	1.1579934	2408.9990072250366
217	286.6361	12.537786	304.21155	275.8182	297.3345	26.901114	333.5123	238.73322	400.0	400.0	238699	91.72779	6.698421	121.03027	-26.911198	-91.992195	1.2421314	2420.3961160182953
218	265.68262	26.897064	292.57968	238.78555	292.18524	27.860315	327.2076	225.64592	400.0	400.0	239799	91.693405	6.744508	121.31881	-38.64067	-91.95379	1.2972885	2433.2998819351196
219	243.3056	40.762905	283.0633	187.27547	282.1486	69.78387	330.64575	4.4533834	400.0	387.15	240899	91.65705	6.8464837	122.43289	-52.72913	-91.92926	1.1093745	2444.8166692256927
220	252.90852	62.410244	317.22638	168.4049	301.52493	22.742474	330.4882	250.10532	400.0	400.0	241999	91.63376	6.8729005	125.2306	-33.450825	-91.89783	1.134549	2456.0207386016846
221	286.54758	19.193039	312.34372	266.33664	287.82147	36.33535	335.5531	198.31976	400.0	400.0	243099	91.66392	6.9034433	123.34563	-74.47945	-91.94347	1.1097943	2467.915159702301
222	293.8645	3.5340118	297.3985	290.33047	279.0742	53.617832	333.54205	116.38186	400.0	400.0	244199	91.696205	6.9568405	126.21958	-30.710546	-91.96992	1.0987942	2478.9092178344727
223	209.2134	43.91522	259.59583	152.57336	225.29114	89.66542	326.67413	16.908684	400.0	382.6	245299	91.74985	6.9728446	125.79431	-31.093197	-92.01455	1.0238833	2490.308596134186
224	266.2859	22.012869	296.49857	244.67995	264.25473	59.283707	333.45618	152.73003	400.0	400.0	246399	91.813675	7.049953	127.5569	-22.771711	-92.087616	1.0723398	2501.5262224674225
225	243.27913	49.774456	303.33417	181.45084	240.47473	76.54328	330.78424	31.445648	400.0	385.0	247499	91.847145	7.1602316	134.01851	-31.833412	-92.106346	0.98319745	2513.032260656357
226	312.7398	8.004822	320.74463	304.735	239.29431	60.316338	321.32993	113.36826	400.0	396.5	248599	91.79688	7.2766223	139.39775	-25.40083	-92.04693	1.0350146	2524.366538286209
227	273.66153	13.106214	287.479	256.05386	248.63936	65.44729	329.44547	69.95826	400.0	395.3	249699	91.71421	7.3423715	146.62	-27.202389	-91.958916	0.9738978	2535.18901348114
228	220.27608	76.26059	313.11694	126.32726	287.3843	32.27274	333.11667	207.7327	400.0	400.0	250799	91.582466	7.5157866	147.12695	-39.91011	-91.819954	0.94601077	2546.97492146492
229	296.96997	8.708898	309.28238	290.5477	258.72498	65.472534	324.0397	5.2757406	400.0	386.4	251899	91.4543	7.606692	150.7087	-35.442856	-91.69136	0.96694213	2558.8552219867706
230	261.10553	35.07067	296.1762	226.03487	250.65591	83.822556	334.66513	18.25862	400.0	372.2	252999	91.41274	7.643118	148.30038	-16.918999	-91.65888	0.9307944	2570.655920267105
231	287.38742	17.87566	305.35532	263.003	261.442	64.48367	332.95297	83.8081	400.0	387.6	254099	91.35454	7.7361593	146.95358	-39.26065	-91.60102	0.8595397	2582.5458555221558
232	251.25836	45.29721	289.6506	187.65186	241.2927	64.81793	334.4448	90.127495	381.66666	400.0	255199	91.34144	7.805898	144.27231	-52.395386	-91.59354	0.99306196	2594.914637327194
233	251.45372	52.350132	291.77045	177.52058	258.42725	64.481804	332.85666	62.390472	400.0	400.0	256299	91.321556	7.8352475	143.08414	-32.240486	-91.56924	0.85484326	2607.9235079288483
234	274.72546	3.3186188	278.04407	271.40683	262.02185	50.930664	318.8395	122.86924	400.0	391.2	257399	91.346	7.852223	147.64293	-51.76384	-91.60353	1.0229846	2618.926675081253
235	204.58116	98.622475	292.64368	37.45699	273.15546	62.56139	336.94168	42.14302	344.5	387.35	258499	91.37609	7.870313	151.99191	-33.42306	-91.63156	0.990456	2631.918129682541
236	274.62155	24.509026	299.13058	250.11253	255.90633	84.92013	328.26117	5.279231	400.0	367.55	259599	91.31834	7.8921137	153.91632	-47.520287	-91.55912	1.0012826	2643.037110567093
237	284.0292	14.608715	304.0326	269.5531	261.91586	84.80008	328.4271	16.87079	400.0	366.35	260699	91.22299	7.813392	152.08559	-24.826654	-91.45553	0.9355631	2653.252581357956
238	274.631	40.87743	331.33273	236.52654	282.88104	41.255337	337.5276	137.67577	400.0	400.0	261799	91.0663	7.7812586	149.25761	-31.890804	-91.281654	0.9813341	2664.7578852176666
239	284.46082	11.6952305	300.78897	274.01395	300.91788	21.36046	336.51434	254.02658	400.0	400.0	262899	90.92027	7.631438	136.40977	-45.840557	-91.15658	0.9160521	2677.7622034549713
240	273.79208	7.951721	281.7438	265.84036	306.46884	17.205128	331.3359	269.69418	400.0	400.0	263999	90.872	7.546806	127.99745	-33.547623	-91.10535	1.0045244	2689.1785295009613
241	268.52966	32.88152	304.20532	224.8611	284.08426	69.8024	333.31097	15.007926	400.0	383.1	265099	90.831215	7.4457374	119.28408	-23.974205	-91.07277	0.9840424	2700.6457707881927
242	242.24321	28.66714	281.2388	213.14256	280.02808	86.17978	333.00748	26.737364	400.0	366.45	266199	90.720215	7.3000665	118.31345	-33.2601	-90.94099	1.010505	2711.975925922394
243	272.99643	25.454386	306.63284	245.07271	303.65436	20.823017	331.2146	250.2097	400.0	400.0	267299	90.51927	7.243624	116.04273	-60.822792	-90.7375	1.0355549	2723.5494515895844
244	279.79776	2.801422	282.59918	276.99634	303.54282	22.965073	329.56656	257.66992	400.0	400.0	268399	90.39333	7.080818	117.1291	-69.62331	-90.608795	0.9380788	2735.3858811855316
245	299.4664	10.990654	315.00134	291.26254	297.42615	29.365294	337.51346	237.74004	400.0	400.0	269499	90.24078	7.043698	113.7092	-41.704887	-90.467834	1.0061961	2748.153056383133
246	276.98007	13.234469	289.23523	258.60156	310.7188	12.458398	334.53433	282.3291	400.0	400.0	270599	90.12989	6.936413	113.75216	-9.368294	-90.34729	0.9164231	2761.142168521881
247	297.28372	10.585595	306.73016	282.50287	296.13763	21.775581	328.9686	245.03412	400.0	400.0	271699	90.0188	6.9439783	117.96014	-31.598799	-90.23797	1.1037384	2772.9330525398254
248	304.7749	13.477783	318.2527	291.29712	286.65146	70.38303	336.3576	38.87855	400.0	379.5	272799	89.937454	6.9828854	118.982056	-43.154617	-90.173965	0.99774504	2783.8983108997345
249	231.95282	79.51037	310.34985	100.31568	287.46893	64.99681	329.7498	15.806258	368.25	384.75	273899	89.93023	6.968596	123.86922	-35.63909	-90.15775	1.1380236	2795.103462934494
250	296.29498	2.9584045	299.2534	293.33658	239.34041	95.63891	320.81833	20.696318	400.0	354.15	274999	89.86424	6.979978	126.009514	-28.623562	-90.08889	1.0339262	2806.324754714966
