Epoch	AverageEpRet	StdEpRet	MaxEpRet	MinEpRet	AverageTestEpRet	StdTestEpRet	MaxTestEpRet	MinTestEpRet	EpLen	TestEpLen	TotalEnvInteracts	AverageQVals	StdQVals	MaxQVals	MinQVals	LossPi	LossQ	Time
1	22.43844	5.497225	27.935665	16.941216	-169.85617	6.028582	-159.78128	-178.87436	400.0	400.0	1099	0.37749538	0.06640612	0.7283077	-0.13199544	-0.38527378	0.03016476	7.25373101234436
2	-32.54801	13.412698	-20.907005	-51.33832	-72.65017	11.66774	-56.864983	-98.57087	400.0	400.0	2199	0.34907687	0.56318885	2.4566326	-1.0233144	-0.36181784	0.015842872	32.72185778617859
3	29.69008	64.91067	119.965225	-29.865898	65.12609	14.602265	88.432014	32.755	400.0	400.0	3299	0.72766507	1.492676	5.1972857	-2.025776	-0.8292445	0.012844769	59.98968696594238
4	-21.283611	13.465488	-2.2544372	-31.428226	78.35816	25.877974	116.6423	33.09732	400.0	400.0	4399	1.2636774	2.3785374	7.8685837	-2.2463512	-1.4722537	0.014951734	88.31356024742126
5	27.803877	23.892506	51.69638	3.9113717	68.955696	34.49098	132.72224	-7.02735	400.0	400.0	5499	2.3892834	3.0956416	10.175115	-2.2639403	-2.6063826	0.0416777	122.50960421562195
6	-23.583075	8.531463	-12.035612	-32.38515	58.068146	35.34425	167.50482	5.0843463	400.0	400.0	6599	3.3396077	3.686707	12.297956	-2.717754	-3.5583591	0.059754536	146.25944781303406
7	-19.464964	29.13871	1.921366	-60.6633	52.948467	26.89193	111.12157	10.061743	400.0	400.0	7699	3.9424496	4.2329	14.343134	-3.1096818	-4.1655354	0.07716206	166.20139813423157
8	-21.996117	27.50964	16.225582	-47.3916	55.602905	25.933704	132.53249	23.939638	400.0	400.0	8799	4.826887	4.667288	16.308525	-3.4820423	-5.0533605	0.10118286	185.7932047843933
9	-15.157774	14.3419285	-0.815846	-29.499702	39.499428	31.381012	133.3992	-6.044011	400.0	400.0	9899	5.3888955	5.1399555	18.039932	-3.8849845	-5.6222134	0.113480836	206.54556703567505
10	-29.3715	19.151821	-4.158322	-50.546055	72.8445	51.88093	204.8894	3.6917083	400.0	400.0	10999	6.1620936	5.487092	19.658686	-4.2585073	-6.40179	0.12439378	227.26658463478088
11	-31.403223	22.698372	-1.845677	-57.025784	66.27649	61.320015	208.56958	-7.9189434	400.0	400.0	12099	6.8220873	5.8318725	21.147797	-4.589987	-7.0651813	0.13786502	247.16949915885925
12	-29.69133	1.6648802	-28.232353	-32.021217	44.848446	49.015125	124.99866	-32.42458	400.0	400.0	13199	7.2598634	6.1852508	22.566021	-4.9116426	-7.5048475	0.13353175	266.42115211486816
13	-31.886076	7.950468	-23.935608	-39.836544	48.193047	69.971825	202.8542	-67.6334	400.0	400.0	14299	7.667517	6.615852	23.795279	-5.229622	-7.920855	0.13911949	283.2527995109558
14	-11.6524315	9.377291	-0.24840929	-23.216318	62.94115	70.91534	206.50371	-66.896324	400.0	400.0	15399	8.167402	7.0716248	24.928736	-5.4218097	-8.429851	0.1592163	299.6543016433716
15	37.817165	21.387486	64.7785	12.464196	38.812855	40.85777	122.47768	-26.50872	400.0	400.0	16499	8.820788	7.46643	25.783516	-5.6874986	-9.082212	0.15635155	316.9709255695343
16	72.46737	24.428288	106.05804	48.6819	90.74079	76.92508	247.70895	-34.23455	400.0	400.0	17599	9.666807	8.046491	26.57996	-5.897513	-9.9252615	0.17335054	335.8232350349426
17	116.7552	8.62529	125.38049	108.12991	90.51595	77.863205	239.9873	-25.084059	400.0	400.0	18699	10.671333	8.583229	27.496855	-6.0457964	-10.924636	0.19027758	354.7427010536194
18	100.81003	78.57621	210.9015	32.678745	112.790726	60.08905	227.05487	11.871659	400.0	400.0	19799	11.697695	9.047232	28.420547	-6.2703195	-11.950554	0.21611811	374.39977192878723
19	69.84333	65.87219	161.73824	10.659017	68.30048	87.45305	232.13776	-81.76693	400.0	400.0	20899	12.640844	9.456656	29.477463	-6.4220934	-12.894229	0.2272004	393.1161687374115
20	147.85051	43.70024	205.85924	100.385185	91.74911	63.082314	227.69376	-6.678991	400.0	400.0	21999	13.326541	9.841666	30.50725	-6.495203	-13.573244	0.24793752	411.30179238319397
21	97.13103	87.33415	184.46518	9.796873	123.740036	66.862465	227.94072	23.518248	400.0	400.0	23099	14.264372	10.330246	31.558458	-6.539739	-14.50671	0.26054272	430.25732231140137
22	105.10105	51.245068	153.25209	34.119316	159.08833	53.78173	267.78668	68.96619	400.0	400.0	24199	14.986299	10.716045	32.59734	-6.473285	-15.228437	0.27039206	449.57632279396057
23	114.00974	47.12087	166.70645	52.336372	100.30607	57.406403	217.79202	13.828052	400.0	400.0	25299	16.054594	11.008904	33.571148	-6.369805	-16.296465	0.3024915	468.0071499347687
24	130.61377	33.52884	173.74171	91.98346	148.6549	85.896225	262.57315	14.24577	400.0	400.0	26399	16.841433	11.300059	34.482815	-6.2360234	-17.084549	0.31894937	485.4449369907379
25	114.18232	78.35034	192.53267	35.831974	138.32214	77.9567	258.2675	13.406217	400.0	400.0	27499	17.943163	11.597481	35.326946	-6.097399	-18.183838	0.36215273	503.4959137439728
26	145.01788	43.76734	184.57881	84.01158	96.153076	72.07198	227.36865	-9.928318	400.0	400.0	28599	18.939632	11.75614	36.169952	-5.8703165	-19.177158	0.35367915	522.0098867416382
27	180.58118	87.24435	280.97833	68.27244	99.35149	81.2455	252.72798	-22.199966	400.0	400.0	29699	20.043722	12.011821	37.113495	-5.6579995	-20.28317	0.35841662	540.3260996341705
28	146.28078	60.013214	197.70401	62.09594	151.83333	60.48842	244.14378	-2.2290227	400.0	400.0	30799	21.041132	12.253324	38.135727	-5.271029	-21.278889	0.3780018	558.5457708835602
29	45.903584	16.791052	62.694633	29.112532	159.24297	47.09387	251.9126	30.595581	400.0	400.0	31899	21.914125	12.452979	39.095512	-5.081874	-22.147951	0.39017776	577.8394346237183
30	130.87962	75.14591	202.32611	27.024796	144.24539	45.856007	249.07089	74.806786	400.0	400.0	32999	22.79076	12.651734	39.9996	-5.1026163	-23.015474	0.40634787	597.7337951660156
31	147.37657	11.452859	163.05292	136.01118	168.5141	49.313705	241.59311	30.844736	400.0	400.0	34099	23.51199	12.826397	40.781418	-5.07974	-23.733833	0.43201995	616.6104109287262
32	134.08095	101.58082	238.34355	-3.6364267	113.7452	66.270065	227.22707	-2.1124961	400.0	400.0	35199	24.317732	13.025018	41.598225	-5.1733623	-24.539116	0.46342105	638.7757098674774
33	101.2897	37.567886	138.85759	63.721817	131.51498	68.994736	237.7051	-10.3419	400.0	400.0	36299	24.93364	13.178844	42.347828	-5.271936	-25.153494	0.45329452	660.670446395874
34	122.328224	79.58497	234.09952	54.995533	142.58066	63.706882	230.07513	-19.603424	400.0	400.0	37399	25.559582	13.276401	42.93717	-5.377984	-25.774797	0.48589522	684.2577602863312
35	125.20615	73.270935	214.93307	35.456676	108.630066	76.53718	206.69514	-52.709	400.0	400.0	38499	26.322992	13.416813	43.64831	-5.327831	-26.538124	0.46176225	709.2824501991272
36	119.9181	135.63031	228.07668	-71.34596	138.37473	73.71792	254.85092	-3.3517096	400.0	400.0	39599	26.702913	13.64124	44.323128	-5.3339314	-26.91694	0.46523765	736.5106863975525
37	125.58181	29.456795	155.0386	96.125015	114.465866	95.4988	235.67119	-99.88381	400.0	400.0	40699	27.426785	13.781089	44.85098	-5.075344	-27.641165	0.5350583	765.8482942581177
38	84.49909	74.959885	158.8362	-18.121517	117.909996	87.14775	235.68593	-22.794853	400.0	400.0	41799	27.946625	13.850279	45.32852	-4.7998137	-28.157877	0.554893	793.7805926799774
39	159.83441	23.170923	191.58995	136.95471	110.85072	82.2022	230.75122	-45.277355	400.0	400.0	42899	28.59423	13.86503	45.775013	-4.7014165	-28.808817	0.5837195	820.0564930438995
40	199.39922	53.195995	240.20798	124.26181	107.07141	78.55428	256.2885	-65.549774	400.0	400.0	43999	29.414047	13.946005	46.236843	-4.826303	-29.651754	0.5785671	847.8600084781647
41	60.79248	41.168846	101.96133	19.623638	103.61582	84.64283	218.4458	-89.689545	400.0	400.0	45099	30.115194	13.956216	46.7616	-4.8346148	-30.352272	0.57949543	873.4513781070709
42	112.16415	52.707672	172.36595	43.9981	151.17654	40.775536	237.97707	79.669235	400.0	400.0	46199	30.732462	13.928038	47.20148	-4.722081	-30.955198	0.5668119	899.5021624565125
43	188.86292	42.000942	240.24872	137.36801	122.37594	49.415264	201.62975	27.794388	400.0	400.0	47299	31.374102	13.936973	47.65155	-4.6399217	-31.58598	0.5544824	928.2083039283752
44	135.67744	92.01391	224.10205	8.78711	139.79417	44.04614	226.37952	22.686716	400.0	400.0	48399	31.798254	13.9685335	48.117687	-4.2907643	-32.007202	0.5545176	955.9265248775482
45	135.87721	4.183914	140.06113	131.6933	146.07684	71.81535	269.36053	4.836171	400.0	400.0	49499	32.390984	14.023925	48.5575	-4.105818	-32.599083	0.5706596	982.8871469497681
46	189.05034	40.123005	241.49902	144.07407	146.8983	56.787094	231.15575	-2.8095214	400.0	400.0	50599	32.88915	14.057441	48.94079	-4.1088786	-33.097607	0.5872661	1010.4658706188202
47	89.48553	23.75254	110.16093	56.220318	103.85951	75.27404	217.54858	-51.129658	400.0	400.0	51699	33.42062	14.022501	49.358925	-3.9175868	-33.62889	0.5881191	1032.6134943962097
48	168.53294	21.315182	186.26907	138.55617	117.25399	72.70959	241.53827	-60.46556	400.0	400.0	52799	33.866154	13.985052	49.677452	-3.6114907	-34.07515	0.6166401	1055.6775212287903
49	90.57692	17.628311	108.20523	72.94861	109.591576	73.90845	219.06535	-56.654953	400.0	400.0	53899	34.323395	13.988189	49.987484	-3.1786635	-34.529396	0.6038596	1080.4436295032501
50	120.31479	29.655064	155.13857	82.66401	138.16457	77.67297	264.9845	-34.731697	400.0	400.0	54999	34.637558	13.984158	50.308147	-2.8218977	-34.837112	0.64318997	1106.8644530773163
51	102.26104	54.58491	143.62347	25.134	134.4847	63.94879	236.63716	-27.953657	400.0	400.0	56099	34.974102	13.943425	50.629223	-3.0816045	-35.16902	0.61411285	1137.9376509189606
52	108.661354	27.545757	144.25	77.146996	119.86456	58.05311	201.43202	-46.972775	400.0	400.0	57199	35.30908	13.905311	50.95119	-3.296162	-35.498894	0.61017543	1164.1867530345917
53	150.8739	11.635315	162.50922	139.23859	114.13757	85.30661	223.18842	-50.84576	400.0	400.0	58299	35.689312	13.897249	51.255768	-3.1850507	-35.87693	0.6393006	1196.4898209571838
54	107.07821	42.381115	165.28755	65.604515	128.76883	82.890915	233.35692	-73.51743	400.0	400.0	59399	35.91564	13.880444	51.468147	-2.634887	-36.097713	0.7055479	1224.000693321228
55	92.36144	99.33772	184.05978	-45.658955	121.5555	78.629845	257.5078	-29.185297	400.0	400.0	60499	36.032913	13.988038	51.680023	-2.1090817	-36.212685	0.66459346	1251.0618088245392
56	171.44427	34.618927	213.20006	128.4294	133.72388	93.29289	266.50064	-42.999218	400.0	400.0	61599	36.34122	14.004841	51.935436	-1.4473073	-36.5186	0.69306177	1277.0878291130066
57	167.1755	31.689697	198.8652	135.48581	114.53877	83.25774	247.00134	-99.619316	400.0	400.0	62699	36.612144	14.036097	52.13967	-0.7143708	-36.785553	0.70031697	1310.2363619804382
58	137.291	59.640778	192.58408	54.485226	102.073395	106.98132	258.0869	-99.22894	400.0	400.0	63799	36.806725	14.047143	52.322292	-0.11166829	-36.9813	0.67797136	1340.848172903061
59	192.3144	38.049984	244.9487	156.30571	80.64233	74.56195	191.68994	-63.478382	400.0	400.0	64899	37.099308	14.065026	52.50851	0.14591908	-37.275253	0.6572574	1370.556615114212
60	171.79924	37.352943	223.63498	137.06915	107.975365	79.99799	245.02304	-74.98816	400.0	400.0	65999	37.45147	14.019125	52.64447	0.6897041	-37.626995	0.70642245	1399.2264204025269
61	78.68139	97.55641	176.23781	-18.875025	107.88644	89.77588	216.65836	-77.92219	400.0	400.0	67099	37.600395	14.071795	52.82743	0.3170461	-37.775677	0.6799924	1428.8034207820892
62	151.01	32.16625	190.93246	112.16361	75.1656	89.448395	220.66373	-81.848465	400.0	400.0	68199	37.86013	14.041617	52.974632	0.27796602	-38.034	0.7027271	1456.062284708023
63	133.96968	99.78975	214.82469	-6.626871	84.06359	91.79285	197.64659	-67.194145	400.0	400.0	69299	38.008316	14.11595	53.0905	-0.10993785	-38.181557	0.69574535	1484.6989634037018
64	113.98423	104.403946	209.59746	-31.258833	110.74788	83.450066	200.71689	-75.24366	400.0	400.0	70399	38.235554	14.128971	53.17105	-0.16025686	-38.41047	0.71657515	1520.4553127288818
65	90.13386	116.218834	206.35269	-26.084978	90.88193	105.229004	217.65251	-95.155235	400.0	400.0	71499	38.299854	14.1341305	53.2771	-0.08935374	-38.474785	0.7112207	1550.0334367752075
66	144.59357	37.108395	182.53217	94.22289	131.3597	80.626366	252.82338	-49.083076	400.0	400.0	72599	38.52555	14.088017	53.34186	-0.5385168	-38.69809	0.73149616	1579.875189781189
67	108.69947	117.603325	212.10931	-55.813324	163.21532	68.77287	233.94467	-15.342161	400.0	400.0	73699	38.66144	14.129727	53.44734	-0.96092075	-38.83316	0.6990166	1608.9053127765656
68	81.06202	87.80211	187.75806	-27.293116	132.58572	78.55887	257.8182	-99.836525	400.0	400.0	74799	38.696095	14.157072	53.543064	-1.2712641	-38.86257	0.7209979	1637.0811159610748
69	50.02319	130.34007	180.36327	-80.31689	121.20711	89.95589	273.82037	-39.207733	400.0	400.0	75899	38.78246	14.168016	53.693634	-1.801517	-38.949196	0.70117277	1663.2738523483276
70	48.68443	93.148964	171.36826	-54.209896	134.49258	78.349045	212.28485	-87.73926	400.0	400.0	76999	38.72689	14.307348	53.733875	-2.1025681	-38.894325	0.7568484	1686.4058027267456
71	152.99564	81.242195	228.13394	40.15286	176.05753	62.183567	273.25098	0.5830677	400.0	400.0	78099	38.757065	14.385297	53.825325	-1.6377562	-38.924366	0.7632081	1708.398025751114
72	101.16567	110.61909	194.03404	-54.29361	145.31075	51.036488	255.71655	56.206036	400.0	400.0	79199	38.80974	14.449252	53.900852	-1.7523139	-38.978592	0.8124192	1730.6104261875153
73	122.12799	28.559872	150.68787	93.56812	158.85757	51.86676	244.35748	55.965076	400.0	400.0	80299	38.95334	14.43031	54.09282	-2.210936	-39.123875	0.7830912	1754.8634140491486
74	142.7151	6.9548254	150.85188	133.86142	176.32799	51.061104	254.91898	67.8327	400.0	400.0	81399	39.133144	14.394494	54.227184	-2.7088308	-39.303146	0.7868245	1779.8172829151154
75	211.65338	30.524994	253.03725	180.32214	148.21222	51.872097	218.70811	26.623611	400.0	400.0	82499	39.328247	14.376511	54.254505	-3.2267203	-39.49665	0.8055904	1801.850009918213
76	122.38852	10.311813	136.93565	114.22849	169.10269	76.85316	257.96286	-46.504128	400.0	400.0	83599	39.549644	14.31993	54.512268	-3.6053813	-39.718445	0.7544038	1830.2204868793488
77	226.23087	10.886055	237.11691	215.3448	185.19496	47.68454	246.16597	32.743866	400.0	400.0	84699	39.717808	14.311386	54.64864	-4.0129013	-39.884594	0.78546655	1857.452083826065
78	199.7968	22.654892	231.66838	181.02937	154.64255	63.402683	273.72495	11.034013	400.0	400.0	85799	39.935707	14.304321	54.898914	-3.9377637	-40.10561	0.740261	1883.1631288528442
79	183.01178	43.337147	219.83826	122.1719	138.89948	86.91486	243.86182	-93.89927	400.0	400.0	86899	40.151066	14.284694	54.86762	-4.031585	-40.320675	0.7789308	1911.0627307891846
80	165.85768	19.780573	193.80292	150.78758	180.13745	59.737923	279.59583	55.071953	400.0	400.0	87999	40.428753	14.202996	55.21672	-4.2720833	-40.596138	0.72769374	1941.5073883533478
81	147.86337	51.53302	199.3964	96.33035	132.05777	82.263504	245.24144	-75.34905	400.0	400.0	89099	40.567314	14.216681	55.40286	-4.5210752	-40.73459	0.6994518	1969.4554693698883
82	192.24388	7.822204	200.84941	181.92123	145.18335	57.80175	221.76465	-26.054022	400.0	400.0	90199	40.816273	14.15774	55.369442	-5.1000233	-40.98291	0.7406775	1995.6354937553406
83	161.2412	30.87629	204.56975	134.88707	143.08731	56.45645	218.0607	1.7889124	400.0	400.0	91299	41.02432	14.1125765	55.465908	-5.445209	-41.190098	0.7582958	2024.3036794662476
84	137.63316	64.47541	216.88893	58.96031	127.58323	65.69153	226.82455	-37.753777	400.0	400.0	92399	41.10443	14.109609	55.699024	-5.9928427	-41.269302	0.76069003	2053.05571436882
85	46.12481	83.97849	130.1033	-37.853687	138.39145	64.46118	223.66223	-28.172277	400.0	400.0	93499	41.267345	14.052365	55.66919	-6.078519	-41.431316	0.76837564	2078.82213139534
86	161.7594	40.180843	209.70547	111.373665	123.35769	71.621284	219.07634	-64.89479	400.0	400.0	94599	41.355293	14.073805	55.742115	-6.181043	-41.521854	0.76436585	2102.1286385059357
87	166.66942	6.4936376	171.28894	157.48608	168.53717	59.43818	241.81018	-7.373383	400.0	400.0	95699	41.513287	14.031681	55.684288	-6.3599014	-41.67925	0.78299296	2127.576155424118
88	96.25759	41.28187	132.19519	38.44339	169.85739	64.02316	228.41888	-82.931496	400.0	400.0	96799	41.652565	13.974823	55.682243	-6.7484603	-41.817936	0.78859055	2154.192929983139
89	25.173695	95.743484	120.91718	-70.56979	166.45091	28.693346	224.15913	115.54023	400.0	400.0	97899	41.745342	13.953607	55.61875	-6.5951753	-41.909977	0.7788322	2182.9063169956207
90	212.72095	16.619455	227.8002	189.56813	145.66623	52.52005	248.75854	12.407242	400.0	400.0	98999	41.846046	13.974605	55.653156	-6.708637	-42.01294	0.8464056	2207.593492269516
91	153.32095	62.511738	219.89209	69.65891	130.2244	73.33855	229.43622	-33.02451	400.0	400.0	100099	42.017067	13.933726	55.715714	-6.390538	-42.182693	0.78802866	2234.207897901535
92	130.99739	79.61845	236.73988	44.62182	156.43913	70.68406	220.43748	-79.62607	400.0	400.0	101199	42.161404	13.905461	55.83165	-6.460766	-42.32886	0.8518159	2258.1308131217957
93	194.22354	2.8067856	197.03033	191.41676	140.767	56.378944	229.75018	-18.460636	400.0	400.0	102299	42.306633	13.849987	55.861107	-6.7554173	-42.47432	0.8192686	2284.3889656066895
94	165.65942	73.28936	269.30005	112.85823	155.72256	50.012634	238.37901	16.445667	400.0	400.0	103399	42.48913	13.778026	55.97762	-5.1560626	-42.65447	0.81905395	2313.3696336746216
95	150.01631	32.871063	187.76099	107.64366	148.76823	62.24539	234.99982	-44.79375	400.0	400.0	104499	42.65439	13.742466	55.98316	-5.093478	-42.813538	0.78457755	2339.1518309116364
96	168.89127	44.794147	204.47232	105.7106	139.02094	79.45874	238.89055	-58.937515	400.0	400.0	105599	42.79548	13.710425	56.049877	-4.938057	-42.954445	0.7873628	2364.1874985694885
97	158.88097	11.867905	170.74887	147.01306	152.70131	71.46333	225.37488	-100.189835	400.0	400.0	106699	42.868916	13.685994	56.20302	-4.8239646	-43.028465	0.8500132	2390.4815475940704
98	130.82527	54.693104	204.56627	73.73838	126.37189	72.177086	219.91351	-34.643173	400.0	400.0	107799	42.965446	13.636572	56.26497	-3.380974	-43.1197	0.7917108	2414.8289320468903
99	193.96654	40.686073	226.09119	136.56367	117.677345	71.918106	219.29393	2.0049853	400.0	400.0	108899	43.100357	13.564594	56.44428	-3.8818219	-43.255535	0.8215373	2442.398195743561
100	38.11826	54.130173	85.70271	-37.605686	154.98398	47.635044	234.63225	55.93411	400.0	400.0	109999	43.131966	13.568569	56.56376	-4.5274367	-43.28786	0.86749834	2469.187689781189
101	68.40416	95.47113	163.87529	-27.066969	128.75969	62.91515	237.02911	-24.228317	400.0	400.0	111099	43.059845	13.632675	56.767555	-4.8249555	-43.214993	0.8375437	2497.0273876190186
102	136.55498	11.339279	151.1173	123.45806	148.82657	51.9584	237.0436	49.64948	400.0	400.0	112199	43.11817	13.631914	56.884705	-5.027727	-43.27372	0.7871428	2523.381716489792
103	167.03285	11.483749	178.84366	151.47377	124.540016	67.17229	215.95142	-62.274708	400.0	400.0	113299	43.243546	13.654601	57.229404	-5.136564	-43.402714	0.816257	2550.214567422867
104	135.79462	43.342403	189.46152	83.314644	137.7609	68.79633	225.10922	-37.847294	400.0	400.0	114399	43.34422	13.643664	57.17229	-5.516859	-43.5025	0.8717371	2577.139820098877
105	106.90823	49.10408	156.01231	57.804153	108.888535	87.25473	242.66663	-40.704098	400.0	400.0	115499	43.395554	13.650197	57.249508	-5.634282	-43.55709	0.8784415	2605.8139429092407
106	176.78346	23.128643	195.79303	144.22704	72.20015	94.73233	214.21484	-82.217766	400.0	400.0	116599	43.543026	13.651458	57.3197	-5.9006844	-43.71158	0.9148879	2631.9726901054382
107	80.344666	63.241817	167.24556	18.578463	125.61674	80.47271	229.04109	-82.14047	400.0	400.0	117699	43.703175	13.67613	57.325573	-6.2564263	-43.88208	0.8906562	2658.3942034244537
108	116.70414	23.835955	149.54651	93.705475	135.78278	70.77685	209.47755	-30.567461	400.0	400.0	118799	43.853764	13.690318	57.211964	-6.0497603	-44.045235	0.975114	2682.86247587204
109	44.170048	114.480484	158.65053	-70.31043	135.87132	69.5158	212.03032	-47.92938	400.0	400.0	119899	44.09119	13.641281	57.40617	-5.418188	-44.28777	0.9024878	2708.060651779175
110	180.25383	15.697102	192.50671	158.0962	107.67137	80.30354	210.16637	-97.20585	400.0	400.0	120999	44.359596	13.552499	57.49514	-5.3628807	-44.556442	0.9077748	2733.4526221752167
111	114.84785	75.410645	189.90057	11.705445	134.30402	43.847183	231.69185	72.23306	400.0	400.0	122099	44.59955	13.434795	57.507465	-4.44936	-44.785633	0.8577276	2758.8078825473785
112	146.52531	56.282787	193.29643	67.36363	153.50272	52.606995	200.15366	-36.742638	400.0	400.0	123199	44.748444	13.345598	57.444416	-4.228063	-44.92824	0.8299313	2786.1214294433594
113	134.77855	18.072369	152.85092	116.706184	148.37465	50.635742	220.83643	39.506927	400.0	400.0	124299	44.902145	13.236135	57.427895	-4.591574	-45.088215	0.78808826	2819.955473423004
114	120.636024	26.88012	151.3677	85.89278	155.82771	32.45755	210.98055	62.12652	400.0	400.0	125399	45.068596	13.143394	57.457478	-4.5165257	-45.24692	0.7814232	2842.6337893009186
115	72.624855	124.74447	188.13342	-100.60713	149.75307	68.29496	239.14091	-15.653104	400.0	400.0	126499	45.14592	13.075517	57.518814	-4.516835	-45.31124	0.8190107	2871.274701833725
116	134.30415	56.43378	212.7006	82.15776	164.61516	41.620712	220.96121	72.668915	400.0	400.0	127599	45.03587	13.12711	57.581078	-4.3539877	-45.199333	0.84385943	2900.4460785388947
117	168.82666	37.014854	205.84152	131.81181	139.66199	59.98854	223.9271	-36.133606	400.0	400.0	128699	45.1342	13.035714	57.597416	-3.5954504	-45.300915	0.86405087	2928.956743001938
118	164.16624	21.781298	180.52608	133.38313	124.873024	70.12057	219.38097	-113.48155	400.0	400.0	129799	45.18882	12.991392	57.65827	-3.765419	-45.352825	0.79522127	2958.2111706733704
119	139.55193	35.782707	189.90819	110.03927	140.13466	55.252434	212.54245	11.244756	400.0	400.0	130899	45.274605	12.916586	57.88548	-4.2749057	-45.439205	0.85832864	2985.7674899101257
120	166.46866	30.631786	200.88953	126.479675	140.8951	47.43875	233.31058	43.523933	400.0	400.0	131999	45.35415	12.83873	57.840042	-4.1786146	-45.517456	0.84574616	3014.5601868629456
121	153.56696	26.03136	179.59831	127.53559	121.58876	72.71584	229.92302	-37.96184	400.0	400.0	133099	45.40257	12.81134	57.814964	-4.301222	-45.562935	0.8542584	3040.9552052021027
122	-29.471827	40.623898	21.886045	-77.44937	167.85326	42.21333	262.53143	70.1177	400.0	400.0	134199	45.380802	12.802715	57.9583	-4.900689	-45.541378	0.83465004	3069.760273694992
123	186.0606	26.782454	210.23502	148.72168	142.43506	51.98595	230.96117	-3.088946	400.0	400.0	135299	45.329792	12.847031	58.004646	-4.5756626	-45.489147	0.8436235	3094.084925174713
124	146.3619	29.556814	176.89714	106.37369	138.82373	63.775352	233.70245	-30.069986	400.0	400.0	136399	45.361565	12.847091	58.057076	-4.0238695	-45.52294	0.8460616	3120.2488598823547
125	160.69879	16.52684	177.22563	144.17195	155.97066	63.48491	248.62178	-56.849125	400.0	400.0	137499	45.388405	12.854476	58.0946	-3.6162434	-45.547924	0.85017943	3150.700288772583
126	162.67204	47.863937	196.55057	94.98222	162.64021	69.20634	220.31992	-90.215355	400.0	400.0	138599	45.461895	12.83151	58.225574	-3.0790734	-45.624084	0.8413774	3177.0226085186005
127	149.41261	2.342028	152.13634	146.41869	179.69534	36.592735	248.30873	119.12235	400.0	400.0	139699	45.524387	12.805516	58.328823	-2.6518764	-45.685844	0.86119527	3202.9977266788483
128	143.79308	24.9285	175.02052	114.00967	131.66092	81.95585	219.04327	-36.417053	400.0	400.0	140799	45.552494	12.794747	58.380577	-3.0720277	-45.710007	0.84423995	3230.4330422878265
129	81.38053	119.20308	200.58362	-37.82255	173.2051	48.64117	247.85312	78.87794	400.0	400.0	141899	45.620663	12.762105	58.445385	-3.07943	-45.777992	0.8392892	3255.8680381774902
130	126.20516	1.7261592	128.45027	124.25252	169.74306	58.319	247.18956	-26.165052	400.0	400.0	142999	45.53358	12.835834	58.469646	-2.8586497	-45.68806	0.8574936	3280.4027042388916
131	186.89897	14.556059	207.40167	175.05151	163.54736	67.80802	281.4131	-32.231537	400.0	400.0	144099	45.559788	12.80048	58.537537	-3.1482217	-45.708523	0.8352709	3311.6018509864807
132	148.8647	60.40434	222.03146	74.09762	184.39267	47.831345	272.37677	56.127155	400.0	400.0	145199	45.552784	12.764497	58.57564	-2.7744513	-45.699226	0.8795591	3339.120097875595
133	134.539	2.1263962	136.66539	132.4126	156.884	76.62551	251.71466	-78.253395	400.0	400.0	146299	45.537346	12.776299	58.55679	-2.3319829	-45.682045	0.91104406	3370.029111623764
134	206.70699	7.695917	216.89235	198.29248	163.55139	65.88721	262.79965	-47.541748	400.0	400.0	147399	45.566578	12.778766	58.556904	-2.1762705	-45.711407	0.9050254	3396.5088419914246
135	158.30847	52.50371	206.06651	85.191895	148.86436	80.89532	253.25214	-13.646887	400.0	400.0	148499	45.535954	12.828235	58.44508	-1.5584414	-45.679745	0.88950133	3424.2601187229156
136	92.20689	77.92675	173.0315	-13.0853405	170.54645	71.250565	255.9559	-20.024384	400.0	400.0	149599	45.549206	12.841866	58.604687	-1.2364533	-45.691525	0.92688185	3451.124670267105
137	199.76495	37.603104	237.36806	162.16185	145.97017	63.290474	240.55661	13.357314	400.0	400.0	150699	45.451694	12.905303	58.59617	-0.37263936	-45.598373	0.91059154	3479.653938770294
138	107.84995	128.3446	203.53151	-73.56586	160.96712	68.69517	222.68956	-58.207466	400.0	400.0	151799	45.457077	12.926904	58.59542	-0.12286997	-45.60233	0.9264017	3501.548326253891
139	115.3594	95.859314	210.63252	-15.7983465	175.05891	32.486637	237.36728	109.5273	400.0	400.0	152899	45.439743	12.928563	58.534977	-0.2773357	-45.58579	0.9693937	3523.62997341156
140	137.4842	29.86565	176.40417	103.81639	162.31577	66.03868	239.91586	-34.15383	400.0	400.0	153999	45.45246	12.919486	58.53755	-0.511097	-45.600014	0.93678886	3548.4771609306335
141	185.80472	53.67095	239.47568	132.13377	149.28151	60.41994	239.34344	-32.205364	400.0	400.0	155099	45.487	12.924097	58.572624	-0.80121106	-45.63497	0.9361343	3583.26243519783
142	157.57347	22.428621	188.7527	136.93843	163.01646	52.49942	255.81099	40.692318	400.0	400.0	156199	45.513374	12.915435	58.503384	-0.8923495	-45.6649	0.9995184	3617.4168462753296
143	182.22139	36.138157	232.97614	151.6559	140.64005	80.29621	230.81815	-41.96392	400.0	400.0	157299	45.570835	12.91731	58.363758	-1.0209143	-45.721565	0.9794881	3648.6424140930176
144	188.34709	29.968739	209.73894	145.96553	173.16371	66.55915	283.09378	-9.050613	400.0	400.0	158399	45.647243	12.886063	58.55671	-0.84055513	-45.798706	0.9680489	3677.764184951782
145	162.74323	63.279655	226.02289	99.46358	164.49547	70.44273	241.53802	-49.914284	400.0	400.0	159499	45.69625	12.878466	58.47314	-1.1729811	-45.85079	0.9993273	3705.3079776763916
146	211.97295	11.6396	226.20404	197.69308	172.74963	56.418564	263.55225	-1.635259	400.0	400.0	160599	45.818863	12.853863	58.58822	-1.2234073	-45.971516	0.9698918	3732.801598072052
147	197.33553	34.958847	234.84396	150.68831	163.72507	58.863277	251.29176	-21.2916	400.0	400.0	161699	45.904312	12.860627	58.759632	-0.7654347	-46.054432	0.95216244	3758.5080420970917
148	162.0797	65.411125	234.52573	76.041	136.96487	94.714195	242.20494	-65.91985	400.0	400.0	162799	45.953472	12.8298025	58.63651	-0.18335116	-46.103706	0.9439189	3785.691869020462
149	187.00433	5.830612	192.83495	181.17372	154.21193	64.47346	232.8208	-31.269384	400.0	400.0	163899	46.033615	12.8024025	58.86086	0.19215274	-46.182808	0.9684831	3810.1823172569275
150	172.28117	60.466747	229.9724	88.77173	164.88615	53.44197	222.13531	-18.735485	400.0	400.0	164999	46.088478	12.7672825	58.822414	0.33494633	-46.234795	0.9355546	3836.9707612991333
151	165.39813	28.659973	194.36632	126.3636	157.13895	64.954185	250.22054	18.708841	400.0	400.0	166099	46.164406	12.702557	58.85678	0.30846697	-46.312504	0.99250054	3863.8982911109924
152	93.59426	87.464096	199.75694	-14.4604025	166.3882	58.632973	238.79515	-37.840523	400.0	400.0	167199	46.157604	12.669461	58.895252	0.32182854	-46.305264	0.99191386	3891.358068227768
153	173.081	14.795952	187.87694	158.28503	132.96007	76.979095	234.2013	-23.913546	400.0	400.0	168299	46.189327	12.682252	58.94185	0.070075035	-46.33324	0.9556596	3916.6054685115814
154	134.51538	77.34353	213.11452	29.339676	158.60385	76.56474	251.94943	-15.460867	400.0	400.0	169399	46.20649	12.711194	59.006847	-0.26404363	-46.34852	0.98636407	3939.9291167259216
155	172.84822	7.960143	180.00523	161.7445	151.09671	70.544266	251.7431	-0.74604285	400.0	400.0	170499	46.24208	12.692894	58.97563	-0.34033626	-46.38118	1.003084	3964.8517982959747
156	159.29121	45.63681	222.28938	115.64712	161.6221	57.293262	249.37323	-21.602318	400.0	400.0	171599	46.265175	12.69259	59.177715	-1.0181127	-46.404068	0.9809617	3990.9337990283966
157	142.76428	37.402946	180.16724	105.36134	165.0936	54.33619	251.38998	24.503517	400.0	400.0	172699	46.237617	12.722006	59.011944	-1.0293503	-46.376446	1.0001023	4018.158108472824
158	169.98767	59.528324	219.0709	86.21297	144.51572	57.196056	219.24994	17.618687	400.0	400.0	173799	46.28536	12.739437	58.959652	-1.4283428	-46.425274	0.9982122	4048.8345346450806
159	151.09123	36.227634	180.66934	100.07355	163.55031	44.606	229.75455	42.092247	400.0	400.0	174899	46.295616	12.770172	58.917736	-1.9622641	-46.433434	0.98240167	4083.484363794327
160	83.77414	84.810486	151.77908	-35.78955	160.07379	58.602245	245.35861	1.2525622	400.0	400.0	175999	46.313652	12.76478	58.963062	-2.6319828	-46.452793	0.99067247	4109.6181473731995
161	96.829056	86.9544	183.78345	9.874658	136.80391	77.86841	244.11781	-46.358566	400.0	400.0	177099	46.270855	12.757464	58.947132	-3.916446	-46.411243	1.0492914	4130.841241598129
162	83.31947	107.874504	160.79887	-69.23178	170.59949	50.51209	265.83374	38.642445	400.0	400.0	178199	46.26208	12.806119	59.315853	-4.6290407	-46.404358	1.0096383	4157.325630426407
163	200.36455	4.5630736	205.58011	194.46573	164.79616	77.86882	268.355	-57.95406	400.0	400.0	179299	46.322895	12.795721	59.384403	-5.2227416	-46.467396	0.9881897	4186.063374757767
164	166.13904	36.152977	197.82646	115.54642	167.77443	39.32578	214.2993	46.998695	400.0	400.0	180399	46.36419	12.794093	59.207504	-5.9325404	-46.505363	1.0231212	4216.019337177277
165	152.86499	30.632408	183.49739	122.232574	144.79495	71.49419	231.6685	10.4351	400.0	400.0	181499	46.415558	12.76764	59.071655	-6.657911	-46.554962	0.9686389	4246.187232494354
166	183.2044	8.862802	193.35875	171.76399	185.45755	30.545052	246.15254	118.651665	400.0	400.0	182599	46.435944	12.746658	59.15552	-7.293282	-46.576244	1.0217154	4275.650396347046
167	74.09655	86.21121	157.95932	-44.475792	151.39746	68.74075	262.32892	-43.728085	400.0	400.0	183699	46.41639	12.747692	59.189915	-8.668778	-46.556004	0.99041927	4303.964390516281
168	183.80833	11.787698	200.26096	173.2565	148.57603	70.05991	242.9742	-12.439619	400.0	400.0	184799	46.447567	12.697671	59.18775	-9.560452	-46.588898	0.988743	4330.972574472427
169	84.08987	115.38979	199.47966	-31.299929	182.57512	33.74885	240.36472	78.927284	400.0	400.0	185899	46.507885	12.649014	59.105213	-10.661198	-46.651287	0.96850806	4359.525635004044
170	175.32019	18.69701	201.76155	162.00983	160.32672	60.011593	244.05136	-18.868752	400.0	400.0	186999	46.543297	12.642896	59.48351	-11.568424	-46.68501	0.93961793	4391.02986240387
171	123.600395	24.867577	145.88347	88.896324	141.57121	73.03428	223.73103	-23.156664	400.0	400.0	188099	46.56234	12.60522	59.346367	-12.023124	-46.7051	0.98686457	4422.277943849564
172	194.09816	10.680119	208.92839	184.20401	158.71349	79.52743	258.7295	-37.471577	400.0	400.0	189199	46.58051	12.54466	58.95369	-12.70352	-46.719284	0.98913133	4457.608464002609
173	111.99988	107.77643	219.7763	4.2234554	160.68095	57.386513	237.06885	-8.314667	400.0	400.0	190299	46.608616	12.502401	58.97119	-12.545435	-46.74623	0.9380631	4490.549851179123
174	144.56618	43.45327	194.99823	88.94068	135.65329	77.52417	214.7233	-26.772717	400.0	400.0	191399	46.59715	12.502889	58.8306	-12.374443	-46.732918	0.9502649	4519.575587749481
175	128.96556	103.282265	206.7804	-16.990807	157.5313	62.117172	233.9743	24.630196	400.0	400.0	192499	46.635464	12.464546	58.915993	-11.752647	-46.775272	0.9462942	4546.440717220306
176	153.34254	47.31728	217.09718	103.861336	168.23428	37.86374	230.74274	72.070656	400.0	400.0	193599	46.607536	12.471147	58.80939	-11.508208	-46.74694	1.0171622	4573.3230566978455
177	104.874985	84.32564	189.20062	20.549347	148.53969	47.647728	202.06467	19.751257	400.0	400.0	194699	46.631172	12.458554	58.851788	-10.464992	-46.765095	0.93042463	4596.460716962814
178	108.95823	32.393696	137.91714	63.736893	178.30373	48.373936	243.2496	58.15965	400.0	400.0	195799	46.638447	12.464351	58.781273	-10.544561	-46.77228	0.934193	4617.940537691116
179	175.91228	48.96856	222.29121	108.1849	172.84634	46.78038	236.8631	16.410324	400.0	400.0	196899	46.57762	12.51543	58.76631	-10.415576	-46.71014	0.9079567	4639.322453022003
180	119.77126	77.421906	197.01993	13.947907	143.14915	88.883865	241.17653	-83.75705	400.0	400.0	197999	46.64226	12.453068	59.344044	-11.240929	-46.775166	0.96510655	4661.127513885498
181	105.593994	49.759533	155.35353	55.834465	160.88472	47.25251	219.43796	27.846148	400.0	400.0	199099	46.59179	12.484085	58.758923	-12.479919	-46.724323	0.94859606	4682.126396179199
182	114.14209	42.394783	155.2351	55.78686	156.64188	62.330383	218.54517	1.8677522	400.0	400.0	200199	46.531597	12.49794	58.719074	-12.739121	-46.661415	0.9372073	4702.447187662125
183	197.14308	18.51708	223.2748	182.60283	174.57828	49.27982	261.98062	28.09149	400.0	400.0	201299	46.501072	12.473015	58.82966	-12.94222	-46.628998	0.9103931	4722.363769054413
184	177.71	53.338066	228.66554	104.06509	126.58385	60.00489	217.74928	-25.234186	400.0	400.0	202399	46.501987	12.471738	58.76363	-13.671788	-46.629204	0.8809639	4741.583199501038
185	193.72939	20.781036	214.51042	172.94835	148.26048	79.18859	248.34138	-8.456033	400.0	400.0	203499	46.49247	12.487818	58.852535	-13.999237	-46.623394	0.9171937	4761.481835126877
186	138.26888	64.527954	216.94478	58.888924	141.00075	78.80273	237.9865	-65.23286	400.0	400.0	204599	46.54535	12.483333	58.79024	-14.45302	-46.67465	0.91155714	4781.527351140976
187	130.1797	54.393433	182.55322	55.200233	151.99959	86.75873	227.628	-60.686924	400.0	400.0	205699	46.49948	12.497654	58.87584	-14.958519	-46.627224	0.9227672	4800.891977548599
188	98.79769	130.22845	244.24605	-71.766945	156.81229	70.47369	251.06534	-55.304897	400.0	400.0	206799	46.522137	12.489208	58.84019	-14.334626	-46.654472	0.9324297	4821.041854143143
189	139.00104	10.565025	149.56606	128.436	118.67244	90.70127	309.6202	-81.08446	400.0	400.0	207899	46.49286	12.550242	58.86795	-11.098071	-46.62426	0.94928014	4841.107206106186
190	80.654625	73.84129	136.28558	-23.696482	144.61856	64.00783	213.3492	-40.343655	400.0	400.0	208999	46.463295	12.532202	58.754677	-8.495412	-46.593124	0.97235686	4861.788105726242
191	191.23553	6.5168996	200.10962	184.64375	152.1828	75.041336	257.13153	-17.512344	400.0	400.0	210099	46.461384	12.535588	58.580967	-8.476465	-46.5863	0.9321848	4882.1751918792725
192	68.11283	78.38169	127.38471	-42.644436	178.75229	33.73244	242.97807	128.03015	400.0	400.0	211199	46.415386	12.645986	58.687313	-7.55235	-46.53845	0.9374552	4904.119879245758
193	198.5853	7.8131027	206.39839	190.77219	166.5645	57.349705	244.28334	11.557166	400.0	400.0	212299	46.359768	12.670826	58.84632	-6.4216266	-46.48282	0.945423	4922.668246269226
194	154.15054	19.728848	179.02444	130.76791	132.2463	93.80232	247.14806	-105.01013	400.0	400.0	213399	46.331795	12.707357	58.5209	-7.8029966	-46.453053	0.9568238	4940.689264059067
195	213.70772	12.508408	228.83018	198.1983	141.05676	83.11385	224.0155	-74.99653	400.0	400.0	214499	46.329086	12.713816	58.60859	-8.805667	-46.450512	0.99296564	4960.852912187576
196	150.96912	13.579424	162.8449	131.9612	188.99496	32.845028	250.76288	114.81539	400.0	400.0	215599	46.351303	12.698218	58.447845	-9.96096	-46.472187	0.9926109	4980.5739068984985
197	181.74759	35.139313	216.8869	146.60828	160.76071	46.276318	228.15097	66.46467	400.0	400.0	216699	46.345066	12.661256	58.412067	-10.37805	-46.466732	1.0061824	5000.537195444107
198	209.8919	20.298351	236.15724	186.7276	150.92337	72.45989	218.73068	-99.36197	400.0	400.0	217799	46.328033	12.679661	58.643536	-8.419537	-46.450306	1.0084959	5020.670036554337
199	124.51306	30.924492	162.97655	87.25616	179.62912	70.58798	248.6669	-87.45947	400.0	400.0	218899	46.328674	12.677516	58.664127	-4.978006	-46.452477	1.0126419	5041.02809715271
200	142.4315	35.397427	177.32327	93.8988	175.66055	48.027225	268.35986	39.689617	400.0	400.0	219999	46.31375	12.696858	58.56161	-4.4401374	-46.434525	0.99089974	5061.155831575394
201	175.66022	41.55442	217.21465	134.1058	172.06119	37.939144	236.81781	110.20361	400.0	400.0	221099	46.326904	12.658151	58.64878	-4.8146625	-46.44861	1.0033278	5081.2015516757965
202	165.0183	11.861467	181.78903	156.31883	176.92432	56.11399	262.0368	3.3238494	400.0	400.0	222199	46.315197	12.668847	58.59458	-5.178814	-46.43782	1.0446854	5101.05171251297
203	167.90047	36.375828	216.83565	129.69197	160.83215	73.68704	240.85838	-56.391113	400.0	400.0	223299	46.30957	12.647914	58.68049	-4.9874153	-46.430756	1.0094489	5120.8481113910675
204	172.98743	61.46604	256.28198	109.80818	167.40752	54.14197	247.33139	13.295667	400.0	400.0	224399	46.31304	12.62874	58.684258	-4.887358	-46.43272	1.0352418	5141.048996686935
205	244.70866	10.765106	255.47377	233.94356	155.1767	86.691956	263.94864	-77.5197	400.0	400.0	225499	46.35659	12.591971	58.452183	-3.8747263	-46.475517	1.001556	5160.8662078380585
206	149.24615	48.627193	217.93974	112.106705	163.4214	50.66568	233.94318	27.251478	400.0	400.0	226599	46.318905	12.602206	58.340282	-4.1161075	-46.438168	1.0066882	5180.487268447876
207	146.35632	36.41176	180.17418	95.81722	143.8776	76.80844	226.46414	-56.97004	400.0	400.0	227699	46.306126	12.628277	58.316208	-4.167473	-46.42522	1.0186384	5201.099896192551
208	95.15792	23.005405	127.66117	77.67057	163.71141	50.128506	238.1896	35.194057	400.0	400.0	228799	46.323906	12.590565	58.311028	-4.323439	-46.443123	1.0300497	5220.63184595108
209	96.21705	18.929337	115.146385	77.28771	147.6686	80.73914	260.8677	-83.13734	400.0	400.0	229899	46.262054	12.630943	58.338234	-4.4366374	-46.382637	1.0823872	5240.4522585868835
210	165.10385	22.179386	184.56068	134.06906	152.30542	78.22207	257.90796	-32.18954	400.0	400.0	230999	46.31048	12.6132765	58.387012	-4.129771	-46.43525	1.0220016	5261.4881503582
211	102.8801	111.22744	197.67068	-53.227554	147.7494	74.61896	231.93874	-18.176651	400.0	400.0	232099	46.28959	12.658384	58.4168	-3.3722692	-46.415646	1.0994216	5284.2069890499115
212	149.00432	77.026505	221.39725	42.31621	146.90872	70.88013	253.17264	-18.309153	400.0	400.0	233199	46.33099	12.706804	58.460934	-4.317177	-46.456825	1.0692595	5307.276698112488
213	182.39087	10.772362	193.16324	171.61852	155.4347	91.403595	255.3752	-57.927616	400.0	400.0	234299	46.34079	12.715607	58.641884	-5.6251855	-46.466843	1.0977533	5328.808722019196
214	172.80927	8.472278	183.12273	162.3711	147.34146	61.618893	274.1451	-12.972285	400.0	400.0	235399	46.38329	12.746225	58.777325	-6.5666637	-46.510178	1.0681258	5348.5811195373535
215	148.23633	2.3924384	150.54872	144.94115	139.18933	84.78097	244.94104	-46.21112	400.0	400.0	236499	46.467525	12.716755	58.98664	-6.6463614	-46.59506	1.1187642	5373.546491622925
216	55.427673	124.47766	154.17233	-120.1554	113.99275	89.250824	235.7667	-89.48422	400.0	400.0	237599	46.442253	12.79352	59.176224	-8.340714	-46.569473	1.0739007	5398.688365221024
217	138.4422	5.777504	144.21971	132.6647	186.91772	31.960321	242.7745	110.44296	400.0	400.0	238699	46.45008	12.845192	59.040382	-8.738491	-46.577015	1.0972867	5425.3635931015015
218	173.00793	37.476456	202.50154	120.12555	165.68143	68.579666	264.4131	-28.28476	400.0	400.0	239799	46.50689	12.84927	58.953075	-9.135269	-46.63212	1.1297487	5451.438297510147
219	76.48621	52.063515	113.83483	2.859886	179.11684	40.516575	236.60568	70.87659	400.0	400.0	240899	46.519733	12.847266	58.813625	-10.899672	-46.64382	1.120522	5477.206123590469
220	140.34296	48.777607	205.7626	88.68359	127.37825	74.55273	252.39867	-49.889454	400.0	400.0	241999	46.52222	12.802379	58.74805	-12.103812	-46.644318	1.1281233	5502.728254318237
221	159.43335	2.302681	161.73602	157.13066	166.89053	72.557724	276.1468	-40.1088	400.0	400.0	243099	46.505253	12.812685	58.72707	-13.264914	-46.627586	1.1074847	5533.6310522556305
222	137.19803	28.788485	161.79323	96.80288	148.63809	70.530846	236.98993	-38.45667	400.0	400.0	244199	46.581966	12.75921	58.74147	-14.611802	-46.704723	1.093216	5560.875497817993
223	194.79338	29.022186	232.6066	162.06464	150.7421	82.64032	270.45053	-64.76983	400.0	400.0	245299	46.58901	12.750083	58.78553	-15.741953	-46.71388	1.1427922	5582.06925702095
224	81.974075	101.40081	224.76935	-0.8393106	156.93011	80.086784	279.02625	-41.559425	400.0	400.0	246399	46.585865	12.746957	58.8056	-16.398317	-46.710022	1.1272184	5603.342959403992
225	85.09973	84.15964	169.25937	0.9400904	166.0911	75.780785	272.9268	-35.96403	400.0	400.0	247499	46.587875	12.7051735	58.82401	-16.666992	-46.714787	1.1602681	5625.294325828552
226	170.28125	58.347744	231.4242	91.72182	169.16609	59.450058	310.67596	-1.498724	400.0	400.0	248599	46.654385	12.650887	58.79232	-16.271366	-46.78098	1.1465635	5649.291382074356
227	183.63716	63.881523	263.81595	107.495094	136.55046	74.09449	231.8985	-55.185997	400.0	400.0	249699	46.68179	12.613862	58.80059	-16.200071	-46.80889	1.1010684	5673.038020849228
228	93.885735	103.22573	206.70763	-42.754524	129.95732	87.69658	245.50642	-62.614475	400.0	400.0	250799	46.68256	12.678397	58.860558	-16.22228	-46.81105	1.0926908	5698.675700426102
229	168.45544	2.4428787	170.89833	166.01257	166.87022	76.09064	252.68748	-28.226377	400.0	400.0	251899	46.722782	12.654756	58.85655	-16.309843	-46.849205	1.1028248	5730.413591861725
230	149.81776	50.98142	192.08748	78.10018	149.25816	73.79105	243.83592	-37.604282	400.0	400.0	252999	46.77011	12.609093	58.885437	-16.69501	-46.89749	1.1089946	5757.850656509399
231	55.859833	48.160774	119.9357	3.824322	164.3158	54.51386	239.648	22.348532	400.0	400.0	254099	46.736965	12.641331	58.842144	-16.500881	-46.8647	1.1206028	5785.883136034012
232	85.49961	88.925674	211.20248	19.368914	164.51376	46.081432	240.41933	55.220512	400.0	400.0	255199	46.758358	12.690327	58.802376	-14.058374	-46.88932	1.1118277	5813.801243066788
233	182.6796	33.196617	215.8762	149.48297	160.2055	68.913025	253.34094	-60.2707	400.0	400.0	256299	46.73159	12.696298	58.773678	-13.090682	-46.85926	1.1205148	5843.603693008423
234	112.10154	108.781494	196.59828	-41.48123	120.2198	76.43527	248.91663	-40.26794	400.0	400.0	257399	46.763065	12.669004	58.66396	-12.018801	-46.888218	1.0779258	5869.580735445023
235	117.1265	110.752144	207.45464	-38.851276	141.8009	84.984344	283.04468	-54.84139	400.0	400.0	258499	46.72306	12.777581	58.608555	-11.741	-46.848587	1.0623555	5899.356975317001
236	186.37117	41.842216	223.0051	127.80967	136.19589	73.15718	231.54564	-34.917263	400.0	400.0	259599	46.756096	12.77976	58.509132	-12.126197	-46.882877	1.0883316	5935.327612876892
237	201.57556	87.220695	288.79626	114.354866	155.79088	85.843414	235.53653	-67.5621	400.0	400.0	260699	46.838783	12.765034	58.491074	-12.539574	-46.965023	1.0158249	5966.331750869751
238	131.41441	74.767975	185.87445	25.69266	181.12704	70.81566	262.94092	-6.1554627	400.0	400.0	261799	46.84144	12.773858	58.483654	-12.877816	-46.968155	1.094887	5994.425634622574
239	211.22888	21.512302	227.71356	180.84247	155.8707	75.40058	237.86739	-45.368587	400.0	400.0	262899	46.874508	12.805971	58.437336	-13.56208	-47.00201	1.1097699	6025.013350009918
240	178.90887	34.610764	227.33282	148.5164	158.80142	72.11403	240.09784	-71.67834	400.0	400.0	263999	46.93851	12.831708	58.404766	-14.604425	-47.060677	1.1030289	6054.430084228516
241	153.2662	70.95482	224.22102	82.31139	188.27425	51.681583	246.26115	35.853123	400.0	400.0	265099	46.931213	12.828649	58.357075	-15.466467	-47.05138	1.1010858	6082.17783331871
242	138.57918	51.137417	205.49243	81.36301	156.22354	77.25781	245.50354	-57.223232	400.0	400.0	266199	46.912365	12.856321	58.288197	-16.12577	-47.031826	1.0591904	6109.064902305603
243	184.12268	40.553078	216.0607	126.90079	169.30458	60.584824	267.38696	-10.591226	400.0	400.0	267299	46.88919	12.874871	58.263554	-16.37942	-47.006493	1.1113114	6133.471819400787
244	192.35889	21.085264	218.79193	167.19025	141.07942	81.770355	241.4957	-38.29805	400.0	400.0	268399	46.89265	12.884072	58.15899	-17.206812	-47.010506	1.1199304	6154.294893026352
245	196.25699	15.353767	211.61075	180.90321	134.69142	86.05709	239.95552	-72.695595	400.0	400.0	269499	46.886402	12.87593	58.038002	-18.515707	-47.006115	1.0594832	6180.627620220184
246	223.82878	21.504505	252.96765	201.7188	140.4418	87.96539	260.57138	-92.02254	400.0	400.0	270599	46.943962	12.830594	57.972946	-18.428368	-47.065304	1.0875865	6209.241020202637
247	103.29299	101.420586	194.06195	-38.268166	113.60759	95.47439	278.33728	-30.373287	400.0	400.0	271699	46.934696	12.874188	57.952217	-18.974066	-47.058113	1.0975509	6231.675098419189
248	153.15968	35.38653	184.77373	103.756165	155.15543	81.75336	227.8337	-68.68265	400.0	400.0	272799	46.96361	12.892597	57.86604	-19.714197	-47.08599	1.0863492	6254.992494106293
249	86.52049	125.47347	211.99396	-38.95298	173.81412	79.92985	265.27634	-39.33676	400.0	400.0	273899	46.98744	12.857099	57.80767	-19.844126	-47.109936	1.0557368	6277.358732223511
250	111.94256	69.467354	195.04095	25.010965	120.30864	114.724724	272.96527	-68.006615	400.0	400.0	274999	46.96458	12.8979025	57.734512	-20.08717	-47.0854	1.043644	6299.997789621353
