Epoch	AverageEpRet	StdEpRet	MaxEpRet	MinEpRet	AverageTestEpRet	StdTestEpRet	MaxTestEpRet	MinTestEpRet	EpLen	TestEpLen	TotalEnvInteracts	AverageQVals	StdQVals	MaxQVals	MinQVals	LossPi	LossQ	Time
1	109.090164	8.728115	117.81828	100.36205	93.66072	88.15349	221.397	-99.170815	400.0	366.0	1099	0.15161629	0.1519401	0.49593636	-1.0918133	-0.19993526	0.043097943	7.3539605140686035
2	140.90999	27.66084	178.23694	112.11206	-27.738974	18.380589	18.085335	-57.717693	400.0	128.55	2199	1.3201691	0.8587461	3.2243078	-1.4472165	-1.4065351	0.010764018	21.42220425605774
3	123.69462	30.872625	156.16644	82.182945	-49.37924	55.481297	3.2807817	-232.68893	400.0	157.15	3299	3.418796	1.4741867	5.9333735	-1.4588503	-3.5108905	0.0044084005	36.44270896911621
4	127.46469	76.02947	193.80783	21.015146	-42.589996	50.899696	-5.388992	-214.99977	400.0	143.05	4399	5.58336	2.0182207	8.570791	-2.6754248	-5.6544914	0.0042786268	53.343305587768555
5	144.93452	56.38496	201.31949	88.54957	-46.563137	43.53973	-10.375433	-181.96594	400.0	165.2	5499	7.507557	2.746526	11.2527485	-4.9884896	-7.613812	0.005903695	66.3381187915802
6	155.19415	91.65018	231.81497	26.348825	-8.824461	64.47505	97.387764	-188.99695	400.0	216.3	6599	9.519586	3.3753283	13.524583	-6.156214	-9.653444	0.013891607	79.21621251106262
7	68.89289	28.702599	105.65395	35.605083	39.122475	87.56238	147.59694	-212.54816	400.0	331.6	7699	11.494492	3.8797953	15.829763	-6.3743505	-11.639536	0.0137941	96.3377959728241
8	17.555422	11.638649	29.667665	1.8474935	38.891575	77.95225	137.01765	-109.8181	400.0	305.65	8799	13.176271	4.354242	17.976147	-6.4438577	-13.372258	0.019797672	108.59443497657776
9	114.08679	77.831924	191.91872	36.254868	11.769339	91.14987	124.45231	-217.6444	400.0	356.65	9899	15.02675	4.392301	19.51649	-6.5287743	-15.201988	0.027587797	120.64011287689209
10	100.088356	48.945263	150.68338	33.881607	11.661726	71.038155	110.783264	-180.92198	400.0	328.05	10999	16.849821	3.9563556	20.690296	-6.4509296	-16.974888	0.03195021	134.27723288536072
11	66.03738	25.069464	94.82058	33.719193	25.047314	70.23366	121.04022	-152.5954	400.0	320.25	12099	18.16496	3.4304612	21.340824	-2.22486	-18.293541	0.028509378	147.4937117099762
12	122.48449	55.84011	193.77267	57.41808	35.330833	53.309204	130.84393	-49.61559	400.0	353.8	13199	19.35307	3.1229417	22.080067	3.4554384	-19.463793	0.024982665	161.29481720924377
13	86.98028	20.943893	107.92417	66.036385	34.7719	87.632256	142.56375	-158.99257	400.0	332.45	14299	20.434963	3.0201333	23.201307	3.7721562	-20.555546	0.021464761	177.62215852737427
14	85.103676	93.50532	217.48615	-41.01441	38.12455	57.416477	117.62704	-118.36835	325.5	330.3	15399	21.618517	2.8901005	24.328413	7.1603246	-21.743452	0.02013158	192.72602891921997
15	68.14838	1.8212852	69.96966	66.32709	-4.004195	49.892227	117.702484	-93.68869	400.0	303.95	16499	22.305248	2.9588468	24.731745	4.1238284	-22.325686	0.025043298	208.22242903709412
16	-24.786808	43.74795	38.96426	-70.11018	-12.576251	51.372696	43.877026	-114.04774	313.25	324.95	17599	22.435135	3.3307214	25.703373	2.7118485	-22.45425	0.031385925	222.42574858665466
17	-2.798355	36.956306	44.372387	-45.873314	82.894295	83.28475	254.13696	-46.779068	400.0	368.9	18699	22.604536	4.1745744	26.865383	1.0764483	-22.654137	0.03558146	237.6843934059143
18	74.3009	46.567406	137.30011	26.184736	52.964806	51.854816	156.08272	-66.81417	400.0	384.4	19799	22.923635	4.9709463	28.167953	0.79910225	-23.000298	0.037948087	251.20446491241455
19	6.2164044	16.054863	22.271267	-9.838458	35.95675	70.55185	141.32175	-85.190834	400.0	400.0	20899	23.27941	5.626154	29.329351	0.034571648	-23.363867	0.04969529	269.504269361496
20	80.94352	52.01716	133.02293	9.909612	101.71982	67.46017	215.52023	-12.747707	400.0	400.0	21999	23.72225	6.2279515	30.70652	-0.27912813	-23.839703	0.052179545	285.5291574001312
21	40.210052	44.24541	88.97065	-22.055098	-48.334152	47.01965	86.254524	-117.654274	319.75	241.1	23099	24.433685	6.7432137	32.184994	-0.26051277	-24.592505	0.058843322	299.4923276901245
22	-36.050533	16.728662	-18.626644	-67.55077	-44.918358	50.976906	128.12068	-130.48137	147.14285	238.35	24199	25.208443	7.1469884	33.805023	-2.4543524	-25.424067	0.09155378	313.29881715774536
23	-64.16267	71.525185	23.669733	-151.23378	-19.920347	63.29228	96.13336	-130.23798	285.0	298.6	25299	25.70371	7.8868575	35.344814	-2.9282727	-25.925404	0.11379055	326.6794078350067
24	-75.74942	12.074962	-61.61523	-91.11565	-25.585457	36.522472	39.65521	-90.376884	324.33334	361.1	26399	26.135313	8.480925	36.90237	-1.985264	-26.344042	0.11338978	342.42513847351074
25	-14.843626	30.542866	37.136116	-39.205864	0.98714674	95.409836	183.35393	-131.11076	269.25	374.3	27499	26.437801	8.920354	38.042156	-1.990339	-26.633171	0.11813464	356.22819471359253
26	30.468023	70.06674	147.28221	-26.1816	-23.128687	50.23674	104.1969	-109.580025	251.25	279.55	28599	26.995205	9.203816	39.193844	-2.84927	-27.228395	0.12575322	369.68818378448486
27	-9.0778675	41.168293	61.302265	-42.54578	-61.01834	55.385593	51.502983	-167.8875	266.75	308.4	29699	27.55199	9.557648	40.87716	-5.239154	-27.81855	0.14173764	382.4189007282257
28	-48.637848	60.046364	-4.5661783	-133.53555	-26.31759	45.559444	53.748158	-148.22278	400.0	297.65	30799	27.838459	9.939137	41.6738	-7.326924	-28.039816	0.14814048	395.24708890914917
29	73.88984	82.24512	135.64998	-42.346268	40.97182	107.027	192.89009	-139.25217	400.0	356.6	31899	28.037626	10.35759	42.34457	-8.998118	-28.243408	0.14501391	408.1154634952545
30	19.91466	73.52489	108.51605	-71.51574	62.10082	85.51074	214.51547	-36.05056	400.0	289.1	32999	28.358667	10.584833	42.983604	-10.003957	-28.575365	0.14668582	420.80197525024414
31	24.680035	67.8574	139.64696	-26.719984	68.13968	84.82218	178.94339	-129.02557	247.25	400.0	34099	28.625301	10.802106	43.84171	-10.568851	-28.833437	0.16083388	434.98403549194336
32	125.91573	6.9581056	135.17073	118.39313	84.67757	79.298065	171.27974	-138.74112	400.0	367.5	35199	28.903711	11.11784	44.68642	-9.475797	-29.120764	0.18225232	448.5818932056427
33	-12.191665	45.47839	51.940483	-48.468014	64.87148	95.36646	155.97299	-181.35246	296.66666	368.8	36299	29.272575	11.316177	45.624226	-6.625703	-29.519678	0.20801139	464.3420603275299
34	90.51721	29.19807	131.80646	69.43716	98.81652	73.94153	191.8083	-33.79286	400.0	354.4	37399	29.762426	11.490383	46.384144	-8.17233	-30.01317	0.19827642	479.6101243495941
35	134.6227	18.719904	158.49704	112.77775	82.58911	82.310036	230.13095	-50.086266	400.0	337.25	38499	30.299343	11.614738	47.084137	-8.831974	-30.544884	0.20444809	495.76415848731995
36	3.8944244	37.968346	48.34715	-43.41315	85.38391	69.28968	179.92326	-25.153383	243.0	323.85	39599	30.640612	11.739542	47.694977	-10.100265	-30.871672	0.21771044	510.5093319416046
37	175.62968	11.737317	192.2111	166.67627	124.37897	64.055405	218.73076	-17.22372	400.0	385.05	40699	31.103422	11.825393	48.270027	-10.797308	-31.351917	0.22878213	533.4214556217194
38	81.35577	67.6421	153.30205	-9.215711	94.90614	79.93362	219.29121	-40.383114	400.0	323.1	41799	31.802666	11.856651	48.942703	-11.04501	-32.065147	0.23686051	544.5550634860992
39	154.2257	46.86069	201.08638	107.365	80.09493	82.1011	236.94969	-51.667816	400.0	364.4	42899	32.452904	11.861993	49.61003	-11.112068	-32.73443	0.24505238	554.3624200820923
40	47.067333	85.49013	149.43967	-56.96553	96.14387	78.386665	247.26988	-84.372	322.75	393.05	43999	33.300972	11.855257	50.384712	-11.493229	-33.60743	0.26535615	569.4376876354218
41	141.7119	15.84457	164.11523	130.13177	90.35957	82.433685	239.79741	-75.20324	400.0	376.8	45099	34.128536	11.8534355	51.418755	-12.433589	-34.446014	0.29624277	590.2690982818604
42	72.435905	40.44783	112.883736	31.988073	93.274376	66.73717	202.76596	-34.87382	400.0	400.0	46199	34.985794	11.767615	52.13281	-12.356453	-35.292465	0.31526816	611.0840191841125
43	146.24501	18.330296	161.7694	120.503815	77.984024	65.94783	187.61775	-33.096664	400.0	386.6	47299	35.73972	11.669844	52.8489	-13.126217	-36.027832	0.33004877	626.0526037216187
44	93.955666	96.286545	168.29854	-42.016075	98.455376	70.55513	181.39282	-46.272747	315.0	385.75	48399	36.45506	11.501137	53.43771	-13.099801	-36.74242	0.3294144	642.633288860321
45	176.92082	7.011313	185.84166	168.71184	34.239296	87.252396	234.77126	-121.14368	400.0	384.15	49499	37.215874	11.409275	53.58744	-11.547505	-37.495483	0.33712605	657.650232553482
46	103.18183	74.99997	204.60803	25.597965	77.18692	101.86583	227.3554	-128.96085	400.0	384.75	50599	37.804718	11.378393	53.7623	-10.701229	-38.09399	0.35022327	674.0569143295288
47	123.96119	86.72162	186.31313	-25.04313	43.46399	76.55845	171.91173	-59.3265	321.25	368.25	51699	38.547375	11.250304	54.22851	-10.154648	-38.8689	0.35893315	688.1860766410828
48	-36.61132	52.70671	16.095394	-89.31803	87.82087	65.83718	190.95882	-47.184086	400.0	400.0	52799	39.27398	11.22619	54.688236	-10.05449	-39.61259	0.38465032	702.2202060222626
49	70.23993	29.304651	110.637726	42.0312	116.96057	77.11313	191.46797	-90.75273	400.0	400.0	53899	39.93569	11.206282	55.13611	-8.914322	-40.24564	0.36920828	717.0211408138275
50	95.201515	26.772522	132.74815	72.20451	87.1674	83.048874	200.38518	-100.67337	400.0	374.35	54999	40.48743	11.114974	55.504387	-9.061166	-40.79377	0.39996767	733.5878555774689
51	94.75492	52.424908	133.31438	20.635128	143.65231	43.985744	217.80074	61.062393	400.0	400.0	56099	41.003586	10.997422	55.87314	-8.47931	-41.323032	0.41459724	751.4439389705658
52	193.32834	11.514038	204.84238	181.8143	101.969894	66.01449	198.60327	-78.93911	400.0	400.0	57199	41.64548	10.891533	56.957737	-10.097266	-41.9684	0.42764473	767.4976308345795
53	79.328545	107.385	213.07027	-49.849384	117.14516	62.98746	196.2132	-5.2835007	400.0	400.0	58299	42.20896	10.867574	58.581154	-10.263861	-42.519135	0.47589484	782.1224389076233
54	136.05156	38.141987	189.43552	102.664	103.43581	84.50684	212.31984	-47.888325	400.0	400.0	59399	42.70039	10.842012	59.58091	-10.869996	-42.999615	0.42014575	797.5749306678772
55	86.93381	6.559771	96.18283	81.686714	92.72233	73.65108	204.83261	-47.253723	400.0	385.15	60499	43.18619	10.755931	60.017193	-8.424506	-43.492928	0.43147057	813.302570104599
56	46.26032	69.13417	115.39449	-22.873854	112.939865	67.32995	234.92755	-31.070953	400.0	384.05	61599	43.534466	10.744564	59.771824	-7.565378	-43.836487	0.42324653	828.1563065052032
57	115.15414	52.451466	176.88326	48.66836	59.565163	103.401924	199.6094	-115.060844	400.0	400.0	62699	43.824955	10.68651	58.755375	-7.9156537	-44.113167	0.42108333	843.0292842388153
58	85.30193	85.800476	212.6157	-24.87752	100.23692	97.877014	217.4838	-125.165855	319.25	400.0	63799	44.17204	10.611995	57.725445	-9.80924	-44.46174	0.39898044	857.305992603302
59	26.43911	27.462807	53.901917	-1.0236973	29.047718	100.34861	192.58774	-127.702515	400.0	322.9	64899	44.39721	10.566709	57.305435	-10.8447	-44.678574	0.41319302	872.197429895401
60	92.42008	78.64373	168.87836	-15.75798	20.372961	96.57065	183.92285	-113.49843	400.0	334.25	65999	44.68536	10.453278	57.544914	-10.976982	-44.981064	0.40207034	887.4318273067474
61	3.9723995	102.878456	137.53662	-112.77384	67.03114	101.63946	197.88739	-142.44345	400.0	350.1	67099	45.0131	10.41883	60.441505	-10.928648	-45.31429	0.41170412	903.221705198288
62	141.39906	29.834631	180.01517	107.3684	106.59491	85.41927	212.41225	-26.550547	400.0	343.55	68199	45.217224	10.52305	61.89141	-10.483253	-45.51494	0.40917054	919.0206904411316
63	42.736927	74.88059	112.00285	-61.266983	118.40294	41.248753	192.16917	-4.5875764	322.33334	389.7	69299	45.602043	10.59865	63.96459	-9.132057	-45.93197	0.4111511	937.2013652324677
64	34.656284	74.73815	140.1955	-23.092596	95.13569	65.45021	191.09341	-36.497826	287.0	365.5	70399	46.054695	10.629141	64.31818	-8.392739	-46.40611	0.43476897	953.9678499698639
65	30.723326	78.404045	91.608345	-79.97224	86.14934	75.19046	196.75668	-130.23178	386.33334	400.0	71499	46.515835	10.658534	64.37096	-7.2522345	-46.85955	0.47731835	973.0580260753632
66	101.19253	38.84339	137.23933	47.27088	79.03249	93.25435	203.19432	-116.96302	400.0	400.0	72599	46.96321	10.678242	63.475285	-6.830067	-47.284985	0.4636595	991.7687766551971
67	54.916683	147.42194	172.68005	-152.95723	73.52241	80.337006	183.76826	-105.76269	400.0	400.0	73699	47.215767	10.932404	62.41526	-7.133498	-47.529766	0.46943521	1007.679162979126
68	4.5438027	32.975246	34.123276	-41.468384	49.857708	92.28248	210.4423	-124.38717	400.0	374.5	74799	47.430542	11.066578	62.701225	-7.1028457	-47.738316	0.45835072	1025.0501232147217
69	189.91573	13.989761	203.90549	175.92596	98.462555	84.96892	222.89847	-83.866325	400.0	369.3	75899	47.59269	11.065402	62.69157	-9.040187	-47.880108	0.44103223	1044.911899805069
70	87.84925	55.761665	166.69197	47.044373	89.91536	77.3727	230.96864	-45.48828	400.0	384.75	76999	47.706432	11.05326	63.133743	-9.662864	-47.979736	0.3905655	1064.8687365055084
71	68.8485	68.19581	165.0885	15.306363	57.22716	74.974915	186.24104	-61.582706	400.0	372.55	78099	47.79044	11.11179	63.452965	-9.42639	-48.070072	0.38068187	1080.0139050483704
72	50.07425	40.45197	107.132385	17.964722	104.84816	81.99051	229.78195	-41.59182	400.0	385.65	79199	47.91897	11.209435	68.091965	-8.266856	-48.192524	0.39979753	1096.834945678711
73	89.16839	40.40992	129.57831	48.75847	131.34782	55.947212	226.48717	53.73598	400.0	400.0	80299	47.963913	11.233238	68.22583	-9.462478	-48.234356	0.43000492	1111.6481368541718
74	69.094604	64.32047	148.87387	-8.638609	96.83737	67.22832	183.59988	-54.298363	400.0	400.0	81399	48.025864	11.237993	68.21262	-9.183909	-48.302532	0.43559957	1128.8952128887177
75	134.51186	18.631912	148.48643	108.17889	127.356995	44.753517	201.40912	0.37163582	400.0	400.0	82499	48.208344	11.210497	66.82227	-7.9120803	-48.514496	0.42147076	1144.0694143772125
76	108.6155	5.651345	116.2271	102.6992	117.39085	47.081562	211.83783	26.459272	400.0	400.0	83599	48.467457	11.244142	66.056175	-8.856981	-48.76652	0.41332206	1160.048329114914
77	133.98209	37.848343	171.83043	96.13374	109.07674	43.44144	189.88496	36.562008	400.0	400.0	84699	48.574474	11.212011	65.04469	-8.374319	-48.842243	0.39145967	1179.4909222126007
78	123.94303	77.92718	226.54297	37.801895	126.116684	46.146862	212.73001	17.127705	400.0	400.0	85799	48.569057	11.169276	64.566925	-8.937974	-48.818295	0.39022145	1195.9956843852997
79	81.08027	106.40251	172.1011	-68.20223	101.69392	80.39306	213.65497	-47.3933	400.0	400.0	86899	48.463528	11.259571	64.14895	-11.339165	-48.7174	0.3724381	1212.6607489585876
80	94.08893	114.722786	209.53056	-62.35828	130.43292	70.21728	209.51387	-20.316275	400.0	400.0	87999	48.488525	11.350769	65.362686	-16.69831	-48.764824	0.40295666	1231.4630131721497
81	85.08075	34.688454	119.7692	50.3923	139.4427	51.4007	223.95665	0.22510833	400.0	400.0	89099	48.669533	11.404175	65.39687	-18.354864	-48.980186	0.43456444	1249.5901997089386
82	112.37228	42.279934	153.83095	54.329765	128.5693	62.420506	195.22302	-30.920555	400.0	400.0	90199	48.936596	11.345984	65.35961	-18.78838	-49.242115	0.44224787	1269.453771829605
83	130.20734	26.440022	159.12978	95.22219	149.59523	40.177143	205.4883	60.19678	400.0	400.0	91299	49.226864	11.287387	71.84683	-18.0844	-49.54877	0.4781545	1282.5061523914337
84	146.36792	21.34833	162.52342	116.20225	131.31172	37.08364	181.27792	58.672707	400.0	400.0	92399	49.680477	11.33256	79.54484	-17.305906	-50.032303	0.45299754	1298.9298820495605
85	155.22629	22.541779	177.76807	132.68451	136.98756	45.665123	231.73022	69.029434	400.0	400.0	93499	50.254765	11.568318	90.226265	-16.407516	-50.61901	0.47352505	1310.3554818630219
86	158.97688	48.733597	226.20364	112.21561	134.35078	39.51927	202.12718	52.441383	400.0	400.0	94599	50.736908	11.953478	97.05453	-14.841176	-51.092842	0.47550538	1320.767107963562
87	117.118935	51.16372	154.93321	44.78756	137.28476	48.40447	213.53242	28.29532	400.0	400.0	95699	51.302647	12.433665	102.88806	-14.661829	-51.67737	0.5037744	1329.827287197113
88	107.44156	6.4607086	114.76654	99.049416	109.23319	58.713425	215.2151	-30.630884	400.0	385.85	96799	51.82115	13.071539	109.825386	-15.49097	-52.188694	0.4996611	1340.6898975372314
89	104.90616	21.778923	126.68508	83.127235	70.840935	68.21787	182.22388	-34.313503	400.0	357.35	97899	52.18983	13.703722	114.26656	-15.017831	-52.51476	0.48037654	1351.3617556095123
90	151.28453	21.1733	178.48497	126.841576	123.92944	68.47451	225.07019	-5.8378043	400.0	400.0	98999	52.374138	13.913173	114.26565	-11.866507	-52.67392	0.467541	1361.3657076358795
91	114.86923	60.779133	185.55273	37.171413	134.05502	62.695797	214.25618	-43.183186	400.0	400.0	100099	52.490826	13.898146	113.47372	-10.085845	-52.777817	0.4333186	1370.3153069019318
92	109.46386	105.26854	193.05707	-39.016064	96.59893	64.6217	197.96083	-35.047245	312.66666	377.95	101199	52.554676	13.630914	111.50632	-9.081079	-52.826557	0.4537782	1381.2577011585236
93	79.072464	74.56541	133.87617	-26.351276	114.256516	38.11391	180.34618	56.960148	400.0	400.0	102299	52.577293	13.376577	109.22002	-10.113312	-52.85645	0.47414228	1392.0374870300293
94	79.89354	40.078518	133.69649	37.553036	78.66139	69.70761	228.26454	-40.490475	400.0	400.0	103399	52.550518	13.14486	106.927155	-12.638147	-52.827408	0.4389729	1400.8551959991455
95	114.15916	82.88169	196.38347	0.7045356	94.48539	72.46708	207.12491	-39.629333	400.0	400.0	104499	52.697586	13.100669	104.396126	-12.429394	-52.989567	0.46648616	1409.6350407600403
96	81.41734	89.11549	170.53284	-7.6981473	120.1155	63.669903	212.77652	-4.874215	400.0	400.0	105599	52.762638	13.000486	102.878654	-13.004287	-53.050247	0.44123012	1418.0348575115204
97	78.13819	30.811092	121.71129	56.195866	114.954025	80.80012	239.57388	-27.873386	400.0	387.55	106699	52.672802	12.85132	101.04481	-11.637811	-52.93407	0.46653888	1426.5459458827972
98	137.22784	15.856777	153.91551	115.91106	108.46442	67.35301	207.65244	-33.028328	400.0	400.0	107799	52.581738	12.683971	98.78374	-13.210001	-52.86604	0.4576603	1436.7688293457031
99	135.73393	43.40555	196.57208	98.23662	87.46379	117.53402	221.76329	-201.53523	400.0	400.0	108899	52.65342	12.501471	96.277756	-14.97763	-52.940495	0.47149536	1444.7146921157837
100	150.21692	89.372826	239.58974	60.844086	135.3536	75.36128	227.99281	-16.814236	400.0	400.0	109999	52.64604	12.270452	93.29662	-14.583188	-52.916058	0.47894514	1453.3891162872314
101	105.91989	57.82943	185.51292	49.84222	111.5777	94.90692	205.87285	-247.98267	400.0	400.0	111099	52.619034	11.970239	90.12002	-14.408955	-52.873405	0.47861773	1464.0331137180328
102	168.04402	28.556587	201.70485	131.88928	118.80614	68.83091	227.10294	-40.700424	400.0	400.0	112199	52.54706	11.754454	86.788216	-18.400345	-52.80911	0.47889736	1472.3595778942108
103	111.4324	26.30166	140.89581	77.038635	107.46731	74.195786	218.61302	-141.94313	400.0	400.0	113299	52.444885	11.563155	83.74204	-17.926365	-52.69959	0.49220842	1482.2076830863953
104	154.29314	23.153503	177.44664	131.13963	137.47612	36.379856	198.95978	13.256674	400.0	400.0	114399	52.401333	11.417903	82.214874	-17.812195	-52.658688	0.46322006	1490.7053356170654
105	153.24394	32.42567	183.2451	108.20864	137.78586	39.36755	194.6096	44.368336	400.0	400.0	115499	52.36134	11.2826185	81.053116	-16.876959	-52.607594	0.4734446	1498.6520156860352
106	133.42429	45.248543	180.11285	72.18173	150.83292	36.651794	206.30902	56.613277	400.0	400.0	116599	52.311512	11.312992	80.29977	-15.102828	-52.56715	0.47086614	1508.4085750579834
107	121.72483	14.080557	141.51672	109.93047	132.59982	48.002354	225.07896	30.535099	400.0	400.0	117699	52.33974	11.341479	79.64973	-10.868738	-52.604156	0.46042687	1516.6229796409607
108	146.88507	16.34243	163.2275	130.54263	155.96584	33.50427	214.03563	60.962154	400.0	400.0	118799	52.335957	11.2872	78.78508	-10.135667	-52.58625	0.4364344	1526.3592312335968
109	128.27989	10.934334	140.36668	113.88355	158.67952	33.374928	195.69379	59.67323	400.0	400.0	119899	52.150055	11.2208185	78.00546	-10.28078	-52.38451	0.42399758	1534.0446937084198
110	179.66101	19.482487	201.01778	153.90724	146.38585	46.651196	228.38403	53.878174	400.0	400.0	120999	52.021584	11.176184	77.33499	-12.378059	-52.257607	0.40962103	1542.4183967113495
111	157.9626	10.344199	172.37328	148.5771	142.02777	47.596127	226.94876	75.63115	400.0	400.0	122099	51.878323	11.121827	76.78118	-14.163981	-52.113102	0.41759512	1550.8941490650177
112	166.19354	59.532406	225.72595	106.66114	151.48819	43.542583	220.90051	80.76759	400.0	400.0	123199	51.8119	11.099197	76.41099	-13.069262	-52.05005	0.43566123	1560.5620532035828
113	120.53931	58.15943	190.6285	48.219948	118.43882	96.28773	207.25879	-194.08397	400.0	400.0	124299	51.696323	11.085518	76.338	-10.015526	-51.939682	0.42105737	1570.1770668029785
114	145.5655	36.228992	187.95033	99.4441	138.53656	50.09787	210.57535	-0.5973737	400.0	400.0	125399	51.660004	11.117268	75.72172	-9.164703	-51.91571	0.4200674	1580.221108198166
115	105.45414	31.094599	146.94327	72.08816	107.36784	56.69123	207.49121	-32.82127	400.0	400.0	126499	51.815826	11.116674	74.73742	-10.587076	-52.071938	0.44307867	1590.3739535808563
116	128.98312	3.9181328	132.90126	125.064995	155.62086	28.98498	209.40916	100.79031	400.0	400.0	127599	51.93888	11.040605	73.298	-11.505325	-52.194355	0.40371343	1601.316338300705
117	173.30861	33.958374	218.5633	136.76123	141.94368	46.454678	215.71275	40.55945	400.0	400.0	128699	51.97429	10.921609	71.55099	-11.323078	-52.227425	0.443512	1611.2517094612122
118	175.31572	29.75303	207.56053	135.78246	148.81378	45.87546	226.8216	48.005474	400.0	400.0	129799	52.06254	10.822882	70.30595	-9.277916	-52.31843	0.44699937	1621.6640663146973
119	175.12257	6.589341	184.23976	168.89462	163.69876	34.50217	218.17055	104.801216	400.0	400.0	130899	52.179245	10.744911	70.24313	-6.721658	-52.435886	0.45470425	1633.5240132808685
120	153.28665	16.440453	169.72711	136.8462	168.74875	28.3939	226.46585	116.79726	400.0	400.0	131999	52.262856	10.701728	71.5729	-9.395113	-52.502323	0.4120237	1644.6049177646637
121	163.65048	39.093334	207.7327	112.712975	163.54514	43.47177	224.15128	92.00312	400.0	400.0	133099	52.24989	10.601855	73.02021	-10.540004	-52.476562	0.42708358	1658.7515108585358
122	194.19783	15.249622	206.93306	172.7575	174.9445	34.92111	228.58554	101.05534	400.0	400.0	134199	52.15059	10.508331	73.292465	-9.547043	-52.367634	0.44381276	1672.5217328071594
123	177.58809	27.353054	199.55324	139.02956	164.35623	36.504128	218.67647	98.610435	400.0	400.0	135299	52.086296	10.358982	73.393234	-7.6708016	-52.308025	0.4668548	1686.599758863449
124	123.57852	6.48489	130.06342	117.093636	144.8149	67.78941	226.41629	-36.06145	400.0	383.7	136399	52.070076	10.17617	73.18439	-5.0572424	-52.29608	0.4683688	1700.8853647708893
125	168.51363	7.7647333	179.30452	161.35635	159.65848	39.860855	218.4241	77.848175	400.0	400.0	137499	52.03831	9.983503	72.678215	-6.300614	-52.26887	0.44705895	1714.9374549388885
126	149.43536	11.376384	164.41324	136.85913	148.08679	45.07835	201.1427	6.9876847	400.0	400.0	138599	52.01814	9.849507	72.53725	-5.364323	-52.246376	0.46111584	1727.7380983829498
127	140.09569	102.58007	223.47394	-4.404222	136.01389	53.910347	204.16528	-43.604702	400.0	400.0	139699	51.988777	9.8343115	72.06051	-3.835629	-52.21934	0.48625994	1740.8723604679108
128	131.80597	4.907181	136.71315	126.89879	163.96432	36.846054	211.1775	83.75584	400.0	400.0	140799	52.024044	9.834238	71.68862	-3.1959429	-52.278553	0.46255052	1756.0723767280579
129	155.12605	42.222298	200.398	98.771805	117.96753	109.88998	209.69473	-210.1905	400.0	400.0	141899	52.244606	9.860552	73.31055	-3.7498045	-52.519104	0.50219226	1769.1356904506683
130	132.8029	37.855625	184.57388	95.11077	129.54396	99.3925	206.98813	-165.22957	400.0	400.0	142999	52.37994	9.855583	73.27792	-6.067391	-52.62703	0.49703535	1782.4993975162506
131	177.99117	11.25232	193.6149	167.56276	138.62494	92.32883	215.3023	-240.1005	400.0	400.0	144099	52.43233	9.821716	73.27711	-9.018692	-52.657486	0.49565145	1796.4283368587494
132	148.55809	19.451736	168.00983	129.10635	104.82939	120.02773	222.19891	-203.95518	400.0	400.0	145199	52.374374	9.797334	73.045204	-10.044722	-52.588657	0.5092207	1809.7481162548065
133	192.82674	15.672163	214.9782	181.11107	133.73776	111.17932	220.49739	-227.76756	400.0	400.0	146299	52.278744	9.768756	77.05376	-10.637121	-52.48047	0.48590037	1824.2630202770233
134	94.82309	42.74021	134.94069	35.610462	135.8959	114.27201	223.24854	-203.96054	400.0	400.0	147399	52.170235	9.772053	77.98636	-13.00067	-52.37097	0.46326926	1838.9553925991058
135	167.9675	29.123943	203.01323	131.70554	163.8229	53.73604	221.76866	-24.721039	400.0	400.0	148499	52.028095	9.760953	76.96024	-14.702381	-52.223545	0.4747592	1856.0439102649689
136	171.33919	55.49911	226.8383	115.84008	98.29612	116.66697	230.4147	-216.16093	400.0	400.0	149599	51.905285	9.816757	76.48041	-16.160341	-52.091557	0.47169656	1873.1932685375214
137	174.33728	14.360037	192.21037	157.05026	166.09665	44.10433	234.6208	55.74121	400.0	400.0	150699	51.738945	9.850274	76.779335	-16.0232	-51.917465	0.40718284	1887.8810875415802
138	-71.21667	131.48398	114.32794	-174.5696	138.14746	39.40667	222.25945	50.807617	400.0	400.0	151799	51.517685	9.9496565	76.06972	-16.470304	-51.700176	0.427265	1902.123151063919
139	118.50759	37.56925	171.42657	87.942154	141.33138	34.855465	204.56607	80.50299	400.0	400.0	152899	51.364285	10.067261	75.4924	-16.005413	-51.56142	0.42308283	1916.5291192531586
140	159.81345	16.189812	176.00325	143.62363	127.4521	73.503334	214.14957	-88.376305	400.0	400.0	153999	51.3228	10.17319	74.26245	-13.027245	-51.529835	0.42542064	1930.108273267746
141	158.585	26.953045	183.19199	121.07095	154.79622	28.235695	202.64252	91.15172	400.0	400.0	155099	51.315273	10.284049	73.973785	-11.970037	-51.52288	0.4293741	1944.9029624462128
142	182.93727	31.037283	220.92015	144.89471	160.22397	37.238773	228.01135	91.0644	400.0	400.0	156199	51.306225	10.313501	72.08844	-5.155055	-51.50759	0.4253837	1962.0170736312866
143	133.26909	64.54935	190.73088	43.1091	176.54604	26.464144	224.63756	119.98812	400.0	400.0	157299	51.269947	10.277532	71.49172	-7.57073	-51.46692	0.41980696	1975.4988219738007
144	176.40793	29.596764	206.00468	146.81116	154.6304	36.594456	197.977	80.70402	400.0	400.0	158399	51.1809	10.305753	69.74618	-9.338463	-51.371143	0.39787066	1990.3346803188324
145	193.04413	29.675478	224.85643	153.43283	148.99326	41.363888	213.31982	65.85085	400.0	400.0	159499	51.128345	10.335127	69.27647	-11.214919	-51.318573	0.4114194	2008.3707711696625
146	167.00941	1.3206712	168.86945	165.9329	128.48553	74.675285	223.75243	-35.090096	400.0	400.0	160599	51.050747	10.368589	68.54303	-11.250133	-51.242176	0.3839999	2034.4785687923431
147	147.7707	4.7203608	154.3728	143.61407	142.6378	54.012608	219.22255	-12.620297	400.0	400.0	161699	51.06751	10.348534	67.700134	-11.58293	-51.262173	0.40179503	2048.283440351486
148	135.02881	68.4432	203.472	66.58561	185.13406	30.600956	234.62515	131.98509	400.0	400.0	162799	51.015846	10.366093	65.1493	-11.2963085	-51.203922	0.39538738	2060.8793609142303
149	171.18419	25.217463	202.3975	140.63841	165.80927	46.560997	218.11496	64.75523	400.0	400.0	163899	50.97484	10.372136	65.16405	-11.684653	-51.160378	0.39603266	2074.3909096717834
150	164.3477	8.739207	171.99586	152.1159	166.08853	37.64831	205.32481	69.93595	400.0	400.0	164999	50.903645	10.447874	65.067665	-11.830012	-51.089718	0.39010665	2083.6099061965942
151	148.56616	15.930941	169.13649	130.32245	142.2777	58.2986	221.51553	-44.865124	400.0	400.0	166099	50.911625	10.497829	64.762344	-16.921127	-51.103127	0.38657537	2092.4604983329773
152	177.99515	19.933647	197.9288	158.06151	128.32297	65.887535	212.75381	-55.241436	400.0	400.0	167199	50.97866	10.532832	64.58034	-18.05361	-51.193665	0.37748328	2103.3779270648956
153	162.54898	11.986571	173.24252	145.8113	143.40802	39.318928	206.64233	62.23543	400.0	400.0	168299	51.118977	10.486169	65.00299	-18.15655	-51.32173	0.38018137	2116.3730885982513
154	95.650734	54.801044	166.47014	32.979504	135.10735	50.102	190.85486	-34.748108	400.0	383.15	169399	51.109337	10.48589	65.25463	-19.008251	-51.303394	0.37874678	2127.6875436306
155	181.28485	9.458267	191.315	168.60588	158.97325	32.30525	210.54362	97.74736	400.0	400.0	170499	51.129498	10.452498	66.52481	-18.462511	-51.318913	0.38889608	2136.1049778461456
156	138.81001	32.99867	171.80869	105.81135	165.37247	36.069782	216.56915	92.75685	400.0	400.0	171599	51.117493	10.453801	66.94771	-15.806702	-51.303017	0.36198533	2146.396842956543
157	164.61809	23.86162	194.05684	135.61287	155.58452	61.20873	226.11343	-39.339417	400.0	383.85	172699	51.100273	10.468925	66.64659	-14.980222	-51.287342	0.3729339	2154.353803396225
158	149.85197	12.329957	160.92719	132.65047	166.45714	36.586746	209.71129	50.78523	400.0	400.0	173799	51.074	10.492251	66.870155	-14.361614	-51.25975	0.34667802	2162.5598101615906
159	145.82196	8.4480915	156.46445	135.79875	177.46603	34.39534	216.73872	63.889263	400.0	400.0	174899	51.083344	10.472579	68.043076	-13.493967	-51.268	0.3624341	2170.843719959259
160	165.48676	5.5472946	171.03406	159.93947	156.22519	33.377296	212.194	83.6961	400.0	400.0	175999	51.14235	10.467989	68.65123	-12.89634	-51.350864	0.34334216	2179.349648475647
161	96.69177	19.559832	121.93432	74.273	150.01645	33.957527	221.49947	81.97147	400.0	400.0	177099	51.30223	10.655248	68.77762	-14.256018	-51.51855	0.38004866	2187.732487678528
162	157.95851	42.060955	214.1188	112.901855	164.51524	34.694252	223.45007	113.09971	400.0	400.0	178199	51.343758	10.647635	69.51056	-9.113196	-51.526817	0.3929063	2195.9989137649536
163	163.94621	35.72227	213.01471	129.00363	178.56079	30.982088	230.48305	115.21443	400.0	400.0	179299	51.349224	10.550447	69.59624	-7.744235	-51.53451	0.3767462	2204.3151531219482
164	175.45465	46.037056	221.4917	129.41759	151.86978	37.54711	218.36589	76.83027	400.0	400.0	180399	51.35658	10.470352	69.2969	-7.6032925	-51.55097	0.40669033	2212.0311331748962
165	153.61365	23.319235	179.96223	123.26396	164.37483	30.253807	210.18051	76.50507	400.0	400.0	181499	51.371235	10.329921	68.73106	-8.7536	-51.556847	0.39682263	2221.593451023102
166	132.5537	16.513329	144.68777	109.206375	163.27568	39.99613	245.44473	50.40353	400.0	400.0	182599	51.405293	10.187188	68.09517	-8.987137	-51.580704	0.39159533	2229.385312795639
167	157.198	21.737562	178.61227	127.38971	173.04237	31.203947	210.21423	104.49064	400.0	400.0	183699	51.293827	10.1679735	68.14978	-9.852746	-51.455856	0.4147411	2237.192929983139
168	140.75851	33.825195	174.58371	106.93332	155.70871	57.439823	217.0351	-40.00992	400.0	384.15	184799	51.1687	10.138881	67.91604	-9.76684	-51.33251	0.40531966	2245.3377118110657
169	189.3211	5.151694	194.28401	182.22044	174.2737	25.976185	235.55905	124.200645	400.0	400.0	185899	51.11749	10.054298	67.96061	-8.287199	-51.28407	0.4027421	2253.547075510025
170	141.35936	12.326719	154.98811	125.13144	168.59735	21.097996	201.4736	133.03568	400.0	400.0	186999	51.05509	10.040452	70.033455	-7.3425198	-51.231293	0.41472256	2261.284728527069
171	188.53401	38.88742	238.59012	143.7794	164.02689	34.0044	241.99185	116.16295	400.0	400.0	188099	51.083378	10.029766	71.38553	-5.965819	-51.266632	0.41014457	2269.0475594997406
172	55.236282	99.51741	154.7537	-44.28113	132.18167	113.35442	231.0323	-190.46648	400.0	400.0	189199	51.078056	10.132507	72.95604	-5.549553	-51.265755	0.4233502	2276.496500015259
173	192.883	42.086567	234.79965	135.33008	130.49646	71.73416	213.98149	-26.61171	400.0	385.1	190299	51.17069	10.258938	75.355194	-8.106864	-51.36307	0.42448154	2284.2115650177
174	106.64451	48.710625	175.37569	68.26565	143.89973	70.38276	213.05722	-37.572094	400.0	386.2	191399	51.239582	10.320746	76.98501	-8.061683	-51.42481	0.44028717	2290.958028316498
175	177.5473	19.9263	197.70207	150.41339	154.77719	56.249645	222.53044	16.320164	400.0	400.0	192499	51.25758	10.299389	76.956566	-6.1317577	-51.42981	0.47007462	2299.156893968582
176	165.97229	2.4463348	168.41862	163.52596	157.18832	92.050674	257.12402	-203.0588	400.0	400.0	193599	51.259727	10.243612	76.74631	-6.024553	-51.42843	0.46486163	2308.570047855377
177	119.806335	38.511166	174.25276	91.41913	164.55597	44.58744	212.79254	41.610126	400.0	400.0	194699	51.207497	10.270396	75.921585	-2.8823674	-51.370857	0.4691929	2315.856693506241
178	166.10379	28.964705	198.2895	128.06802	173.63235	25.252657	213.24889	129.8963	400.0	400.0	195799	51.138493	10.302074	74.56397	-3.1636944	-51.304787	0.47575894	2323.5881912708282
179	176.04613	25.145199	211.56018	156.71265	172.20242	35.34278	221.92535	77.4138	400.0	400.0	196899	51.15995	10.240545	74.163185	-3.0391304	-51.33542	0.48018888	2333.020708322525
180	178.66284	49.099648	227.76248	129.56319	159.29373	42.36738	218.80917	48.329086	400.0	400.0	197999	51.20869	10.166248	73.41773	-3.5208716	-51.391865	0.46699542	2340.692325592041
181	153.35983	35.126717	196.64415	110.60653	152.03578	81.98813	207.7054	-126.86819	400.0	386.1	199099	51.277565	10.090879	72.7813	-7.0462103	-51.45687	0.47071594	2348.872029542923
182	188.9782	19.062548	212.5779	165.89288	168.88533	26.255993	226.82182	106.14831	400.0	400.0	200199	51.296375	10.045268	72.60215	-6.487842	-51.47665	0.45637465	2356.9801132678986
183	170.5401	32.779278	211.9148	131.74689	155.17813	54.083885	231.14543	2.2466834	400.0	400.0	201299	51.281467	9.970452	72.05759	-8.305473	-51.460648	0.44677415	2364.6098008155823
184	158.69664	21.310898	180.00754	137.38574	150.35487	51.329052	223.90225	67.24326	400.0	400.0	202399	51.322124	9.861073	71.620514	-8.079656	-51.497612	0.4655725	2371.783600330353
185	140.23999	25.12153	175.40904	118.29765	168.13683	35.32674	222.14146	63.070328	400.0	400.0	203499	51.311127	9.756214	70.74991	-6.7094307	-51.485138	0.45819423	2379.169414281845
186	160.53577	18.304272	174.91469	134.70483	161.0985	61.6646	240.22925	-49.53917	400.0	384.15	204599	51.354973	9.682239	70.47246	-7.947522	-51.536655	0.45428976	2386.7836713790894
187	160.4475	8.812241	172.56075	151.85411	156.86395	31.528502	224.77797	100.793236	400.0	400.0	205699	51.432953	9.570935	70.57762	-8.964472	-51.60981	0.47220758	2394.7845220565796
188	173.77847	10.635033	184.41351	163.14345	174.99904	36.09133	248.77112	116.396034	400.0	400.0	206799	51.401134	9.589848	70.32165	-9.253188	-51.571262	0.45339045	2403.736569404602
189	190.503	23.415157	208.82193	157.45387	134.90277	63.439228	201.19191	-73.95539	400.0	400.0	207899	51.40182	9.50261	69.83647	-9.2159195	-51.576206	0.45481056	2411.1878473758698
190	155.78441	5.287436	162.65477	149.79305	159.7436	33.608734	207.58539	102.315186	400.0	400.0	208999	51.395744	9.471755	69.153755	-9.87199	-51.565144	0.4319469	2419.1342372894287
191	136.2067	45.847492	200.85486	99.5872	161.43655	36.811535	211.55461	71.7338	400.0	400.0	210099	51.364765	9.45127	68.80217	-10.440414	-51.52737	0.43604773	2426.3177559375763
192	168.7302	6.330261	175.06046	162.39993	152.94858	58.31063	239.61041	18.04422	400.0	400.0	211199	51.322243	9.423456	68.291725	-11.848066	-51.48052	0.4086402	2433.73091840744
193	151.29736	15.546088	169.11964	131.23741	142.70016	52.86445	218.859	43.34375	400.0	400.0	212299	51.22983	9.4036045	67.63977	-12.323936	-51.382298	0.42916232	2440.807519674301
194	137.13617	50.675255	175.66042	65.539696	153.84677	37.223667	221.68567	61.72965	400.0	400.0	213399	51.157642	9.389136	67.044334	-10.794689	-51.31864	0.42638513	2449.869955062866
195	147.15971	9.4047	158.4112	135.39185	177.56216	29.527096	226.28708	94.82549	400.0	400.0	214499	51.108837	9.399684	66.72589	-10.379766	-51.262352	0.42525876	2456.466273546219
196	152.19391	11.970428	164.16434	140.22348	171.67482	29.061903	208.42635	109.20262	400.0	400.0	215599	51.041157	9.356268	66.43028	-8.719401	-51.193047	0.4024576	2465.3736407756805
197	181.973	22.288883	203.19987	151.17897	179.04	24.508966	220.51953	111.19369	400.0	400.0	216699	50.952797	9.388899	66.371735	-10.109835	-51.105164	0.37663794	2474.1409890651703
198	176.39899	15.952436	188.2876	153.84999	178.643	27.931252	217.8705	123.00604	400.0	400.0	217799	50.86796	9.443707	65.83497	-11.329414	-51.011803	0.34824458	2482.7045528888702
199	156.8985	42.14634	201.72696	100.46548	181.392	25.439167	221.41943	127.04172	400.0	400.0	218899	50.80302	9.4725685	65.78101	-12.909861	-50.946712	0.36198148	2490.0627801418304
200	200.17662	4.6014557	204.77808	195.57516	169.19466	29.410341	234.10294	118.54559	400.0	400.0	219999	50.723125	9.533423	65.770096	-12.511574	-50.87068	0.36820242	2497.2199721336365
201	197.35158	11.385843	208.07524	181.58742	151.7719	35.63162	206.40887	91.77708	400.0	400.0	221099	50.669224	9.636577	65.00002	-10.431307	-50.82926	0.38931808	2503.6249029636383
202	161.27405	14.463925	181.71756	150.45677	163.5166	44.168816	228.91159	87.87112	400.0	400.0	222199	50.733223	9.616883	64.994675	-9.408836	-50.898933	0.38886085	2510.5397369861603
203	183.01837	37.890633	211.21788	129.458	167.25194	37.031273	216.62332	102.79369	400.0	400.0	223299	50.74041	9.642115	65.155304	-8.21197	-50.903347	0.39187706	2517.524219274521
204	151.94977	15.278191	167.22797	136.67159	168.38419	40.439938	233.41757	100.61112	400.0	400.0	224399	50.75348	9.624253	64.95186	-7.3286653	-50.908653	0.3988359	2524.4234890937805
205	177.72401	61.332783	228.81473	91.47554	171.25345	28.959585	222.483	115.80869	400.0	400.0	225499	50.728634	9.624152	65.44804	-7.195714	-50.879993	0.39143613	2532.1654136180878
206	130.63487	34.77518	165.71721	83.24589	180.61777	38.11778	233.27133	100.37527	400.0	400.0	226599	50.743397	9.636707	65.63149	-5.3762326	-50.896687	0.41402173	2541.0365104675293
207	163.84717	18.732801	182.05736	138.07869	165.75493	39.928936	218.89104	76.459564	400.0	400.0	227699	50.729816	9.673313	65.7275	-5.7426424	-50.8802	0.3904844	2548.5176339149475
208	161.81924	24.25029	186.06953	137.56895	156.84485	52.408043	225.10011	60.674446	400.0	400.0	228799	50.699104	9.657088	66.4326	-4.5238266	-50.847366	0.3776943	2556.1535165309906
209	182.84447	46.078762	217.25937	117.71427	168.68552	42.885643	217.47435	73.02341	400.0	400.0	229899	50.693745	9.660473	66.455475	-4.5508537	-50.837975	0.40116444	2563.740772485733
210	122.255005	55.425373	185.75108	50.70566	150.98438	54.338306	230.83817	34.886044	400.0	400.0	230999	50.597717	9.737267	65.52836	-5.58272	-50.742123	0.3964559	2571.097997903824
211	158.65965	16.852938	170.8417	134.82799	153.46742	52.15419	220.39226	40.570724	400.0	400.0	232099	50.589565	9.776649	64.60799	-6.023851	-50.730186	0.38934234	2579.9073181152344
212	118.622894	57.57306	176.19595	61.04983	159.6033	59.392075	236.86324	-34.29524	400.0	384.35	233199	50.588326	9.834865	64.923454	-6.7669516	-50.74103	0.3994568	2587.143712759018
213	178.81842	21.83191	202.63252	149.8933	142.63478	92.69801	246.9458	-34.73565	400.0	339.15	234299	50.632935	9.855775	65.05773	-8.541467	-50.784077	0.41042832	2595.451563835144
214	184.54128	34.636913	226.16159	141.36182	173.26782	63.94406	248.44476	-33.667797	400.0	384.75	235399	50.684326	9.785744	64.997025	-9.423368	-50.837406	0.42052922	2602.1997122764587
215	175.1975	35.83741	206.7588	125.074554	166.11351	52.36524	219.23613	41.73087	400.0	400.0	236499	50.746544	9.651076	64.613686	-10.5980015	-50.898808	0.4105841	2609.8171849250793
216	40.20963	51.91798	101.23074	-25.663807	157.10886	66.725975	232.75085	-27.332937	291.0	384.1	237599	50.781525	9.592026	63.962048	-10.701628	-50.936172	0.40141138	2618.3521807193756
217	192.89445	17.66842	209.77765	168.50049	161.64651	47.54409	220.6259	-7.221397	400.0	388.4	238699	50.78777	9.505938	63.63948	-9.648968	-50.932003	0.4348086	2626.916800737381
218	190.247	28.972244	217.85367	150.22362	186.06216	34.634438	236.30925	93.70257	400.0	400.0	239799	50.75885	9.445128	63.571323	-10.081019	-50.901783	0.40998444	2634.2337424755096
219	172.13608	21.723686	193.85976	150.41238	182.24919	17.391237	211.64314	151.38063	400.0	400.0	240899	50.718422	9.412999	63.66994	-10.00663	-50.86341	0.40554565	2641.0364167690277
220	162.84467	39.735245	191.93932	106.6625	168.02505	54.428726	212.5653	-37.86628	400.0	384.05	241999	50.762554	9.314754	63.935085	-9.557348	-50.915733	0.3979201	2647.7132561206818
221	144.11943	29.776623	181.48067	108.614	187.83826	21.92959	239.52905	152.49292	400.0	400.0	243099	50.839066	9.246853	64.20171	-8.464033	-50.998898	0.41749167	2655.2633204460144
222	160.43304	14.532745	179.13313	143.69849	177.19997	53.326702	225.81395	-30.968336	400.0	383.3	244199	50.896423	9.243441	64.71701	-8.552504	-51.061386	0.42146662	2662.281238079071
223	191.83344	29.67511	221.50854	162.15833	181.7118	31.257343	232.63657	99.02393	400.0	400.0	245299	50.974503	9.203944	66.46086	-8.102723	-51.138607	0.4369514	2669.1813356876373
224	104.834305	85.204544	202.67947	-27.81687	162.79272	36.273697	213.20322	62.031853	324.75	400.0	246399	51.0415	9.190045	68.377625	-6.8734713	-51.19685	0.39197576	2676.772587299347
225	100.46216	98.53128	207.75735	-30.181704	151.69005	78.430756	214.99397	-26.611994	293.33334	351.55	247499	51.076527	9.208819	70.19033	-6.3565097	-51.227924	0.38608703	2683.8996529579163
226	217.40271	2.6768978	221.18793	215.45828	168.81102	53.502827	244.01373	-30.143467	400.0	384.25	248599	51.110306	9.248995	72.59925	-7.122081	-51.26605	0.3985695	2691.1563127040863
227	152.37062	14.881218	164.67902	131.43288	168.51309	58.03265	241.26425	-26.567839	400.0	384.4	249699	51.159035	9.213562	74.067566	-9.265084	-51.310722	0.3949587	2698.1211285591125
228	142.98778	41.971703	202.10062	108.77425	187.03989	51.960022	226.90788	-21.661589	400.0	383.95	250799	51.20435	9.216414	74.355606	-12.964774	-51.355812	0.4137167	2705.4124190807343
229	162.20654	4.896599	167.10313	157.30994	160.003	69.78504	216.27475	-31.170225	400.0	368.05	251899	51.24126	9.213661	73.19063	-14.153673	-51.396923	0.3984048	2712.1724994182587
230	140.27902	93.130226	211.3461	-19.877914	189.27945	27.397474	228.73485	121.58053	319.5	400.0	252999	51.33616	9.110094	69.826706	-16.831396	-51.49985	0.39730605	2719.581621646881
231	160.01796	37.756077	190.81703	106.844826	164.46799	51.338295	230.52141	8.272118	400.0	400.0	254099	51.424103	9.010894	67.38541	-16.724878	-51.588295	0.4067919	2727.017949819565
232	207.92413	22.06041	229.98454	185.86372	185.7557	18.715336	217.41061	154.63121	400.0	400.0	255199	51.526276	8.907144	65.567856	-14.737101	-51.682407	0.38366458	2734.1809492111206
233	187.80208	25.61457	213.60745	152.88301	184.51866	32.038322	221.71326	113.39065	400.0	400.0	256299	51.543343	8.844692	66.29351	-11.751965	-51.692223	0.41241854	2741.089035511017
234	158.02858	10.369964	166.75964	143.4586	177.56668	29.526709	217.36444	97.007286	400.0	400.0	257399	51.54982	8.812434	67.47595	-8.549553	-51.696056	0.39905584	2747.9566617012024
235	180.96521	31.37879	217.26476	140.70888	171.1726	25.51609	214.96309	119.87566	400.0	400.0	258499	51.53216	8.803989	68.69318	-7.1315646	-51.682854	0.41298646	2755.771153450012
236	167.2175	5.9581833	173.17569	161.25932	179.44167	32.34047	227.66656	113.696304	400.0	400.0	259599	51.565437	8.809112	69.73406	-6.2702174	-51.71644	0.41001105	2763.1570518016815
237	175.6681	1.7612635	177.82883	173.51465	167.95508	30.918312	208.08055	84.38942	400.0	400.0	260699	51.563133	8.819017	70.96354	-6.3767657	-51.71429	0.42286238	2770.540741920471
238	160.6472	31.997116	194.44954	117.692726	174.12526	33.896465	225.48364	96.71414	400.0	400.0	261799	51.614872	8.809044	70.7368	-10.645964	-51.76953	0.44370663	2777.872492313385
239	170.085	4.862897	176.76004	165.3141	172.05748	23.815466	205.5065	122.10266	400.0	400.0	262899	51.64031	8.859736	70.00021	-9.910336	-51.796803	0.42634365	2786.7999844551086
240	176.00735	26.009827	202.01718	149.99753	160.18924	57.096085	235.26538	47.17434	400.0	400.0	263999	51.73354	8.863086	69.500725	-10.747145	-51.892395	0.42418817	2793.9545996189117
241	156.58397	68.06263	211.06944	60.62236	174.83694	35.182594	219.14589	71.8116	400.0	400.0	265099	51.75284	8.884672	69.4221	-10.616534	-51.908	0.41669238	2800.304770231247
242	183.16228	15.216969	197.00021	161.97034	167.6329	32.042484	206.15901	83.53835	400.0	400.0	266199	51.79924	8.871962	68.95569	-12.739391	-51.953957	0.38992527	2807.6386342048645
243	152.04109	38.51462	202.38698	108.867226	186.6757	19.830816	215.13304	145.83145	400.0	400.0	267299	51.786816	8.884785	68.53815	-12.486257	-51.93894	0.40975648	2814.5757155418396
244	176.70709	4.2663116	180.9734	172.44078	157.61868	33.591602	219.83624	87.20477	400.0	400.0	268399	51.83296	8.87939	71.62019	-11.979788	-51.98839	0.41739306	2823.3386509418488
245	185.29224	4.493734	189.35216	179.02809	162.35649	34.779964	233.96	112.44185	400.0	400.0	269499	51.857147	8.927846	78.381	-12.512562	-52.018543	0.44591087	2830.096762895584
246	146.14734	15.758052	166.67334	128.36858	165.38132	34.988235	208.71161	97.07289	400.0	400.0	270599	51.919136	8.969501	89.959206	-13.690126	-52.080433	0.4654447	2837.275215148926
247	174.2351	13.679814	193.51888	163.24854	167.2695	34.8144	207.5631	79.82793	400.0	400.0	271699	51.975365	9.005915	95.80934	-13.531496	-52.141098	0.44723982	2844.232465028763
248	131.58038	15.822941	147.40332	115.75744	169.43506	23.652237	206.59833	116.95011	400.0	400.0	272799	52.06453	9.026416	99.67593	-15.026435	-52.22913	0.49392733	2851.243546485901
249	158.3596	32.997086	200.85426	120.41305	169.49551	38.36845	218.58736	76.20334	400.0	400.0	273899	52.128277	9.056755	102.99026	-15.5283375	-52.301044	0.52605116	2858.53151011467
250	119.76226	60.932827	164.17084	33.6039	131.46773	70.18783	227.78984	-39.08385	400.0	384.0	274999	52.207314	9.069511	106.07921	-15.928328	-52.379505	0.49595425	2865.7448494434357
