Epoch	AverageEpRet	StdEpRet	MaxEpRet	MinEpRet	AverageTestEpRet	StdTestEpRet	MaxTestEpRet	MinTestEpRet	EpLen	TestEpLen	TotalEnvInteracts	AverageQVals	StdQVals	MaxQVals	MinQVals	LossPi	LossQ	Time
1	44.22235	34.884727	79.10708	9.33762	-110.99577	13.783627	-87.002525	-132.57764	400.0	400.0	1099	0.35599262	0.28196844	1.1057869	-0.2916797	-0.3687478	0.035018735	3.227808713912964
2	114.942955	62.149757	176.8292	29.949308	-158.20963	15.476315	-137.64656	-183.82112	400.0	400.0	2199	1.350347	1.25881	3.7395678	-1.2399284	-1.3615811	0.017779395	13.157772302627563
3	90.43771	104.34902	234.73364	-8.488808	63.874413	84.23358	235.94595	-80.06152	400.0	400.0	3299	2.9500053	2.155473	6.2013855	-2.1444292	-2.9831712	0.014604387	23.95770525932312
4	48.64096	15.4615755	67.858574	29.998718	151.54889	86.127014	300.1466	12.5335865	400.0	400.0	4399	4.045314	3.5238547	8.736914	-2.5701435	-4.1480465	0.008290708	33.85552191734314
5	53.009827	21.340256	74.35008	31.66957	103.423546	47.07577	181.58955	9.182335	400.0	400.0	5499	4.8587165	4.9487133	11.177051	-2.8563192	-4.9783225	0.008197162	43.807740449905396
6	39.010437	79.22395	151.01987	-19.24554	114.066605	66.79741	258.13287	19.670784	400.0	400.0	6599	6.004294	6.2023473	13.773431	-3.1402388	-6.142128	0.006872189	52.969618797302246
7	16.80131	23.281185	36.933212	-15.826783	105.56346	59.595997	207.82474	17.323563	400.0	400.0	7699	6.735541	7.4660277	16.247828	-3.3250885	-6.8923225	0.0073680654	62.109140396118164
8	114.920296	12.706959	132.5539	103.10476	136.62405	74.61061	300.95593	32.10001	400.0	400.0	8799	7.891529	8.6607485	18.642284	-3.376803	-8.048451	0.008616775	71.45963168144226
9	38.494843	88.16397	126.65881	-49.669125	100.22116	75.68198	310.63333	25.148312	400.0	400.0	9899	9.048365	9.757773	20.874949	-3.399425	-9.207823	0.016484328	79.72988104820251
10	9.741933	41.85576	62.45194	-39.938984	107.53684	54.439854	205.81367	-0.9080243	400.0	400.0	10999	9.91771	10.663573	23.06298	-3.4762037	-10.080257	0.032420598	89.17711400985718
11	45.066578	69.73935	143.24002	-12.196153	103.916214	55.7951	244.01942	19.580486	400.0	400.0	12099	10.708874	11.561571	25.208677	-3.8002894	-10.876149	0.02913327	98.47759938240051
12	19.612883	42.39247	69.61884	-34.029846	90.50987	54.757217	277.23105	18.678308	400.0	400.0	13199	11.628869	12.384309	27.251328	-4.4704204	-11.801241	0.03326952	106.73727869987488
13	45.70337	35.756	81.459366	9.947369	99.94787	74.21574	242.87582	-19.9635	400.0	400.0	14299	12.31173	13.199621	29.137918	-5.1251326	-12.489062	0.03918477	116.0210440158844
14	69.78196	99.365036	156.89133	-69.266624	122.32605	90.679474	303.2957	5.8916783	400.0	400.0	15399	12.85485	14.017454	30.950989	-5.55371	-13.032584	0.05334496	124.53351974487305
15	94.18374	75.3418	198.07147	21.74395	144.37553	84.97276	283.91025	0.55259764	400.0	400.0	16499	13.357574	14.831939	32.806416	-5.8424625	-13.527297	0.07005458	134.5585765838623
16	106.97342	43.7113	158.60101	51.715435	120.55023	81.127525	273.11255	-1.0789021	400.0	400.0	17599	13.443363	15.617316	34.64708	-6.1177845	-13.606054	0.077839	142.89572525024414
17	158.45367	32.69343	191.14711	125.76025	120.567955	76.30345	271.52414	9.921763	400.0	400.0	18699	14.001441	16.358126	36.352894	-6.418567	-14.153026	0.07986923	152.6273946762085
18	69.096214	50.584377	126.79836	3.625264	141.83841	88.58092	307.62247	18.929996	400.0	400.0	19799	14.089032	16.982151	38.099422	-6.7141657	-14.236742	0.10893515	163.8382604122162
19	162.09001	69.95846	243.9929	73.07385	103.84715	63.284237	232.34166	17.99768	400.0	400.0	20899	14.4855385	17.610832	39.72294	-6.805742	-14.628706	0.11266793	173.98185849189758
20	121.01898	22.076015	151.59602	100.2707	86.83136	52.331688	194.44283	15.477009	400.0	400.0	21999	14.925931	18.172571	41.374023	-6.9426885	-15.063483	0.12341515	185.03048968315125
21	96.094246	41.463234	137.55748	54.631016	170.42348	103.938225	333.1632	14.143506	400.0	400.0	23099	15.263795	18.750336	42.984776	-6.9732995	-15.399844	0.12008575	195.46111965179443
22	61.310986	49.809494	106.727905	-8.028541	91.4858	83.45277	263.71866	-70.70729	400.0	400.0	24199	15.778168	19.296247	44.53422	-7.032145	-15.911726	0.13363613	205.78441405296326
23	50.30723	50.188522	113.27321	-9.544681	99.953476	127.86406	334.13028	-67.11169	400.0	400.0	25299	15.757549	19.722649	45.946075	-7.7461977	-15.890586	0.14690006	216.55991077423096
24	1.8454348	49.711884	69.04448	-49.64608	99.41149	108.566505	346.6542	-53.72645	400.0	400.0	26399	15.903449	20.152237	47.35536	-9.641356	-16.03999	0.15941128	226.02261781692505
25	14.3183565	17.542757	31.861115	-3.2244008	73.330246	68.993744	263.38785	-28.75741	400.0	400.0	27499	15.988377	20.523323	48.649704	-11.271484	-16.133493	0.18806349	235.6490170955658
26	36.507996	43.51497	95.483986	-8.201788	126.81592	101.984245	278.537	-70.08592	400.0	400.0	28599	15.968529	20.92371	49.957813	-10.490381	-16.112108	0.18454643	245.21990585327148
27	14.920192	70.92469	75.40839	-84.61569	112.93754	117.280655	336.56165	-102.54313	400.0	400.0	29699	16.02932	21.263315	51.155315	-10.706743	-16.171074	0.19937241	255.25429105758667
28	17.898022	134.33829	206.84445	-93.738976	142.36525	85.966	312.16476	-2.5820863	400.0	400.0	30799	15.992071	21.51108	52.204098	-10.959111	-16.137184	0.22803289	266.28566241264343
29	160.26468	66.58941	226.85408	93.67527	131.65341	79.94293	265.7514	-13.100772	400.0	400.0	31899	16.502937	21.968351	53.274265	-11.131151	-16.651163	0.23787378	275.55974221229553
30	151.44537	90.568596	278.2117	72.19616	108.47361	102.94822	306.1812	-13.47187	400.0	400.0	32999	17.075855	22.390356	54.284233	-11.264449	-17.222052	0.23811457	284.81396198272705
31	186.82349	39.089687	241.81967	154.4705	78.33089	98.658585	287.1212	-95.52102	400.0	400.0	34099	17.740482	22.856627	55.30351	-11.3742485	-17.892374	0.25717995	295.8023564815521
32	88.75295	58.443027	159.32724	16.212166	95.41281	93.17315	286.8746	-30.302095	400.0	400.0	35199	18.482937	23.23278	56.233692	-11.273928	-18.638975	0.26839423	305.21879625320435
33	211.56686	6.262848	217.82971	205.30402	110.16426	97.497116	266.98645	-77.14543	400.0	400.0	36299	19.108418	23.55868	57.052013	-11.170996	-19.26415	0.2717647	313.9328520298004
34	66.07653	95.29662	165.19795	-62.56247	121.6614	109.87195	294.7079	-59.462612	400.0	400.0	37399	19.520844	23.821825	57.91099	-11.287022	-19.680857	0.28255138	323.50199937820435
35	21.140635	46.187416	82.63075	-28.686874	106.34603	102.790405	320.50226	-7.3545246	400.0	400.0	38499	19.63605	23.98481	58.706554	-11.553941	-19.80588	0.2962575	333.3926727771759
36	146.11813	106.34194	238.85129	-2.7829888	115.03121	96.03438	322.00082	-60.74565	400.0	400.0	39599	20.302597	24.279583	59.435516	-11.581523	-20.480185	0.31617957	344.11501717567444
37	113.43789	14.851677	128.28957	98.58621	111.530716	83.4095	299.2519	-21.16123	400.0	400.0	40699	20.684494	24.515623	60.096855	-12.017016	-20.860073	0.33477867	353.87105917930603
38	122.16709	21.085196	144.09256	93.70197	133.63301	128.87886	305.48563	-81.48846	400.0	400.0	41799	21.086906	24.71495	60.7741	-12.693356	-21.259165	0.33779985	363.2782301902771
39	130.82695	103.42778	214.35388	-14.924017	109.88515	77.81352	279.19534	-37.0386	400.0	400.0	42899	21.337843	24.919458	61.42573	-13.93296	-21.506466	0.33682713	372.9127633571625
40	193.64581	39.54036	249.18213	160.22542	173.6652	106.012955	324.92072	-57.782375	400.0	400.0	43999	22.11421	25.246939	62.07413	-15.504587	-22.289644	0.3341403	384.0574333667755
41	200.07048	25.503204	225.57368	174.56728	210.68066	108.33444	343.12604	9.406466	400.0	400.0	45099	22.837809	25.591253	62.671627	-16.166275	-23.013277	0.34156847	395.1255452632904
42	302.41226	5.2046647	309.3884	296.8912	259.8272	74.14364	340.02484	93.3636	400.0	400.0	46199	23.767801	26.083563	63.278744	-17.392105	-23.945107	0.41745052	406.0456602573395
43	315.7223	11.215503	327.55188	300.65726	196.49577	93.55902	335.77234	40.357544	400.0	400.0	47299	24.947956	26.63847	63.859795	-18.29018	-25.131008	0.36948687	415.2222743034363
44	173.45546	108.425606	325.29037	78.99651	267.86627	72.73919	338.99838	101.79844	400.0	400.0	48399	25.912376	27.100527	64.51596	-19.01124	-26.099117	0.35461527	424.36416816711426
45	162.13776	146.1034	308.24115	16.03437	288.16843	87.71239	341.95023	66.03403	400.0	400.0	49499	26.515692	27.334007	65.09791	-19.51197	-26.698837	0.39768854	433.53906750679016
46	108.86953	120.12842	278.09024	11.239221	244.49773	101.41502	334.6677	2.072407	400.0	400.0	50599	26.829168	27.549562	65.619064	-19.850824	-27.019058	0.43351084	442.7776165008545
47	157.13173	123.39342	323.42303	28.16794	247.00232	97.27505	336.0819	33.559994	400.0	400.0	51699	27.479828	27.752012	66.18726	-19.938969	-27.665674	0.44011864	452.89796447753906
48	304.22223	4.4502935	309.43347	298.5605	295.3481	54.311993	341.07	145.04669	400.0	400.0	52799	28.048943	28.077381	66.83487	-19.920572	-28.232376	0.4782467	462.2878723144531
49	279.30975	42.187935	321.49768	237.12181	270.90692	82.20138	332.98636	35.049656	400.0	400.0	53899	28.952686	28.422466	67.407104	-19.754108	-29.134212	0.4457243	473.42205929756165
50	207.03398	105.05454	312.2909	63.60122	163.57417	118.07232	332.60104	-6.113378	400.0	400.0	54999	29.666595	28.654457	68.00914	-19.395159	-29.85309	0.49978748	483.0083622932434
51	212.9958	78.624405	323.4676	146.81987	222.3081	91.56688	327.96634	46.041637	400.0	400.0	56099	30.280502	28.89946	68.57059	-19.13485	-30.471697	0.5182459	492.44697666168213
52	222.3191	73.99078	320.5198	141.92305	165.74724	108.619	332.45224	-41.237553	400.0	400.0	57199	30.968695	29.10472	69.17625	-18.829632	-31.160477	0.50670534	500.8566610813141
53	317.8513	1.6079102	319.4592	316.24338	167.1167	117.448105	320.86847	-66.02652	400.0	400.0	58299	31.796272	29.327145	69.72797	-18.633827	-31.990423	0.4701448	510.4084975719452
54	111.57778	142.05133	312.29898	4.067082	263.658	88.33173	342.57358	28.22354	400.0	400.0	59399	32.25316	29.509272	70.246925	-18.483044	-32.444275	0.4487556	521.5269086360931
55	171.47148	114.80326	328.05954	56.031574	234.54587	121.97494	342.17612	-15.419077	400.0	400.0	60499	32.521503	29.709171	70.79521	-18.377428	-32.71084	0.46555874	531.6330761909485
56	231.26775	60.896748	313.12933	167.17166	247.4403	112.72002	340.9941	-18.475668	400.0	400.0	61599	33.125664	29.911427	71.305504	-18.560053	-33.31138	0.43725607	541.1406707763672
57	300.0567	11.289352	311.34604	288.76733	281.74402	77.308105	336.18835	-4.0063696	400.0	400.0	62699	33.58422	30.077394	71.76608	-19.259037	-33.772457	0.4521237	550.6507234573364
58	195.2331	103.358444	326.25952	73.60831	241.81914	109.79919	331.69202	-4.7280407	400.0	400.0	63799	34.122765	30.277298	72.207375	-20.368774	-34.31023	0.4554473	559.9969027042389
59	304.19116	29.131746	325.93884	263.0144	278.4554	98.03602	340.77206	-18.422424	400.0	400.0	64899	34.80578	30.487957	72.61577	-21.193186	-34.99368	0.42963532	569.5431923866272
60	195.82344	113.30827	305.7985	39.90394	245.85681	128.11867	329.8521	-74.9483	400.0	400.0	65999	35.419445	30.722555	73.090904	-21.573833	-35.603474	0.44976234	580.4845366477966
61	126.58756	192.7186	319.30615	-66.13103	239.43071	133.44136	336.44522	-58.248894	400.0	400.0	67099	35.74912	30.940908	73.47998	-21.869682	-35.927807	0.49101296	590.1366801261902
62	290.0114	8.331357	301.2849	281.40845	270.97928	65.303474	339.59738	114.20229	400.0	400.0	68199	36.3438	31.178482	73.86902	-22.195953	-36.526485	0.4973686	599.7034800052643
63	256.8699	31.885994	301.93866	233.03896	307.26178	34.28671	338.3688	222.47221	400.0	400.0	69299	37.03263	31.344975	74.23877	-22.455355	-37.21852	0.47111467	610.2213668823242
64	307.43546	12.45939	322.9148	292.40558	299.53513	41.300533	342.7726	142.0988	400.0	400.0	70399	37.6875	31.499664	74.57996	-22.353994	-37.875477	0.47496858	620.4049096107483
65	247.52075	24.044128	271.56488	223.47662	275.96933	100.28433	336.0842	-41.982586	400.0	400.0	71499	38.482693	31.665932	74.94551	-21.692802	-38.67571	0.488557	630.3737604618073
66	279.63406	52.270966	324.84167	206.37865	293.7903	67.9271	334.68497	24.580812	400.0	400.0	72599	39.160637	31.824766	75.28081	-20.636683	-39.353024	0.44947144	640.0526313781738
67	298.04324	24.461649	315.5251	263.4499	271.16202	101.788864	330.4224	-30.921852	400.0	400.0	73699	39.94973	31.917484	75.60552	-18.943823	-40.14235	0.4544332	649.9928410053253
68	298.08325	7.9191494	309.25754	291.84723	278.5738	102.90085	337.2386	-29.946999	400.0	400.0	74799	40.612804	32.02697	75.93201	-16.711582	-40.81235	0.4574218	661.0512230396271
69	158.89291	152.58838	311.4813	6.304526	199.3154	131.26237	322.76215	-46.687325	400.0	400.0	75899	41.20161	32.1341	76.22896	-15.288436	-41.406025	0.44315478	670.4935147762299
70	294.29858	12.58326	307.65634	277.4371	276.01642	73.513084	333.529	54.022938	400.0	400.0	76999	41.93975	32.239876	76.50178	-15.341425	-42.14222	0.41670844	681.5036451816559
71	281.13855	33.949192	312.60013	233.99998	289.56897	57.65723	335.07938	105.998436	400.0	400.0	78099	42.556545	32.36294	76.77594	-16.134045	-42.759373	0.42818618	692.5341119766235
72	284.853	40.02472	318.99258	228.68289	243.17952	106.82831	334.01144	34.828606	400.0	400.0	79199	43.236515	32.44872	77.02071	-17.009567	-43.432335	0.42793667	702.4986340999603
73	105.95776	87.59512	193.55289	18.36264	288.54874	68.8633	331.54523	22.565622	400.0	400.0	80299	43.688103	32.48221	77.26245	-17.734884	-43.88709	0.4259284	713.0050165653229
74	319.03665	4.5964937	322.77017	312.5615	238.59514	101.93853	333.7592	-29.388666	400.0	400.0	81399	44.331203	32.501232	77.480446	-18.287193	-44.530403	0.42307448	722.1728134155273
75	240.40057	82.48288	307.93015	124.26493	243.56279	119.732056	332.90225	-28.015074	400.0	400.0	82499	44.879448	32.567577	77.69157	-18.735456	-45.073288	0.4197679	731.2442257404327
76	230.3077	73.707054	318.9738	138.51057	273.83218	98.34608	331.8307	-24.10702	400.0	400.0	83599	45.419632	32.54355	77.882385	-18.50932	-45.609665	0.41290793	742.1038262844086
77	309.49	11.182938	320.6729	298.30704	273.73746	105.4497	338.86035	-34.250565	400.0	400.0	84699	45.904568	32.587746	78.0989	-16.242477	-46.087	0.41484758	751.4412446022034
78	88.15033	141.04434	287.20483	-22.478298	283.0537	81.0523	338.1079	-41.358067	400.0	400.0	85799	46.048576	32.632294	78.26246	-12.49175	-46.226692	0.4327189	762.5193989276886
79	295.21835	18.2091	317.75153	273.15598	261.0132	97.163055	337.4291	-26.991503	400.0	400.0	86899	46.372627	32.70969	78.443665	-12.381332	-46.548233	0.43482617	772.2070760726929
80	292.74417	9.911463	306.75787	285.47662	256.11526	110.64661	338.94852	-49.95155	400.0	400.0	87999	46.839878	32.76412	78.62807	-12.34756	-47.010254	0.42878917	783.1172294616699
81	323.89	1.684433	325.57446	322.2056	273.94977	84.0413	332.70746	18.048378	400.0	400.0	89099	47.248222	32.819756	78.79509	-12.546121	-47.418125	0.40953612	793.087363243103
82	243.36711	28.994177	265.652	202.41641	279.8533	46.12693	340.2296	198.02934	400.0	400.0	90199	47.47234	32.877445	78.93612	-12.70777	-47.64545	0.42613065	803.070894241333
83	287.48544	31.358013	328.74716	252.78015	288.11224	97.50374	343.83728	-46.692944	400.0	400.0	91299	47.98459	32.803352	79.08777	-13.384057	-48.157776	0.44415748	812.4103078842163
84	287.44125	26.407816	307.63205	250.13724	270.5298	115.91538	342.59357	-37.36584	400.0	400.0	92399	48.43928	32.761383	79.22093	-14.3604145	-48.621143	0.44393826	822.5301592350006
85	307.5858	11.9175415	319.50333	295.66824	267.1105	108.71243	342.00735	-42.058025	400.0	400.0	93499	48.943653	32.73149	79.343956	-15.863275	-49.12583	0.43063772	832.1886026859283
86	303.07202	26.656656	324.12473	265.46332	274.54367	106.8147	342.88312	-63.380016	400.0	400.0	94599	49.345184	32.659145	79.48022	-17.033016	-49.530865	0.4147903	843.2180602550507
87	219.94336	113.11521	301.9712	59.991837	267.1422	109.75201	340.47537	-70.77147	400.0	400.0	95699	49.818516	32.540752	79.61489	-17.358503	-50.0053	0.4356269	852.5741491317749
88	288.34854	18.82259	301.7224	261.72946	302.80243	87.60919	343.265	-65.574486	400.0	400.0	96799	50.16775	32.444813	79.71507	-17.511003	-50.35666	0.4337402	863.4610810279846
89	301.78735	15.668182	317.45554	286.11917	293.51865	76.48493	339.06628	46.77456	400.0	400.0	97899	50.65602	32.347885	79.8608	-17.055502	-50.841106	0.40738428	873.4523537158966
90	184.81886	187.04019	317.59122	-79.69525	296.82	62.053284	341.8113	58.907787	400.0	400.0	98999	51.106182	32.23915	79.9588	-17.49979	-51.289555	0.42736906	882.603348493576
91	278.7534	32.932285	318.88556	238.22124	268.20685	96.455475	343.903	20.053442	400.0	400.0	100099	51.19755	32.275417	80.086296	-18.378677	-51.374737	0.4152116	891.9651372432709
92	270.4979	53.468548	308.69818	194.88332	280.23285	60.26133	343.3579	67.52091	400.0	400.0	101199	51.538544	32.224907	80.19112	-18.834217	-51.714924	0.444465	903.1384432315826
93	306.44565	24.527496	330.97314	281.91815	282.35373	48.763866	334.84644	155.12563	400.0	400.0	102299	52.015038	32.109848	80.265045	-18.998144	-52.18365	0.42578042	914.1378405094147
94	279.94397	17.698421	304.29202	262.74698	260.48077	100.68245	338.43896	-93.70769	400.0	400.0	103399	52.303226	32.03955	80.3469	-19.000158	-52.479088	0.43112546	924.9781448841095
95	267.70914	38.209972	303.49673	214.752	286.38824	46.16686	338.21124	175.30638	400.0	400.0	104499	52.730915	31.95067	80.41021	-19.048176	-52.90792	0.41855136	934.5088095664978
96	272.6755	19.556328	300.23532	256.8915	294.25952	24.395975	326.33853	231.74298	400.0	400.0	105599	53.14355	31.835003	80.47245	-18.510775	-53.319275	0.4180189	943.6597690582275
97	156.7614	140.63145	297.39285	16.129932	303.32123	26.884169	328.67487	226.0599	400.0	400.0	106699	53.257763	31.863499	80.5083	-18.406815	-53.427692	0.41217396	954.6130802631378
98	308.8242	6.907938	315.723	299.38443	295.07428	24.305204	329.99948	234.73317	400.0	400.0	107799	53.559	31.807922	80.56154	-17.902319	-53.721115	0.42723724	964.655492067337
99	299.54596	20.166061	314.66187	271.04434	297.90048	33.375336	337.08878	219.96234	400.0	400.0	108899	53.91586	31.704298	80.62205	-17.147633	-54.080994	0.4184591	973.9114015102386
100	302.29398	8.135243	312.7792	292.95035	316.54193	19.194094	346.27246	265.3279	400.0	400.0	109999	54.221813	31.604033	80.656654	-15.985201	-54.390484	0.41321793	984.8538603782654
101	271.73706	43.520638	315.2577	228.21642	296.91803	64.0517	341.06903	35.418446	400.0	400.0	111099	54.476974	31.504854	80.70748	-15.887016	-54.64003	0.41451952	994.2487120628357
102	213.91435	140.11787	322.44	16.068237	273.17853	75.67023	342.52478	61.50243	400.0	400.0	112199	54.71708	31.381132	80.758125	-14.901381	-54.8787	0.41598317	1002.3622915744781
103	297.8345	35.724964	328.1842	247.67992	312.38745	33.538708	345.78098	201.65648	400.0	400.0	113299	54.9736	31.261292	80.80814	-12.754875	-55.135357	0.42423043	1012.1131319999695
104	323.8445	2.874458	327.66437	320.7303	307.25024	34.128952	341.57834	225.21823	400.0	400.0	114399	55.292633	31.12092	80.853035	-12.940789	-55.453827	0.4105213	1022.236180305481
105	299.91913	20.057465	319.9766	279.86166	306.58823	31.670013	344.5714	221.57072	400.0	400.0	115499	55.555035	30.982008	80.88546	-12.981873	-55.710155	0.43662325	1033.4277276992798
106	277.61905	42.28789	318.45978	219.36452	290.0584	29.489027	333.30307	215.39478	400.0	400.0	116599	55.80772	30.86772	80.954254	-12.697454	-55.96557	0.42839625	1042.8641765117645
107	273.0673	37.933624	321.7824	229.25291	300.9817	26.522404	340.18536	231.05533	400.0	400.0	117699	56.071728	30.715006	81.01094	-12.16985	-56.227146	0.438384	1052.4959933757782
108	254.77606	67.323616	305.7174	159.64595	298.51617	39.819016	344.53735	166.60257	400.0	400.0	118799	56.27821	30.559921	81.04053	-12.032497	-56.433224	0.4397581	1061.748557806015
109	219.54659	52.4814	272.02798	167.06519	281.8414	56.5797	332.43222	141.53839	400.0	400.0	119899	56.52143	30.442013	81.09086	-12.337879	-56.67411	0.45977694	1071.001793384552
110	294.7762	9.760996	308.5783	287.66922	287.1144	34.462616	336.95032	210.74745	400.0	400.0	120999	56.69444	30.33447	81.14148	-12.833719	-56.84917	0.43057057	1081.1837363243103
111	270.11652	35.8294	315.80508	228.29765	291.35297	30.762247	332.68454	223.82645	400.0	400.0	122099	56.935036	30.218039	81.18242	-13.105087	-57.08813	0.43729964	1090.6859719753265
112	267.99728	33.567585	309.35312	227.1341	296.87918	37.893097	330.27866	204.85468	400.0	400.0	123199	57.19981	30.106724	81.1921	-12.974607	-57.35046	0.44231817	1100.223427772522
113	237.82849	10.445213	248.27371	227.38329	271.1458	54.075676	335.61246	136.80243	400.0	400.0	124299	57.479073	29.961353	81.186676	-12.7883835	-57.62937	0.42980918	1110.118450164795
114	297.92764	17.17999	322.1833	284.58496	295.73676	28.005182	330.89835	224.29733	400.0	400.0	125399	57.728645	29.828007	81.188545	-12.717828	-57.880497	0.46749866	1120.2361102104187
115	285.28235	10.75881	297.1605	271.10858	300.5746	24.033146	336.4787	246.82974	400.0	400.0	126499	57.93506	29.676176	81.18201	-13.551194	-58.08556	0.4439675	1130.8528244495392
116	280.95255	13.03333	291.61575	262.60083	266.15842	87.211586	334.40652	9.825922	400.0	400.0	127599	58.09809	29.635159	81.20138	-13.693007	-58.2484	0.42118722	1139.462671995163
117	281.72562	13.517303	295.24292	268.2083	248.46013	121.49471	327.95047	-81.66431	400.0	400.0	128699	58.367348	29.467878	81.192085	-14.473919	-58.51424	0.44157737	1149.507563829422
118	291.83945	31.213385	315.1902	247.72227	208.14871	109.36168	318.79584	-29.87649	400.0	400.0	129799	58.573326	29.33825	81.16835	-15.062907	-58.71715	0.40615124	1157.8600614070892
119	206.12158	71.5426	299.03607	124.98452	260.91327	93.42909	329.20374	-4.1735516	400.0	400.0	130899	58.788445	29.198433	81.160675	-16.649624	-58.932095	0.41844255	1168.9652616977692
120	281.78308	18.838	303.49808	257.5596	192.72174	136.98036	322.8481	-87.448975	400.0	400.0	131999	58.784004	29.150509	81.15398	-17.681181	-58.928238	0.41471273	1177.274172782898
121	233.9589	6.701233	240.66013	227.25766	234.52707	117.2746	337.509	-91.85111	400.0	400.0	133099	59.056675	29.047224	81.13244	-18.071236	-59.19845	0.4112293	1186.7393488883972
122	254.3893	40.630527	308.83066	211.25122	225.79167	115.33305	334.58072	-74.28384	400.0	400.0	134199	59.162632	28.972507	81.09293	-17.967375	-59.305286	0.40816405	1197.9236912727356
123	258.28284	63.816383	308.80054	168.25697	185.97047	134.94173	312.62262	-97.38243	400.0	400.0	135299	59.366325	28.829525	81.08972	-18.125053	-59.513557	0.42253494	1209.0334899425507
124	290.53958	21.509737	319.39252	267.7684	270.9226	78.97206	333.2863	-61.504158	400.0	400.0	136399	59.510612	28.753014	81.109856	-19.260508	-59.654495	0.38492826	1220.0220477581024
125	263.31775	18.657318	281.97507	244.66043	220.32327	133.27344	334.63852	-89.642494	400.0	400.0	137499	59.730972	28.617285	81.13518	-19.982365	-59.87775	0.38405517	1229.3719079494476
126	285.67	11.400503	300.60284	272.9391	293.87808	27.34578	336.2134	216.55757	400.0	400.0	138599	59.893253	28.533249	81.14313	-19.891752	-60.037373	0.3618743	1238.7549974918365
127	263.78488	51.28804	300.48056	191.25432	242.17268	109.57195	328.08054	-86.96028	400.0	400.0	139699	60.01297	28.466148	81.19475	-20.141916	-60.154644	0.3577416	1248.196833372116
128	35.690945	124.34408	211.44925	-57.08088	274.7093	73.59459	323.07114	-37.234303	400.0	400.0	140799	60.00219	28.493586	81.20396	-21.042374	-60.143238	0.38141298	1256.5834741592407
129	287.2627	3.6190643	290.88174	283.64362	283.93665	31.893269	333.77036	198.36311	400.0	400.0	141899	60.023407	28.481888	81.227066	-20.238037	-60.167324	0.3864202	1267.5055944919586
130	249.54317	27.920746	289.02887	229.69333	256.43283	111.299255	337.5297	-19.531532	400.0	400.0	142999	60.082554	28.462597	81.24714	-18.797329	-60.22733	0.37483487	1276.8630890846252
131	255.9831	34.870842	305.21878	228.94696	289.9971	73.891426	343.53546	-13.378124	400.0	400.0	144099	60.242954	28.357409	81.26779	-17.12774	-60.38659	0.37220645	1286.8283174037933
132	296.75323	5.4192386	302.1923	289.35773	235.94536	143.8593	332.8127	-121.76875	400.0	400.0	145199	60.451984	28.236464	81.28197	-15.957684	-60.59388	0.3809222	1296.9626910686493
133	302.6828	21.75148	324.43427	280.9313	296.51263	45.46064	336.1317	153.12422	400.0	400.0	146299	60.509277	28.235922	81.34312	-16.610767	-60.658623	0.37829024	1307.499677658081
134	313.7417	13.917912	323.64713	294.05893	257.77942	120.134155	337.15546	-54.9057	400.0	400.0	147399	60.734745	28.150942	81.359	-17.74601	-60.88267	0.38064355	1318.5099551677704
135	173.06862	157.99626	314.46237	-47.461777	277.78827	108.440285	340.5117	-64.17162	400.0	400.0	148499	60.83921	28.185503	81.3748	-18.633621	-60.98595	0.35949385	1329.4339594841003
136	281.9514	25.133629	314.43024	253.20628	248.08548	122.79307	334.39536	-65.3744	400.0	400.0	149599	60.993015	28.110466	81.41785	-19.157341	-61.143024	0.37244728	1337.9770939350128
137	307.1095	14.665634	321.77515	292.44388	240.3593	91.75249	335.27316	-22.624676	400.0	400.0	150699	61.116028	28.107647	81.46254	-19.283754	-61.268734	0.35191324	1347.4134826660156
138	283.73047	17.757904	298.44547	258.74866	306.34796	25.232483	337.93198	253.07169	400.0	400.0	151799	61.282646	28.03118	81.48328	-19.602406	-61.43128	0.35050622	1356.8501417636871
139	272.2713	29.143864	298.53714	231.63153	301.3398	24.868057	337.26065	250.0008	400.0	400.0	152899	61.515034	27.913946	81.51275	-19.764322	-61.659054	0.34983853	1366.4814038276672
140	246.86678	80.73055	315.18927	133.48962	284.83694	64.35563	337.9854	42.785435	400.0	400.0	153999	61.565826	27.896389	81.536705	-20.085518	-61.711227	0.3758168	1376.527338027954
141	300.0146	15.927475	315.94205	284.0871	267.8	69.86986	325.90454	-0.8150502	400.0	400.0	155099	61.731186	27.796934	81.54986	-20.410892	-61.87483	0.3488306	1387.6271679401398
142	163.32332	76.77966	241.6348	59.028034	294.23236	80.89081	333.56244	-48.713055	400.0	400.0	156199	61.848705	27.721458	81.58947	-21.168491	-61.988678	0.34411907	1397.6828830242157
143	270.16208	12.6364765	279.90216	252.31633	292.2008	73.05819	336.7986	-15.315068	400.0	400.0	157299	61.902794	27.674992	81.61299	-21.60104	-62.048267	0.35059953	1408.6469557285309
144	296.59244	9.2870865	303.5498	283.46643	290.89813	74.143715	329.21954	-19.348055	400.0	400.0	158399	61.935577	27.68561	81.64365	-21.69176	-62.072643	0.34986362	1419.4477715492249
145	302.52887	8.857285	311.38617	293.6716	302.2282	26.204033	329.93033	214.0946	400.0	400.0	159499	62.050297	27.623205	81.64452	-21.762514	-62.185184	0.3476173	1430.1555943489075
146	286.25613	5.200678	292.35092	279.64352	283.3521	75.25195	332.74557	-23.398087	400.0	400.0	160599	62.194103	27.582867	81.67476	-22.087387	-62.33441	0.34240437	1439.4772217273712
147	289.91992	15.489264	311.60892	276.41708	308.20142	22.612755	332.70938	262.22556	400.0	400.0	161699	62.34429	27.507416	81.670204	-22.55637	-62.482883	0.34639436	1450.396518945694
148	301.42514	6.397219	307.97455	292.7453	302.53253	21.787075	335.85568	258.63074	400.0	400.0	162799	62.408726	27.527874	81.680374	-22.416384	-62.546093	0.3413046	1458.9045572280884
149	263.8142	24.729507	288.5437	239.08469	263.14456	92.65236	328.16534	-21.798073	400.0	400.0	163899	62.53584	27.46388	81.67757	-22.947557	-62.671875	0.3376855	1468.3731274604797
150	290.86945	24.316294	314.97302	257.5765	316.63275	19.72617	335.11386	236.2569	400.0	400.0	164999	62.69031	27.388048	81.69556	-23.890299	-62.827927	0.3237005	1479.139259338379
151	289.86386	12.667391	307.5808	278.70837	303.41733	16.967255	333.3597	260.32953	400.0	400.0	166099	62.79764	27.330524	81.70661	-24.614843	-62.9354	0.32928067	1488.4825794696808
152	277.64465	35.05376	310.71454	229.12633	275.1635	78.06796	342.28375	-49.899334	400.0	400.0	167199	62.890415	27.286243	81.672874	-24.874384	-63.030186	0.35255274	1497.9666712284088
153	280.3802	10.779037	291.1592	269.60114	305.65005	22.856379	333.73624	257.03928	400.0	400.0	168299	63.002865	27.206646	81.64904	-25.286549	-63.14007	0.3570109	1507.6237080097198
154	289.2899	23.498016	321.30142	265.55872	306.5212	19.675798	339.43103	275.30722	400.0	400.0	169399	63.06856	27.194086	81.60948	-25.12732	-63.201847	0.36463133	1516.3463945388794
155	265.5258	34.291492	311.2716	228.71193	303.1717	25.192053	341.26495	239.09802	400.0	400.0	170499	63.2484	27.07186	81.582886	-23.378868	-63.3875	0.3283285	1525.688891172409
156	305.7063	11.731605	316.4058	289.37537	302.0882	33.584763	338.83734	169.71465	400.0	400.0	171599	63.30702	27.024618	81.55326	-22.706652	-63.44012	0.3189056	1536.032674074173
157	307.99243	6.4561005	314.44855	301.53635	269.82043	85.68895	328.5657	-58.95694	400.0	400.0	172699	63.323803	27.004875	81.52801	-22.439175	-63.454887	0.3210877	1545.9323706626892
158	292.52374	19.361345	318.49832	272.03424	291.79065	75.67055	338.62405	-22.612206	400.0	400.0	173799	63.494335	26.86044	81.4899	-22.649221	-63.62584	0.35681373	1556.1426980495453
159	309.62808	13.429382	319.12555	290.63608	300.6262	20.661201	335.09778	271.04037	400.0	400.0	174899	63.552444	26.840878	81.48856	-22.301296	-63.682644	0.31895342	1567.3017706871033
160	301.9189	6.4476757	307.71713	292.92517	297.22586	81.39763	334.22235	-50.213043	400.0	400.0	175999	63.644566	26.77468	81.506905	-22.670843	-63.777245	0.31901434	1576.7957842350006
161	310.71954	2.4450073	313.16455	308.27454	310.3666	24.680275	337.37543	249.29831	400.0	400.0	177099	63.72528	26.733927	81.50926	-23.017912	-63.855648	0.32341477	1587.8404924869537
162	303.6154	16.9043	326.4238	286.00912	270.5716	108.73372	338.06503	-96.3623	400.0	400.0	178199	63.792263	26.704517	81.53088	-22.657038	-63.92235	0.31501913	1596.3340637683868
163	302.61	1.1390549	304.02713	301.23813	287.2762	86.0896	331.619	-77.734344	400.0	400.0	179299	63.97078	26.593668	81.54095	-22.37531	-64.105484	0.3076392	1605.9321458339691
164	292.8832	11.16349	308.43417	282.7496	261.36853	108.444954	340.0632	-63.954544	400.0	400.0	180399	64.08443	26.540339	81.54572	-22.009205	-64.21204	0.28839117	1615.20814037323
165	296.6617	29.706238	326.36795	266.95547	265.10284	115.85319	341.20056	-64.05211	400.0	400.0	181499	64.09114	26.574724	81.5722	-22.58798	-64.224106	0.29165143	1626.2396032810211
166	297.3184	13.971094	313.04416	279.09634	282.9589	82.503174	339.46378	-65.07492	400.0	400.0	182599	64.27006	26.491482	81.59073	-21.986856	-64.405426	0.29017866	1635.4236979484558
167	298.07803	19.275686	319.31635	272.65927	298.55966	38.69712	340.61163	190.31126	400.0	400.0	183699	64.318985	26.509745	81.61398	-20.436495	-64.450806	0.28154457	1645.5078520774841
168	293.2045	20.063715	320.24365	272.2356	280.3001	67.12044	338.37192	85.090775	400.0	400.0	184799	64.46256	26.44718	81.61034	-20.778345	-64.594986	0.29325196	1655.176301240921
169	281.37997	48.64257	330.02255	232.73741	264.88397	93.28481	335.1063	-123.56979	400.0	400.0	185899	64.52227	26.382992	81.630844	-22.907774	-64.65959	0.28235257	1664.7386622428894
170	270.4305	66.40781	321.12128	176.61739	267.54095	83.53496	341.1066	-72.13959	400.0	400.0	186999	64.63733	26.329037	81.651695	-24.503078	-64.77635	0.2660057	1674.9164707660675
171	286.28317	27.354034	323.42236	258.33942	225.80334	137.27205	339.00705	-148.57216	400.0	400.0	188099	64.82837	26.208538	81.6651	-25.817972	-64.96284	0.26168528	1684.3322734832764
172	263.3443	23.488329	296.0711	242.05447	265.4817	86.581795	330.06555	-92.303345	400.0	400.0	189199	64.889	26.175571	81.67394	-27.221706	-65.024574	0.2529897	1693.939965724945
173	305.43567	20.152634	325.58832	285.28305	273.622	87.60323	338.41092	-80.455536	400.0	400.0	190299	64.94454	26.135817	81.69967	-27.774601	-65.08038	0.24893299	1702.6881833076477
174	275.29025	30.799232	317.63135	245.27031	262.91992	123.17164	345.0641	-95.48364	400.0	400.0	191399	65.06396	26.07267	81.71321	-29.237839	-65.20147	0.25383794	1712.5908689498901
175	291.8972	15.110462	313.18372	279.6253	295.8848	72.158714	334.8347	-6.047947	400.0	400.0	192499	65.22709	25.935076	81.75822	-29.293318	-65.361176	0.23798501	1722.0925045013428
176	304.61655	24.186373	325.05978	270.64566	301.48245	25.74245	339.04117	227.67433	400.0	400.0	193599	65.27272	25.881289	81.78265	-28.778807	-65.40925	0.2781813	1733.3413870334625
177	306.4655	5.3389587	311.80447	301.12656	318.41232	17.354147	343.61377	286.56384	400.0	400.0	194699	65.46949	25.727821	81.810745	-28.36228	-65.608246	0.25630814	1743.4680202007294
178	287.10117	19.654371	314.73956	270.72665	292.763	34.82108	333.8889	180.38979	400.0	400.0	195799	65.57788	25.647253	81.865486	-27.460583	-65.716675	0.26290375	1754.0409893989563
179	220.73189	124.817665	324.79468	45.22024	296.8342	32.91934	338.41962	205.43318	400.0	400.0	196899	65.71822	25.577671	81.90088	-27.762293	-65.852486	0.24087721	1763.7419323921204
180	266.29916	36.3657	313.9063	225.64728	260.93964	119.525955	343.5037	-107.33488	400.0	400.0	197999	65.80592	25.516737	81.95076	-28.573437	-65.93877	0.2757715	1773.5799534320831
181	275.44678	29.013405	304.46017	246.43336	241.50357	134.88399	344.82895	-117.98775	400.0	400.0	199099	65.86922	25.506767	81.97793	-29.55372	-66.00524	0.25600508	1783.1792843341827
182	268.34064	39.125217	321.3244	228.03882	275.1769	90.02751	345.16547	11.914859	400.0	400.0	200199	65.97969	25.45842	81.9875	-29.862923	-66.111824	0.25543037	1792.646684885025
183	274.47144	67.46474	326.942	179.22626	258.45514	119.0885	340.91196	-98.52314	400.0	400.0	201299	65.97401	25.50601	81.992226	-30.147528	-66.104904	0.24951443	1802.1300644874573
184	296.90454	18.101625	322.49927	283.67618	278.38657	93.70077	342.09744	-103.807175	400.0	400.0	202399	66.17522	25.377762	82.01263	-30.397379	-66.30347	0.26746726	1812.4542860984802
185	282.84244	38.78698	321.62943	244.05547	252.77774	107.336876	334.04166	-76.06049	400.0	400.0	203499	66.18882	25.399704	82.032326	-29.94701	-66.31424	0.2662622	1822.116265296936
186	280.1715	35.02169	311.65222	231.31769	267.9837	116.82407	341.90482	-90.46692	400.0	400.0	204599	66.245056	25.369345	82.02665	-30.392578	-66.37192	0.24399135	1831.698578596115
187	277.66437	26.387957	314.53943	254.2611	299.95074	27.949457	341.52274	234.93552	400.0	400.0	205699	66.28831	25.372606	82.05384	-30.515282	-66.41648	0.24878831	1842.8139486312866
188	43.997116	168.76016	282.18564	-88.12214	247.46707	117.07477	335.4448	-101.09472	400.0	400.0	206799	66.3062	25.38534	82.08471	-30.570623	-66.432976	0.2756341	1852.0176484584808
189	284.42938	7.334732	291.7641	277.09464	279.48	85.31311	341.1078	-64.89142	400.0	400.0	207899	66.25319	25.469965	82.139946	-30.705397	-66.379036	0.26479954	1862.8710722923279
190	242.14575	99.3056	315.7956	101.763214	245.35046	112.66096	338.11157	-86.945465	400.0	400.0	208999	66.26019	25.501787	82.16981	-30.447237	-66.38398	0.26818126	1872.3642146587372
191	299.05472	17.24977	323.36148	285.10733	282.5462	53.317287	331.0251	77.453926	400.0	400.0	210099	66.288826	25.530148	82.22698	-29.20402	-66.41489	0.25222704	1881.867065191269
192	301.96228	11.055794	311.9033	286.54056	315.50897	12.741054	333.37854	293.72748	400.0	400.0	211199	66.30733	25.558994	82.248085	-28.668613	-66.431305	0.2662527	1892.6156611442566
193	280.82825	18.387772	299.216	262.44046	305.4583	32.134903	344.33307	194.49187	400.0	400.0	212299	66.362495	25.560152	82.309616	-27.64678	-66.48693	0.2604674	1901.8581640720367
194	281.48523	37.44774	312.49512	228.80112	277.58392	40.206936	325.89075	166.69699	400.0	400.0	213399	66.47053	25.460339	82.35388	-25.493797	-66.59194	0.27096286	1910.5722148418427
195	275.86023	35.4423	324.1993	240.2131	292.06863	49.583843	329.11526	128.8224	400.0	400.0	214499	66.47644	25.448874	82.361145	-23.28541	-66.599106	0.26557988	1919.1492521762848
196	281.78256	16.113106	302.1404	262.73703	306.049	29.421356	341.8908	228.99712	400.0	400.0	215599	66.547646	25.389662	82.38166	-23.005724	-66.672264	0.26604146	1929.3746602535248
197	307.7649	2.17128	309.93616	305.5936	302.22003	26.103493	340.9187	231.3887	400.0	400.0	216699	66.6524	25.310371	82.38403	-22.652126	-66.77561	0.25808132	1939.554049730301
198	305.74725	12.826435	321.54947	290.13293	300.01874	16.908098	327.55084	269.44254	400.0	400.0	217799	66.72487	25.262701	82.37725	-24.782684	-66.848145	0.2662496	1950.4403629302979
199	301.4692	7.9528027	309.6441	290.6923	284.87158	35.518883	335.23093	191.07535	400.0	400.0	218899	66.728584	25.270937	82.37362	-22.922092	-66.85233	0.2661922	1960.4816863536835
200	299.54465	14.865108	320.4003	286.82794	297.87158	43.130222	341.14075	183.32845	400.0	400.0	219999	66.746376	25.269726	82.39133	-22.299797	-66.868225	0.25958544	1969.2982213497162
201	288.87073	5.811722	294.68243	283.059	273.65286	53.58075	338.9737	120.49992	400.0	400.0	221099	66.89889	25.171385	82.392105	-21.112385	-67.02236	0.25341606	1979.4775190353394
202	199.70613	71.86063	297.2092	126.13952	301.9546	35.064262	343.36734	212.53255	400.0	400.0	222199	66.90351	25.192434	82.3897	-20.714828	-67.026215	0.26625738	1990.5148458480835
203	262.22336	78.35452	328.29434	152.14816	298.2575	17.127151	340.37454	248.20305	400.0	400.0	223299	66.869255	25.270685	82.381805	-21.825956	-66.99306	0.26195788	2000.0640206336975
204	219.8918	107.35215	301.06647	68.197655	262.58212	92.47171	327.95035	-99.459404	400.0	400.0	224399	66.97096	25.214087	82.434296	-23.71046	-67.09544	0.26071677	2009.6888144016266
205	291.25467	9.200348	300.45502	282.05432	297.1727	38.579422	336.16653	198.05547	400.0	400.0	225499	66.92958	25.295204	82.438354	-25.525112	-67.052536	0.2832154	2019.6161260604858
206	278.418	29.373291	317.19974	246.13652	293.97318	43.688667	334.20227	137.73134	400.0	400.0	226599	67.06006	25.195276	82.46153	-25.919096	-67.18454	0.2720827	2029.2249991893768
207	265.66327	37.955257	319.3314	237.9915	288.9233	34.05952	332.07288	169.31705	400.0	400.0	227699	67.055016	25.248447	82.47235	-25.956728	-67.17621	0.27451625	2038.8926937580109
208	273.4983	50.067623	319.99915	204.00499	301.23038	43.828815	338.82443	150.09302	400.0	400.0	228799	67.17413	25.147615	82.48868	-26.627724	-67.29565	0.2933748	2048.436678647995
209	121.549255	169.87897	291.42822	-48.329716	276.4495	91.12323	341.33252	-67.41922	400.0	400.0	229899	67.17616	25.184542	82.51289	-26.977905	-67.29391	0.29250005	2058.004146337509
210	233.56792	96.985634	308.92603	96.64076	247.57169	123.52765	336.61523	-54.385925	400.0	400.0	230999	67.13228	25.221773	82.498825	-25.604862	-67.24918	0.28414905	2069.0347187519073
211	301.84894	8.798908	313.32367	291.94275	268.11606	122.945564	340.66107	-124.720345	400.0	400.0	232099	67.151344	25.265282	82.51109	-24.638489	-67.266685	0.27770907	2079.9807658195496
212	284.66922	8.564839	295.4653	274.51532	306.1101	25.292854	340.97556	243.31496	400.0	400.0	233199	67.2208	25.19877	82.50468	-24.605902	-67.33621	0.28534016	2089.4837775230408
213	273.6184	17.776093	291.3945	255.84232	307.94073	20.038027	335.8413	252.7227	400.0	400.0	234299	67.21507	25.258438	82.49383	-25.214098	-67.328926	0.27738807	2097.991161584854
214	311.20987	12.952428	323.51743	293.307	320.25702	10.54289	332.08224	296.58246	400.0	400.0	235399	67.21068	25.291975	82.4769	-25.891266	-67.32803	0.2876532	2108.1247701644897
215	292.49588	20.815838	313.80438	264.2516	287.05502	99.28519	330.86157	-136.0416	400.0	400.0	236499	67.33829	25.183558	82.47629	-25.571009	-67.454216	0.2637509	2119.0174911022186
216	276.69885	15.282259	298.2937	265.14774	290.58865	98.28346	333.65744	-130.82913	400.0	400.0	237599	67.329605	25.245716	82.45063	-25.139389	-67.446434	0.27503	2129.175891160965
217	318.229	2.5287628	320.75775	315.70023	296.0279	51.459625	336.95847	89.67803	400.0	400.0	238699	67.45717	25.112007	82.438446	-25.140717	-67.572495	0.2551103	2139.3011775016785
218	149.42131	203.27818	314.1666	-136.97894	306.92114	19.215929	332.89972	263.86865	400.0	400.0	239799	67.38412	25.205141	82.44616	-25.26414	-67.502914	0.2662487	2149.1805534362793
219	302.59494	10.74206	317.37573	292.16583	317.4157	16.013588	339.4734	279.22885	400.0	400.0	240899	67.35595	25.230455	82.4349	-24.415565	-67.47311	0.276688	2157.7036561965942
220	306.25223	6.4326086	314.1896	298.43436	299.5573	17.524069	328.10614	249.71654	400.0	400.0	241999	67.40063	25.183311	82.42643	-23.578693	-67.51866	0.2691299	2167.4711141586304
221	277.3476	10.090698	287.4383	267.2569	307.63483	14.955702	335.11795	274.8117	400.0	400.0	243099	67.44262	25.14231	82.434875	-23.207195	-67.56104	0.2784957	2178.4813346862793
222	296.69202	2.5643494	299.4462	293.27173	310.12863	25.336037	340.35254	229.17531	400.0	400.0	244199	67.568504	24.997002	82.4535	-23.95002	-67.68313	0.26671046	2189.3990907669067
223	287.29028	12.748205	296.69626	269.26736	302.93887	35.692177	336.28592	199.98683	400.0	400.0	245299	67.593185	24.944843	82.45825	-23.768148	-67.70385	0.26771113	2199.388375043869
224	297.6144	18.693716	311.03284	271.17853	292.45917	38.77592	336.16486	179.22438	400.0	400.0	246399	67.5637	24.96909	82.46778	-23.494125	-67.67571	0.2491449	2209.068316936493
225	283.47217	12.028076	295.50024	271.4441	292.27322	22.777395	330.878	246.93867	400.0	400.0	247499	67.60827	24.90169	82.49606	-22.226727	-67.72142	0.25375742	2219.1506626605988
226	281.45435	10.582088	292.91238	267.3883	299.91595	31.844542	335.00153	199.04333	400.0	400.0	248599	67.63672	24.840553	82.49535	-21.675283	-67.748604	0.257092	2230.0995030403137
227	268.01993	10.4313345	278.0314	253.63086	307.4148	16.217361	334.36157	267.3359	400.0	400.0	249699	67.614555	24.832514	82.47726	-22.01302	-67.72553	0.2614008	2240.0175442695618
228	311.67484	2.9822283	315.6471	308.46133	304.00864	28.225643	341.19592	218.00856	400.0	400.0	250799	67.6864	24.768732	82.450966	-22.209497	-67.79288	0.25863382	2249.5296533107758
229	312.1927	7.418045	319.61072	304.77463	306.439	18.09297	333.35886	262.54373	400.0	400.0	251899	67.69337	24.767492	82.440636	-22.772684	-67.80254	0.2366616	2259.5109026432037
230	299.2086	7.2337313	307.8966	290.18707	293.35443	24.111412	332.5804	220.42421	400.0	400.0	252999	67.73895	24.723974	82.43798	-22.998722	-67.84835	0.25643077	2268.878824710846
231	299.4888	7.5633435	310.1591	293.5097	301.1925	20.83485	326.27274	243.50294	400.0	400.0	254099	67.76309	24.713697	82.42645	-23.047684	-67.87459	0.24610434	2278.932327747345
232	295.4258	12.682516	313.10657	283.9754	300.6391	15.280428	331.03616	272.67816	400.0	400.0	255199	67.85177	24.657919	82.429184	-22.781713	-67.961	0.28221735	2288.934923887253
233	295.1677	27.630066	322.79776	267.53763	286.69406	21.186123	320.9016	216.95918	400.0	400.0	256299	67.84711	24.679018	82.42477	-22.743258	-67.95837	0.2643578	2299.99654340744
234	290.79703	15.137141	304.64166	269.73456	296.13687	29.991077	330.66687	188.43134	400.0	400.0	257399	67.909134	24.630621	82.44029	-23.238976	-68.01993	0.25549984	2309.197982788086
235	267.2427	16.46844	289.85083	251.09413	284.8194	29.888302	333.70325	191.60254	400.0	400.0	258499	67.95417	24.643589	82.43684	-23.588634	-68.06748	0.26594457	2318.7566113471985
236	271.55362	12.636222	285.93848	255.17871	285.73114	21.69756	316.8154	231.57208	400.0	400.0	259599	67.9717	24.617271	82.43011	-24.210207	-68.08589	0.25193316	2328.103793859482
237	311.53256	6.5920105	318.12457	304.94055	292.1463	16.965273	317.95743	250.32613	400.0	400.0	260699	68.0944	24.554447	82.40179	-24.500444	-68.20868	0.26729926	2337.6488161087036
238	294.3176	6.052569	299.84378	285.89355	312.96475	14.051601	336.86124	280.79422	400.0	400.0	261799	68.10376	24.583584	82.40403	-24.93569	-68.21516	0.2574759	2348.71386218071
239	291.84302	10.610725	300.88098	276.95013	308.56766	24.26207	337.33704	247.88933	400.0	400.0	262899	68.18944	24.536097	82.42399	-25.685923	-68.29945	0.2523813	2359.783346414566
240	299.97363	19.945677	323.07712	274.407	308.2554	16.582975	340.83948	281.4947	400.0	400.0	263999	68.26895	24.486616	82.41853	-25.874743	-68.379745	0.24756831	2369.7368783950806
241	288.1396	1.1448975	289.2845	286.9947	307.57468	22.30099	337.29898	247.50542	400.0	400.0	265099	68.31705	24.422579	82.43239	-25.759644	-68.427444	0.25832677	2379.092650413513
242	299.50302	17.956259	324.68643	284.08505	298.06317	35.042206	340.02313	167.82011	400.0	400.0	266199	68.32787	24.42503	82.445595	-26.610905	-68.43953	0.25084424	2389.75404381752
243	305.71448	26.14604	325.795	268.7855	311.90604	22.121916	338.04132	240.54887	400.0	400.0	267299	68.45737	24.32136	82.46927	-26.932575	-68.569336	0.25267112	2398.9458062648773
244	315.05103	7.1847186	325.21173	309.96835	300.78845	20.35421	330.38837	249.80882	400.0	400.0	268399	68.452866	24.366829	82.493935	-27.751455	-68.561066	0.25809765	2408.4776985645294
245	276.41672	31.742073	308.15878	244.67464	298.3208	25.691153	340.09766	251.21236	400.0	400.0	269499	68.49177	24.32763	82.53754	-28.555088	-68.59873	0.25833347	2417.713287830353
246	291.47867	16.9464	315.37656	277.96814	308.922	17.928572	341.1864	268.50183	400.0	400.0	270599	68.55739	24.267956	82.54911	-29.343422	-68.661804	0.24094813	2427.0165185928345
247	300.71115	3.4403281	305.5761	298.22537	303.95242	23.239758	335.71313	252.04376	400.0	400.0	271699	68.602646	24.245853	82.56868	-30.113247	-68.7075	0.23432176	2435.2494258880615
248	270.2941	19.836674	295.6784	247.2594	301.67038	21.764471	334.50333	250.90407	400.0	400.0	272799	68.66114	24.154812	82.61793	-30.1906	-68.76777	0.22344884	2444.844922065735
249	295.3128	5.2999268	300.61273	290.01288	299.7929	16.825289	330.1233	271.3503	400.0	400.0	273899	68.69392	24.156624	82.61469	-30.128765	-68.79998	0.23862776	2456.082892894745
250	282.46097	35.019253	319.44177	235.44273	300.30838	18.58248	339.91647	249.07191	400.0	400.0	274999	68.70894	24.14289	82.62449	-29.797487	-68.81655	0.23581193	2466.2989161014557
