Epoch	AverageEpRet	StdEpRet	MaxEpRet	MinEpRet	AverageTestEpRet	StdTestEpRet	MaxTestEpRet	MinTestEpRet	EpLen	TestEpLen	TotalEnvInteracts	AverageQVals	StdQVals	MaxQVals	MinQVals	LossPi	LossQ	Time
1	9.663834	71.252884	80.91672	-61.58905	13.00146	114.50032	170.96141	-218.12244	400.0	386.65	1099	0.27323344	0.3038162	1.8944213	-7.0188947	-0.36779422	0.032598265	3.1331942081451416
2	-63.62451	25.380058	-35.40689	-96.94388	97.473366	133.09567	250.6208	-221.895	400.0	400.0	2199	0.63529485	0.97028655	6.9062343	-14.117753	-0.78710026	0.013907901	11.589030981063843
3	11.035771	109.00235	163.89243	-82.66683	81.20219	112.85151	252.87292	-63.901707	400.0	386.05	3299	1.4416374	2.0787265	27.21009	-43.391617	-1.6415533	0.035620462	20.908392667770386
4	-47.2128	106.61837	102.71031	-136.0852	59.63465	109.19794	227.88174	-110.543236	400.0	372.9	4399	2.2876587	3.4663978	102.83338	-119.59966	-2.51325	0.20686494	28.987114906311035
5	1.7523422	71.322845	73.07519	-69.5705	98.64584	123.58746	290.01517	-126.29342	400.0	386.4	5499	2.832683	4.587359	12.766614	-33.62291	-3.0769727	0.05418078	37.92898726463318
6	-101.84635	10.053683	-94.612946	-116.063675	71.16807	115.838806	282.05814	-111.54674	400.0	375.35	6599	3.4398236	5.4493127	61.696484	-77.67915	-3.6813629	0.23117825	46.964168071746826
7	-106.53765	19.762249	-80.69946	-128.6823	0.59333086	140.53566	244.88583	-175.69235	400.0	337.8	7699	3.7591023	6.2273536	16.13808	-53.81822	-3.996241	0.12571226	55.03813862800598
8	-67.579605	56.293175	10.336885	-120.68522	-125.528305	151.47746	209.97023	-362.8227	400.0	391.05	8799	4.237922	6.775458	26.013945	-130.93172	-4.473276	0.2590907	64.33066654205322
9	-24.172916	37.068626	12.895708	-61.241543	-25.79657	165.77657	284.2562	-347.70062	400.0	358.0	9899	4.8133035	7.11325	26.174868	-82.94316	-5.0572705	0.22558013	71.88514041900635
10	-22.319326	90.5342	53.609074	-149.56299	-42.30882	207.84789	259.20444	-354.24054	400.0	356.9	10999	5.455561	7.4141426	41.11974	-99.31347	-5.7010746	0.26942992	79.7661566734314
11	-64.59653	17.528069	-41.26754	-83.51833	-14.795819	177.0716	242.51859	-349.56992	400.0	353.15	12099	6.216917	7.532522	22.168562	-56.133854	-6.4646378	0.14213932	88.83889555931091
12	-22.619059	69.14259	67.2374	-100.94506	50.255363	181.4868	238.83374	-347.60696	400.0	381.35	13199	6.6950297	7.5714655	65.3284	-84.0505	-6.9476953	0.30845204	98.19030523300171
13	-68.12535	13.421207	-54.70414	-81.546555	-9.20762	188.97748	252.4851	-345.03732	400.0	342.25	14299	7.3784943	7.5139966	24.72257	-67.85944	-7.628894	0.22263536	106.05277109146118
14	-88.336075	20.334179	-55.032833	-110.22782	36.606983	148.0302	251.46053	-146.814	327.25	299.3	15399	7.673062	7.552667	43.213226	-79.664536	-7.9172525	0.30047297	113.59790325164795
15	-19.567163	124.71222	195.59258	-108.1652	-76.606674	166.39487	219.54602	-272.862	270.75	332.75	16499	7.9570475	8.25017	27.226501	-70.108025	-8.2117815	0.3954735	121.37233781814575
16	150.20262	67.032425	240.48483	80.024315	66.76564	124.48774	249.25464	-187.45284	400.0	370.95	17599	8.625554	9.05282	52.396175	-101.50374	-8.914559	0.42225167	129.52039527893066
17	115.11892	30.515556	145.63448	84.60336	24.075	137.16348	242.83603	-215.4566	400.0	342.6	18699	9.895686	9.250668	35.947575	-85.41123	-10.1977005	0.3858035	137.54204273223877
18	117.94228	121.832375	246.41608	-45.720734	79.806076	143.26291	278.11603	-160.82118	400.0	394.5	19799	11.267736	9.629476	31.088974	-59.826874	-11.570948	0.31513193	145.982191324234
19	63.191833	187.52663	229.90868	-198.78204	106.44072	143.57841	282.1958	-307.38992	379.66666	340.15	20899	12.58454	10.376567	32.784023	-65.72149	-12.874014	0.3393118	153.84529829025269
20	78.268745	18.409487	95.11453	52.65491	75.22194	131.32927	209.75046	-320.1075	400.0	354.0	21999	13.555295	10.954405	55.879078	-129.07744	-13.849265	0.536506	162.24287962913513
21	81.68261	130.80653	189.33908	-102.42642	136.03761	102.09389	268.3605	-75.449394	325.33334	356.5	23099	14.55823	11.550521	44.58526	-85.59261	-14.848635	0.6152376	170.21112775802612
22	232.6576	16.047632	255.33539	220.55865	134.27722	122.83966	283.73886	-85.71494	400.0	327.75	24199	16.104336	12.119408	84.941986	-107.6093	-16.396648	0.70504975	178.18941283226013
23	79.088326	98.919975	162.88872	-59.82147	31.369556	135.42056	240.72401	-291.90533	299.0	325.85	25299	17.609339	12.591349	39.046757	-74.40948	-17.901417	0.53877085	186.384215593338
24	104.766365	26.183193	126.10536	67.88953	65.472824	138.20633	237.90485	-243.24864	400.0	352.25	26399	18.848635	12.995511	40.925014	-71.16145	-19.141296	0.5652557	194.8368260860443
25	143.02817	71.96755	224.01343	49.149834	94.35153	127.95597	252.29411	-191.05919	400.0	376.35	27499	20.189556	13.437646	42.87148	-69.01063	-20.49184	0.6217148	202.91023111343384
26	46.882828	140.1214	219.09753	-100.25995	104.51601	116.8988	245.34978	-138.8677	265.75	340.05	28599	21.563368	13.78453	44.63584	-63.60169	-21.85893	0.54629314	210.71040654182434
27	236.98376	20.524765	254.25287	208.14445	127.64668	114.17356	260.16418	-129.15187	400.0	386.35	29699	23.011826	14.311694	46.281124	-120.59905	-23.307539	0.76833254	219.21261286735535
28	140.49706	157.50473	286.31326	-78.23572	130.36253	114.31189	284.50504	-81.28569	310.0	370.45	30799	24.467455	14.640358	54.713383	-99.51784	-24.767916	0.7138935	227.56542706489563
29	198.03914	62.789906	270.52295	117.37392	118.87693	142.5292	257.03	-243.75122	400.0	383.65	31899	25.936506	15.006755	49.728203	-62.71492	-26.237097	0.5860803	236.1958556175232
30	42.79012	224.40869	208.69835	-274.46024	150.11205	118.19697	289.8923	-171.02885	400.0	370.6	32999	27.039946	15.750078	55.254642	-65.74424	-27.341549	0.7106488	244.5892357826233
31	175.31609	2.2147217	177.5308	173.10136	139.71008	125.37804	274.7798	-201.08046	400.0	371.6	34099	28.443783	16.09926	72.60475	-97.65377	-28.758919	0.8387644	254.07537388801575
32	243.62502	22.395666	260.56683	211.97913	135.15164	114.5228	258.8675	-131.02316	400.0	372.4	35199	30.07787	16.270193	60.09473	-131.655	-30.398746	0.7596094	262.12279510498047
33	140.7938	30.942003	179.41513	103.667244	174.85555	102.69411	274.05008	-91.71151	400.0	386.15	36299	31.508942	16.31809	55.952255	-50.433113	-31.823835	0.6339723	270.1559889316559
34	189.25781	63.994316	255.89667	102.90673	140.9006	81.150604	248.23235	-60.28475	400.0	386.25	37399	32.976353	16.431824	61.725998	-75.86098	-33.281815	0.75824815	279.6246259212494
35	181.66786	73.28355	254.95142	108.384315	129.02231	123.347626	260.7841	-109.42812	400.0	369.1	38499	34.310234	16.487139	58.393295	-74.33442	-34.622665	0.6128858	288.00900745391846
36	218.24579	17.609554	235.74142	194.14963	184.22574	63.01517	272.7171	11.723376	400.0	400.0	39599	35.705925	16.35822	71.77518	-89.29037	-36.018723	0.6186871	296.4018931388855
37	141.4595	77.27503	232.51956	43.601704	132.80391	100.762146	272.35406	-76.56197	400.0	385.75	40699	36.981113	16.22356	63.778145	-74.06867	-37.285492	0.56707066	305.1871666908264
38	172.21928	13.623704	184.93774	153.32655	144.58806	97.482605	261.87747	-102.988846	400.0	387.8	41799	38.07656	16.205132	68.08715	-60.540558	-38.386787	0.5516322	314.0639545917511
39	147.60036	3.0438995	150.64426	144.55646	172.39105	76.67855	270.8449	54.573044	400.0	400.0	42899	39.301197	16.003685	63.097286	-80.92937	-39.624752	0.571282	322.2534055709839
40	100.552734	159.19836	252.6303	-119.258385	109.08736	116.51217	250.71265	-168.47476	400.0	355.75	43999	40.364304	15.88276	63.756874	-84.09883	-40.668304	0.5303048	331.49537992477417
41	204.89087	26.349344	231.84505	169.13069	146.48747	103.44781	272.66412	-66.60611	400.0	385.3	45099	41.317074	15.898271	64.49568	-67.39161	-41.612602	0.4852316	340.05100440979004
42	72.27508	216.89662	250.63327	-233.02316	104.37581	143.73668	267.9021	-261.21774	400.0	358.1	46199	42.24782	15.95069	67.26486	-78.378555	-42.543148	0.644374	347.7649841308594
43	25.717957	199.0102	224.72815	-173.29224	135.11241	171.04185	255.44493	-368.7668	400.0	389.5	47299	42.766983	16.245384	65.954155	-51.344555	-43.057045	0.447696	357.27428817749023
44	166.27063	60.97659	227.55731	83.08994	143.44345	105.49915	284.33572	-82.86863	400.0	371.4	48399	43.540287	16.437983	67.46417	-50.911625	-43.828636	0.64617854	365.362535238266
45	63.952953	248.82043	246.98416	-287.83575	116.30182	125.76391	261.47452	-185.374	381.0	395.6	49499	44.123295	16.802343	67.71068	-78.757545	-44.4155	0.6728168	373.5667450428009
46	-92.198586	202.57942	182.16219	-300.80905	134.22055	120.25834	253.08533	-199.23543	400.0	380.55	50599	44.374	17.473728	68.313095	-109.87527	-44.66178	0.54999375	381.8061466217041
47	145.94565	32.611385	178.55704	113.33427	170.2082	108.108475	259.80594	-96.791466	400.0	385.9	51699	44.95206	17.745623	68.94965	-72.90104	-45.229595	0.58362436	390.2219636440277
48	192.7445	38.77545	225.9786	138.3528	152.5996	124.321144	290.45847	-192.3444	400.0	386.1	52799	45.65026	17.931545	69.57638	-48.724667	-45.925987	0.58365166	398.32852602005005
49	118.947075	108.64291	245.29938	-19.934055	143.20482	125.49446	271.1087	-187.39058	400.0	386.6	53899	46.28614	18.083904	85.291	-106.759705	-46.561466	0.73975617	406.63605213165283
50	194.74187	43.2016	253.00545	149.68578	152.32104	128.52557	273.2322	-221.47522	400.0	395.4	54999	46.973133	18.175522	87.83409	-72.8959	-47.251244	0.59468025	414.9582259654999
51	242.05281	28.053818	270.10663	213.999	173.53001	100.57659	281.9772	-80.60622	400.0	387.05	56099	47.615677	18.236101	70.849	-68.30936	-47.906116	0.56772727	423.3681290149689
52	250.8892	12.5389	268.19916	238.90105	185.84964	53.796795	267.43805	37.55288	400.0	400.0	57199	48.438843	18.186586	75.047134	-114.0178	-48.727867	0.666147	432.2359969615936
53	177.0966	53.916332	218.12146	100.922905	156.0007	112.48375	273.68536	-65.581375	400.0	385.9	58299	49.2541	18.149397	101.42029	-55.929314	-49.548058	0.7110241	440.6259903907776
54	240.17696	19.895912	268.2214	224.17932	214.32051	62.05836	286.50858	-10.870736	400.0	400.0	59399	49.925533	18.054155	86.94156	-57.8103	-50.2252	0.5733362	450.3119912147522
55	245.06879	18.456764	263.52554	226.61201	183.12067	85.46369	272.22574	-86.36911	400.0	385.4	60499	50.760868	17.946512	106.17217	-64.50309	-51.069454	0.5850852	459.74997067451477
56	26.661602	213.88997	270.03015	-230.27182	193.90219	70.32292	268.26926	-62.176228	338.0	386.85	61599	51.19164	18.167343	91.895546	-68.618355	-51.482983	0.85429865	469.00729846954346
57	186.0656	86.23045	259.92734	65.099785	185.53964	124.09309	282.35205	-217.58731	400.0	387.5	62699	51.93565	18.152271	74.29392	-49.02897	-52.232197	0.60182667	476.62808322906494
58	130.56238	22.981178	153.54356	107.58121	168.06247	100.89761	277.30447	-83.118126	400.0	386.4	63799	52.424084	18.146486	74.80511	-44.186943	-52.707016	0.65589887	484.82223677635193
59	186.84355	49.96196	242.16852	121.119835	179.95479	92.055405	270.34406	-78.08909	400.0	384.9	64899	52.953255	18.141367	110.89395	-64.04477	-53.23277	0.7170693	494.25923800468445
60	168.4842	85.34826	236.9642	48.16661	100.14985	138.47292	263.0672	-159.6548	400.0	345.55	65999	53.457455	18.103645	82.9812	-63.353195	-53.742676	0.6000157	502.24585485458374
61	79.36938	127.592926	207.12625	-94.86561	200.62997	69.062035	274.9416	26.434177	302.0	400.0	67099	53.931023	18.056406	88.0385	-55.076332	-54.216385	0.6801182	510.4525833129883
62	194.3069	32.38588	239.81561	167.082	202.51268	79.32737	285.2448	-66.26146	400.0	386.65	68199	54.475636	17.980955	113.16603	-81.68648	-54.753693	0.88045007	518.5160677433014
63	230.46147	41.334385	279.60498	178.47652	201.55508	58.81066	277.83575	62.69299	400.0	400.0	69299	55.038303	17.91755	76.70897	-76.8803	-55.32741	0.5290595	526.5738031864166
64	149.00291	104.91895	256.80057	6.8049884	128.9524	159.10612	259.92834	-339.3969	400.0	400.0	70399	55.50425	17.81552	82.18845	-70.12434	-55.78462	0.6596059	534.7737464904785
65	131.61829	33.448277	165.06656	98.170006	144.9623	163.26698	270.22635	-369.93402	400.0	387.55	71499	55.96149	17.842047	81.10815	-76.60562	-56.23351	0.64504486	542.9461803436279
66	203.83324	60.12395	253.80788	119.27045	193.90646	60.435562	260.05133	34.459015	400.0	400.0	72599	56.381874	17.849657	77.87671	-44.12336	-56.657593	0.51046336	551.1327884197235
67	204.32518	23.299139	236.22632	181.23228	149.96385	94.24131	248.40721	-58.557106	400.0	400.0	73699	56.805927	17.819407	108.92095	-96.06619	-57.081215	0.6950122	559.6084215641022
68	163.19826	68.43574	228.68196	68.7386	196.71075	50.872005	267.16043	81.01863	400.0	400.0	74799	57.1669	17.787811	78.6644	-70.83514	-57.437824	0.6927622	568.0869898796082
69	229.11557	7.7628403	236.8784	221.35272	184.46158	91.47203	282.71048	-71.141754	400.0	400.0	75899	57.61108	17.703382	118.3834	-68.601395	-57.882217	0.6078624	576.6416592597961
70	106.66471	148.82758	220.03041	-103.5943	209.03549	51.794342	276.68927	42.51347	400.0	400.0	76999	57.92723	17.748674	103.264656	-87.015785	-58.19667	0.67054677	586.3251888751984
71	221.92828	30.291636	260.5547	186.57216	201.18248	63.665855	290.28748	59.260105	400.0	400.0	78099	58.309322	17.64575	110.26674	-73.4182	-58.576393	0.6469812	594.7737872600555
72	206.00545	14.099646	222.90167	188.38737	231.66035	23.091015	268.38794	185.50931	400.0	400.0	79199	58.615623	17.602842	79.869934	-62.61291	-58.88172	0.56049705	604.2959320545197
73	192.96295	13.818878	206.78183	179.14407	205.60056	38.12858	268.71515	135.58775	400.0	400.0	80299	58.96838	17.537739	79.858	-46.864105	-59.228493	0.6278571	614.0799832344055
74	232.59991	10.917369	248.01115	224.08578	196.5297	57.576546	288.1414	44.453526	400.0	400.0	81399	59.284344	17.47675	110.61723	-83.79371	-59.541786	0.67610663	622.5404295921326
75	208.49542	6.725804	215.82178	199.57886	184.36488	51.533127	281.2663	62.567127	400.0	400.0	82499	59.6061	17.409225	139.10506	-59.476418	-59.843273	0.86652267	630.8876848220825
76	182.25043	56.152008	228.91983	103.27359	193.93568	77.920525	283.75598	-72.98422	400.0	400.0	83599	59.83773	17.378017	80.37662	-38.4067	-60.08639	0.5033647	639.2311704158783
77	181.53867	39.32789	220.86656	142.21078	161.21313	88.401924	265.90314	-80.643875	400.0	387.35	84699	60.113667	17.306599	91.900215	-61.459183	-60.358936	0.5000799	647.9113483428955
78	196.9721	69.9637	293.08014	128.55112	215.31372	40.806416	255.7029	120.32946	400.0	400.0	85799	60.315018	17.307129	91.89083	-94.45342	-60.556072	0.55289125	657.6397130489349
79	193.69368	50.15299	263.90402	149.87854	209.63913	52.501896	287.57297	90.20268	400.0	400.0	86899	60.499676	17.288797	82.81374	-110.18503	-60.731556	0.72351986	666.2534708976746
80	226.58418	18.33333	251.15799	207.1375	199.4303	67.44938	282.3136	4.2171774	400.0	400.0	87999	60.664825	17.284916	106.56793	-61.37054	-60.90057	0.5620252	674.4011182785034
81	240.00595	34.186012	274.19196	205.81993	177.08786	69.83303	256.3284	-36.356373	400.0	400.0	89099	60.946266	17.197184	81.10283	-48.54394	-61.187927	0.5747532	682.9278609752655
82	162.14177	69.325745	247.26782	77.45685	201.64574	58.480827	264.87167	34.55841	400.0	400.0	90199	61.092415	17.144615	81.02705	-52.81505	-61.33671	0.52456135	691.6905000209808
83	172.65125	87.94296	246.10301	49.008305	200.3651	62.929195	284.84668	33.70367	400.0	400.0	91299	61.29517	17.090187	101.50832	-64.922356	-61.535328	0.76174974	700.1601240634918
84	166.2426	120.627754	278.0628	-1.2415508	158.76436	109.99475	279.37308	-70.84228	400.0	372.85	92399	61.425186	17.060003	81.04617	-42.609467	-61.670654	0.49876153	708.2575676441193
85	212.76617	28.803947	241.57011	183.96222	214.1196	66.348404	293.90793	51.766846	400.0	400.0	93499	61.597404	17.065649	229.93466	-180.28976	-61.833202	0.8917232	716.9131102561951
86	231.27397	13.461455	249.22585	216.81044	190.10805	78.36318	267.61255	-86.854126	400.0	386.15	94599	61.823338	17.035702	81.09759	-44.06979	-62.067223	0.4466344	725.6250267028809
87	190.91002	61.97732	259.19275	109.17785	199.25214	67.429405	285.595	45.158905	400.0	400.0	95699	61.995514	17.028507	163.34706	-117.40864	-62.230797	0.72920257	734.218754529953
88	225.12569	3.7838666	229.20079	220.08453	209.7008	40.37364	276.00293	144.64136	400.0	400.0	96799	62.172596	16.947004	101.67352	-59.430157	-62.404076	0.5383213	744.0124626159668
89	163.22461	5.1833344	168.40794	158.04128	197.44435	71.4498	268.82913	-43.05817	400.0	400.0	97899	62.301186	16.914183	114.297165	-71.12375	-62.527863	0.6604969	752.432785987854
90	157.78687	58.395115	235.7858	95.29038	202.1447	101.43807	279.775	-96.65635	400.0	373.25	98999	62.388058	16.924732	81.75461	-57.199413	-62.615562	0.46047908	762.085786819458
91	196.36296	39.042007	234.17656	142.61342	198.16818	54.840252	272.5097	97.21275	400.0	400.0	100099	62.495586	16.99704	84.97222	-74.23471	-62.717182	0.5919499	770.5915222167969
92	252.05217	26.124533	288.64297	229.33289	194.94931	65.12283	274.41156	-3.3118615	400.0	400.0	101199	62.604538	17.025257	164.20995	-95.11908	-62.829075	0.6945632	778.9880666732788
93	218.05992	9.784073	227.844	208.27585	190.94751	52.37698	274.27353	106.734055	400.0	400.0	102299	62.808224	17.057255	82.00231	-50.058964	-63.034702	0.51776487	788.6873922348022
94	62.679577	92.646225	179.29684	-73.275024	208.72131	54.25982	264.36328	74.19121	333.25	400.0	103399	62.91352	17.076387	86.66238	-94.032425	-63.126137	0.7059773	798.3692262172699
95	231.0859	30.871346	261.95724	200.21455	213.2977	44.01459	272.07425	112.73103	400.0	400.0	104499	62.96661	17.157463	82.077126	-52.898304	-63.188183	0.4486458	806.8840863704681
96	180.81258	57.140007	234.84528	101.759514	146.7692	110.40168	258.4086	-109.50573	400.0	374.45	105599	63.08059	17.251394	107.623726	-56.84543	-63.29133	0.6569804	816.3347408771515
97	207.9251	25.89671	228.67496	171.4151	196.01926	107.34022	275.83698	-238.3137	400.0	400.0	106699	63.139896	17.289467	108.81736	-101.33605	-63.351917	0.7342366	824.4593276977539
98	208.50484	47.38293	242.54984	141.49818	204.34955	82.07492	276.77765	-115.24446	400.0	386.6	107799	63.295242	17.203485	82.44852	-64.91958	-63.51243	0.5028669	832.5335235595703
99	201.36383	32.664703	234.02853	168.69913	209.01201	79.99799	282.86627	-92.47964	400.0	400.0	108899	63.373024	17.219328	111.959175	-44.396736	-63.587456	0.6346985	842.7171823978424
100	229.84029	54.024445	275.2758	153.92787	179.75568	69.13327	260.03308	10.384093	400.0	400.0	109999	63.58786	17.143614	138.82085	-120.42981	-63.801632	0.6505815	851.8383696079254
101	183.82481	36.059727	234.82042	158.12378	219.62698	40.566525	274.28717	145.32909	400.0	400.0	111099	63.6947	17.158226	82.74635	-55.3495	-63.90531	0.5051134	861.6582653522491
102	187.25201	45.057938	243.23413	132.90135	191.53207	40.374866	263.37646	96.43341	400.0	400.0	112199	63.752712	17.126686	126.73537	-119.34249	-63.95797	0.7774416	871.2468135356903
103	119.00254	175.70758	256.11884	-129.02448	214.83781	36.80521	264.17984	127.60252	314.66666	400.0	113299	63.826183	17.1354	82.7535	-41.052917	-64.037994	0.46639794	879.8260962963104
104	197.25104	24.937443	217.19167	162.0896	211.69975	48.982574	281.74155	108.119225	400.0	400.0	114399	63.93349	17.155428	83.704895	-50.51101	-64.14773	0.59861016	888.147579908371
105	203.23903	79.6832	265.17584	90.741554	206.74052	44.695293	271.61917	52.894318	400.0	400.0	115499	63.97912	17.196753	108.068405	-108.45483	-64.18615	0.7706737	896.2741639614105
106	216.04881	40.685776	256.7346	175.36304	180.57599	107.359825	279.99713	-78.680695	400.0	368.5	116599	64.072136	17.149132	94.22971	-62.645382	-64.28782	0.47694004	904.5193054676056
107	205.77576	66.686226	278.90952	117.64176	193.6707	54.700817	255.31728	87.04794	400.0	400.0	117699	64.22506	17.115685	99.159355	-79.73878	-64.431465	0.716201	913.9753756523132
108	208.78673	56.485203	271.36365	134.49869	182.92436	69.77244	264.00827	-62.172726	400.0	384.15	118799	64.331024	17.063993	83.066376	-56.25615	-64.542404	0.46425155	923.2674117088318
109	236.55904	32.71287	261.67392	190.35448	183.24496	65.754875	250.49303	-74.00602	400.0	385.05	119899	64.46038	16.985672	102.3294	-54.15831	-64.66464	0.5502488	931.3125178813934
110	224.62299	56.954445	281.57742	167.66853	199.69553	53.12205	268.9934	96.67008	400.0	400.0	120999	64.57159	16.942335	131.1053	-47.245403	-64.77888	0.56202215	939.9010512828827
111	204.38837	41.51909	253.81355	152.22372	188.43434	47.175117	274.534	80.52207	400.0	400.0	122099	64.63285	16.925753	82.642746	-51.666786	-64.839424	0.5424152	948.1028306484222
112	200.8405	19.715893	228.72165	186.66446	197.66562	38.981743	268.8463	120.37947	400.0	400.0	123199	64.76165	16.884872	82.64346	-45.92947	-64.96806	0.68743706	956.3252930641174
113	253.0113	22.778454	274.68695	221.53586	220.1331	42.43608	278.53302	104.19173	400.0	400.0	124299	64.86724	16.87133	82.61614	-69.32477	-65.07725	0.59957033	964.3590407371521
114	194.9036	33.664482	228.56808	161.23912	203.62437	43.25207	284.43542	147.12292	400.0	400.0	125399	64.96717	16.841648	124.68585	-77.06972	-65.17153	0.7260518	973.0372316837311
115	178.83015	45.24862	223.06044	116.66608	198.62404	77.1418	270.3999	-60.498634	400.0	400.0	126499	65.02429	16.7965	93.90322	-49.18618	-65.23231	0.49682978	981.1879425048828
116	237.99147	9.89071	250.6307	226.48277	197.87587	62.063198	263.7645	-15.221641	400.0	400.0	127599	65.193855	16.695965	121.233055	-51.887505	-65.40119	0.5516463	989.3463129997253
117	234.65715	7.766793	243.53786	224.61908	185.15245	86.626976	259.75134	-77.70355	400.0	385.0	128699	65.343155	16.685678	109.02339	-86.69445	-65.55619	0.7053923	998.4160871505737
118	224.5138	24.207787	248.72157	200.306	196.108	72.20043	277.6365	-66.965965	400.0	384.05	129799	65.55303	16.534014	95.89323	-48.375458	-65.77542	0.46560135	1006.843722820282
119	230.13884	53.58943	283.8675	156.98558	214.11075	43.89103	268.40396	116.07543	400.0	400.0	130899	65.70776	16.48547	129.22287	-143.52304	-65.924576	0.66005504	1014.7774441242218
120	175.9048	35.37487	213.04927	128.31036	213.30363	47.549156	283.3111	120.99803	400.0	400.0	131999	65.905396	16.357082	82.85694	-48.432175	-66.11997	0.51241267	1024.430870294571
121	213.60913	16.952192	234.21529	192.6945	208.38008	33.514606	266.01892	138.60677	400.0	400.0	133099	65.95806	16.405897	124.98564	-64.99522	-66.16283	0.7542174	1032.7408034801483
122	126.56106	138.04063	227.513	-68.61931	191.13803	71.394806	260.3693	-79.26523	309.33334	386.3	134199	66.037094	16.343178	82.814606	-73.40649	-66.23868	0.5592527	1041.0299105644226
123	247.54549	27.637192	279.59967	212.15042	194.42186	98.25067	268.3793	-134.85353	400.0	400.0	135299	66.13266	16.33502	95.18677	-47.502815	-66.33406	0.51496404	1049.7047581672668
124	231.3995	27.780266	259.17978	203.61925	147.5873	176.79114	274.60486	-392.30124	400.0	400.0	136399	66.24571	16.251402	92.27222	-60.367325	-66.464005	0.5684103	1058.2857549190521
125	249.84875	22.698929	270.54156	218.24869	95.97553	212.3848	276.47443	-372.97363	400.0	395.75	137499	66.49167	15.977119	103.79548	-111.40687	-66.709	0.73827356	1066.6947884559631
126	184.70125	71.35528	235.27844	83.78976	138.65218	193.62486	273.85815	-369.49625	400.0	386.35	138599	66.64071	15.76288	90.633255	-47.886166	-66.87051	0.5504167	1075.0113325119019
127	230.24269	20.450369	250.17433	202.12822	185.4224	137.6237	272.22415	-384.05588	400.0	400.0	139699	66.84714	15.500935	82.97806	-31.184353	-67.07338	0.41936016	1083.4229242801666
128	241.59216	6.370323	247.9625	235.22185	146.13899	133.05626	260.48825	-183.28091	400.0	367.05	140799	66.9696	15.44759	92.73257	-53.318874	-67.18091	0.7100814	1091.6207983493805
129	213.84119	75.09837	268.80035	107.657936	225.57413	31.643932	271.24655	132.74933	400.0	400.0	141899	67.0144	15.458654	104.80273	-62.175117	-67.21846	0.5949679	1100.4388465881348
130	149.05708	29.24576	188.92233	119.5828	151.39961	129.99127	271.15524	-302.167	400.0	400.0	142999	67.01975	15.459376	206.21872	-65.37246	-67.212036	0.76800966	1109.005858182907
131	213.98547	25.545485	242.12782	180.29636	153.66336	149.0378	267.16583	-355.85468	400.0	370.0	144099	67.020035	15.514492	83.87343	-44.04227	-67.214325	0.43922785	1117.3299119472504
132	236.6814	13.518417	250.19981	223.16298	165.60901	167.12074	283.00552	-319.7413	400.0	400.0	145199	67.084625	15.489442	111.06613	-56.732414	-67.28082	0.5502095	1125.2745888233185
133	186.67747	32.184444	231.16216	156.09294	159.03421	145.47415	267.2545	-371.12122	400.0	386.3	146299	67.03661	15.537004	93.99294	-33.042465	-67.23071	0.5110752	1133.6577315330505
134	211.60207	56.56192	255.2945	131.7291	198.92557	55.317184	273.57788	49.031784	400.0	400.0	147399	67.033104	15.581437	123.960724	-53.652805	-67.22127	0.54338616	1143.3529629707336
135	59.9333	181.00447	243.35612	-186.40988	204.6755	41.40268	272.54022	125.39233	361.0	400.0	148499	66.9808	15.723718	115.51008	-88.545	-67.16129	0.6745298	1153.1946251392365
136	210.03658	36.768955	239.4053	158.18983	214.22635	39.439335	276.0784	122.48248	400.0	400.0	149599	66.89985	15.893815	86.62936	-70.769196	-67.08958	0.5526318	1161.8924720287323
137	220.85506	21.702105	244.86545	192.29396	184.75014	137.1344	274.43304	-383.22864	400.0	400.0	150699	66.97814	15.962309	117.0935	-49.81908	-67.174095	0.44354957	1171.4690902233124
138	245.26315	8.182915	253.44606	237.08023	143.03813	177.8357	249.6861	-387.71082	400.0	400.0	151799	67.004906	16.053795	85.981476	-86.83416	-67.196915	0.4965826	1181.0098762512207
139	209.27818	20.461382	238.07729	192.43707	202.94261	59.744198	283.547	22.787163	400.0	400.0	152899	67.149734	16.030506	124.72044	-106.044914	-67.343185	0.81551933	1190.5088381767273
140	228.36613	26.168911	264.22922	202.52278	215.74324	72.02924	281.2006	-65.94184	400.0	384.25	153999	67.17801	16.12831	83.239	-29.380215	-67.38866	0.35873237	1198.6832633018494
141	185.55388	8.52277	195.72005	174.86337	214.84543	63.01257	282.4074	31.81306	400.0	400.0	155099	67.36779	16.077509	83.60631	-86.610664	-67.569374	0.6491679	1207.2600347995758
142	222.879	24.839592	247.7186	198.03941	174.56836	82.16438	279.388	-86.739944	400.0	385.6	156199	67.48994	16.098848	83.71685	-40.893806	-67.68973	0.4740868	1215.424987077713
143	250.05879	26.62878	279.5427	215.02737	186.91902	96.06905	270.56726	-104.50013	400.0	386.4	157299	67.61784	16.053986	103.53327	-133.86446	-67.812096	0.725295	1223.989278793335
144	189.76591	48.532642	258.03415	149.49088	211.83896	55.593044	279.0557	53.493195	400.0	400.0	158399	67.67683	16.017067	83.710625	-46.522865	-67.87369	0.451176	1232.4295284748077
145	210.03328	43.6569	267.5586	161.85371	211.14534	42.793453	269.67877	104.46697	400.0	400.0	159499	67.70263	15.956701	88.94922	-68.1495	-67.8895	0.59490204	1240.9017691612244
146	213.012	37.742653	250.75464	175.26933	212.82378	47.88406	274.37936	102.740265	400.0	400.0	160599	67.77327	15.872663	90.79984	-51.71319	-67.9606	0.54225725	1249.3659505844116
147	194.54887	43.445908	232.32672	133.69632	186.86551	95.397575	275.6002	-66.752754	400.0	386.45	161699	67.788155	15.823529	109.35425	-86.28075	-67.974976	0.5653877	1257.5548477172852
148	192.70158	34.058025	228.97313	147.12123	209.85062	79.48642	271.86514	-50.738537	400.0	400.0	162799	67.82611	15.733696	114.2271	-90.054535	-68.00941	0.57976586	1265.6854267120361
149	146.48744	67.38628	214.5227	54.679085	193.11053	121.32891	272.1201	-304.16766	400.0	400.0	163899	67.82901	15.661221	83.551216	-45.806755	-68.01892	0.37272573	1274.233698606491
150	228.59564	27.116028	255.71167	201.47961	204.75613	50.232643	273.83813	76.7754	400.0	400.0	164999	67.843666	15.598888	86.05818	-90.7416	-68.02805	0.51997024	1283.9021167755127
151	210.57915	49.712482	260.66534	142.80988	202.9102	49.640373	260.6726	77.92755	400.0	400.0	166099	67.864174	15.57568	83.62419	-58.881207	-68.05197	0.49733466	1292.4024729728699
152	198.54216	61.242165	261.81546	115.68763	229.37744	40.373062	271.70544	99.7339	400.0	400.0	167199	67.91549	15.482985	83.76	-36.962833	-68.1048	0.39379913	1300.9595394134521
153	210.47758	23.915604	239.16797	180.62173	220.40646	42.737877	286.5821	111.53266	400.0	400.0	168299	67.92647	15.451352	83.8642	-73.16729	-68.109314	0.58669233	1309.3317925930023
154	228.98843	42.797188	271.7856	186.19124	175.53049	125.92252	274.44366	-255.98616	400.0	386.4	169399	67.929535	15.430887	83.63318	-28.16257	-68.11758	0.38925704	1319.1577911376953
155	225.84236	32.05016	263.23648	184.96245	232.15628	41.863262	281.6908	108.171425	400.0	400.0	170499	67.94534	15.457302	83.59063	-56.913567	-68.12574	0.5354442	1327.6619741916656
156	175.0078	91.741585	246.49715	45.498882	222.34546	29.204231	280.4869	154.79773	400.0	400.0	171599	67.9519	15.437104	83.50737	-35.287132	-68.13163	0.44245082	1335.924614906311
157	224.00813	11.488739	235.36798	208.2683	197.9839	101.0896	291.7822	-199.6248	400.0	400.0	172699	67.93471	15.447383	83.40197	-41.110115	-68.10781	0.52915114	1344.1862180233002
158	223.31694	18.151688	241.46863	205.16525	194.45596	91.48334	251.06734	-95.219124	400.0	387.85	173799	67.95289	15.427819	83.36772	-77.50201	-68.13085	0.45188642	1352.6909067630768
159	197.2202	19.780567	222.9752	174.88669	210.98018	78.652664	278.0435	-99.71064	400.0	400.0	174899	67.95286	15.359453	86.5178	-46.995586	-68.128296	0.39211935	1360.9243121147156
160	234.53607	12.515388	248.90117	218.3989	199.64311	89.90643	280.38083	-117.04456	400.0	400.0	175999	67.91018	15.356412	97.10768	-64.28491	-68.07694	0.57504314	1370.731855392456
161	230.2358	38.765568	262.3619	175.70084	214.22456	69.21434	280.6196	-55.35621	400.0	386.2	177099	67.90367	15.35822	88.95317	-40.698406	-68.07166	0.52299005	1379.1003618240356
162	190.93633	9.143646	200.07997	181.79268	211.99805	57.587337	280.58606	65.52744	400.0	400.0	178199	67.8843	15.32103	112.06531	-50.101505	-68.048134	0.50598806	1387.3806381225586
163	205.59795	31.671528	250.25932	180.3263	174.91129	73.198265	273.02777	-86.32034	400.0	384.9	179299	67.90606	15.292792	89.45892	-40.425674	-68.07239	0.42279568	1397.1436085700989
164	229.27495	42.110516	261.38144	169.78412	178.85713	119.112076	257.1348	-218.74187	400.0	384.55	180399	67.83371	15.290428	119.57455	-74.497925	-67.99171	0.6037532	1405.3157188892365
165	197.7484	19.857967	216.93808	170.39615	225.3634	43.091938	282.85468	107.159325	400.0	400.0	181499	67.8315	15.236252	82.69147	-45.89787	-67.9955	0.44000316	1413.7372031211853
166	98.96084	103.65354	202.61438	-4.6927	180.72462	116.46914	265.07553	-282.20526	400.0	399.25	182599	67.75459	15.271184	85.697655	-59.964714	-67.92087	0.41672313	1421.771977186203
167	210.46468	52.24099	271.37213	143.79779	157.98456	106.70121	261.2862	-78.573235	400.0	352.85	183699	67.726875	15.290875	110.904305	-61.98443	-67.890724	0.6320861	1429.8842990398407
168	125.28601	52.720398	198.82684	77.88687	197.27681	55.631035	262.36008	34.29355	400.0	400.0	184799	67.783356	15.202055	82.61134	-46.196903	-67.95168	0.4228575	1438.2492547035217
169	193.14148	11.215835	208.94247	184.04146	228.9738	25.62695	259.66028	161.82222	400.0	400.0	185899	67.722115	15.296904	103.78113	-103.78815	-67.88084	0.59770817	1447.9298644065857
170	199.56223	2.8915176	202.45375	196.67072	196.54138	96.71395	272.72546	-159.97905	400.0	400.0	186999	67.691216	15.326375	91.81324	-52.160954	-67.8524	0.51839113	1457.491182565689
171	203.68944	47.794567	258.08966	141.74825	176.1194	84.662384	247.00134	-102.303406	400.0	385.5	188099	67.66775	15.386354	84.5711	-68.72227	-67.830414	0.51161486	1465.7327854633331
172	149.09181	137.58247	238.7276	-88.54701	186.43881	126.92974	259.5161	-352.76233	324.5	398.1	189199	67.654625	15.401	111.71732	-122.20434	-67.81404	0.55785465	1473.893324136734
173	113.24744	17.652584	130.90002	95.59486	217.2649	54.003857	281.26572	59.569344	400.0	400.0	190299	67.60886	15.507239	102.38257	-79.15916	-67.77205	0.5597878	1483.6869542598724
174	232.43481	18.324987	254.14384	209.3228	208.12216	31.690933	252.59229	142.17532	400.0	400.0	191399	67.62662	15.444427	109.11621	-68.78099	-67.79457	0.4940382	1492.0965554714203
175	245.21349	44.91809	279.1693	181.74144	214.37556	79.54039	278.4819	-110.65531	400.0	386.1	192499	67.71473	15.387383	82.44657	-74.75603	-67.88696	0.4020802	1500.627614736557
176	213.97829	32.218582	242.59106	168.963	236.73051	29.721102	275.02444	157.13347	400.0	400.0	193599	67.749565	15.34432	82.317474	-44.37053	-67.923874	0.43365338	1508.7884938716888
177	110.946396	12.491993	123.43839	98.45441	224.49637	30.055727	265.6558	146.29892	400.0	400.0	194699	67.80757	15.3150425	82.36967	-49.80413	-67.97528	0.5561931	1517.8151710033417
178	226.30841	6.2868104	234.50195	219.22243	226.47713	28.987543	286.42874	161.99268	400.0	400.0	195799	67.84375	15.212126	92.151825	-64.871735	-68.009926	0.5334747	1526.513121843338
179	225.43628	42.44305	275.03903	171.36386	217.77542	45.61982	290.21744	130.72432	400.0	400.0	196899	67.84833	15.181345	82.14708	-44.58043	-68.015656	0.4498306	1534.8516602516174
180	192.08061	18.529606	213.9943	168.6794	236.0112	24.183634	276.289	187.89496	400.0	400.0	197999	67.84637	15.183006	82.242386	-88.3152	-68.01275	0.39991456	1543.1583859920502
181	-7.5450134	277.8417	270.2967	-285.38672	217.07207	40.496525	285.9579	99.75048	396.0	400.0	199099	67.80587	15.209937	81.98059	-49.809757	-67.96466	0.48291814	1552.8302898406982
182	198.99263	38.266277	247.22356	153.62169	211.05098	41.832287	268.0375	76.374115	400.0	400.0	200199	67.773224	15.227333	161.26082	-66.34104	-67.9208	0.6525731	1561.3966481685638
183	229.36761	37.42517	262.70535	177.09802	226.87793	29.235222	272.15958	167.58984	400.0	400.0	201299	67.7152	15.32134	81.96173	-49.715492	-67.873245	0.3786551	1569.8762385845184
184	194.77568	63.972893	259.93097	107.83916	213.93848	42.379578	265.2108	91.429	400.0	400.0	202399	67.69035	15.331927	82.1747	-56.007782	-67.850815	0.49273425	1578.20441031456
185	218.414	14.12339	232.5374	204.29062	213.97525	40.215706	255.99571	96.80185	400.0	400.0	203499	67.68582	15.342514	113.84037	-74.3826	-67.8399	0.54469115	1586.5096962451935
186	225.76831	31.806595	253.65259	181.2592	200.6893	55.986717	268.3202	65.93617	400.0	400.0	204599	67.71707	15.291123	82.108604	-41.21814	-67.87122	0.37049967	1595.3173298835754
187	240.06575	20.736492	266.71155	216.13605	191.06273	44.878967	248.92174	92.007545	400.0	400.0	205699	67.72372	15.3001175	82.279076	-43.40741	-67.87993	0.47142208	1603.6522541046143
188	221.65031	37.113663	272.2991	184.40279	178.71915	69.98688	277.52994	-8.126171	400.0	400.0	206799	67.736336	15.269057	84.123474	-51.199265	-67.897446	0.4397245	1611.4883589744568
189	243.76346	6.831238	250.5947	236.93222	197.7013	57.922737	263.19907	6.4163737	400.0	400.0	207899	67.75927	15.25688	82.10828	-33.017643	-67.92167	0.34892905	1620.987510919571
190	206.3697	14.231206	221.95288	187.54796	215.3394	28.37359	264.1819	153.24216	400.0	400.0	208999	67.7774	15.193435	82.09004	-48.7924	-67.940216	0.48596275	1629.6379170417786
191	133.35707	122.7029	236.77129	-39.02782	191.39987	77.54078	266.21982	-100.00637	400.0	386.3	210099	67.82381	15.194041	82.05341	-52.85025	-67.982994	0.50932527	1638.216313123703
192	190.2909	57.504868	246.16177	111.17882	151.86679	127.972755	275.76968	-127.22608	400.0	369.65	211199	67.856445	15.199379	118.14978	-143.97739	-68.013535	0.64812124	1646.590411901474
193	187.6373	16.893593	204.53088	170.7437	210.8173	45.955376	285.52466	97.708916	400.0	400.0	212299	67.86886	15.18446	82.270294	-54.93274	-68.02978	0.4018097	1655.1877768039703
194	142.91452	41.71934	201.47438	107.404655	198.61954	51.841736	264.77768	39.679592	400.0	400.0	213399	67.89043	15.212248	82.45254	-40.4663	-68.06017	0.34133333	1663.7105967998505
195	129.10284	112.131516	249.06482	-20.69496	218.36235	43.346035	277.84045	99.01214	400.0	400.0	214499	67.86212	15.344848	119.001305	-43.8448	-68.02225	0.50684994	1672.0787830352783
196	227.61546	23.83366	261.31744	210.3199	194.0178	66.88079	267.43988	-58.395103	400.0	400.0	215599	67.92605	15.309923	82.71704	-45.34827	-68.08512	0.49263662	1680.7829744815826
197	72.78936	22.051384	94.840744	50.737976	155.1429	104.1084	261.42017	-140.30304	400.0	373.75	216699	67.87008	15.423926	82.581566	-53.729504	-68.02833	0.38350266	1690.4366402626038
198	171.11525	56.399025	236.9329	99.189735	206.08786	59.524467	277.34756	57.369938	400.0	400.0	217799	67.89724	15.445189	94.63272	-66.58558	-68.04777	0.56259817	1699.067251443863
199	153.76552	79.5105	254.04643	59.571888	172.04826	117.67375	259.22195	-283.82202	400.0	398.1	218899	67.884315	15.511791	165.64337	-155.29034	-68.0391	0.63103694	1707.3535830974579
200	241.0168	18.947453	266.7157	221.59589	225.84175	35.826626	289.8704	164.13042	400.0	400.0	219999	67.90401	15.498013	82.61635	-38.591328	-68.06391	0.36753935	1716.1553843021393
201	249.15541	6.8884125	256.04382	242.267	153.8228	137.40965	273.29337	-308.662	400.0	399.55	221099	67.91954	15.526033	92.484886	-60.1982	-68.074165	0.4819095	1724.4903922080994
202	218.89673	12.1768265	234.8699	205.33736	159.41946	102.07554	264.54797	-92.206314	400.0	372.3	222199	68.00133	15.42609	82.67715	-38.13454	-68.16054	0.38242826	1732.5470652580261
203	168.95631	64.22524	259.7281	120.79779	182.6392	97.12759	266.98135	-122.37171	400.0	387.65	223299	67.972046	15.457821	119.30597	-95.757675	-68.121124	0.64803135	1740.1669595241547
204	190.2373	38.686874	218.25063	135.5311	204.39555	99.77888	285.26944	-192.99973	400.0	400.0	224399	67.995255	15.408121	82.74426	-63.308308	-68.153244	0.37331945	1748.3723690509796
205	235.43527	19.682648	255.11792	215.75262	197.3759	77.2424	292.1641	-0.48996383	400.0	400.0	225499	68.0304	15.332148	101.59903	-106.815605	-68.18882	0.5365111	1758.2285120487213
206	255.31177	7.854843	264.1514	245.06584	193.75851	75.83206	272.90106	-51.661594	400.0	400.0	226599	68.007545	15.386913	82.80524	-57.716423	-68.1627	0.46288553	1767.8950827121735
207	252.09764	17.867043	269.00394	227.38167	171.53748	139.1155	263.77515	-327.5229	400.0	400.0	227699	68.07451	15.335809	82.83807	-33.029736	-68.230675	0.33816734	1776.6696455478668
208	166.85464	110.48303	254.7055	11.030059	208.31587	55.59067	276.50366	73.920654	400.0	400.0	228799	68.11069	15.364423	148.62454	-113.893524	-68.26181	0.721558	1786.2325184345245
209	189.89949	56.388306	246.2878	133.51118	220.48315	35.082016	273.6348	130.84328	400.0	400.0	229899	68.08046	15.357193	82.94283	-38.761574	-68.23171	0.4313052	1795.7742068767548
210	226.2584	55.37569	280.24524	150.13489	188.88574	61.11406	267.95102	76.87088	400.0	400.0	230999	68.06384	15.384557	111.618065	-40.69261	-68.21674	0.48141813	1804.090136051178
211	155.44318	144.00946	262.51013	-48.12558	209.54166	44.064587	267.80902	56.355164	400.0	400.0	232099	68.06332	15.406653	83.027664	-43.21424	-68.21409	0.36573264	1812.5746719837189
212	187.75781	41.298702	244.08441	146.22066	208.06636	78.782524	286.1326	-112.11142	400.0	400.0	233199	68.06572	15.368852	83.126686	-76.94558	-68.21031	0.5094097	1821.2343106269836
213	228.85693	14.489433	243.34636	214.3675	210.2052	54.883472	271.07816	92.45595	400.0	400.0	234299	68.07762	15.3023615	96.92115	-111.36214	-68.22564	0.43438724	1829.8934164047241
214	228.59941	11.399263	242.53008	214.6079	210.71724	49.82093	264.28668	96.57581	400.0	400.0	235399	68.06115	15.303934	82.81892	-46.087242	-68.21076	0.38937455	1839.5444812774658
215	172.78156	65.95988	219.84224	79.50147	207.122	51.340015	277.4256	60.164864	400.0	400.0	236499	68.00624	15.333538	91.67582	-69.42547	-68.146416	0.6055642	1849.0710537433624
216	202.37593	28.6439	236.04341	166.0336	171.6416	152.85406	272.55017	-371.99762	400.0	400.0	237599	68.00658	15.33597	82.78494	-50.405685	-68.155785	0.46139196	1857.5641694068909
217	169.27701	33.041847	202.31886	136.23517	212.47224	54.842476	282.1487	37.855957	400.0	400.0	238699	67.996994	15.33319	113.798744	-88.479996	-68.14803	0.50450164	1866.2719333171844
218	227.23341	25.585531	247.17947	191.11569	182.47623	138.09196	283.90317	-392.12527	400.0	400.0	239799	68.03348	15.251207	82.75358	-29.933924	-68.185486	0.37627518	1875.01291680336
219	191.18456	14.004381	210.60442	178.10779	187.32706	133.95894	262.6678	-378.656	400.0	400.0	240899	67.985306	15.292168	146.49005	-88.323456	-68.128044	0.6142939	1883.5640850067139
220	215.118	30.34266	256.3497	184.20769	223.00986	32.190487	274.6338	144.68944	400.0	400.0	241999	67.9886	15.282224	83.28558	-34.753357	-68.14027	0.43233898	1892.0260164737701
221	207.21544	18.072174	225.28761	189.14326	224.19612	29.264359	275.9807	160.38864	400.0	400.0	243099	67.99969	15.299731	82.590355	-54.0597	-68.1504	0.4463156	1900.740149974823
222	180.15923	58.829525	249.05301	105.319214	226.4927	28.186163	271.53983	177.40897	400.0	400.0	244199	68.016	15.267544	82.60964	-81.48827	-68.164116	0.4505185	1908.6246902942657
223	158.01068	78.556984	261.86227	71.90982	207.86258	42.565914	273.72363	117.738556	400.0	400.0	245299	67.998566	15.29816	83.47322	-61.49354	-68.14092	0.48904875	1917.0384843349457
224	182.59846	49.14161	223.89853	113.543106	215.1658	26.944527	264.7542	160.13026	400.0	400.0	246399	68.0132	15.239026	89.82107	-138.73473	-68.15143	0.67048925	1925.5343079566956
225	191.57657	42.752403	234.32898	148.82417	221.54802	49.132133	275.78378	80.62865	400.0	400.0	247499	67.977356	15.24715	82.183334	-44.23089	-68.12506	0.3335954	1933.969556093216
226	256.6462	9.958114	270.685	248.66235	215.98433	37.99588	271.9453	104.16721	400.0	400.0	248599	67.96701	15.291828	110.514565	-98.3693	-68.11143	0.65905356	1942.4362580776215
227	220.09816	18.047983	243.31104	199.30116	221.86166	61.523136	273.43585	7.2806935	400.0	400.0	249699	68.034874	15.2094555	82.243866	-41.03832	-68.1805	0.36801088	1951.1871573925018
228	212.26154	64.68875	267.98056	121.56498	216.46838	46.674934	275.15677	79.70828	400.0	400.0	250799	68.042496	15.237035	82.25259	-43.852394	-68.189674	0.39346895	1960.1325688362122
229	10.762733	179.94083	190.70357	-169.1781	184.09207	75.11174	274.5477	36.378155	400.0	400.0	251899	67.995285	15.295941	82.33326	-49.523144	-68.13573	0.47569054	1968.838026046753
230	240.58228	3.3505466	243.13763	235.8489	229.62979	28.563797	276.90198	148.3271	400.0	400.0	252999	67.99036	15.327891	82.403984	-75.84898	-68.1325	0.54237825	1978.4098453521729
231	232.86559	13.011564	251.26392	223.3887	203.08739	43.723804	282.77975	72.94636	400.0	400.0	254099	67.97255	15.327019	109.19005	-57.049103	-68.11254	0.5361394	1987.9965093135834
232	162.98225	92.35461	282.05713	56.969646	221.59346	38.95215	276.3553	137.8509	400.0	400.0	255199	67.96235	15.394564	82.33045	-43.737793	-68.112206	0.29648054	1996.2620403766632
233	195.93188	26.878319	222.8102	169.05356	211.18108	50.032932	276.64908	88.49993	400.0	400.0	256299	67.9738	15.4131775	82.48153	-68.02373	-68.11129	0.50590765	2004.828999042511
234	209.36578	12.077477	225.32799	196.1212	209.52481	37.581165	272.4667	149.17857	400.0	400.0	257399	67.9778	15.414839	91.65572	-71.95297	-68.123184	0.51110387	2012.8507339954376
235	210.11469	54.365456	267.1043	136.92601	215.93567	34.997314	270.89777	114.29675	400.0	400.0	258499	68.05124	15.347955	82.258026	-65.73305	-68.19884	0.42126936	2021.1987838745117
236	225.26862	25.243618	257.93927	196.47008	218.57158	43.417732	274.5853	100.85064	400.0	400.0	259599	68.074005	15.329715	88.44559	-56.793983	-68.21453	0.48698658	2029.4558651447296
237	198.3805	21.99997	220.38046	176.38052	216.22424	39.583668	275.8718	124.17476	400.0	400.0	260699	68.09861	15.252875	91.794014	-82.143135	-68.234955	0.49625844	2037.1291997432709
238	217.88896	20.03305	245.72836	199.41841	222.02669	22.929249	276.4938	183.89272	400.0	400.0	261799	68.02859	15.298462	82.138054	-42.62736	-68.16761	0.43211514	2045.0427227020264
239	236.10571	25.801853	261.14386	200.59921	214.11238	42.773872	277.94333	138.1297	400.0	400.0	262899	68.04931	15.2778635	116.97352	-93.52971	-68.19249	0.48315963	2053.513646364212
240	204.52246	19.824703	230.93945	183.18161	223.18718	38.21337	273.1764	151.99973	400.0	400.0	263999	68.13039	15.138583	82.128265	-83.64846	-68.27534	0.3507241	2061.712827682495
241	223.09535	17.812515	240.90787	205.28284	205.9209	61.541622	271.64352	40.18147	400.0	400.0	265099	68.10163	15.179872	88.9981	-69.55997	-68.239075	0.48062688	2071.3138303756714
242	190.48933	105.7711	274.30466	41.2852	193.29024	35.033783	251.01297	123.79519	400.0	400.0	266199	68.09616	15.135979	86.1995	-40.903023	-68.23381	0.421735	2079.7878901958466
243	239.04333	34.580894	283.3167	198.91614	213.46103	44.441288	274.33948	94.918724	400.0	400.0	267299	68.068375	15.151807	150.23613	-93.91379	-68.198685	0.5216487	2088.779871940613
244	216.1635	69.04549	278.41205	119.88742	207.36621	63.4691	281.0012	31.61617	400.0	400.0	268399	68.09767	15.090384	94.168076	-48.78099	-68.23751	0.42538857	2097.230107307434
245	252.3766	0.25712585	252.63373	252.11948	210.10608	37.778748	271.4535	139.71791	400.0	400.0	269499	68.11673	15.039024	86.14001	-46.861652	-68.255936	0.43506402	2106.0366427898407
246	148.81679	135.38786	278.6119	-37.981285	199.91281	87.03449	279.43927	-138.47528	400.0	400.0	270599	68.107666	15.07532	81.62935	-64.827385	-68.243935	0.45035267	2114.8751356601715
247	181.98045	31.9317	221.65225	143.46136	191.55313	81.4955	277.2893	-94.63943	400.0	386.5	271699	68.11925	15.071828	199.45644	-83.60718	-68.25231	0.5978231	2123.4659814834595
248	212.40251	75.275406	275.98837	106.669	214.42007	53.04449	283.16925	70.94806	400.0	400.0	272799	68.079636	15.13963	135.33476	-148.2579	-68.21311	0.6182697	2132.234827041626
249	197.88283	21.235657	219.11848	176.64717	233.77588	26.127808	270.43372	152.82626	400.0	400.0	273899	68.0676	15.173426	82.39795	-43.498386	-68.203705	0.39973623	2141.93337225914
250	231.10388	16.998665	254.18349	213.73904	162.16438	119.25511	275.57562	-150.14775	400.0	375.9	274999	68.05026	15.197921	81.42152	-41.404945	-68.18571	0.4029076	2151.390285730362
