Epoch	AverageEpRet	StdEpRet	MaxEpRet	MinEpRet	AverageTestEpRet	StdTestEpRet	MaxTestEpRet	MinTestEpRet	EpLen	TestEpLen	TotalEnvInteracts	AverageQVals	StdQVals	MaxQVals	MinQVals	LossPi	LossQ	Time
1	-114.804924	46.932365	-67.87256	-161.73729	-128.93259	145.53165	90.30041	-343.31186	400.0	400.0	1099	-0.35112718	0.11382973	0.18886417	-0.94648707	0.2920608	0.093776025	4.050703525543213
2	-67.01342	24.577696	-32.885216	-89.78225	-52.51536	88.335335	197.08716	-223.9896	400.0	267.8	2199	-0.8663552	0.640505	0.531897	-5.0329733	0.7990183	0.036860794	10.151140213012695
3	6.862646	6.786577	15.265413	-1.3551507	83.06005	101.02454	212.0007	-195.90793	400.0	399.85	3299	-0.85644513	1.1465623	2.0627432	-6.7802486	0.643965	0.019190695	16.832439661026
4	-53.861225	32.614178	-9.1042185	-85.89036	59.118233	126.19089	234.62495	-191.85771	400.0	400.0	4399	-0.19612432	1.5039843	3.660536	-7.8212986	-0.020666441	0.019008879	25.023343324661255
5	-78.3903	47.91756	-30.472736	-126.30786	-19.070915	152.47704	295.49875	-232.31274	400.0	376.9	5499	0.24108304	1.8026737	5.6093616	-8.52594	-0.44385904	0.021792242	31.619492053985596
6	6.8404794	113.676865	167.59688	-74.83486	-32.60347	159.56119	253.75008	-281.82794	400.0	360.15	6599	0.94682276	2.328355	7.5528293	-9.583517	-1.2271733	0.026512625	38.77850580215454
7	-55.112965	44.391438	3.275568	-104.28181	-131.17749	86.179184	83.740105	-248.17102	400.0	346.25	7699	1.9729227	2.7689314	9.679783	-10.022452	-2.327911	0.040401418	45.812806367874146
8	-26.183441	55.518753	47.497746	-86.51469	-46.998135	90.113884	137.20515	-157.40352	400.0	359.1	8799	3.6934566	3.1985943	12.060977	-9.69511	-4.1987395	0.055499904	52.897589445114136
9	-81.84799	19.430569	-62.41742	-101.27856	-39.71518	95.79471	140.89742	-194.92159	400.0	361.8	9899	5.7720375	3.424773	15.127647	-9.821427	-6.2921495	0.06339035	60.944804430007935
10	-103.82496	10.300279	-90.99485	-116.21369	59.626415	129.13953	229.14224	-238.8487	400.0	372.0	10999	7.502011	3.7320366	18.202177	-9.039247	-8.0297785	0.0773918	67.72659516334534
11	-67.527245	53.017284	0.54310673	-128.785	83.92724	126.9597	242.07925	-131.98703	400.0	361.15	12099	9.507897	4.110069	21.789888	-7.575742	-10.1373	0.10307953	75.73685121536255
12	-89.2398	13.684173	-70.70582	-103.32898	7.838594	131.2397	184.86552	-188.641	400.0	382.95	13199	11.827576	4.354109	26.151684	-5.8344517	-12.528234	0.09979066	84.07300281524658
13	-4.0237865	51.01124	46.98745	-55.035023	71.34651	133.87534	228.99992	-230.039	400.0	380.15	14299	14.343293	4.844359	30.553797	-6.8314943	-15.064229	0.10579406	91.83380603790283
14	-84.423805	60.304863	-5.2057977	-151.38962	-47.08815	146.68594	188.73015	-299.6281	400.0	388.15	15399	16.672224	5.445795	33.94483	-8.796003	-17.354153	0.1332882	98.89783191680908
15	75.46552	102.372765	150.4704	-69.27952	51.13482	131.64606	221.13835	-177.87022	348.66666	351.25	16499	18.81137	6.0594807	36.49005	-8.742559	-19.329311	0.13776404	105.80008125305176
16	-73.51631	83.03763	32.297653	-170.53027	27.929932	113.87644	169.88167	-201.73453	355.0	392.15	17599	19.389736	7.0096736	38.72982	-7.489276	-19.760067	0.13686141	112.5502552986145
17	98.924934	59.95939	170.82877	24.049095	90.03468	136.2062	247.0946	-198.97556	400.0	391.9	18699	20.053087	8.040534	40.77419	-8.082708	-20.380674	0.13449919	118.73836326599121
18	-17.552881	159.51128	207.09332	-147.6617	73.107925	68.026634	158.6728	-140.1828	400.0	400.0	19799	20.723955	9.0451975	43.59154	-11.005641	-21.100197	0.17395194	126.04980206489563
19	133.3298	35.402027	168.73183	97.92777	75.20465	74.47585	247.47919	-68.12127	400.0	386.85	20899	21.640127	9.769572	46.525013	-12.615334	-22.05506	0.20813584	133.28190803527832
20	157.59717	11.235682	173.02939	146.60301	129.51413	46.707752	194.65201	-15.249775	400.0	400.0	21999	23.153053	10.342225	49.126125	-12.186436	-23.618853	0.207713	139.9633927345276
21	111.23336	83.231186	207.22418	4.242478	124.296005	50.10597	231.39114	39.26288	400.0	400.0	23099	24.662485	10.980619	51.24739	-12.970734	-25.1044	0.19506098	146.61034226417542
22	156.02303	41.269253	214.38261	126.255035	149.77295	43.090286	205.3364	19.941729	400.0	400.0	24199	26.183382	11.522869	53.53377	-13.820873	-26.63189	0.19916864	154.01335382461548
23	175.43414	6.571945	182.00609	168.8622	133.97293	38.836475	189.75131	59.240677	400.0	400.0	25299	27.734636	12.029742	55.192444	-14.1810055	-28.192045	0.18839602	161.35152769088745
24	141.35645	8.320262	151.75296	131.38593	170.21596	43.351334	230.35655	48.068146	400.0	400.0	26399	29.471617	12.415097	57.210022	-14.634477	-29.935099	0.19609043	168.4780240058899
25	196.44978	14.015788	216.11473	184.46532	191.332	34.14715	238.53896	121.443886	400.0	400.0	27499	31.157822	12.829477	58.881355	-18.078947	-31.583704	0.1951497	175.42169833183289
26	189.12239	57.72799	243.87045	109.3006	165.6821	34.513573	221.06259	118.743774	400.0	400.0	28599	32.591724	13.192622	60.649822	-15.3821	-33.01674	0.18981756	182.60035467147827
27	177.71512	5.8367233	183.55185	171.8784	181.74808	36.721264	266.36108	101.38083	400.0	400.0	29699	34.178265	13.585709	62.226994	-15.570378	-34.60644	0.18665403	189.91159009933472
28	214.14075	35.420856	246.42117	164.82771	205.94702	45.85122	266.3079	92.68707	400.0	400.0	30799	35.770252	13.990575	63.843662	-15.707101	-36.19354	0.19127564	198.41940450668335
29	204.03961	29.885593	237.7	165.07445	184.96509	40.783043	245.8353	109.700264	400.0	400.0	31899	37.35994	14.286308	65.25843	-15.781678	-37.787094	0.20015164	205.96087098121643
30	221.60951	7.836206	232.68193	215.67287	174.37737	37.404602	262.2967	115.03525	400.0	400.0	32999	38.958393	14.432201	66.63681	-18.702105	-39.379086	0.21038854	213.44456505775452
31	173.52078	6.3358154	179.8566	167.18497	167.99673	30.29205	215.766	110.59854	400.0	400.0	34099	40.479675	14.475619	68.03041	-18.435762	-40.933933	0.2221614	220.99002242088318
32	154.89735	59.219746	237.69879	102.61503	160.55693	37.818672	224.26894	97.56795	400.0	400.0	35199	42.037285	14.55151	69.1203	-18.939648	-42.473843	0.23155679	228.3284821510315
33	165.61568	25.962292	193.41273	130.94328	144.98068	27.847229	196.7034	82.307396	400.0	400.0	36299	43.266758	14.430051	69.67874	-19.243328	-43.664738	0.20945837	235.2588083744049
34	156.73537	15.1517725	168.88293	135.3746	173.89316	73.34704	237.85675	-94.43165	400.0	386.1	37399	44.440697	14.268422	69.89217	-15.64481	-44.842476	0.18899417	242.72684168815613
35	137.12715	71.83727	208.96442	65.28988	192.61113	40.25697	244.05194	72.35199	400.0	400.0	38499	45.47398	14.170724	70.178	-15.112167	-45.87078	0.17441148	249.8405818939209
36	184.78032	20.111893	207.58589	158.6581	184.88873	56.679535	259.7807	63.263744	400.0	400.0	39599	46.560158	14.156569	70.18109	-14.4683895	-46.935333	0.15768857	256.45598316192627
37	198.10242	10.332096	212.23576	187.82411	169.42307	71.41433	244.72026	-74.07078	400.0	385.5	40699	47.49038	14.235912	69.98138	-14.488611	-47.85216	0.15216026	263.92232036590576
38	169.32945	18.9764	191.98819	145.5465	171.85425	72.769554	274.64584	2.004215	400.0	400.0	41799	48.411613	14.347779	69.74596	-12.628398	-48.78157	0.15194464	271.27259707450867
39	144.77031	5.405945	150.17625	139.36436	189.69238	38.005157	262.69333	101.72096	400.0	400.0	42899	49.304676	14.450391	70.019554	-11.066668	-49.67154	0.15407313	279.71628618240356
40	155.34987	33.135677	201.88235	127.28722	176.62747	36.212936	233.57434	108.633575	400.0	400.0	43999	50.13616	14.432541	69.86562	-13.459584	-50.49963	0.15620558	286.8462402820587
41	141.60956	28.1562	181.41144	120.70098	191.73969	31.047222	250.59659	126.290764	400.0	400.0	45099	50.941	14.448976	70.00632	-14.096797	-51.30905	0.15197912	293.9588532447815
42	152.37137	11.431834	167.45639	139.7928	188.3771	43.947693	258.81528	114.47709	400.0	400.0	46199	51.615562	14.414646	70.179245	-14.161976	-51.974014	0.14186025	301.08640456199646
43	196.17096	0.69008636	196.86105	195.48088	169.2626	49.66505	241.96329	39.3947	400.0	400.0	47299	52.36547	14.3983555	70.57358	-11.68668	-52.71059	0.14842345	308.7702417373657
44	217.59631	12.64378	229.2162	200.01643	160.10107	56.406864	247.92943	62.54931	400.0	400.0	48399	53.107227	14.328885	70.710625	-10.943561	-53.436768	0.14926974	317.30238008499146
45	199.77063	56.487442	242.25331	119.94036	139.95511	76.81136	263.06992	12.227613	400.0	400.0	49499	53.69515	14.294751	70.907166	-11.259061	-54.027977	0.15871961	324.5743613243103
46	162.0338	83.24741	245.86931	48.534588	167.7927	44.708878	233.78465	62.605663	400.0	400.0	50599	54.41285	14.226281	71.295906	-10.073353	-54.745247	0.15313797	331.604558467865
47	197.3998	48.813675	246.21347	148.58612	132.70009	79.466125	222.99274	-86.4657	400.0	400.0	51699	55.038933	14.138269	72.10551	-9.505217	-55.379124	0.14610016	338.4878375530243
48	205.25328	10.645397	215.7141	190.64656	180.61496	33.569763	243.90393	105.68741	400.0	400.0	52799	55.696224	13.94317	72.8876	-7.8834996	-56.036224	0.14239804	346.8104565143585
49	142.59633	25.03555	164.0504	107.47748	175.58047	89.41055	243.53873	-183.43849	400.0	400.0	53899	56.248543	13.774507	73.59408	-9.264733	-56.579674	0.13507493	353.8911828994751
50	183.36885	30.936226	206.52568	139.64397	151.05096	76.91891	236.28546	-76.07914	400.0	400.0	54999	56.725777	13.573733	74.14026	-7.914094	-57.04422	0.13271229	360.8228647708893
51	174.06071	58.701923	232.76263	115.35879	160.25146	56.983913	230.96518	-30.45579	400.0	400.0	56099	57.20877	13.561916	74.58692	-7.6325607	-57.516964	0.13150555	367.9535415172577
52	207.50256	39.443405	249.32898	154.62709	188.87392	46.398212	257.5494	93.78946	400.0	400.0	57199	57.67124	13.562231	75.02243	-8.892978	-57.97368	0.13724685	375.2974843978882
53	229.80598	8.710116	240.35628	219.02469	204.81694	36.194954	264.46713	136.92091	400.0	400.0	58299	58.13323	13.458308	75.17123	-5.3493953	-58.438156	0.13246033	382.8625566959381
54	201.74602	29.952559	229.13248	160.06673	197.88559	33.8862	247.11545	107.27739	400.0	400.0	59399	58.554474	13.33466	75.21638	-4.1684437	-58.86314	0.1288824	390.23777437210083
55	181.83963	14.292099	196.13173	167.54753	210.65999	33.955845	252.08719	119.50349	400.0	400.0	60499	59.02182	13.225839	75.68389	-2.3931012	-59.335823	0.13096224	397.6051082611084
56	212.68431	15.031958	229.12785	192.79433	157.14505	38.028973	218.94604	87.1491	400.0	400.0	61599	59.53042	13.1007395	75.43255	-2.451736	-59.854168	0.13574891	404.7218029499054
57	155.38441	36.503693	202.66693	113.79734	160.56183	45.0952	239.5535	62.86532	400.0	400.0	62699	59.94232	13.024775	75.43879	-3.938257	-60.236065	0.1301896	412.39289116859436
58	197.41405	14.355272	212.03902	177.90756	187.48085	41.733936	239.10358	69.49884	400.0	400.0	63799	60.17919	12.993904	75.72655	1.2813368	-60.45426	0.12752292	419.5551862716675
59	223.93088	16.70089	240.63177	207.23	181.7322	42.499016	243.17464	89.618416	400.0	400.0	64899	60.420696	12.926375	75.89438	-0.5733724	-60.69051	0.1370189	426.6639802455902
60	215.78906	16.26375	236.8698	197.28212	202.62091	39.30048	267.29373	136.51898	400.0	400.0	65999	60.612595	12.959703	76.495415	-2.8820326	-60.89566	0.13573611	433.25694847106934
61	197.56877	7.738655	205.32451	187.00386	171.58902	132.57492	279.40897	-371.8678	400.0	400.0	67099	60.946735	13.005168	76.99168	-5.246944	-61.236732	0.13042	440.48822712898254
62	194.3338	25.16341	229.84058	174.51947	188.64331	102.038216	270.4104	-235.73639	400.0	400.0	68199	61.236347	13.055939	77.069786	-7.4877553	-61.523167	0.12713505	449.14403104782104
63	226.78699	10.879326	237.66632	215.90767	184.75198	51.235012	278.16977	85.28197	400.0	400.0	69299	61.571194	13.046969	76.998726	-10.028572	-61.854412	0.12157476	456.43380975723267
64	182.97762	41.339024	224.46732	126.563095	180.62613	45.733643	247.92456	69.92799	400.0	400.0	70399	61.86213	12.990415	76.90633	-10.612461	-62.135567	0.12079476	465.0165419578552
65	162.0128	15.048594	175.84943	141.09088	190.82355	51.905685	267.03702	83.75643	400.0	400.0	71499	62.01226	12.978913	76.84739	-10.612348	-62.268642	0.11458362	472.2110331058502
66	229.87529	10.398377	244.57874	222.30981	198.18503	41.25171	251.73552	75.235535	400.0	400.0	72599	62.166344	12.957758	76.83433	-9.891669	-62.418198	0.11668381	479.39370346069336
67	206.6062	24.903343	231.50955	181.70287	212.04874	42.54146	268.5751	90.970795	400.0	400.0	73699	62.273033	12.991228	76.78907	-9.593981	-62.529633	0.11303856	486.36102080345154
68	205.91554	14.494082	216.37668	185.4193	204.92233	52.034744	272.09277	118.27036	400.0	400.0	74799	62.488758	12.898641	76.98984	-9.249205	-62.746506	0.11512433	493.0031900405884
69	213.63104	4.8900266	217.98813	206.80165	193.93965	47.041237	260.59146	60.58779	400.0	400.0	75899	62.677746	12.787699	77.13712	-8.281848	-62.927094	0.12021275	500.172189950943
70	202.14459	24.558546	230.15945	170.35912	217.1412	30.215645	266.23932	162.28815	400.0	400.0	76999	62.793724	12.688889	77.03985	-8.20286	-63.037884	0.1160863	507.3315804004669
71	170.66263	34.611504	205.27414	136.05113	172.3484	133.82188	249.87561	-379.1167	400.0	400.0	78099	62.87323	12.653096	77.0414	-8.232268	-63.110027	0.114339046	514.0348033905029
72	212.34828	1.5919741	213.62619	210.1041	187.89844	35.192123	250.13707	123.45582	400.0	400.0	79199	62.930042	12.630584	76.69002	-8.972843	-63.15986	0.11276301	521.7151851654053
73	211.41228	14.62777	232.00642	199.42166	209.13733	42.088207	268.2643	103.2814	400.0	400.0	80299	63.005497	12.604738	76.37903	-10.855478	-63.22422	0.105371326	530.3032236099243
74	181.5351	25.372925	203.19731	145.93022	201.49113	33.600124	256.3047	136.26845	400.0	400.0	81399	62.97119	12.656811	76.08768	-12.486605	-63.178623	0.11062597	537.6635141372681
75	211.76099	4.561531	216.32253	207.19946	213.98955	34.530014	259.1275	142.00583	400.0	400.0	82499	62.906284	12.675904	75.73615	-13.861959	-63.11635	0.1141833	543.9501304626465
76	242.15135	8.681965	253.52621	232.4609	205.6665	42.298122	276.5577	98.87634	400.0	400.0	83599	62.94185	12.677012	75.38009	-14.12181	-63.16041	0.1203851	551.1611895561218
77	215.60205	33.204075	261.76642	185.07648	224.14815	27.865234	268.2231	171.39618	400.0	400.0	84699	62.996704	12.688409	75.15884	-13.7788315	-63.219837	0.1158674	558.2846982479095
78	229.31104	19.834164	257.3561	214.84462	221.19498	26.640215	261.4169	156.11954	400.0	400.0	85799	63.13406	12.636631	74.9595	-11.60538	-63.361294	0.11595931	565.1001274585724
79	178.08408	19.696312	197.7804	158.38777	215.30171	35.62474	272.00366	140.48863	400.0	400.0	86899	63.215893	12.609529	74.78459	-8.279773	-63.44443	0.11360009	572.5944302082062
80	229.12177	11.318505	242.21927	214.60405	212.33975	42.455593	275.4911	88.44976	400.0	400.0	87999	63.35547	12.573576	74.580635	-4.341017	-63.578396	0.11639095	579.5527176856995
81	205.53674	37.585888	247.67656	156.4093	207.32227	44.29566	268.36716	113.328926	400.0	400.0	89099	63.45531	12.601263	74.41341	-1.7993324	-63.675602	0.11955891	588.0619633197784
82	217.63094	22.671541	247.96326	193.46695	221.8439	40.068085	272.48022	137.45097	400.0	400.0	90199	63.514828	12.649088	74.34553	-3.1465876	-63.73922	0.12820426	595.5967683792114
83	165.11867	24.747375	189.86604	140.37129	194.06888	40.562855	263.17126	116.52431	400.0	400.0	91299	63.6031	12.692611	74.442245	-4.869641	-63.830566	0.12289738	603.1519804000854
84	193.91927	62.31941	261.26862	111.0144	204.6918	39.473236	258.12625	119.94201	400.0	400.0	92399	63.712173	12.660313	74.58676	-6.340803	-63.933067	0.12239144	610.1047828197479
85	205.26903	44.636974	266.7508	162.13127	212.73087	35.776955	282.22348	125.36573	400.0	400.0	93499	63.80802	12.636089	74.75116	-7.5585394	-64.022125	0.11521221	617.3509750366211
86	219.19734	38.60752	247.98265	164.62553	214.1353	36.13022	267.7433	131.17842	400.0	400.0	94599	63.921497	12.582215	74.755646	-8.225728	-64.134445	0.11863562	624.045485496521
87	207.49649	31.257698	238.75418	176.23878	211.07942	45.781937	284.54123	93.23051	400.0	400.0	95699	63.96597	12.653863	74.79741	-8.681982	-64.179375	0.116547726	631.2296900749207
88	173.41158	18.969282	198.96725	153.56754	196.32147	30.637949	251.53265	122.20166	400.0	400.0	96799	63.99563	12.71572	74.80809	-8.829964	-64.19946	0.11283758	639.0105130672455
89	180.88213	55.348446	254.88441	121.79202	199.03104	35.8826	257.17657	148.27644	400.0	400.0	97899	64.00601	12.862782	74.98474	-9.874056	-64.20025	0.113043755	647.5999848842621
90	192.60265	54.0397	265.44275	136.15329	191.32721	43.124996	258.80783	80.954895	400.0	400.0	98999	64.02773	12.991027	75.10925	-10.060138	-64.22247	0.11923918	654.859700679779
91	202.21196	36.067673	238.27963	166.14429	203.05772	31.532389	252.24986	121.57693	400.0	400.0	100099	64.041115	13.01099	75.16265	-9.792344	-64.23848	0.12413241	661.3145024776459
92	177.20447	10.529431	191.8822	167.69156	211.22786	36.841278	271.7804	150.16818	400.0	400.0	101199	64.06777	12.955854	75.13015	-7.5190845	-64.27212	0.120898925	668.4492893218994
93	199.25818	39.701363	255.14021	166.60599	195.24118	85.4391	270.38452	-89.52004	400.0	400.0	102299	64.18171	12.866174	75.177216	-8.335656	-64.39931	0.12551884	675.4354338645935
94	228.03645	40.398838	261.94455	171.26056	181.99174	63.399147	262.3629	8.276758	400.0	400.0	103399	64.36706	12.724084	75.326546	-5.3049808	-64.58247	0.120275445	682.4431459903717
95	187.53574	12.708183	200.24393	174.82756	176.49367	66.127106	264.23117	0.3856315	400.0	400.0	104499	64.498474	12.5691	75.34373	-5.118586	-64.70418	0.116184734	689.5796256065369
96	229.58629	16.954224	250.14563	208.62234	181.98882	135.04816	278.65775	-362.36606	400.0	400.0	105599	64.556175	12.518977	75.208115	-4.307786	-64.74468	0.110734865	696.6090540885925
97	230.8199	32.761433	274.54108	195.68109	202.21176	49.77918	251.61464	59.649136	400.0	400.0	106699	64.58845	12.543324	74.613525	-2.6275792	-64.771645	0.112046525	703.6166069507599
98	213.49377	26.066702	245.93756	182.11404	204.8601	68.94733	275.48456	-48.438107	400.0	400.0	107799	64.57876	12.63069	73.99879	-5.144246	-64.77029	0.12090448	710.6033854484558
99	231.58559	39.659683	271.24527	191.9259	206.24109	49.130222	256.08655	85.51958	400.0	400.0	108899	64.704704	12.571413	74.03485	-1.633393	-64.90499	0.13197374	717.615650177002
100	163.11559	80.37286	258.44754	61.84401	202.246	36.03025	260.23767	107.21688	400.0	400.0	109999	64.82149	12.551637	74.11974	-1.0241656	-65.03225	0.13850613	724.3357238769531
101	197.95148	38.086143	251.81143	170.62135	220.33542	38.07241	269.40115	159.23813	400.0	400.0	111099	64.98214	12.508108	74.26865	-1.479866	-65.192184	0.13727126	731.0371119976044
102	196.82318	32.721584	241.87811	165.15282	203.60735	44.27474	272.44647	102.35988	400.0	400.0	112199	65.10977	12.433165	74.55396	-1.9361478	-65.319244	0.13797835	738.0366251468658
103	211.61035	34.13092	245.74127	177.47943	215.20866	37.585533	259.97034	134.79156	400.0	400.0	113299	65.23588	12.341398	74.585434	-5.0312614	-65.43914	0.13546501	745.0162334442139
104	190.63634	29.191414	230.52168	161.46992	208.47583	45.570854	272.53903	116.73316	400.0	400.0	114399	65.323875	12.335921	74.62442	-3.6096745	-65.52275	0.12280837	752.0030031204224
105	186.35457	40.309753	239.75607	142.37598	219.09004	30.351456	273.8895	154.63048	400.0	400.0	115499	65.405075	12.370451	74.73905	-7.3659024	-65.6009	0.11892312	759.2624216079712
106	221.06609	27.599127	256.89896	189.74922	221.7909	40.092686	279.4273	124.39411	400.0	400.0	116599	65.45159	12.455459	75.17009	-6.7349205	-65.651436	0.12046473	767.8781821727753
107	223.70084	10.012405	233.71324	213.68843	204.04433	34.47963	268.4044	147.68228	400.0	400.0	117699	65.57792	12.4983425	75.70953	-6.010868	-65.79274	0.120780095	776.3122506141663
108	221.43987	23.07224	240.99678	189.04199	213.11646	32.200912	275.51672	145.56464	400.0	400.0	118799	65.79348	12.40241	75.805504	-2.4616835	-65.99857	0.12381765	784.8100361824036
109	222.67415	25.292234	252.44621	190.61943	195.40472	40.046238	261.2828	99.17228	400.0	400.0	119899	65.88761	12.307447	75.78255	-2.1007571	-66.08172	0.125112	793.2890355587006
110	197.01997	30.95253	240.7924	174.8702	182.08127	69.42564	263.66605	31.51374	400.0	400.0	120999	65.90969	12.280181	75.71354	-4.50058	-66.09831	0.12819958	800.4186818599701
111	187.88507	65.57818	253.46324	122.30689	206.74825	48.141617	272.93756	94.51751	400.0	400.0	122099	65.91738	12.302149	75.85853	-1.3352393	-66.101616	0.13133454	807.9069395065308
112	218.2419	43.24069	258.6076	158.27724	190.42459	46.949543	253.84628	103.669426	400.0	400.0	123199	65.92926	12.323402	75.96688	-1.9347341	-66.1098	0.12996419	815.3033492565155
113	187.01906	71.96064	244.52171	85.551956	189.14996	51.537376	283.1833	82.14817	400.0	400.0	124299	65.925995	12.342064	76.163666	-3.1027563	-66.10192	0.13015306	823.7840270996094
114	214.81432	43.26046	256.80463	155.2859	198.84494	59.520107	263.5972	5.5390806	400.0	400.0	125399	65.91215	12.396014	76.20669	-2.7196836	-66.08203	0.12365516	830.2911510467529
115	212.80731	28.820381	241.62769	183.98692	207.65315	42.73584	263.95465	108.2225	400.0	400.0	126499	65.82625	12.5469	76.34857	-0.94717836	-65.995415	0.11672974	837.1744182109833
116	210.84833	40.587563	268.23178	180.98174	218.72592	34.398838	274.83707	149.06525	400.0	400.0	127599	65.86109	12.640939	76.43629	-5.75235	-66.036194	0.1215612	844.6385357379913
117	202.4577	35.233723	247.32135	161.24922	202.95592	31.14774	260.52637	156.92722	400.0	400.0	128699	65.90985	12.664953	76.40408	-2.0200207	-66.09034	0.11708917	853.0908575057983
118	233.53645	37.669834	262.88568	180.3587	191.58194	34.888287	266.33893	131.48021	400.0	400.0	129799	65.917046	12.778416	76.44343	-4.1888185	-66.099556	0.12158192	860.4974772930145
119	224.75256	47.696358	272.4489	177.0562	191.2919	32.994846	243.37682	124.618904	400.0	400.0	130899	66.06314	12.698976	76.55552	-5.6470532	-66.24626	0.123008646	867.7756390571594
120	181.56702	25.913923	207.96869	146.35457	200.02158	37.93511	272.5312	144.12907	400.0	400.0	131999	66.07034	12.671276	76.439926	-2.677535	-66.25776	0.13092119	875.0583686828613
121	204.40398	30.525354	247.56874	182.2767	185.8757	44.632202	267.31567	58.785973	400.0	400.0	133099	66.1857	12.598072	76.3768	-4.4955664	-66.37469	0.13079299	882.0151801109314
122	199.09651	61.65401	266.15103	117.30338	202.5408	33.43773	244.84776	138.16023	400.0	400.0	134199	66.31228	12.493872	76.53241	-5.251807	-66.505585	0.13730815	889.2458248138428
123	205.75989	47.86943	253.62932	157.89046	195.94391	38.605564	253.94281	92.95427	400.0	400.0	135299	66.3958	12.446503	76.63204	-6.5541186	-66.59101	0.13506193	897.0515928268433
124	178.36334	42.49922	237.87015	141.29689	201.5703	34.360497	249.47003	114.646454	400.0	400.0	136399	66.49327	12.291361	76.63835	-4.8044543	-66.686775	0.13018504	905.5805823802948
125	210.01671	56.01415	257.37134	131.34364	205.95381	41.561333	264.69977	97.35567	400.0	400.0	137499	66.60879	12.147876	76.585175	-2.6791549	-66.8006	0.14312463	912.8149948120117
126	231.7881	24.914612	259.58594	199.13907	198.31229	34.654133	264.91394	129.01259	400.0	400.0	138599	66.69254	12.057805	76.62645	-2.7937331	-66.87838	0.14102358	920.0846974849701
127	216.4169	10.598259	227.01517	205.81865	202.00386	30.73811	264.8528	138.72249	400.0	400.0	139699	66.73956	12.015927	76.88139	-5.173111	-66.920555	0.13623522	927.2720549106598
128	212.83186	24.80029	240.93362	180.60683	199.58528	26.811073	254.20244	163.7305	400.0	400.0	140799	66.8011	11.983991	77.10153	-4.3738947	-66.98865	0.13131094	935.7774357795715
129	187.85272	13.0922	199.51225	169.56703	200.24222	38.714657	281.7471	139.1066	400.0	400.0	141899	66.900154	12.00729	77.32652	-2.330108	-67.098175	0.13883416	942.7521541118622
130	236.89563	36.78505	265.11395	184.93802	193.30795	41.803745	287.77493	122.9734	400.0	400.0	142999	67.013016	11.970466	77.51506	-4.3693247	-67.20286	0.13726681	951.1480140686035
131	205.69885	18.53289	224.23174	187.16595	215.01897	39.026657	270.44867	136.61633	400.0	400.0	144099	67.14558	11.954544	78.29452	-6.2959485	-67.3403	0.13109702	957.7335939407349
132	218.1346	27.2607	249.67908	183.16788	208.81807	28.346031	259.37518	159.64186	400.0	400.0	145199	67.239555	12.014619	79.05673	-6.102055	-67.43159	0.124937	964.6219563484192
133	210.2069	4.4063373	214.42406	204.12523	218.5324	34.711994	272.42096	137.74236	400.0	400.0	146299	67.30577	12.010408	79.554985	-5.2883644	-67.49011	0.11815976	971.5804426670074
134	211.81818	13.065696	228.9532	197.26219	215.48587	36.888794	271.51404	126.33923	400.0	400.0	147399	67.30904	12.014504	79.884415	-3.9157183	-67.49051	0.11758363	978.1839761734009
135	165.21748	34.346985	199.56447	130.8705	213.71606	35.57203	270.60672	162.25568	400.0	400.0	148499	67.34124	12.023425	80.24474	-3.0829527	-67.52493	0.11730521	985.0889182090759
136	225.41095	2.294464	227.98938	222.41568	208.30417	36.054996	271.55887	135.90602	400.0	400.0	149599	67.3856	12.005021	80.52368	-3.7904766	-67.56551	0.11505738	992.2096729278564
137	209.89922	13.5922365	222.31023	190.98157	204.97171	27.264868	263.78732	160.34914	400.0	400.0	150699	67.42253	11.971497	80.60223	-2.8420548	-67.59662	0.11283197	999.3337697982788
138	174.29395	60.65629	255.56589	109.8897	220.26273	30.96897	266.0313	147.6721	400.0	400.0	151799	67.39203	11.970858	80.51344	-7.447297	-67.55537	0.116837494	1006.0029048919678
139	198.69333	1.7928772	200.4862	196.90045	214.08353	26.789356	259.54715	152.26144	400.0	400.0	152899	67.30637	11.967445	80.30085	-3.8043509	-67.46711	0.11602598	1012.3739221096039
140	225.66139	31.748547	268.64453	192.93182	196.39412	37.9266	258.5932	132.74156	400.0	400.0	153999	67.27415	11.913868	80.11488	-3.7228184	-67.43631	0.11608737	1020.9886202812195
141	249.169	32.92015	279.49496	203.41426	206.40002	32.37964	254.26793	151.48415	400.0	400.0	155099	67.28965	11.837187	79.9806	-3.5454366	-67.4507	0.111127056	1028.1455194950104
142	224.80516	29.638548	265.88583	197.05728	214.38318	32.588608	263.93512	137.076	400.0	400.0	156199	67.2492	11.855418	79.99277	-4.494373	-67.40986	0.10742892	1035.2827079296112
143	190.3836	14.321655	204.70526	176.06195	200.82126	26.277641	260.7974	170.78822	400.0	400.0	157299	67.23088	11.889193	79.90931	-4.289256	-67.38441	0.10601839	1042.708822965622
144	181.95164	32.401356	207.32043	136.22046	209.45003	31.467266	257.32837	159.33191	400.0	400.0	158399	67.15157	11.968564	79.74703	-4.362504	-67.30294	0.107308194	1050.2896263599396
145	242.74573	22.115656	270.3445	216.20335	203.44064	36.841145	274.0617	131.2119	400.0	400.0	159499	67.11473	11.989406	79.45668	-3.0373666	-67.26703	0.108628586	1057.9309785366058
146	210.07288	30.942278	248.30211	172.51833	186.69234	61.408543	265.454	50.67045	400.0	400.0	160599	67.06976	12.045132	79.1579	-3.305321	-67.2241	0.11336409	1066.532074689865
147	216.24142	51.482338	267.72375	164.75908	222.35782	29.97044	270.77557	158.61119	400.0	400.0	161699	67.048615	12.084302	78.93103	-1.5712706	-67.203995	0.111844815	1073.67076253891
148	181.49031	59.088764	258.8647	115.46948	201.44635	35.009327	259.3704	134.52466	400.0	400.0	162799	67.03533	12.086631	78.57966	-2.938215	-67.19616	0.11681702	1079.973631620407
149	206.906	48.510647	256.94736	141.24272	228.8468	39.046814	274.8852	148.18802	400.0	400.0	163899	67.07061	12.100853	78.26319	-2.2052317	-67.24176	0.1194248	1086.2912909984589
150	239.97534	23.788708	269.19925	210.92987	206.85486	40.560246	277.6389	116.37342	400.0	400.0	164999	67.15619	12.031609	78.08561	-4.8936086	-67.32973	0.13349779	1093.2295489311218
151	198.66861	21.050774	219.71939	177.61784	186.3356	49.814445	239.42836	33.338745	400.0	400.0	166099	67.27237	11.9068165	77.907425	-3.3254898	-67.44503	0.12883975	1100.3110175132751
152	199.28284	39.258324	252.88533	159.95549	204.17053	36.685898	265.3812	151.62303	400.0	400.0	167199	67.37311	11.8253	77.76944	-3.9748094	-67.54306	0.12176414	1107.6325170993805
153	198.90636	56.57092	247.39328	119.55239	207.94548	43.16356	263.82193	56.750942	400.0	400.0	168299	67.38931	11.874437	77.59667	-6.013461	-67.55648	0.121253744	1115.2506823539734
154	235.09981	16.871737	247.0569	211.2396	216.7211	30.397001	274.24854	152.79547	400.0	400.0	169399	67.49757	11.860511	77.4348	-8.409617	-67.66151	0.12176909	1122.2318513393402
155	193.61322	6.8653336	200.47856	186.7479	221.26355	27.267511	270.57706	177.05177	400.0	400.0	170499	67.47612	11.950356	77.29709	-10.785058	-67.62709	0.118384026	1129.5317862033844
156	175.96173	29.494205	211.72713	139.49168	215.93924	26.504372	270.72067	153.69199	400.0	400.0	171599	67.43009	11.999031	77.16936	-8.71115	-67.57412	0.1208343	1136.84379529953
157	218.28603	26.439756	238.82838	180.95752	212.53622	28.35911	273.79443	162.68004	400.0	400.0	172699	67.332565	12.090192	77.10016	-10.401067	-67.47679	0.1272291	1144.1047945022583
158	218.98213	36.92904	271.1607	190.97488	201.0098	49.318584	274.68512	67.70272	400.0	400.0	173799	67.33207	12.071006	77.026436	-9.550008	-67.47683	0.12859176	1151.6701033115387
159	189.15596	31.626587	220.78255	157.52937	209.63191	37.787277	271.12607	136.52016	400.0	400.0	174899	67.27258	12.139369	76.93029	-8.740072	-67.41663	0.12513788	1158.0305976867676
160	181.24602	31.988523	217.07993	139.41574	213.12773	39.325905	261.2803	110.070694	400.0	400.0	175999	67.23912	12.1537695	76.80475	-7.79354	-67.384796	0.1353679	1165.1159789562225
161	239.58742	15.910668	255.60686	217.89351	216.03691	32.666626	275.6123	134.79327	400.0	400.0	177099	67.21167	12.17454	76.60524	-9.865534	-67.36076	0.12657484	1172.7823853492737
162	224.66652	32.413445	266.3836	187.35469	212.5767	33.517536	276.22296	148.62839	400.0	400.0	178199	67.241425	12.145239	76.49792	-6.8844213	-67.39168	0.13165681	1179.977844953537
163	234.56085	12.913399	247.47424	221.64745	221.80826	50.062077	275.93698	32.47097	400.0	400.0	179299	67.24771	12.122875	76.4677	-5.652809	-67.40156	0.13378343	1187.139589548111
164	229.41768	39.089153	266.37402	175.33594	208.01591	34.37013	261.14066	103.1392	400.0	400.0	180399	67.29194	12.05778	76.429184	-4.9441314	-67.45003	0.1380163	1194.1616022586823
165	246.12614	18.573923	267.47287	222.19669	206.1368	50.609413	271.16528	84.53215	400.0	400.0	181499	67.37194	11.959183	76.26373	-6.5238185	-67.526596	0.13850896	1201.4560401439667
166	178.72227	44.848454	240.23065	134.56602	216.49063	37.56566	270.46558	146.04535	400.0	400.0	182599	67.40544	11.834601	76.17151	-7.287883	-67.55924	0.13266899	1209.0818815231323
167	186.32803	17.856178	204.18422	168.47186	219.08614	38.741436	267.78915	109.52589	400.0	400.0	183699	67.360794	11.802794	76.0503	-8.099896	-67.50994	0.12884973	1218.0110533237457
168	195.87628	16.553696	217.8186	177.83842	214.21382	30.110437	275.49805	156.28613	400.0	400.0	184799	67.36715	11.710312	76.11927	-8.283911	-67.512245	0.1296241	1226.8331005573273
169	205.25635	24.874088	239.35449	180.71944	229.12573	31.737583	271.89307	168.51736	400.0	400.0	185899	67.31544	11.667338	76.10292	-8.281475	-67.46099	0.13085033	1237.5637018680573
170	216.1367	18.23701	235.19902	191.56049	223.66446	33.21739	281.5728	146.98921	400.0	400.0	186999	67.30713	11.65581	76.043106	-9.255331	-67.45618	0.13750182	1245.9663021564484
171	207.52289	40.76876	248.29164	166.75412	225.50078	33.68776	279.09625	163.54453	400.0	400.0	188099	67.27882	11.665881	75.967545	-9.755423	-67.43074	0.13468151	1253.0041527748108
172	222.34569	8.822942	230.95648	210.21999	213.07083	44.61586	286.83563	115.5637	400.0	400.0	189199	67.33611	11.626331	75.877365	-9.456756	-67.485466	0.1427257	1260.0028116703033
173	217.5494	35.308174	267.37488	189.79634	219.55899	36.190086	287.96732	158.78354	400.0	400.0	190299	67.33298	11.632165	75.88973	-9.462736	-67.4823	0.13493755	1268.23677444458
174	216.16106	28.837334	250.93903	180.326	229.17082	34.056446	272.67255	165.11621	400.0	400.0	191399	67.35436	11.674896	75.84706	-8.849182	-67.50219	0.14084317	1275.4378535747528
175	173.2279	33.596085	206.82399	139.63182	215.93535	29.451748	269.72113	149.55147	400.0	400.0	192499	67.42937	11.65385	75.85776	-9.440658	-67.58877	0.15782152	1282.758314371109
176	223.80505	36.63025	261.09262	174.0182	217.92073	35.62531	284.92474	148.81235	400.0	400.0	193599	67.54091	11.659194	75.94188	-10.888588	-67.70459	0.15750366	1291.3295919895172
177	243.35059	15.621795	265.31268	230.29329	218.0256	34.53804	263.66248	148.67702	400.0	400.0	194699	67.61363	11.587641	75.91114	-10.260552	-67.7748	0.15943362	1298.3562879562378
178	222.99648	6.823041	231.66203	214.98784	218.95667	37.037445	284.6372	156.95905	400.0	400.0	195799	67.689316	11.506041	75.83294	-7.017142	-67.84817	0.15308516	1306.6810808181763
179	231.79146	32.65529	264.44675	199.13617	208.40671	27.190645	255.4396	143.2188	400.0	400.0	196899	67.76754	11.388248	75.66879	-9.968854	-67.92393	0.15242036	1314.3025364875793
180	207.87212	29.844261	242.47697	169.64368	190.82129	32.936363	250.93655	119.409485	400.0	400.0	197999	67.794106	11.333827	75.52774	-6.6586504	-67.945595	0.14660905	1321.774067401886
181	232.60002	14.67132	253.27728	220.77487	210.03914	41.984974	274.97015	101.58998	400.0	400.0	199099	67.76518	11.288009	75.368935	-5.308808	-67.91207	0.14638835	1329.2570621967316
182	173.167	29.174494	209.24246	137.79008	191.74573	46.898544	280.36816	128.61324	400.0	400.0	200199	67.770256	11.2334385	75.63686	-1.6864463	-67.91932	0.13539203	1336.842649936676
183	200.25598	48.92833	249.18431	151.32765	184.97964	59.39292	262.14963	66.82449	400.0	400.0	201299	67.731476	11.367449	76.31507	-1.854881	-67.879074	0.13346048	1344.5891752243042
184	179.14253	13.970446	198.87769	168.467	214.54214	36.086918	256.37503	104.860504	400.0	400.0	202399	67.71706	11.451605	76.83489	-1.8895779	-67.86259	0.13449985	1353.6306998729706
185	202.1635	35.193626	248.19931	162.76222	203.79672	47.926884	285.79077	114.49626	400.0	400.0	203499	67.7132	11.548079	77.07556	-3.6533177	-67.855156	0.13816886	1361.5021131038666
186	212.47282	32.063362	255.79407	179.21304	218.76254	30.866327	265.91037	141.8927	400.0	400.0	204599	67.72729	11.596637	77.34304	-5.8565106	-67.870415	0.13089444	1368.919949054718
187	196.70923	61.86915	258.57837	134.84007	213.27872	36.03205	258.17935	153.01544	400.0	400.0	205699	67.71587	11.733808	77.75846	-7.550333	-67.86041	0.14023747	1376.070018529892
188	208.49089	43.862534	248.30899	147.38994	217.48894	23.420248	275.65643	153.9248	400.0	400.0	206799	67.7276	11.79767	78.007545	-7.6806774	-67.87124	0.14007196	1384.203308582306
189	180.94887	32.200405	210.90544	136.26785	225.93584	37.879658	276.87244	135.815	400.0	400.0	207899	67.71447	11.852104	78.20044	-8.220025	-67.85761	0.14813094	1393.1431858539581
190	185.33156	47.264164	219.6828	118.49866	220.05818	35.24261	269.06332	146.4702	400.0	400.0	208999	67.735886	11.841884	78.29179	-9.833273	-67.87549	0.1475749	1401.1820318698883
191	191.48817	70.97078	262.45895	120.5174	213.76372	30.57551	270.79163	158.76903	400.0	400.0	210099	67.73687	11.813802	78.41141	-10.068717	-67.87484	0.1433826	1408.7524712085724
192	241.61876	27.02704	265.9394	203.92274	202.3447	43.300625	264.14792	112.76142	400.0	400.0	211199	67.73404	11.755738	78.65116	-8.836453	-67.87478	0.14299178	1415.2515835762024
193	49.07211	213.29362	209.9171	-252.34343	202.53163	45.212856	281.71915	131.34421	400.0	400.0	212299	67.69793	11.804383	78.68031	-8.506237	-67.84147	0.14813504	1422.7376592159271
194	208.5363	38.036846	236.22298	154.75189	209.19153	32.066402	263.43857	168.15149	400.0	400.0	213399	67.70265	11.834114	78.63666	-10.3489065	-67.84675	0.15022783	1430.1386625766754
195	220.03035	5.5070496	225.5374	214.5233	202.78996	37.187344	262.682	138.73325	400.0	400.0	214499	67.70688	11.83787	78.513535	-8.455802	-67.847404	0.14016467	1436.877773284912
196	213.29216	32.302944	246.92664	169.70251	212.75513	33.145298	289.39767	152.93219	400.0	400.0	215599	67.717255	11.828142	78.27067	-9.588436	-67.85814	0.14788441	1444.3291363716125
197	202.7314	28.9698	243.40007	178.10541	217.36353	33.89539	279.4501	157.26797	400.0	400.0	216699	67.74261	11.86422	78.02795	-6.8461685	-67.8886	0.1332796	1453.0482766628265
198	212.69524	32.667274	250.63924	170.89966	216.08182	43.420967	273.1962	112.36311	400.0	400.0	217799	67.7711	11.868038	77.86655	-13.018363	-67.9097	0.1413167	1460.6098289489746
199	232.07425	10.058952	242.13321	222.0153	217.97513	38.46931	272.86917	151.64484	400.0	400.0	218899	67.75669	11.849323	77.6007	-13.84112	-67.89794	0.13632353	1467.829823255539
200	161.98344	13.975296	179.53642	145.34038	196.19069	32.861988	258.34573	142.62775	400.0	400.0	219999	67.76814	11.84314	77.39999	-15.456555	-67.910355	0.14142318	1476.5467722415924
201	170.5511	20.510029	198.75204	150.57507	209.48703	37.57063	265.1401	135.81004	400.0	400.0	221099	67.739044	11.8537855	77.19997	-11.959722	-67.88228	0.13946739	1483.1677033901215
202	217.61678	33.225433	263.5886	186.2143	200.62514	39.285435	263.98935	94.11687	400.0	400.0	222199	67.74939	11.872682	77.0022	-11.956886	-67.88972	0.1282368	1490.8424084186554
203	200.29515	15.259964	215.55511	185.03519	206.30649	40.237717	278.8867	109.3287	400.0	400.0	223299	67.746	11.875558	76.86776	-9.550926	-67.88372	0.12924987	1499.4328491687775
204	202.6613	27.61227	224.07399	163.67459	203.51727	41.206165	261.45627	129.85498	400.0	400.0	224399	67.71637	11.939562	76.835785	-11.0124445	-67.847916	0.12739739	1507.0394868850708
205	237.61214	36.141094	276.90665	189.65898	204.50592	40.959503	289.5132	137.3975	400.0	400.0	225499	67.65961	12.030515	76.76629	-11.394266	-67.78593	0.12196123	1514.5437965393066
206	225.73346	6.437484	233.6537	217.88565	220.15213	35.80213	274.38986	121.984924	400.0	400.0	226599	67.59757	12.094677	76.616165	-12.095699	-67.723305	0.13306649	1521.8600106239319
207	227.99294	29.78975	257.78268	198.20319	215.18872	33.529556	265.2121	144.75926	400.0	400.0	227699	67.56886	12.158715	76.5991	-11.635635	-67.696465	0.14144038	1529.4800159931183
208	221.45203	56.158962	282.98203	147.19809	207.12866	32.02501	266.10477	146.73874	400.0	400.0	228799	67.57538	12.11255	76.40586	-12.12864	-67.70575	0.13545053	1536.743151664734
209	211.56566	22.895338	236.82823	181.39452	208.44426	35.191963	278.9458	150.95186	400.0	400.0	229899	67.527145	12.194229	76.260315	-9.791842	-67.65905	0.1461377	1543.7475242614746
210	202.38771	19.14666	229.39764	187.22765	203.65688	51.555363	267.83414	90.84232	400.0	400.0	230999	67.54693	12.22902	76.24207	-7.1235185	-67.68009	0.14470682	1552.3482413291931
211	219.38419	39.958733	259.34293	179.42546	205.06453	31.403637	254.84187	149.10782	400.0	400.0	232099	67.543015	12.241113	76.32354	-7.9780807	-67.675896	0.139988	1559.8431532382965
212	248.13483	14.764498	266.79803	230.69464	224.96045	30.711546	267.6604	143.40851	400.0	400.0	233199	67.566605	12.238017	76.46832	-8.627271	-67.69945	0.14383167	1568.1330118179321
213	204.48576	38.3445	247.10593	154.13962	209.46342	38.147736	270.28445	120.59554	400.0	400.0	234299	67.5678	12.235361	76.4808	-8.528726	-67.70094	0.13921872	1575.3954539299011
214	227.17816	29.002092	267.68463	201.34805	213.95528	36.756214	269.6226	126.53079	400.0	400.0	235399	67.57561	12.177689	76.49276	-9.077229	-67.710884	0.14049965	1582.5725803375244
215	222.79263	23.89598	246.68861	198.89665	212.19388	33.4665	256.4139	119.558174	400.0	400.0	236499	67.62335	12.05681	76.48503	-9.55693	-67.75939	0.13496763	1590.2181231975555
216	195.90495	14.5829315	214.73863	179.2106	208.462	47.6472	263.74417	71.58876	400.0	400.0	237599	67.66801	11.948716	76.40717	-9.742168	-67.80271	0.1364468	1597.5023188591003
217	233.65515	15.265484	254.90048	219.7114	213.99739	28.356438	272.6934	151.67665	400.0	400.0	238699	67.676186	11.888638	76.259636	-9.570291	-67.81292	0.14091167	1604.8015253543854
218	196.20906	35.947357	239.05736	151.09238	213.23026	40.5232	263.58243	113.89131	400.0	400.0	239799	67.731575	11.789754	76.15604	-10.420529	-67.86724	0.1411422	1612.1073470115662
219	215.7804	27.426964	243.20735	188.35342	186.57977	43.625107	241.80392	82.83335	400.0	400.0	240899	67.7644	11.693771	76.09704	-8.568461	-67.89776	0.1490898	1618.6772713661194
220	141.01714	82.46747	222.99602	28.188147	202.13303	52.447147	284.4361	69.96399	400.0	400.0	241999	67.71032	11.789184	76.42166	-14.013924	-67.84393	0.15228954	1625.6746571063995
221	174.7307	21.431057	197.61748	146.08028	197.67558	30.469593	235.48065	123.76672	400.0	400.0	243099	67.73932	11.815153	76.65342	-10.7769	-67.870926	0.14640541	1632.8822021484375
222	226.87016	22.198048	252.74843	198.54056	198.16422	43.33956	257.1215	74.070366	400.0	400.0	244199	67.73329	11.873091	76.666016	-7.9041176	-67.866066	0.1610106	1640.237508058548
223	194.7992	37.96737	232.76657	156.83183	193.57993	51.308773	256.56387	63.02837	400.0	400.0	245299	67.75076	11.925038	76.60718	-11.306533	-67.88596	0.15547682	1647.5049760341644
224	204.00288	61.21886	252.10283	117.61177	193.45628	38.19312	252.27768	109.84759	400.0	400.0	246399	67.83656	11.944239	76.52365	-12.085467	-67.98609	0.15421957	1654.7659475803375
225	196.4558	17.156437	208.6311	172.19298	211.72664	37.41118	271.17896	126.24413	400.0	400.0	247499	67.87021	12.041406	76.87353	-11.997602	-68.012215	0.16121063	1661.9644627571106
226	194.06953	61.90325	249.797	107.73482	197.94907	68.737305	268.08945	-6.858296	400.0	400.0	248599	67.89222	12.018572	77.003456	-8.791824	-68.02363	0.15510273	1668.9383907318115
227	222.49811	10.672363	233.17047	211.82574	196.60008	48.47284	267.8953	78.7027	400.0	400.0	249699	67.87704	12.0149765	77.10771	-6.9857726	-68.00177	0.15532011	1677.4950675964355
228	180.90137	11.839194	197.48143	170.59242	196.2394	43.024643	267.60278	90.82631	400.0	400.0	250799	67.8497	11.976842	77.375206	-6.690692	-67.97717	0.14891905	1684.392535686493
229	214.1794	33.554634	246.57425	167.95198	192.90964	43.674076	256.76337	93.27115	400.0	400.0	251899	67.85216	11.92534	77.50086	-9.178429	-67.97974	0.15051942	1691.3219447135925
230	145.51775	45.159668	190.52217	83.772125	216.08005	45.81877	276.37564	81.78545	400.0	400.0	252999	67.8384	11.878163	77.57877	-8.2859535	-67.96903	0.15549444	1699.7734746932983
231	198.45728	42.236656	240.69392	156.22061	205.38669	36.229343	249.0693	119.803116	400.0	400.0	254099	67.85585	11.871292	77.75837	-10.033149	-67.99827	0.15210967	1706.6933872699738
232	203.04095	13.539714	222.18256	193.03976	213.81136	38.735645	278.11627	133.55502	400.0	400.0	255199	67.925095	11.900978	77.89078	-13.140766	-68.07634	0.16629517	1714.0514404773712
233	237.14917	17.16894	261.29437	222.85945	212.34517	38.7149	265.65665	126.99547	400.0	400.0	256299	68.03671	11.858477	77.84144	-9.085913	-68.18254	0.16434114	1721.2397782802582
234	222.08748	28.044157	257.4921	188.90625	217.89494	35.522682	260.69287	100.62082	400.0	400.0	257399	68.1492	11.690815	77.490166	-8.45558	-68.291405	0.15605195	1728.6277813911438
235	212.3515	21.850647	234.20215	190.50085	220.37094	42.072487	274.82175	101.14475	400.0	400.0	258499	68.21476	11.560094	77.039345	-3.5162914	-68.358734	0.15626834	1736.0928711891174
236	216.0233	26.296288	238.03981	179.05936	216.5839	35.665386	283.2	119.003265	400.0	400.0	259599	68.28624	11.443629	76.621666	-7.1057253	-68.43321	0.15110339	1744.6548523902893
237	201.81154	27.192152	238.2793	173.00899	223.79929	36.64574	279.59735	136.15091	400.0	400.0	260699	68.32315	11.38769	76.435455	-4.7777367	-68.46076	0.14035346	1751.368463754654
238	228.73816	32.467533	264.56393	185.95367	206.64331	36.095837	257.77402	107.35661	400.0	400.0	261799	68.33835	11.364922	76.306076	-0.65628445	-68.47106	0.14280939	1758.6209120750427
239	260.12454	11.74839	271.87292	248.37614	208.63347	40.482285	270.6615	137.17674	400.0	400.0	262899	68.356094	11.320439	76.132164	-0.7928004	-68.48594	0.14641398	1765.8941690921783
240	198.52544	31.202572	242.633	175.33447	207.19678	43.693314	278.49402	145.1883	400.0	400.0	263999	68.34046	11.325177	76.06061	-0.51767313	-68.472824	0.14097704	1772.8509991168976
241	213.3659	41.128174	258.10373	158.80716	177.84206	52.335655	251.0964	69.38275	400.0	400.0	265099	68.37687	11.336181	76.063286	-3.0157962	-68.50661	0.13964975	1781.4631514549255
242	175.65224	24.685146	201.63626	142.4697	215.74837	26.380304	262.6874	158.38637	400.0	400.0	266199	68.310005	11.471051	76.10325	-3.274169	-68.438736	0.13869946	1788.4265677928925
243	207.62228	42.728676	250.35095	164.8936	202.21693	38.23273	259.96194	133.95862	400.0	400.0	267299	68.284	11.545379	76.15514	-2.6506386	-68.41042	0.14175934	1795.5346462726593
244	186.47742	46.585873	252.31621	151.48277	195.32706	41.469982	282.24078	128.11024	400.0	400.0	268399	68.23436	11.616936	76.225815	-2.9260943	-68.35835	0.14692006	1803.01051902771
245	189.38048	23.856647	221.99365	165.59091	216.8979	34.701546	278.8272	153.85611	400.0	400.0	269499	68.22578	11.585069	76.24145	-2.4838781	-68.34668	0.13679531	1810.207902431488
246	218.29704	25.272469	251.03146	189.50447	215.47092	22.588959	272.58185	186.08116	400.0	400.0	270599	68.10921	11.689683	76.195885	-2.6393228	-68.2295	0.14717063	1817.4205284118652
247	215.03784	48.332527	263.37036	166.7053	203.83592	44.58054	270.50278	122.28415	400.0	400.0	271699	68.10066	11.678406	76.17535	-3.0498855	-68.222984	0.1400081	1824.126761674881
248	210.00136	32.83022	237.96562	163.92195	210.70395	42.89775	270.7187	81.5092	400.0	400.0	272799	68.098366	11.677233	76.26157	-3.503073	-68.228065	0.14156911	1830.742749929428
249	169.33376	44.54481	221.19582	112.433304	219.0299	34.34553	270.2515	145.94452	400.0	400.0	273899	68.087456	11.7403965	76.24351	-5.0286026	-68.216736	0.13798961	1838.415442943573
250	213.94447	25.139378	249.15462	192.07715	204.09753	45.663383	271.55728	97.16631	400.0	400.0	274999	68.087074	11.801852	76.25723	-4.737472	-68.2157	0.13737036	1844.7545893192291
