Epoch	AverageEpRet	StdEpRet	MaxEpRet	MinEpRet	AverageTestEpRet	StdTestEpRet	MaxTestEpRet	MinTestEpRet	EpLen	TestEpLen	TotalEnvInteracts	AverageQVals	StdQVals	MaxQVals	MinQVals	LossPi	LossQ	Time
1	70.98456	9.723747	78.31826	57.243504	-6.62765	7.1112814	6.8771114	-18.630129	304.66666	75.3	1099	0.1620841	0.40790135	22.935017	-15.395902	-0.18283713	0.082963705	1.3031628131866455
2	63.752045	28.733751	111.43629	40.00058	83.89517	22.431602	131.27554	43.713737	252.75	190.85	2199	1.3530397	0.9320291	11.536867	-10.14436	-1.4831777	0.012852294	6.984630584716797
3	92.50367	11.431563	106.41324	78.41349	112.94696	54.018475	245.67682	60.536545	390.33334	233.7	3299	3.599562	1.2332104	13.766079	-10.31846	-3.808757	0.014959651	12.14094352722168
4	53.86164	12.60483	71.82642	35.03222	88.33156	23.760273	138.08994	44.815186	240.6	199.75	4399	5.532673	1.5404612	24.720396	-12.902365	-5.7513824	0.041725937	16.97379422187805
5	58.12186	18.90856	88.58626	39.295277	75.15021	26.36062	134.20241	36.081375	269.25	177.15	5499	7.4709187	1.8589146	28.313368	-7.946644	-7.6901774	0.0784275	21.91978907585144
6	58.670944	13.663874	75.38598	37.81909	65.13141	25.308249	134.77306	21.535511	267.25	160.4	6599	8.875014	2.5518308	24.397013	-16.274092	-9.098635	0.099065945	26.606696128845215
7	66.97599	26.731155	110.797005	43.936733	56.229576	12.289686	76.609474	29.26289	286.5	152.5	7699	10.4779825	2.9716735	29.195555	-0.3221209	-10.709374	0.11331905	31.233330965042114
8	79.530815	17.068249	98.85081	57.339214	69.78069	26.362152	126.01874	33.986423	336.33334	173.85	8799	12.143255	3.3059685	39.44199	-16.224709	-12.372875	0.16941552	36.19329500198364
9	53.426666	16.328558	79.84574	31.236502	76.80275	36.58292	159.03421	26.096346	243.2	176.3	9899	13.758255	3.5944154	51.770065	-37.339973	-13.994687	0.1976637	42.14537262916565
10	39.755398	11.712266	61.740166	27.496649	65.73952	30.338734	130.86089	18.386198	210.2	162.5	10999	14.981645	4.1266265	48.495464	-25.157856	-15.214151	0.23603469	47.24911141395569
11	76.91512	24.33064	111.32157	59.369377	77.57719	39.93978	171.74641	20.284199	326.0	181.15	12099	16.30537	4.666149	29.387499	-3.331832	-16.539062	0.21431257	52.258056640625
12	73.94691	28.62069	102.05581	34.67078	73.192024	26.823467	138.56654	34.01704	335.33334	184.6	13199	17.623579	5.1505857	34.912537	-11.94076	-17.866392	0.23788907	57.48371410369873
13	70.66046	22.794447	95.23234	43.92949	98.119965	49.781784	225.77101	46.285248	297.25	213.0	14299	18.910555	5.562021	58.026695	-19.935562	-19.156727	0.3114883	62.66924238204956
14	64.62393	27.904228	118.43548	39.420643	87.056625	30.603405	176.41812	49.237957	248.6	195.65	15399	20.014812	5.8721895	53.126686	-5.754317	-20.263952	0.30207363	67.25063109397888
15	104.9432	43.457863	185.29868	63.714615	149.19077	71.21789	251.56367	31.386269	218.2	277.3	16499	21.214752	6.32167	100.07107	-29.124584	-21.446054	0.41399992	74.19561958312988
16	127.72041	70.18046	220.09026	26.342031	99.651535	54.057644	216.46968	28.942827	255.75	215.65	17599	22.373789	6.7226095	38.450603	-7.641016	-22.59487	0.3266154	79.31893730163574
17	103.723816	45.294518	189.77676	62.10226	107.57139	39.20216	175.18486	64.26534	222.6	223.15	18699	23.303808	7.0976195	72.7104	-13.325009	-23.515518	0.414654	84.49488973617554
18	114.90391	64.791374	213.13998	46.163662	105.859665	26.48394	194.23488	73.56618	258.75	217.5	19799	24.184896	7.609096	63.248314	-9.189259	-24.39058	0.37777516	89.56268334388733
19	99.42124	19.910133	139.13756	79.38952	93.41123	17.150139	130.19269	64.36923	208.16667	192.35	20899	24.977598	8.021019	90.583305	-21.982925	-25.183899	0.50693995	94.99041962623596
20	91.81992	15.6607895	123.723175	73.46906	104.38662	21.524101	164.01273	77.38914	190.83333	205.4	21999	25.746386	8.400485	50.20469	-9.617371	-25.961596	0.43978742	100.43082666397095
21	145.32808	61.008312	233.71198	74.73156	118.41756	49.466434	236.32841	72.899666	269.25	227.6	23099	26.576235	8.764157	55.447155	-9.411463	-26.793917	0.45746922	105.95065307617188
22	114.47141	66.36209	245.51578	66.95389	104.72207	36.580627	201.89778	62.29977	225.6	208.45	24199	27.59176	9.141043	63.441418	-15.071532	-27.80478	0.5152108	111.04262518882751
23	80.80183	11.2348795	91.176025	59.83386	85.67446	18.865265	130.97508	58.255466	170.83333	174.35	25299	28.321735	9.568169	60.41375	-10.049657	-28.528025	0.49278432	116.18440532684326
24	95.01333	41.11151	186.08197	68.05158	94.80776	26.185194	157.3545	44.50096	202.16667	189.55	26399	28.875374	9.985055	63.433907	-10.184742	-29.074104	0.5557416	122.45513772964478
25	90.12503	8.792917	107.31635	81.85394	100.853645	38.559772	205.31985	63.76403	184.33333	198.4	27499	29.432226	10.448201	54.5526	-10.07281	-29.630323	0.513021	127.2654082775116
26	114.638916	42.90717	177.05402	57.19191	90.55582	24.788477	141.879	49.54359	246.0	180.5	28599	29.861795	10.925498	63.07614	-11.538188	-30.050402	0.53497326	132.50783824920654
27	103.26835	34.1503	166.50244	68.00376	119.978134	43.674232	223.68405	75.77038	224.8	232.6	29699	30.30105	11.272797	89.96935	-10.58933	-30.487284	0.55436623	138.03748846054077
28	80.96634	20.633678	118.08823	56.56734	98.591385	30.499851	184.7426	42.318604	176.2	190.3	30799	30.592564	11.7111845	63.190365	-10.966291	-30.775255	0.5355088	143.30678248405457
29	103.30004	37.791603	183.59445	71.19917	98.34451	22.606192	141.73656	47.682274	210.5	186.9	31899	30.922785	12.071213	63.684883	-10.871357	-31.10081	0.51895434	148.59533166885376
30	88.63055	20.092644	119.66524	60.35482	96.40886	16.538395	141.13327	75.03426	174.14285	188.5	32999	31.245123	12.398496	92.442444	-11.8499975	-31.41924	0.5933843	153.62980103492737
31	108.838295	33.552334	170.72166	81.84438	109.76412	45.138565	241.16747	49.959694	221.8	213.4	34099	31.51867	12.669906	66.54384	-16.718742	-31.69162	0.54567647	158.96893072128296
32	87.860504	7.158858	97.91378	76.83882	104.65857	36.207836	204.33896	66.15057	186.4	210.45	35199	31.681877	13.017163	87.14703	-12.335966	-31.849468	0.5347832	164.22583484649658
33	102.51534	37.46944	163.71579	60.08886	149.18735	60.24919	234.61328	63.45733	215.16667	279.75	36299	31.835985	13.32469	67.85148	-12.193308	-32.00555	0.5573394	169.99509716033936
34	203.67084	9.296822	212.96767	194.37402	133.42838	49.576782	242.15727	69.40042	383.0	253.85	37399	32.237667	13.551521	74.953316	-13.013674	-32.41087	0.5790519	175.37944197654724
35	130.97441	45.700657	211.52013	76.802635	137.49438	52.301743	242.5327	52.836372	257.8	264.5	38499	32.635113	13.746804	96.49153	-29.82386	-32.807747	0.6214674	181.20071125030518
36	132.64424	56.19634	209.4026	71.7057	129.37355	44.042656	209.02206	66.49178	274.25	248.8	39599	32.919113	13.913121	68.62777	-13.587042	-33.088047	0.5516878	187.2662215232849
37	119.58868	34.733257	158.78185	79.17873	130.62923	41.37408	208.13976	78.24589	250.25	248.85	40699	33.102737	14.136863	75.08131	-13.85476	-33.265736	0.5812194	192.93969821929932
38	152.96277	33.223354	178.40332	95.82476	145.40263	39.744762	219.92258	72.45771	293.0	268.6	41799	33.320957	14.292255	73.73013	-13.953272	-33.477806	0.56870496	198.88898134231567
39	122.71718	50.447952	222.15486	82.87749	146.05367	37.75098	217.40752	79.07417	246.6	281.35	42899	33.57559	14.395166	79.6058	-14.553858	-33.732395	0.6362197	204.33248829841614
40	109.07477	25.146584	144.68837	81.033455	139.14206	44.09645	239.63786	89.011215	227.5	263.5	43999	33.668583	14.580373	68.76961	-14.571452	-33.8221	0.5929095	209.70992064476013
41	129.25488	47.716408	209.0323	83.41137	138.48633	37.849007	218.81764	81.790665	273.75	269.1	45099	33.67266	14.790156	79.55562	-15.106558	-33.819603	0.58629125	215.54997444152832
42	108.929565	30.63732	155.75433	79.34655	139.15652	31.0872	193.85344	85.55228	224.2	272.05	46199	33.75656	14.956296	84.2042	-15.310991	-33.90295	0.59691304	221.0554723739624
43	104.92422	34.039467	163.69887	66.48347	157.05832	39.18955	243.77449	96.088615	229.4	299.2	47299	33.695667	15.123401	68.96627	-15.624176	-33.840626	0.58137393	227.08551025390625
44	104.0932	19.694912	133.9441	77.64892	142.81033	47.267094	240.98286	69.20737	214.0	269.95	48399	33.81409	15.285733	88.27287	-16.14321	-33.960426	0.5819773	233.8547887802124
45	145.42818	41.613064	216.98894	114.00653	142.17441	36.239025	222.28445	93.91476	280.25	272.8	49499	33.898243	15.460601	77.405426	-16.440243	-34.044376	0.589927	239.69285082817078
46	146.76498	38.516796	212.53062	117.206474	154.34276	44.04485	236.7269	80.32749	287.25	291.0	50599	34.212822	15.575805	103.67406	-17.19397	-34.35658	0.6113485	245.77114033699036
47	141.09006	33.489902	172.1325	94.59085	153.90784	44.43782	237.37057	99.85874	282.33334	291.35	51699	34.368065	15.691432	110.34002	-17.350098	-34.513874	0.7268333	251.60523319244385
48	164.14935	53.498425	223.35942	105.275505	130.15848	31.41883	220.62251	70.5069	319.75	250.55	52799	34.562656	15.752545	74.427155	-17.14457	-34.70672	0.61789733	257.0163104534149
49	122.524025	18.59246	140.54404	87.68146	159.25833	43.22097	247.20064	85.5825	249.0	296.9	53899	34.72165	15.780509	85.88717	-17.941122	-34.862293	0.6574755	264.2893097400665
50	122.41127	49.79971	175.48862	72.03925	170.62001	38.88411	234.58208	106.27122	230.25	313.25	54999	34.66409	15.870195	94.14953	-18.017632	-34.80553	0.68194914	269.9595522880554
51	136.44751	20.559359	162.18648	105.139694	154.77899	45.388535	261.57037	74.91838	264.75	284.8	56099	34.73849	15.929049	81.01909	-17.736301	-34.8763	0.5990088	275.460412979126
52	125.91177	12.125798	146.83716	117.245	175.03409	39.65406	231.55626	104.61323	264.75	327.0	57199	34.813683	15.977178	86.298676	-18.364851	-34.952374	0.6681161	281.5866539478302
53	129.3805	49.41918	219.02133	81.1389	194.55899	35.27072	248.92651	128.61879	259.8	349.95	58299	34.858467	16.02425	83.345825	-18.615635	-35.000717	0.67183447	288.79622316360474
54	155.99066	42.358807	206.86354	103.16142	173.10841	33.269646	242.76872	118.7424	304.66666	320.85	59399	34.94116	16.094397	105.82948	-19.763893	-35.08312	0.72482044	294.61602306365967
55	154.40015	24.358725	179.82767	122.11451	189.45056	29.28884	238.55394	112.079636	302.25	334.15	60499	35.11544	16.077385	87.68307	-19.570076	-35.259212	0.65984476	300.74294424057007
56	193.09657	38.264847	236.50061	143.4059	175.5317	39.680145	256.61716	115.595116	349.66666	327.8	61599	35.419136	16.146683	74.97855	-20.522242	-35.56105	0.67455846	306.9101676940918
57	201.39406	25.137882	231.3072	169.80101	187.73796	40.4478	233.72993	108.639786	365.0	342.6	62699	35.608078	16.198961	125.105316	-40.0973	-35.750797	0.82268775	313.0943446159363
58	172.57793	19.092655	188.10872	145.68427	191.93877	53.03691	255.54552	60.439087	349.33334	342.2	63799	35.80067	16.214088	84.37003	-21.257626	-35.940483	0.7976267	319.0031101703644
59	185.74603	42.219036	232.57994	123.1229	164.17593	43.688534	230.09404	78.91091	349.5	315.05	64899	36.07968	16.243408	81.2506	-21.324986	-36.217243	0.74339986	325.0729081630707
60	221.33824	10.321442	231.65968	211.0168	176.6066	52.25254	250.48357	52.587746	400.0	342.5	65999	36.239826	16.250835	89.89473	-21.190561	-36.37772	0.80687314	331.26768016815186
61	184.04085	27.415113	220.13843	156.53249	171.18872	47.088352	252.98726	84.54802	353.0	316.3	67099	36.507957	16.21314	87.83592	-20.77381	-36.643612	0.7314798	336.97560477256775
62	132.70665	40.343773	183.11201	84.354355	160.22508	53.181206	246.57664	68.13223	289.66666	312.6	68199	36.66203	16.263145	104.554855	-20.891209	-36.80173	0.810277	344.2949929237366
63	161.79114	36.4891	212.09715	114.240746	172.0865	35.51508	239.65884	119.8986	330.75	325.65	69299	36.748154	16.289711	126.6634	-87.62323	-36.884735	0.92444605	349.75328397750854
64	148.91537	45.576214	190.8082	85.54809	191.62625	56.832047	256.3051	68.58365	307.0	343.05	70399	36.850834	16.307594	77.9337	-21.118158	-36.987385	0.71371555	355.94351410865784
65	185.33232	25.626036	221.45042	164.69417	166.15924	46.708157	250.1438	105.98507	356.33334	310.85	71499	36.97879	16.308228	90.57742	-21.171713	-37.112343	0.788928	362.00271368026733
66	171.3466	57.26252	220.37415	91.014206	201.13858	43.528957	252.17812	114.9881	341.66666	356.75	72599	37.04595	16.361305	88.23118	-21.04427	-37.182	0.7743385	368.2924931049347
67	170.23242	29.063038	195.21281	129.47607	200.85503	40.33819	250.10344	117.18771	341.33334	361.3	73699	37.17832	16.351322	118.91484	-21.843895	-37.31535	0.871152	374.5755832195282
68	208.24919	28.138243	228.61684	168.45944	175.63158	37.57788	258.6793	114.06436	387.0	325.8	74799	37.382305	16.35981	109.739105	-21.402597	-37.51657	0.81808543	380.7064468860626
69	135.05728	40.691784	201.09515	91.28854	181.93332	45.94864	249.65707	86.76563	280.25	338.85	75899	37.50591	16.391863	123.02662	-22.185776	-37.63905	0.78534	388.1860761642456
70	211.07451	18.139984	232.7114	188.31989	197.72969	44.52216	252.43283	110.858505	397.33334	354.6	76999	37.694103	16.376383	92.97516	-21.147755	-37.826996	0.68564564	395.7510726451874
71	187.83992	20.269978	214.44466	165.29369	183.60344	26.119713	246.08871	144.31139	367.66666	340.35	78099	37.815388	16.388626	98.70316	-20.833261	-37.94513	0.74736786	403.0914511680603
72	187.60628	31.885143	228.32727	150.47246	195.29224	30.105873	251.17633	147.7408	359.33334	353.8	79199	37.941467	16.440931	120.58783	-21.0153	-38.072742	0.859637	408.8604519367218
73	188.19331	34.226982	222.98888	141.65482	158.2234	34.210823	226.985	80.39994	368.0	306.35	80299	38.12472	16.455746	101.778625	-21.003538	-38.258034	0.71712	416.056049823761
74	159.50372	52.814617	226.25404	97.10492	192.62135	50.70156	257.1957	101.95628	317.66666	342.35	81399	38.29587	16.43434	109.493576	-21.398766	-38.428165	0.8172583	422.1657223701477
75	201.33064	9.698395	213.20692	189.4508	192.27306	35.89508	236.30795	132.40196	383.66666	351.75	82499	38.432274	16.45091	117.015434	-20.925903	-38.56099	0.87473834	429.48306822776794
76	188.8224	26.49774	233.7158	165.12872	200.13159	42.237087	266.0946	105.84428	346.75	352.15	83599	38.559643	16.427145	101.797264	-20.167767	-38.687885	0.8238659	436.8342082500458
77	194.4878	3.3736343	197.86143	191.11417	218.17036	23.349337	247.37633	168.07797	378.0	385.3	84699	38.688595	16.45095	115.4379	-20.384008	-38.820286	0.8384151	443.21619725227356
78	209.1529	24.842	226.97136	174.02222	225.41154	23.713448	262.50684	179.32608	391.33334	389.7	85799	38.85613	16.412569	82.98619	-20.243128	-38.988686	0.7786174	449.5785565376282
79	182.16325	46.9266	229.7471	111.51436	209.64168	34.769108	239.93881	124.622475	336.75	368.4	86899	38.986454	16.43835	96.4017	-20.494217	-39.121662	0.83819354	455.6259968280792
80	207.13586	16.455269	223.59113	190.68059	216.56107	27.17004	256.6798	163.29086	400.0	370.9	87999	39.169235	16.419907	91.67471	-20.257082	-39.305435	0.77381605	461.5402584075928
81	196.3596	25.130829	230.43385	170.57336	207.34705	29.122044	251.32675	147.20415	385.33334	370.6	89099	39.259567	16.405804	116.29299	-19.855463	-39.392147	0.86887914	467.78949451446533
82	186.22662	20.501614	211.61426	161.40535	216.24704	25.815647	250.49663	139.20569	364.33334	382.7	90199	39.373997	16.373148	173.49094	-49.887062	-39.503906	0.8716987	474.2096800804138
83	223.7154	2.2882473	226.89027	221.58553	223.8138	29.295753	268.38538	138.72447	400.0	387.2	91299	39.505093	16.41141	117.268524	-20.012018	-39.63409	0.8415449	480.5986268520355
84	200.33228	30.010403	225.14243	158.10641	238.6519	11.21634	254.65242	214.21808	378.33334	399.3	92399	39.692112	16.41784	115.16647	-20.56607	-39.820816	0.8285134	487.11141991615295
85	224.22504	1.5683644	225.93517	222.14676	231.06584	28.595114	264.0837	156.13359	400.0	381.45	93499	39.862217	16.421198	95.01307	-20.759254	-39.989437	0.77524245	493.5637376308441
86	218.22336	0.82263184	219.04599	217.40073	220.79807	38.103878	257.29984	123.604614	400.0	374.85	94599	40.02907	16.388756	109.542946	-20.512304	-40.157364	0.9048232	499.5362067222595
87	197.58562	30.09568	223.44354	155.37952	221.90787	37.338078	270.9624	117.03884	354.33334	373.9	95699	40.21143	16.410547	108.806656	-20.264053	-40.340397	0.8023161	505.4416410923004
88	209.44875	24.00355	241.86986	184.52559	237.21436	15.958675	263.724	192.28104	400.0	397.45	96799	40.379	16.41802	99.847015	-20.411068	-40.508778	0.835992	511.09654092788696
89	199.78944	50.263405	236.34305	128.71596	233.1407	22.654383	256.17404	146.48563	351.66666	391.95	97899	40.562145	16.445597	97.0291	-20.320143	-40.69198	0.8123625	517.8145236968994
90	249.42677	15.190288	265.181	228.90172	233.38669	22.58384	266.7564	149.766	400.0	390.8	98999	40.800148	16.48321	113.60921	-20.257042	-40.930843	0.8445884	524.321674823761
91	224.3784	13.262483	239.45906	207.1804	225.13618	33.353622	263.45975	110.76939	400.0	384.3	100099	41.013325	16.479162	89.0167	-20.531078	-41.142166	0.7614477	530.8093566894531
92	207.58736	15.4512615	224.04344	186.90901	216.64526	44.93711	260.5032	68.62761	387.66666	369.2	101199	41.129574	16.497957	107.304436	-19.75451	-41.259228	0.8832345	538.6020176410675
93	207.53871	24.748209	240.92676	181.75404	218.21594	30.926147	264.3674	142.89406	376.66666	379.25	102299	41.323425	16.474577	99.17623	-19.737797	-41.451492	0.82889295	546.3166625499725
94	236.14113	0.14933777	236.29047	235.99179	215.63281	35.256596	257.7017	131.09253	400.0	371.75	103399	41.509808	16.475647	95.125854	-19.351067	-41.635666	0.8958066	553.9170291423798
95	205.92567	16.021664	222.78934	184.38838	199.795	37.45333	245.91516	119.188995	394.0	352.8	104499	41.652885	16.482256	94.297424	-19.584349	-41.777878	0.8862086	559.7017147541046
96	232.31471	17.674196	252.84573	209.7032	214.40593	52.677155	264.88467	38.62679	400.0	370.2	105599	41.785496	16.51239	87.12041	-19.326588	-41.911198	0.8488269	565.5459563732147
97	220.00362	15.225234	231.517	198.48961	222.38437	19.178566	251.45555	173.39497	400.0	387.25	106699	41.96621	16.496225	113.16078	-19.147076	-42.09057	0.8788129	571.5363290309906
98	232.314	11.768471	244.08247	220.54553	204.53926	50.163994	252.09668	35.28706	393.5	361.95	107799	42.12727	16.474579	112.69367	-17.255337	-42.24912	0.85791427	579.2305867671967
99	227.72441	5.362142	232.42064	220.21994	217.40176	50.249176	264.5603	14.552722	400.0	380.3	108899	42.257973	16.50387	94.1989	-19.048931	-42.386883	0.9278464	585.595611333847
100	227.23065	15.534707	248.30022	211.30646	216.84387	28.262085	262.57025	159.15387	400.0	382.45	109999	42.479004	16.46465	109.71062	-18.956038	-42.60316	0.9835267	592.0880198478699
101	213.41441	4.0095086	216.58087	207.75755	211.11584	53.7208	246.71556	12.171894	400.0	373.3	111099	42.618256	16.448528	107.155235	-17.871971	-42.74025	0.92908436	598.7809782028198
102	241.889	20.459686	262.3487	221.42932	211.48593	49.86201	265.52875	65.643684	400.0	371.5	112199	42.77931	16.479712	98.5721	-18.039501	-42.902164	0.8485952	605.1549761295319
103	190.81958	69.32204	237.10808	70.986465	220.51253	24.309347	252.57178	157.15137	338.5	384.1	113299	42.938736	16.506668	121.267136	-54.670296	-43.061493	1.0105935	611.4849262237549
104	226.50813	7.5198298	235.16406	216.82967	223.59634	30.57499	259.42474	134.673	400.0	380.4	114399	43.082825	16.556234	90.058846	-18.318623	-43.207413	0.9111924	618.129457950592
105	218.69345	7.2360764	225.92953	211.45738	198.69296	54.333332	262.66464	34.272507	400.0	352.45	115499	43.262634	16.50214	92.735504	-18.929386	-43.386456	0.9016645	624.4198429584503
106	220.0724	9.947866	234.0992	212.1226	219.8638	25.163889	246.43185	128.66989	400.0	385.7	116599	43.416744	16.4733	92.63222	-18.29825	-43.53951	0.8713433	630.855523109436
107	179.73598	57.800674	241.18642	113.040375	206.50986	41.194527	246.67282	34.73153	311.75	382.8	117699	43.48401	16.46656	96.27335	-18.117975	-43.605885	0.9564884	638.6933307647705
108	211.17969	2.2911453	213.47083	208.88853	231.07822	12.561323	252.41708	206.09993	400.0	398.85	118799	43.70335	16.463737	97.89683	-18.624401	-43.82593	0.84532684	644.7540040016174
109	216.09099	8.348161	222.76688	204.32024	217.26921	34.355083	249.28139	82.66989	400.0	384.85	119899	43.78986	16.438921	149.87833	-19.093117	-43.911224	1.0661445	651.1975882053375
110	206.43388	5.9419355	212.48947	198.36057	208.13269	37.609028	248.38625	83.29978	389.33334	370.35	120999	43.895153	16.417658	94.23573	-18.957233	-44.01725	0.85812557	657.7341120243073
111	223.96712	10.099482	238.24478	216.496	226.27315	27.15469	257.18793	124.928955	399.0	390.25	122099	44.05743	16.431755	107.398384	-21.707722	-44.178055	0.98073554	663.9019830226898
112	216.02138	15.311002	237.67027	204.83041	215.70374	42.88909	253.18599	63.79989	396.33334	372.45	123199	44.19171	16.44176	115.070175	-64.80975	-44.316772	1.0174524	671.407701253891
113	226.79784	0.43814087	227.23598	226.3597	228.43509	33.12517	264.97925	160.42627	400.0	386.15	124299	44.32436	16.438868	165.60426	-21.653244	-44.448135	1.104833	678.9272196292877
114	247.79668	4.157854	253.64742	244.36317	219.1357	33.057014	260.98026	120.48644	400.0	386.8	125399	44.534344	16.426142	103.349815	-18.848698	-44.659573	0.8765071	686.686773777008
115	149.55888	51.76119	237.54333	104.02751	215.56775	29.173647	258.72208	147.44113	269.0	380.35	126499	44.73308	16.401999	112.830086	-18.603563	-44.85825	0.97659624	694.3338565826416
116	216.31433	16.124899	237.32703	198.1354	213.991	46.339825	259.07153	81.978516	400.0	370.25	127599	44.829136	16.412285	124.467705	-20.068848	-44.95983	0.97314686	700.2265202999115
117	210.22375	14.08933	221.14688	190.33037	217.84676	24.326	271.17386	173.2725	400.0	384.5	128699	44.996555	16.404406	128.0822	-22.878172	-45.12526	0.9050845	706.6082677841187
118	201.81332	9.834007	211.64734	191.97932	207.36807	35.588898	266.64343	86.32821	400.0	376.2	129799	45.139812	16.319683	93.9057	-19.365591	-45.26606	0.9057155	712.9186222553253
119	202.39674	10.590463	217.346	194.13042	218.99348	35.96107	265.68335	101.00386	393.33334	381.35	130899	45.23728	16.309317	120.96678	-19.309307	-45.364635	0.91173154	719.2715468406677
120	215.4727	7.5797095	221.69875	204.80287	207.63298	46.64078	266.12183	98.25738	399.66666	367.05	131999	45.386574	16.252031	115.301315	-19.713886	-45.516857	1.0088944	725.5436544418335
121	217.01874	14.167121	235.24933	200.70656	191.93373	47.074486	263.11404	67.14015	400.0	337.75	133099	45.459194	16.211208	95.69416	-24.675728	-45.592316	0.94030386	731.6866331100464
122	203.026	13.61661	213.19986	183.77971	211.19186	34.692787	258.34515	99.7808	375.33334	372.95	134199	45.586067	16.17202	102.649185	-26.590654	-45.71412	0.95180875	737.9335587024689
123	190.16112	41.5232	231.42795	133.3469	211.41391	39.954304	244.4227	77.78088	352.66666	370.05	135299	45.67405	16.182215	128.77843	-26.424809	-45.80481	0.8999644	745.6541178226471
124	195.06133	36.54607	245.95346	161.8104	210.85864	40.239037	265.71396	130.93465	352.33334	356.95	136399	45.70191	16.229021	174.41547	-67.30468	-45.83081	1.0463212	751.9372940063477
125	167.15611	50.461205	212.85243	96.83812	188.96988	43.09467	250.3876	126.02546	326.33334	335.35	137499	45.832596	16.168325	99.34768	-27.979021	-45.952457	0.94509864	758.03453373909
126	177.08344	60.22873	258.97412	88.91717	209.82578	38.715	260.6013	121.21703	316.5	371.85	138599	45.875195	16.17204	104.8764	-27.760191	-45.99836	0.9687178	764.5060727596283
127	188.2387	34.115757	234.75166	153.88109	192.0244	41.764683	264.15997	137.55544	350.0	341.4	139699	45.919487	16.22644	111.684296	-28.8534	-46.045547	0.88030684	770.6563267707825
128	160.81877	63.030003	216.27132	72.65299	197.38277	43.478245	252.44034	74.22108	311.66666	352.45	140799	46.071564	16.25117	122.35286	-29.797173	-46.196583	0.90171576	777.0501556396484
129	187.27515	19.417759	214.28036	169.45834	189.66464	41.34553	239.55885	85.54424	363.33334	337.9	141899	46.087456	16.244732	116.52232	-28.38352	-46.211014	1.0125815	783.1519136428833
130	222.67572	8.516885	230.95532	210.96016	195.55545	40.430405	238.3568	85.79764	400.0	353.05	142999	46.141212	16.220928	94.34928	-27.971214	-46.266464	1.032213	789.3618257045746
131	207.66316	17.56769	220.50896	182.82358	207.76245	37.771954	251.81372	132.26288	385.0	366.45	144099	46.252373	16.197235	109.28921	-26.926172	-46.378708	0.8804895	797.0518891811371
132	177.36578	43.262638	210.79007	116.2735	221.08745	35.20377	272.57013	134.9931	356.0	374.9	145199	46.333702	16.128618	128.84425	-27.315397	-46.457443	0.9430097	804.6413686275482
133	173.22072	54.76386	247.28444	116.579056	217.12122	34.55565	259.9897	137.88795	306.66666	374.1	146299	46.415234	16.10884	152.89455	-26.326887	-46.540752	0.96478385	810.4518721103668
134	208.67818	16.869545	232.45148	195.06079	222.93071	20.20388	244.79362	167.38014	389.66666	392.4	147399	46.431923	16.134544	112.123604	-26.031343	-46.554787	0.9087714	817.238358259201
135	195.86859	8.210388	205.34328	185.31847	210.01424	36.63665	268.17984	138.1947	373.0	376.15	148499	46.44321	16.166376	111.38629	-25.871538	-46.565964	0.9598908	823.6120653152466
136	190.0633	48.49806	235.06274	122.737465	205.56543	46.52069	254.84291	88.48013	341.33334	363.45	149599	46.55386	16.161552	103.85547	-24.709946	-46.67923	0.9351253	829.5505926609039
137	230.5692	10.084186	244.82628	223.14445	205.51021	46.099377	262.1672	114.931915	400.0	360.75	150699	46.623962	16.155466	98.96777	-24.13402	-46.744877	0.9499159	835.8370287418365
138	189.03156	46.619156	222.60582	123.10588	198.46494	50.70204	261.385	76.170296	365.33334	348.6	151799	46.704586	16.111134	165.9543	-28.539873	-46.82777	1.0486951	841.9953730106354
139	169.77992	49.348576	235.49551	116.574684	211.00859	40.251076	253.48051	132.87056	348.66666	369.1	152899	46.738884	16.140919	110.46281	-24.488564	-46.860294	0.87644434	848.4336743354797
140	211.6551	47.569195	245.90266	144.38583	192.3277	53.22795	259.58603	50.321022	356.0	349.45	153999	46.786602	16.18052	129.38936	-45.475616	-46.91336	1.0196158	855.9952747821808
141	177.95833	17.782835	192.91472	152.9709	194.13605	51.349167	265.8363	116.22359	349.66666	349.5	155099	46.793625	16.1953	109.35163	-23.583284	-46.92096	0.8845711	863.46435379982
142	191.56151	56.247078	239.54173	95.62951	215.04495	33.28214	253.24986	146.9975	347.25	382.65	156199	46.9352	16.109737	108.025604	-23.557814	-47.066772	1.0235596	869.7400739192963
143	181.98735	49.894108	225.9533	112.2092	192.98781	59.789288	256.47675	58.209755	346.0	337.8	157299	47.07745	16.047338	132.02438	-23.318724	-47.205612	0.843683	875.8388044834137
144	176.93669	12.15463	186.7886	159.81206	175.32733	62.67352	254.17406	27.677017	345.66666	332.3	158399	47.0832	16.061096	108.348495	-36.317863	-47.20718	0.93583584	881.5690684318542
145	228.35744	16.148073	241.57608	205.62079	224.90681	22.480738	258.255	179.13733	389.0	389.05	159499	47.1661	16.026993	126.215805	-23.032417	-47.29395	0.8775536	887.9551241397858
146	195.05609	14.154752	212.81346	178.17476	215.56921	36.698853	257.0131	108.67462	383.0	370.75	160599	47.174957	16.04512	120.092476	-23.673702	-47.302032	0.95936155	894.2032351493835
147	200.0545	25.571321	236.20348	181.09836	186.5129	51.92423	246.86002	67.92622	366.66666	334.35	161699	47.279686	16.000385	106.82772	-23.175936	-47.402626	0.9069943	900.1645114421844
148	220.1903	10.894427	232.5501	206.04427	192.05795	50.36247	252.08018	89.107315	400.0	336.25	162799	47.2792	16.045143	113.750374	-22.521814	-47.39703	1.1063304	906.9311628341675
149	214.1476	1.8386383	215.98624	212.30896	205.04883	48.136017	257.90518	90.20325	400.0	354.5	163899	47.291126	16.020401	115.09584	-22.874805	-47.410725	0.881675	914.5245060920715
150	183.50978	49.713467	222.98567	113.389465	202.5857	41.65951	253.51656	128.81189	344.33334	352.3	164999	47.401924	15.965201	120.26625	-31.291174	-47.52483	0.93991345	920.6989350318909
151	218.99019	19.39307	234.72174	191.66869	189.6901	36.2598	242.62965	141.33319	397.33334	339.8	166099	47.471695	15.952071	138.16696	-23.369081	-47.59647	0.99397284	926.81427693367
152	227.39882	4.782733	233.69667	222.11339	208.74521	39.40162	263.30252	140.56752	400.0	359.25	167199	47.50383	15.933365	125.93819	-22.689518	-47.63254	1.0214257	932.699470281601
153	181.1166	43.63834	239.80814	135.25009	209.17485	38.988148	261.57544	139.62057	366.0	363.65	168299	47.585854	15.894659	124.771126	-22.436825	-47.707993	0.84706163	939.0486936569214
154	182.1811	35.773888	226.33408	138.71437	196.24692	43.85289	254.96405	106.918594	342.0	340.6	169399	47.60086	15.925962	130.37088	-41.17333	-47.725964	0.99108773	945.2703046798706
155	173.02145	36.124287	231.00403	131.52629	197.8179	44.388313	250.23956	100.00548	323.25	352.85	170499	47.60048	15.918144	98.39571	-21.649782	-47.723843	0.818389	951.1192758083344
156	129.72467	64.12804	213.97285	33.42056	216.57166	40.9042	261.6497	141.33965	285.25	374.4	171599	47.58028	15.936663	101.45124	-21.675058	-47.70426	0.8806727	957.0988848209381
157	219.98924	27.841583	247.83083	192.14766	195.24136	67.42562	264.68604	23.337646	400.0	332.9	172699	47.64192	15.940504	113.80002	-21.387808	-47.764946	0.92240095	962.8914637565613
158	241.50224	7.1603966	251.34518	234.52065	197.0587	53.348133	256.38553	62.041203	400.0	352.65	173799	47.732727	15.896975	127.9786	-21.158577	-47.859085	1.0252577	969.3571503162384
159	180.82127	48.772236	228.7989	112.260155	205.76865	56.28624	259.11993	23.615368	329.5	362.4	174899	47.811607	15.877258	110.1947	-20.140463	-47.932156	0.91831845	977.1111435890198
160	231.55887	0.7463989	232.30527	230.81247	207.85515	63.16888	249.9161	22.32694	400.0	364.85	175999	47.84915	15.888109	120.31355	-19.778027	-47.970284	1.0429612	984.7282657623291
161	190.26158	38.10309	236.58336	146.52057	213.35164	50.60657	249.75163	19.385841	339.5	371.1	177099	47.924145	15.898543	128.21426	-19.266521	-48.04719	0.9987065	991.0280723571777
162	199.43695	13.092308	212.52927	186.34465	201.86557	60.404804	266.84592	51.22295	393.5	349.8	178199	47.992214	15.865307	103.129265	-19.072865	-48.112366	0.95495784	998.5360767841339
163	213.23726	19.474867	234.46326	187.42563	220.43999	39.44173	261.95105	95.35594	384.66666	377.65	179299	47.992523	15.895424	121.684746	-18.560976	-48.116093	0.9763976	1006.1522445678711
164	203.64128	36.64395	236.19687	152.44545	213.30856	46.00741	252.64374	62.570927	372.0	367.65	180399	48.12735	15.805153	112.06928	-18.76686	-48.251415	1.0129871	1013.738796710968
165	221.8617	9.133318	234.05862	212.08186	198.06009	48.951702	253.07022	81.56941	400.0	348.7	181499	48.10352	15.79273	101.668564	-18.000599	-48.22568	0.9502798	1019.9668283462524
166	203.34985	14.43663	219.04631	184.19498	202.01299	39.10857	250.1783	117.09362	388.33334	361.5	182599	48.151566	15.760778	122.661	-17.209293	-48.27367	1.0654408	1025.8319282531738
167	207.3584	24.154715	229.95761	173.87476	204.76262	40.655018	264.21863	117.47383	383.0	361.45	183699	48.191322	15.738221	106.48576	-17.427473	-48.31138	0.87692636	1032.0048024654388
168	214.77618	7.704834	222.48102	207.07135	217.79272	29.94159	255.29893	151.95802	400.0	382.3	184799	48.25103	15.734045	99.46968	-25.950697	-48.371136	0.98365635	1039.317076921463
169	206.62451	33.506718	230.98174	159.24513	201.39645	55.08275	253.66298	16.545645	366.0	354.9	185899	48.30565	15.702072	137.57451	-17.278572	-48.427265	0.88380647	1045.1725177764893
170	199.83347	57.827454	241.02501	100.06248	229.31514	26.540634	269.24576	154.48685	351.0	386.6	186999	48.37174	15.730573	116.6616	-29.221552	-48.490856	0.9632352	1051.225179195404
171	185.84798	9.752472	195.60045	176.0955	194.33957	68.68276	251.99161	18.098902	400.0	340.95	188099	48.475277	15.688559	131.06339	-25.36269	-48.599533	1.0503163	1058.710274219513
172	189.89388	55.149933	242.22319	103.14771	223.11015	20.497528	248.86234	180.51826	344.25	390.45	189199	48.532436	15.670253	114.164696	-16.686829	-48.6564	1.0207208	1064.7592658996582
173	115.89345	70.37606	233.74268	40.18981	199.4718	62.4555	259.2668	20.560106	240.6	348.0	190299	48.56839	15.674871	102.34217	-16.541718	-48.692055	0.8986073	1071.1407334804535
174	206.87396	4.425316	211.29929	202.44865	221.00601	36.018353	248.82243	129.97253	400.0	376.1	191399	48.60973	15.665657	112.886856	-18.820631	-48.728134	1.0601269	1077.447981595993
175	156.71597	48.742218	236.69676	110.043175	218.61674	35.39874	252.97519	122.21269	297.5	374.9	192499	48.652153	15.65752	109.04756	-17.013718	-48.769867	0.95491135	1083.7426402568817
176	205.53008	22.786901	235.12296	179.68555	198.77422	40.13268	260.0198	104.15795	386.66666	351.75	193599	48.718166	15.644183	104.25505	-16.109467	-48.839565	0.94275147	1091.258627653122
177	150.75424	88.41714	241.76909	12.141293	204.45972	53.97268	258.1691	48.071423	303.0	356.8	194699	48.75373	15.651477	105.05241	-17.165808	-48.876713	1.0354053	1098.8384623527527
178	207.19026	37.575726	240.36922	154.65263	221.7428	35.639896	260.97858	100.546585	371.66666	383.5	195799	48.769703	15.64201	95.640594	-17.749756	-48.891064	0.9365757	1104.8180248737335
179	166.55081	27.59968	195.57227	129.43633	220.97725	26.933163	243.8482	134.20453	329.66666	387.65	196899	48.8387	15.620646	106.909424	-17.909286	-48.95966	1.0740366	1111.2478704452515
180	224.30937	15.219019	245.8239	213.03107	226.78679	29.429106	260.7694	149.62064	400.0	383.5	197999	48.866417	15.601605	130.72534	-41.67415	-48.98631	0.9378438	1117.7087333202362
181	227.93156	0.55900574	228.49057	227.37256	220.72769	22.42468	246.03268	140.3806	400.0	390.8	199099	48.878506	15.589647	94.3092	-17.91373	-48.997456	0.8983396	1124.1899304389954
182	192.95995	41.106625	233.3456	136.55412	211.39375	39.594753	255.7199	60.912285	346.66666	376.7	200199	48.921886	15.563975	132.78572	-17.256176	-49.04055	1.0224962	1130.9482893943787
183	220.74292	9.916252	231.43842	207.54005	203.1576	34.061153	247.65175	109.75668	400.0	365.35	201299	48.93905	15.569391	118.109726	-16.577621	-49.052364	0.8878507	1138.6069176197052
184	216.94044	1.9417126	219.44386	214.71147	224.85684	20.169924	255.03574	182.8643	400.0	391.45	202399	48.95205	15.59059	139.84631	-17.264229	-49.065777	0.9627893	1144.897572517395
185	215.39203	13.916277	233.17126	199.19363	216.33907	35.415703	264.07547	113.356094	386.0	380.9	203499	48.99335	15.516848	133.40683	-17.280598	-49.11207	1.0403547	1150.4826004505157
186	200.85728	37.777187	246.86444	154.33392	197.07234	32.293552	251.72856	133.50049	372.0	353.75	204599	49.025803	15.508101	121.39387	-25.053741	-49.138214	0.89395773	1156.7225921154022
187	219.20747	14.259707	236.32683	201.41716	204.60103	48.360153	252.75267	81.6789	400.0	360.5	205699	49.029778	15.501787	107.76375	-17.27633	-49.14748	0.89193815	1163.0154912471771
188	219.49075	3.4320374	222.92279	216.05872	210.74373	24.312654	248.02263	160.95068	400.0	378.9	206799	49.100742	15.497851	111.38633	-31.98415	-49.21223	0.9889542	1169.4066395759583
189	206.46179	12.213289	220.75893	190.92033	227.36703	21.6471	255.50804	176.9724	385.33334	391.3	207899	49.07163	15.5373335	154.61102	-17.301989	-49.188366	0.9748933	1175.8386325836182
190	177.22913	14.42938	197.10371	163.28418	222.92422	28.108475	259.26517	116.13982	343.33334	390.65	208999	49.090286	15.486984	99.32787	-17.72592	-49.198135	0.9622316	1182.2344119548798
191	189.78334	43.410927	228.0581	129.0762	220.26822	26.523062	251.83026	150.74867	358.0	377.6	210099	49.07789	15.514077	183.96841	-115.60049	-49.188606	1.4301747	1188.203194618225
192	212.15361	36.52754	239.80429	160.53975	200.01132	41.36617	259.03235	119.26121	366.66666	357.25	211199	49.15433	15.460399	115.80018	-18.05296	-49.26603	0.8633292	1194.049447774887
193	179.5047	35.85849	216.78964	136.11574	188.85854	41.12068	266.03024	113.35282	355.0	334.55	212299	49.107162	15.485094	100.75718	-17.583132	-49.218094	0.87818456	1200.2483093738556
194	224.58829	8.861565	233.44984	215.72672	202.81433	40.2584	249.85991	121.325676	400.0	359.5	213399	49.11655	15.46345	100.448265	-18.183666	-49.22684	0.9306998	1206.206922531128
195	212.98116	11.832337	223.93471	196.54897	180.16835	44.361576	243.18721	115.78598	393.0	335.5	214499	49.110615	15.427214	116.71622	-35.658512	-49.22165	1.0532665	1212.4528498649597
196	183.17844	50.18971	235.50772	100.47552	203.21317	39.289417	249.18732	119.817825	340.5	366.3	215599	49.05416	15.4491415	113.34025	-18.347351	-49.163036	0.9175909	1218.7886836528778
197	200.82892	12.359993	213.1889	188.46892	211.34656	39.6216	256.18512	125.80765	381.5	372.2	216699	49.119232	15.403171	129.60364	-17.562044	-49.232788	1.0008018	1224.8637816905975
198	194.16827	41.788635	233.5608	136.3196	194.10233	39.5703	257.94617	116.61973	363.0	352.8	217799	49.142635	15.355406	140.17416	-18.139118	-49.24946	0.9345782	1231.143693447113
199	241.39766	14.383759	257.16632	222.3845	183.92911	39.67241	252.46942	88.208176	400.0	334.5	218899	49.146873	15.391665	136.07465	-17.431358	-49.250397	1.0039028	1237.3424637317657
200	175.92131	55.881306	223.6502	97.508316	207.31152	36.622982	254.28848	133.97664	333.33334	365.75	219999	49.119137	15.384473	112.86507	-23.470434	-49.227848	0.9995176	1243.7448091506958
201	202.4946	53.70088	248.93736	112.11606	196.37833	38.999046	239.45146	122.48679	360.25	352.15	221099	49.17616	15.3443775	126.895676	-17.990208	-49.28657	0.9612906	1251.3709976673126
202	229.35571	2.6497345	232.00545	226.70598	208.1287	37.396015	253.87338	118.75299	400.0	371.35	222199	49.194736	15.332677	112.54836	-17.586319	-49.301514	1.0254934	1257.4657900333405
203	189.89888	25.690828	225.50034	165.81882	213.88315	42.044643	258.71103	112.95931	365.66666	371.85	223299	49.251736	15.241406	101.035866	-17.796425	-49.360176	0.9414562	1263.868902206421
204	180.98732	13.702688	199.17606	166.10304	213.50082	24.99416	244.56158	138.85617	375.0	382.0	224399	49.197113	15.246984	108.46242	-18.09814	-49.3026	0.84680295	1270.0061724185944
205	186.17383	53.597004	233.28236	111.1944	204.52278	38.4196	258.27692	125.3492	336.33334	357.85	225499	49.185867	15.247803	106.63299	-18.202963	-49.28631	0.9157515	1276.3764562606812
206	213.06865	14.33888	224.89922	192.89035	211.93584	28.674244	241.82195	143.53175	397.33334	376.65	226599	49.122124	15.281964	116.231445	-18.22664	-49.230156	0.94357544	1284.2553882598877
207	194.05849	17.585669	212.63249	170.44884	231.4266	24.232056	265.03104	185.16902	377.66666	393.3	227699	49.174175	15.202587	109.70972	-17.660704	-49.279846	0.92774504	1290.6592350006104
208	194.52063	40.591427	249.24364	152.14113	212.99011	28.67373	248.15105	148.54448	340.33334	370.5	228799	49.150455	15.224309	104.865944	-17.888988	-49.258556	0.90313655	1297.0262854099274
209	212.5805	6.618098	221.28838	205.25528	213.16699	31.97471	253.2069	138.50803	400.0	375.4	229899	49.16882	15.193225	130.6894	-96.26198	-49.276093	1.0264802	1304.846569776535
210	205.29291	40.962734	254.40387	154.12909	188.27979	57.39075	255.46678	37.152393	356.33334	337.9	230999	49.229607	15.132562	122.50542	-17.662495	-49.3365	0.93147796	1312.2302429676056
211	184.16963	28.372986	205.1183	144.0574	214.2996	39.479256	260.55942	100.421486	365.66666	376.05	232099	49.221165	15.060999	120.49133	-17.409096	-49.325874	0.88823164	1319.8851699829102
212	200.93776	32.874928	226.87828	154.55406	189.03427	40.90287	250.28452	123.32172	369.33334	337.35	233199	49.24125	15.045506	132.60815	-17.555956	-49.352104	1.0406345	1325.9752743244171
213	215.45471	14.524892	226.0967	194.91794	220.54997	30.19906	252.66434	126.8238	398.66666	380.1	234299	49.299767	14.968464	113.06231	-17.252329	-49.408302	0.9295377	1332.2938344478607
214	196.74316	36.804955	246.77277	159.29109	216.49055	42.999252	255.43127	113.89325	362.0	368.35	235399	49.29211	14.936734	119.908966	-23.194576	-49.40925	1.0621073	1338.5563628673553
215	201.19946	10.198076	212.15073	187.5965	201.83339	40.827953	264.34207	117.060776	379.66666	356.4	236499	49.371445	14.831176	96.78008	-15.684629	-49.478664	0.8565562	1344.8323464393616
216	217.64076	12.674426	235.52295	207.63564	199.8569	49.614986	265.93384	66.11837	400.0	354.8	237599	49.36572	14.797145	137.09694	-15.320131	-49.475903	0.99346435	1352.3921625614166
217	220.63867	12.371727	233.0104	208.26695	203.41988	32.114883	239.26305	130.54785	400.0	367.1	238699	49.45123	14.685668	106.42095	-14.795954	-49.55961	0.9284645	1358.638168811798
218	214.20903	23.51999	242.9549	185.34329	225.48373	36.987587	257.0938	110.29245	400.0	382.85	239799	49.491356	14.713879	151.99109	-37.176792	-49.598915	1.0567933	1364.7178823947906
219	203.70549	8.881966	214.8707	193.13916	212.23604	41.77638	264.35175	116.35083	400.0	369.1	240899	49.56208	14.58397	108.932236	-14.188988	-49.674168	0.87604284	1371.9912955760956
220	201.2603	35.43307	243.1661	156.51283	199.35849	37.989613	248.21208	136.39813	365.33334	357.65	241999	49.57908	14.631292	136.23196	-21.675577	-49.68581	1.0118321	1378.215814590454
221	151.46025	8.708076	159.0136	139.26003	160.90181	52.688377	242.6267	70.371	300.0	307.55	243099	49.600624	14.570321	153.98766	-38.11384	-49.71074	1.123507	1384.263735294342
222	179.77293	42.909225	210.48003	119.09159	219.96948	21.703663	245.09792	142.09688	356.33334	392.05	244199	49.647224	14.497165	118.64347	-20.42245	-49.765457	1.0033395	1390.8158826828003
223	202.51076	16.45156	224.35083	184.64528	175.00865	60.87038	250.73134	45.73317	400.0	315.95	245299	49.69814	14.438057	110.60896	-19.387825	-49.808723	0.9743983	1397.5941033363342
224	194.85536	55.718304	235.82143	116.07886	195.91034	44.567554	245.87982	116.501724	341.66666	350.1	246399	49.789993	14.3739605	130.05186	-18.405203	-49.910328	1.0341716	1405.1456761360168
225	211.86224	8.235024	221.45268	201.34505	217.14725	33.770473	253.59416	132.71965	400.0	373.5	247499	49.838158	14.303214	96.65494	-18.693865	-49.953518	0.95036274	1412.7991728782654
226	212.78522	9.8951235	226.77882	205.72258	214.43643	40.101227	249.89265	70.275604	400.0	380.2	248599	49.905483	14.219313	135.87456	-17.949669	-50.020554	1.0671114	1419.1046471595764
227	214.31636	3.067657	217.71867	210.28412	215.2338	46.07487	258.9227	91.076485	400.0	369.65	249699	49.965366	14.1672325	113.76334	-17.668774	-50.08241	0.9533882	1425.176560163498
228	221.17535	13.85508	235.03044	207.32028	215.27046	30.32419	245.50787	129.06813	400.0	378.35	250799	50.024784	14.1466	94.853226	-16.760824	-50.135788	1.018856	1432.4921071529388
229	180.51471	35.96169	222.8401	134.42809	213.75603	34.796246	248.6493	118.3043	327.75	379.65	251899	50.06706	14.138387	119.99644	-15.8960495	-50.179302	1.01499	1438.8457190990448
230	175.9799	52.516033	217.34933	101.87863	219.26701	22.529232	256.02975	145.38821	336.33334	390.95	252999	50.094208	14.1074095	115.86363	-16.474567	-50.20339	1.1066357	1446.7083461284637
231	208.9964	28.035418	236.14699	170.3989	197.61731	61.623875	247.81714	56.792797	374.66666	350.5	254099	50.162685	14.072953	117.644936	-14.481037	-50.27603	0.9584973	1452.8569893836975
232	209.87187	8.5960245	218.2397	198.05107	183.45735	60.37885	239.25594	32.351078	400.0	330.2	255199	50.22119	14.057345	107.35326	-14.416548	-50.335426	0.90698653	1458.9351019859314
233	215.59865	7.464398	224.57024	206.2953	216.2688	36.07291	247.47836	133.688	400.0	376.35	256299	50.267593	14.01444	116.94392	-21.076582	-50.384026	1.0578928	1465.224061012268
234	155.42267	97.23137	232.50087	18.267546	229.87114	15.145244	264.55182	200.30879	303.33334	400.0	257399	50.335293	13.973476	104.819626	-13.719982	-50.45014	0.94650793	1471.625286579132
235	208.52568	7.9875326	219.40936	200.46469	215.13591	24.312874	247.38911	152.66508	400.0	385.4	258499	50.44537	13.880368	152.77899	-16.320557	-50.56171	1.0382208	1479.384738445282
236	213.03342	17.128998	230.16241	195.90442	217.1553	26.261328	244.69943	130.80661	400.0	384.9	259599	50.50136	13.819861	104.294044	-13.554698	-50.615406	0.88951707	1485.7465875148773
237	175.94855	39.651005	211.88657	114.348885	214.88089	34.351772	249.93686	132.27426	348.0	375.45	260699	50.48014	13.84487	121.32013	-14.104419	-50.58466	1.1187669	1492.0573344230652
238	196.95256	39.19706	233.43777	142.56805	219.44943	26.172344	244.70091	134.42958	357.0	384.85	261799	50.49793	13.806036	112.49072	-13.860838	-50.607906	1.1411035	1499.5342524051666
239	213.96216	6.4376287	219.50684	204.93626	230.26387	13.066191	261.3608	210.25658	400.0	400.0	262899	50.515995	13.792846	125.81057	-14.546408	-50.627747	1.0181638	1505.9413650035858
240	203.17014	17.639824	220.80995	185.5303	214.91594	31.70303	253.41957	141.76572	378.0	379.7	263999	50.548954	13.788996	174.34956	-40.203312	-50.655624	1.2512454	1512.2402958869934
241	218.30261	5.265253	224.26442	211.45816	223.4585	23.601742	244.37091	156.31497	400.0	388.95	265099	50.570923	13.759837	114.39562	-13.496565	-50.675255	1.0565752	1518.0288128852844
242	213.00517	5.2516685	218.19469	205.80914	224.75427	15.78272	253.80618	166.78348	400.0	395.15	266199	50.562885	13.772872	113.0397	-13.648365	-50.671856	0.95924425	1524.0505683422089
243	232.2061	2.8699381	236.09454	229.25449	222.18216	23.109617	247.47652	155.2495	400.0	388.2	267299	50.58803	13.748016	148.85147	-23.463154	-50.69688	1.1133591	1530.6012771129608
244	206.03105	31.856035	230.72388	161.05168	218.70764	29.776217	247.55388	107.11859	368.66666	385.7	268399	50.668083	13.737499	105.066025	-13.646169	-50.794247	1.0888554	1537.1319530010223
245	217.46072	8.486046	225.94678	208.97469	197.80148	45.152573	257.5658	92.2204	400.0	363.35	269499	50.73352	13.649584	107.461494	-14.480858	-50.84923	1.0934248	1543.0959033966064
246	215.90129	8.281426	227.37143	208.11685	230.6865	13.115273	259.59058	215.4585	400.0	400.0	270599	50.816757	13.562474	143.27794	-13.870327	-50.933643	1.1468118	1549.2932796478271
247	218.11037	8.711635	228.44142	207.13185	214.18759	28.542656	255.40665	145.23296	400.0	382.9	271699	50.86296	13.548961	167.84048	-149.42917	-50.977592	1.3069531	1555.790556192398
248	212.53401	2.2004237	215.57506	210.4418	229.49951	47.363377	255.1296	28.530321	400.0	385.4	272799	50.938614	13.467633	109.234314	-13.689526	-51.055195	0.9636793	1562.3969559669495
249	214.37805	10.703873	225.08192	203.67418	217.22485	55.54701	271.983	23.375856	400.0	375.55	273899	50.990402	13.488375	119.048416	-13.759102	-51.10381	1.0942636	1569.8863909244537
250	185.27477	35.356884	228.48987	131.77812	226.91548	20.95654	248.2848	143.6407	355.5	392.9	274999	51.00191	13.474816	109.2538	-14.093885	-51.11197	1.0476669	1577.4184498786926
