Epoch	AverageEpRet	StdEpRet	MaxEpRet	MinEpRet	AverageTestEpRet	StdTestEpRet	MaxTestEpRet	MinTestEpRet	EpLen	TestEpLen	TotalEnvInteracts	AverageQVals	StdQVals	MaxQVals	MinQVals	LossPi	LossQ	Time
1	-65.71477	22.152483	-19.346983	-91.45973	-30.038807	15.382317	-8.594533	-69.759155	137.28572	97.05	1099	-0.6281483	0.30691347	4.2281895	-6.472587	0.60109645	0.020123737	1.7333402633666992
2	-28.591805	15.47491	-10.006988	-81.74385	-21.139406	7.6494246	-0.42942145	-35.24926	79.53333	52.0	2199	-1.6527108	1.0430737	7.4573417	-8.51597	1.63758	0.031633016	8.932783365249634
3	-21.833412	9.155515	10.154065	-31.337204	-31.186466	19.323591	-7.5134096	-71.037575	59.210526	77.45	3299	-3.2162795	1.8356919	2.6039534	-14.314194	3.1688392	0.16925602	16.632647037506104
4	-26.29937	7.1489835	-11.407097	-38.37387	-30.564383	8.319139	-13.985038	-42.53441	71.13333	70.65	4399	-4.567385	2.674734	4.3677177	-14.206486	4.4987617	0.3606599	24.083351373672485
5	-30.605494	11.09873	-8.841219	-47.721394	-29.647167	10.049999	-8.9104185	-52.365234	76.0	78.35	5499	-5.568585	3.4813986	5.8682857	-15.856623	5.460929	0.44115394	31.386937856674194
6	-31.638712	8.004869	-18.02986	-44.373215	-24.23887	15.855115	3.143502	-53.90919	82.666664	98.15	6599	-6.228571	4.1804547	7.4497566	-24.33043	6.0449977	0.5287056	38.62075591087341
7	-14.42451	33.83249	48.697983	-52.1074	-5.524761	34.37052	48.490612	-57.034706	126.666664	128.9	7699	-6.273007	5.2061253	9.189745	-22.38995	6.0950217	0.7029976	45.93141770362854
8	-13.875442	26.553576	47.570057	-44.676632	4.4383507	32.220123	50.39717	-50.16221	102.36364	125.7	8799	-5.7318435	6.4453745	10.746266	-28.071962	5.542816	0.75413144	53.63509964942932
9	14.732886	18.996012	42.863163	-24.945364	6.089296	21.847853	36.245346	-43.33522	136.5	139.9	9899	-3.836339	7.5807867	12.990278	-23.890545	3.5915627	0.7241639	61.21570181846619
10	18.792746	28.17377	52.416412	-34.33618	-1.6967564	35.56086	56.865437	-60.39323	143.0	118.55	10999	-1.4211578	8.927767	15.127211	-24.370352	1.1390184	0.6673937	68.75879383087158
11	-5.404918	42.494045	45.93811	-71.15897	11.437552	33.769123	57.838795	-45.398243	126.0	131.0	12099	1.0512292	10.136775	17.270426	-26.20824	-1.3593037	0.6492817	75.86876273155212
12	19.764345	34.067062	53.09852	-63.490192	20.048311	22.440048	57.40472	-22.31617	150.0	150.0	13199	4.264891	11.092207	20.700012	-28.86741	-4.5610576	0.5848857	83.28495383262634
13	6.13146	32.55792	57.219135	-43.241158	16.493822	24.730587	51.01133	-29.45484	131.5	138.35	14299	7.785862	11.326145	20.747873	-28.211714	-8.053457	0.57585144	90.37315154075623
14	-10.5691	39.350887	40.148396	-77.236565	7.945298	32.95483	57.73044	-46.63753	142.25	133.1	15399	10.86575	11.235618	22.829882	-32.099243	-11.1119795	0.5340429	97.99430346488953
15	21.625702	35.59552	50.792007	-54.994358	19.178417	25.874413	50.63491	-39.56551	142.28572	136.25	16499	13.538902	10.988517	24.864094	-24.889107	-13.776518	0.39989108	105.53254556655884
16	21.943596	29.948254	50.31888	-31.90167	19.982517	28.82098	57.510376	-39.053917	128.55556	131.45	17599	16.078566	10.822872	30.43083	-24.041431	-16.332743	0.40318587	112.59489798545837
17	27.992657	32.683067	57.819714	-31.315392	0.4747712	27.235376	36.08172	-48.46751	127.111115	146.55	18699	17.716051	11.451005	33.460682	-35.456707	-17.99604	0.460006	119.77571129798889
18	16.073366	20.904583	47.86278	-19.59536	14.045792	28.161913	54.854103	-36.107372	150.0	128.05	19799	20.011341	11.231659	32.730953	-20.009783	-20.275951	0.3950713	126.1621925830841
19	0.11260152	25.74119	29.695803	-43.331642	13.630488	23.438972	48.151978	-60.774166	135.875	150.0	20899	21.969646	10.757598	40.2017	-18.74813	-22.242188	0.3388254	133.08946347236633
20	8.915876	16.968924	27.520796	-27.951893	18.850637	12.265418	38.02302	-4.334433	150.0	150.0	21999	23.312704	10.913225	36.25592	-19.113544	-23.62325	0.44062728	140.03631901741028
21	9.712071	26.862188	47.225933	-44.07896	31.863766	20.276846	61.260727	-29.12179	150.0	146.2	23099	25.148178	10.52111	42.37705	-20.205141	-25.423477	0.45232734	146.82026863098145
22	49.853188	11.099622	70.546074	32.128975	22.830816	17.61965	48.366024	-31.185953	150.0	150.0	24199	26.88627	10.243291	51.877037	-18.027275	-27.15055	0.45214278	153.1089379787445
23	-14.904042	36.94883	40.762558	-95.76472	25.79443	15.495958	49.24635	-15.9025545	131.55556	150.0	25299	28.331543	9.596467	42.80284	-24.252087	-28.578268	0.49119285	159.94883799552917
24	17.758091	19.96989	35.38197	-24.492966	20.405825	23.56674	54.951885	-33.933407	139.57143	145.3	26399	28.453049	10.092276	37.734375	-20.752766	-28.702963	0.44700867	167.30325412750244
25	18.693525	20.931528	43.17938	-15.911511	14.500048	18.662125	37.310097	-21.777523	150.0	150.0	27499	29.153118	10.417538	38.94819	-17.383884	-29.39803	0.53103596	174.18263578414917
26	22.519075	18.875835	50.687702	-10.986601	26.24477	20.885338	51.74802	-19.652393	150.0	150.0	28599	30.035305	10.760612	40.29756	-16.570105	-30.284859	0.5683772	180.89962887763977
27	12.399001	29.554075	46.58706	-47.04258	24.447504	29.21791	53.637894	-35.08454	150.0	145.85	29699	31.412247	10.6178665	41.404953	-13.818908	-31.658525	0.4938932	187.64073514938354
28	15.250574	34.160934	53.717773	-35.82364	14.502937	26.373375	44.926563	-38.589138	121.9	140.9	30799	32.19465	10.904601	45.291046	-12.072128	-32.44754	0.4901184	194.66136169433594
29	25.753277	20.662252	53.15199	-17.84736	15.21917	34.01421	71.38626	-36.881752	150.0	133.1	31899	33.29164	10.771524	55.40039	-11.596082	-33.56764	0.41274863	201.95129823684692
30	27.321115	28.352245	60.50365	-24.458591	-2.2180858	32.458893	53.164352	-45.929535	141.0	118.45	32999	34.09294	10.734171	46.523827	-11.278885	-34.382126	0.3611717	208.71908926963806
31	13.249521	42.495235	54.459656	-64.5795	34.43036	24.515444	63.077774	-34.043945	145.42857	141.15	34099	36.31597	9.58598	46.280716	-15.701767	-36.558453	0.36298272	215.54046869277954
32	11.992996	33.653526	52.587505	-44.44762	5.2770796	36.854256	55.519756	-58.688965	136.0	150.0	35199	36.526623	10.484954	73.17016	-6.7577457	-36.750534	0.5263874	222.2017343044281
33	-15.133656	34.539555	34.621513	-66.506004	-17.035412	34.967	52.54297	-74.044014	144.5	147.25	36299	36.55747	11.316928	51.74705	-14.184703	-36.810326	0.51309305	229.54410600662231
34	-4.9840503	44.268623	39.75685	-92.81128	9.164705	40.398537	49.50525	-86.61626	150.0	147.9	37399	35.36347	13.03717	48.61183	-13.491838	-35.630924	0.54732436	236.5982310771942
35	40.796448	16.624956	63.003815	3.592858	19.402782	33.621746	53.94966	-66.9969	150.0	150.0	38499	36.334213	12.659908	51.572075	-12.945649	-36.625744	0.5095743	243.38445448875427
36	43.923817	22.254662	77.00018	18.162333	-8.612495	36.94197	65.12613	-72.27925	150.0	138.4	39599	37.749115	12.066417	50.68718	-18.145916	-38.064445	0.39137706	250.04283928871155
37	17.122143	34.3408	70.69464	-36.81517	29.24496	29.190868	77.32882	-42.009785	138.875	143.8	40699	38.50136	12.491251	50.041958	-25.120363	-38.79299	0.40297285	256.6520104408264
38	26.44773	22.35587	46.673836	-22.319006	29.872324	22.425041	60.239765	-28.542994	150.0	150.0	41799	38.62356	13.206213	51.37101	-30.130398	-38.92029	0.42600363	263.3467335700989
39	11.683066	30.480886	41.511425	-51.598915	2.6950605	22.715015	44.46864	-36.73919	146.25	142.85	42899	39.550194	13.1639185	50.271023	-33.296875	-39.835873	0.5045949	269.76613903045654
40	19.075914	29.147655	38.560246	-49.431286	20.63499	29.155697	55.53796	-45.481678	150.0	146.8	43999	40.481297	13.194706	50.803158	-35.52434	-40.75938	0.42975712	276.228631734848
41	38.386143	15.521985	58.25907	8.148219	21.322426	28.892653	58.434586	-47.692173	150.0	145.2	45099	42.900818	10.867883	52.570946	-37.699593	-43.144417	0.3420179	283.60938239097595
42	0.98821163	25.220257	27.834044	-59.263977	11.947189	28.945599	62.476807	-38.44464	150.0	147.5	46199	43.457287	10.583057	56.23546	-49.568657	-43.70504	0.40938777	290.49571442604065
43	19.20524	15.865597	43.313183	-7.215904	5.616613	30.35565	52.357765	-67.31078	150.0	150.0	47299	43.597813	10.553288	52.69822	-14.925066	-43.862984	0.32282427	297.91557240486145
44	-2.8655264	34.00089	37.184025	-62.777184	10.838654	29.244967	53.02735	-34.317455	150.0	140.05	48399	43.67552	10.261784	53.48036	-14.028629	-43.953827	0.28686592	304.8884038925171
45	21.295715	22.671242	51.058186	-16.86309	-0.66783464	35.39589	54.387444	-40.772354	150.0	126.5	49499	44.026726	9.834004	53.77903	-14.167064	-44.33829	0.3796859	311.2011728286743
46	-2.1200414	24.119637	47.088886	-35.62609	11.523001	33.56356	55.018196	-34.263138	150.0	121.75	50599	44.658955	8.884885	54.26598	-14.388829	-44.98589	0.36064118	317.2660310268402
47	0.9664378	35.259583	37.611603	-67.76873	13.276105	27.650995	49.51689	-64.86894	138.375	150.0	51699	44.62927	9.42906	54.626564	-21.103855	-44.981934	0.32896417	323.9673969745636
48	8.809092	36.6946	46.339912	-46.090816	20.696856	15.857647	44.32171	-6.0120797	150.0	150.0	52799	44.97678	9.624908	54.56464	-21.00305	-45.341797	0.26039875	330.66802525520325
49	24.996819	20.228798	55.718067	-8.325058	-5.579125	40.7423	37.52093	-87.47484	150.0	149.1	53899	45.321835	9.615518	54.9715	-21.87298	-45.662697	0.2750501	337.3135633468628
50	-2.2462401	48.842205	51.176308	-89.481544	4.973858	29.486597	40.569263	-68.5964	145.0	150.0	54999	45.568527	10.040667	55.49334	-23.195873	-45.877712	0.26503634	344.4670612812042
51	2.3859596	34.967793	33.359203	-78.20125	13.629306	22.817795	41.730244	-31.94248	150.0	150.0	56099	45.124653	10.739106	55.62269	-26.059456	-45.390034	0.24640243	351.64956760406494
52	-13.076403	44.296955	34.158848	-91.16429	13.611728	32.5764	58.580112	-60.848953	141.71428	147.65	57199	44.685104	11.315073	55.710075	-27.2323	-44.948105	0.28935674	358.29522705078125
53	-3.9889293	25.257727	35.224995	-38.79035	-6.8342752	30.695261	48.266354	-71.34657	129.77777	137.2	58299	43.99366	12.133968	77.20751	-27.463192	-44.252563	0.26204395	364.81294322013855
54	6.009187	32.24864	46.543743	-43.732334	4.2024984	30.922491	61.617863	-63.00096	134.0	134.2	59399	44.310184	12.172177	60.02548	-25.646467	-44.574276	0.33562386	371.2123031616211
55	4.8198013	9.119726	20.406029	-5.82263	-1.3068846	35.40944	47.983482	-77.438675	150.0	129.6	60499	44.213287	12.483935	64.016525	-7.0749354	-44.4836	0.3612261	378.20885610580444
56	14.411085	29.59186	60.70978	-28.670347	-2.7226162	25.831957	47.970257	-43.181316	133.0	121.05	61599	43.615078	13.069134	63.872547	-7.683556	-43.87421	0.42852595	384.61187171936035
57	14.144762	22.276247	44.5813	-23.631186	-15.23271	32.518036	41.914455	-86.93822	140.625	137.6	62699	43.16305	13.5058775	62.4713	-8.678984	-43.4605	0.4785292	391.6529800891876
58	-22.426157	18.983875	7.970524	-52.052956	4.4684386	32.578606	50.089035	-63.156727	134.625	147.65	63799	43.086525	13.231867	59.779297	-12.499397	-43.400646	0.51221204	398.48241329193115
59	-14.827106	22.709682	32.668777	-58.32302	-6.328149	36.362064	54.43311	-88.66862	125.44444	150.0	64899	42.08385	13.642139	57.884747	-13.573352	-42.42889	0.45420212	405.11921668052673
60	26.594742	17.594086	44.40639	-6.733308	15.051046	30.953436	51.923027	-68.41543	150.0	150.0	65999	42.680466	12.92042	56.936153	-13.231609	-43.025364	0.44882244	411.57380652427673
61	9.58638	21.022455	26.98812	-30.953232	17.120075	24.88429	57.34782	-34.404163	150.0	150.0	67099	42.99677	12.59882	60.283993	-10.776835	-43.308926	0.43788058	419.01272654533386
62	39.646183	19.18125	69.04237	12.892394	-5.819435	30.788216	46.55389	-54.751606	150.0	136.0	68199	43.23743	12.282108	57.620148	-21.030563	-43.552773	0.3867225	425.5564308166504
63	-11.935623	29.81514	53.49337	-48.157906	1.5768156	32.04155	59.368763	-55.920834	128.875	132.95	69299	43.66882	12.280312	58.793907	-24.43862	-44.005623	0.44019824	432.3424639701843
64	27.204664	21.168684	51.96972	-10.779446	26.573343	25.33226	66.827705	-23.479	150.0	150.0	70399	43.407078	12.367125	58.008896	-22.717037	-43.74278	0.38875577	439.66491436958313
65	29.387661	20.119081	61.75928	-3.0380511	-1.4297693	27.90899	34.16378	-83.66421	150.0	142.05	71499	44.170185	12.072842	64.92354	-19.288538	-44.48913	0.3901917	446.29264521598816
66	8.5377245	18.510405	41.327362	-17.425293	10.847155	25.051493	48.18754	-53.839035	150.0	143.15	72599	46.164192	10.613176	58.706898	-17.909693	-46.444946	0.33780485	453.050537109375
67	10.483592	23.499565	34.84028	-39.00832	15.077108	24.71938	51.12255	-36.76454	150.0	141.7	73699	47.183678	9.640717	58.216354	-9.220443	-47.46584	0.35422963	460.21187233924866
68	10.262029	23.596724	43.706173	-28.14053	12.007235	27.407806	42.380966	-65.81444	139.25	147.5	74799	47.138966	9.698696	63.37619	-10.7926	-47.437424	0.44490924	467.36173272132874
69	22.920326	13.7942705	38.194714	-2.9321349	3.8935943	20.675684	38.221138	-34.61378	150.0	132.45	75899	47.38116	9.25504	59.996365	-10.901222	-47.681187	0.3718363	474.0835964679718
70	13.305784	14.701695	34.590355	-7.1750603	5.504709	21.208883	35.09683	-38.446854	150.0	146.3	76999	47.347992	9.036842	57.373306	-9.767313	-47.618885	0.4108581	481.0237910747528
71	-1.0594008	25.531782	35.049187	-35.44002	27.059961	23.695925	60.229725	-37.823685	137.875	147.8	78099	47.73959	7.568995	59.451984	-8.645054	-47.97708	0.3000148	488.1111285686493
72	30.650345	9.959799	42.356842	14.90222	12.031793	25.85306	50.157192	-39.281006	150.0	140.75	79199	47.20749	8.587197	56.470108	-11.573958	-47.46978	0.32470885	495.3519821166992
73	8.229826	29.890694	41.415287	-44.72111	22.627464	23.734295	53.212082	-15.836033	139.375	150.0	80299	46.658176	9.712862	56.65417	-12.024544	-46.945797	0.36723053	502.532518863678
74	13.489076	29.98608	48.790077	-40.14969	1.9436859	30.519646	43.865826	-61.21662	126.77778	127.4	81399	46.694138	10.236578	60.08356	-7.8605175	-46.98345	0.3526603	509.3702139854431
75	-1.6107116	34.562557	40.703533	-61.086388	-3.4263382	17.308746	38.126945	-45.141506	141.25	141.55	82499	46.33528	10.995634	56.222908	-4.269047	-46.620773	0.4294166	516.1239368915558
76	0.95739585	23.463755	41.22598	-32.79496	-4.0080233	35.093845	55.005615	-65.67948	150.0	150.0	83599	45.746685	11.736224	56.37867	-6.7496996	-46.027798	0.36437386	523.2360196113586
77	-12.978541	40.058575	51.79101	-54.11462	9.493635	34.035294	54.8901	-65.566216	150.0	145.35	84699	44.910885	12.330691	74.822556	-10.686999	-45.21842	0.5152063	529.6325631141663
78	4.948249	23.293736	33.895283	-25.114061	-0.2563537	39.411877	44.319332	-89.773026	150.0	138.0	85799	44.65059	12.2471075	56.34322	-17.068497	-44.96922	0.43190575	536.0507206916809
79	-13.379508	35.410126	26.389593	-73.6159	9.086953	33.27022	48.077316	-49.159775	132.0	142.1	86899	44.29047	12.186458	56.225433	-24.066069	-44.571575	0.3760872	542.607335805893
80	3.8724575	30.628794	23.020031	-69.67393	16.306545	29.062016	50.638634	-60.91418	150.0	150.0	87999	43.756817	12.377413	56.08771	-27.521082	-44.083523	0.4712707	549.2510375976562
81	3.313922	29.300709	46.306816	-42.216206	15.3657255	35.163162	52.612453	-81.989746	150.0	140.4	89099	43.397205	12.161459	56.224937	-30.608896	-43.714436	0.45210737	556.1173691749573
82	10.010564	33.799454	41.461716	-63.05638	10.824853	32.92854	50.079136	-52.63512	150.0	150.0	90199	43.666172	11.66126	56.19029	-32.72838	-43.965485	0.43645296	562.7589898109436
83	15.260035	34.652306	40.68966	-68.028595	15.662768	31.240065	61.965107	-40.887894	150.0	129.0	91299	43.837948	11.638144	56.101677	-34.27399	-44.11135	0.44180897	569.3138945102692
84	25.159653	23.891691	50.417625	-31.346973	21.483824	30.544397	51.58212	-68.36335	138.625	145.2	92399	44.477547	11.556243	56.127354	-5.732795	-44.74253	0.33019304	575.9828398227692
85	-3.8280516	42.212852	39.61241	-61.103474	9.536852	36.06235	46.4866	-86.09446	145.0	140.0	93499	44.294765	12.332758	55.964344	-9.076984	-44.556427	0.34255287	583.0597095489502
86	24.39053	30.332045	59.022156	-42.09957	16.847599	39.96321	66.89831	-77.040924	139.25	144.05	94599	44.897827	12.301009	74.20101	-7.772228	-45.152752	0.41093054	590.1764361858368
87	35.65052	17.610415	71.40276	15.077947	19.315977	30.47445	69.9261	-54.110573	150.0	147.35	95699	45.85293	11.37034	55.355812	-7.0513883	-46.080994	0.29932624	597.0286481380463
88	17.599962	17.600111	41.179306	-10.265162	16.627626	25.192476	52.41295	-43.714428	150.0	146.1	96799	46.36016	11.486446	56.139202	-7.8007765	-46.575275	0.29299825	604.3597576618195
89	11.776022	21.857805	35.30489	-41.074364	10.4441	18.209833	48.736088	-21.547548	150.0	150.0	97899	46.488037	11.411502	61.703102	-6.32584	-46.69262	0.3757654	611.0532047748566
90	4.291021	6.640163	16.753983	-5.9322367	13.91994	22.048956	57.824993	-16.895851	150.0	150.0	98999	46.971924	10.448499	60.31916	-5.9560013	-47.16795	0.3481092	617.2396550178528
91	1.6358944	37.54282	38.554493	-81.52054	-0.11177969	36.529465	53.869617	-88.88207	150.0	145.65	100099	46.932133	9.7962475	59.704163	-5.8835993	-47.133583	0.36652154	624.3841814994812
92	19.408403	14.473015	44.485153	-6.839782	15.325937	35.640713	61.928707	-53.82612	150.0	138.1	101199	47.406887	8.425036	58.729652	-5.049714	-47.57824	0.39067417	631.1895813941956
93	12.5545845	20.952826	43.4009	-30.653187	21.031631	23.196049	62.869404	-11.6283865	140.75	150.0	102299	47.458652	7.293075	57.922077	1.4760909	-47.619232	0.361291	638.3329341411591
94	10.704675	51.542416	72.11553	-86.26204	9.595793	40.395832	65.31752	-83.38263	139.0	149.2	103399	46.545677	7.8907704	59.17821	-3.7143803	-46.71199	0.3834955	645.5437352657318
95	19.719181	22.00043	44.725193	-30.646013	19.947086	27.847551	64.86613	-33.09634	137.75	145.35	104499	45.98971	8.029577	54.07748	-5.365403	-46.186478	0.377224	652.5215690135956
96	7.299291	36.394634	46.688023	-74.232056	15.191218	21.454449	46.198956	-35.323483	135.33333	150.0	105599	45.56974	8.375758	54.877502	-6.676057	-45.77726	0.3624556	659.3297045230865
97	22.069946	33.702168	80.425186	-19.318459	14.833015	21.828821	51.34663	-31.1634	150.0	140.6	106699	44.864887	9.691628	56.85216	-19.972904	-45.081703	0.42568955	666.5661845207214
98	12.297007	37.973656	71.92314	-46.88511	22.984434	30.543056	61.916664	-41.07967	120.111115	145.65	107799	44.180264	11.009867	59.77912	-13.833107	-44.382015	0.4018005	673.1661195755005
99	27.970463	9.078782	38.604805	10.398443	18.183584	33.507515	69.52499	-51.22661	150.0	146.7	108899	43.96881	11.802796	56.706482	-10.829098	-44.179703	0.36225522	680.0746166706085
100	23.99955	13.270797	55.0442	11.450126	15.212064	27.105011	52.65636	-51.814335	150.0	150.0	109999	43.963596	11.807819	56.16104	-9.0050535	-44.182167	0.34107637	686.6487295627594
101	15.430319	46.159595	70.70315	-73.49016	6.9843035	42.64884	53.220627	-81.04306	143.42857	135.3	111099	44.19136	11.574725	63.085045	-10.516305	-44.374004	0.40864852	692.7730741500854
102	-5.2319155	35.63987	36.088573	-70.63527	5.2158313	33.874783	55.715336	-73.99069	150.0	144.1	112199	43.707134	11.890794	55.533035	-13.153015	-43.890003	0.3825758	699.5742294788361
103	18.60026	29.943823	49.16296	-40.774437	2.6336112	28.228022	39.23611	-63.71874	133.375	137.95	113299	42.97245	12.128513	55.35061	-14.179985	-43.181564	0.4598247	706.2471659183502
104	11.382563	23.6328	46.496513	-33.49127	-5.286845	23.798458	43.9043	-49.381783	139.5	133.45	114399	42.95668	11.958283	54.077755	-16.000294	-43.175476	0.45325923	712.7639954090118
105	20.674088	26.899601	57.36423	-19.899412	-3.8146796	32.187252	44.645702	-76.060814	150.0	130.45	115499	43.143047	11.379674	62.81801	-15.285688	-43.368793	0.39530766	719.4118685722351
106	7.753128	25.370955	39.71326	-24.319506	2.4494648	26.727282	38.963997	-40.818977	125.22222	130.15	116599	43.391098	10.660363	64.135376	-14.639105	-43.625298	0.43595552	725.9328269958496
107	-3.8968883	29.81428	37.658733	-50.953682	-14.988153	33.302555	37.996727	-81.92613	116.2	126.85	117699	42.73927	11.29689	64.83525	-14.5484295	-43.053993	0.58881575	732.4151601791382
108	-25.120579	21.588717	20.110847	-56.672314	-23.95123	26.358292	18.972763	-77.93872	108.888885	120.9	118799	41.763813	12.086586	67.54285	-10.306484	-42.10486	0.66852885	739.533417224884
109	-18.6193	19.249489	15.673204	-45.057255	-22.828129	24.07091	39.380043	-56.217075	109.63636	112.5	119899	40.953117	13.142855	69.72664	-14.454697	-41.41412	0.60477394	746.7052702903748
110	-8.522392	23.875517	44.477005	-42.873436	-25.762583	20.912537	6.431259	-65.758644	130.125	127.2	120999	40.97035	15.059653	67.224174	-11.435992	-41.507984	0.94677466	754.0012917518616
111	-32.116886	17.156467	3.1603487	-55.931072	-25.936132	21.06181	2.8572137	-66.77652	128.44444	144.9	122099	40.976963	16.076818	66.34959	-14.098194	-41.629047	1.1284317	760.845413684845
112	-21.693266	15.087396	-6.0767612	-55.60381	-25.082508	17.392466	14.013146	-61.886055	150.0	142.45	123199	40.383984	17.344553	65.58889	-13.958165	-41.00352	1.0368451	768.0410802364349
113	-38.36717	24.966145	-6.686208	-85.94397	-32.780903	36.381245	38.689686	-80.302185	144.125	144.05	124299	39.00316	17.541597	69.86613	-10.168793	-39.5763	0.9070794	775.0406067371368
114	-14.244417	25.15427	22.815302	-50.75188	-27.288092	25.805384	8.345403	-66.38016	138.5	146.3	125399	38.23344	17.01949	75.03225	-10.451342	-38.798294	0.77931094	781.7474141120911
115	-33.621883	28.743557	5.1911864	-74.721016	-18.220531	23.824541	18.094131	-81.0374	150.0	150.0	126499	39.112797	16.900116	63.769955	-12.301305	-39.644238	0.8543094	788.9981091022491
116	-10.395807	17.85453	8.16694	-43.396885	-20.435328	22.909264	16.183907	-82.77661	150.0	140.5	127599	40.591568	15.805496	64.481316	-11.980863	-41.09741	0.84427345	796.1213386058807
117	-13.895882	22.04847	16.934214	-49.483868	-17.858131	29.534075	21.897291	-73.217964	143.125	143.55	128699	42.229153	13.348804	61.323463	-10.432714	-42.64733	0.67437875	802.9574906826019
118	-23.039652	15.669101	-2.6756573	-47.027397	-14.462275	26.168697	27.44411	-73.7607	145.625	146.15	129799	42.590298	11.8516245	72.81705	-7.2539783	-42.955524	0.600016	809.5800950527191
119	-25.914368	10.47577	-7.994971	-39.589867	-8.904005	25.715498	47.578922	-57.58949	150.0	141.65	130899	43.095352	9.512328	63.439083	-7.71436	-43.414696	0.4974287	816.4561517238617
120	-9.449088	26.092253	17.708471	-61.144623	-7.775766	24.512285	25.724064	-63.065777	134.625	144.4	131999	42.49624	9.070904	61.07472	-16.490913	-42.763012	0.36716175	823.7865855693817
121	-14.570964	24.076624	17.15592	-64.605194	-16.188507	28.917147	26.008577	-81.76609	115.55556	134.45	133099	41.705654	9.431852	74.803505	-20.109034	-41.922615	0.44450966	830.5305597782135
122	-8.561248	30.847174	31.164246	-67.28935	-13.428464	31.683933	42.05673	-67.715096	139.75	139.35	134199	39.57151	10.246447	56.15387	-19.484812	-39.793373	0.45004505	836.8525440692902
123	-5.8031707	22.29493	26.728659	-46.174713	-17.42648	28.815529	15.293978	-92.529724	134.0	132.9	135299	38.922886	10.600478	59.3356	-18.256952	-39.165638	0.4816605	843.4924819469452
124	-26.720476	46.331833	23.83073	-100.530205	-17.655704	28.77519	21.157259	-67.547226	138.57143	148.4	136399	37.67357	10.725637	82.378944	-15.20993	-37.974327	0.5005066	849.8761270046234
125	-1.691469	19.424288	27.479036	-30.50425	-9.77537	29.22009	30.21813	-81.54641	132.22223	134.2	137499	36.613686	11.758292	57.714195	-32.81518	-36.982727	0.5511315	856.817033290863
126	-1.2262561	27.308104	29.308422	-48.768017	-10.155393	23.622997	38.294357	-57.848804	131.5	126.95	138599	36.737244	12.840357	58.27581	-23.670986	-37.090454	0.51229686	863.6616928577423
127	-14.351144	19.824738	16.451828	-42.431904	-6.187923	23.025442	35.007023	-58.229847	137.125	136.1	139699	36.503754	14.002806	59.495255	-16.822231	-36.830154	0.61886686	870.7617800235748
128	-7.8002553	16.992048	17.216074	-41.48591	-7.247056	24.654928	45.534546	-51.56893	142.0	142.1	140799	36.32933	14.426902	66.4671	-13.188369	-36.6519	0.70546687	877.2126870155334
129	12.810631	22.199183	55.654858	-20.746162	-1.0132151	19.273216	29.439905	-55.78257	150.0	149.0	141899	37.639668	13.697163	55.191837	-13.548508	-37.962498	0.65923905	883.9229602813721
130	-18.422005	30.625427	16.579252	-88.26094	-10.004074	23.457066	27.371595	-71.24235	150.0	150.0	142999	37.518417	13.542802	57.874702	-13.252901	-37.848625	0.62230283	890.5453412532806
131	0.41615757	21.09407	27.010925	-41.71608	3.1560922	20.893852	26.943916	-49.98778	150.0	150.0	144099	38.027332	13.387197	58.772976	-13.99886	-38.341797	0.57287467	897.8069975376129
132	7.5394716	16.916079	27.46708	-24.319319	19.15258	30.588276	57.976562	-72.96397	150.0	150.0	145199	39.352962	11.537187	53.40068	-13.546083	-39.61911	0.52388114	903.9406762123108
133	2.9528136	26.681242	45.627888	-37.032097	21.95779	22.413929	60.119404	-35.713776	137.875	150.0	146299	39.356888	11.14426	53.629898	-12.560093	-39.6079	0.6380757	910.9945032596588
134	-4.620177	35.817955	39.975384	-71.43963	18.353186	24.027695	55.05386	-34.39835	131.88889	140.5	147399	39.493095	10.813667	62.799572	-11.829453	-39.735947	0.59395605	918.2904961109161
135	37.41488	8.342895	52.19442	27.03989	23.250248	32.035553	67.015236	-35.1509	150.0	142.8	148499	39.585926	11.109599	50.51245	-12.409827	-39.796	0.5544777	925.0839688777924
136	21.872557	30.877821	62.95039	-25.279497	18.74178	22.629488	51.335815	-29.33744	129.88889	141.15	149599	39.62416	11.086584	50.30886	-13.232621	-39.8124	0.45477077	931.5575535297394
137	10.335328	34.84398	48.49704	-34.16853	17.1112	29.738665	70.48674	-55.057873	129.875	141.35	150699	39.060318	11.908964	49.628452	-26.084373	-39.226776	0.56008524	938.5468463897705
138	32.377487	34.796684	62.06033	-48.129364	21.269697	28.36449	68.89126	-27.552616	145.875	145.8	151799	39.361725	12.03984	50.787586	-19.631496	-39.518658	0.4977705	945.299968957901
139	13.853011	34.556145	59.479626	-50.40734	12.69943	33.72099	65.27957	-39.513813	150.0	150.0	152899	39.383953	12.347962	55.49213	-21.12592	-39.56071	0.46893853	952.8365890979767
140	16.600882	26.507828	67.79373	-15.369557	11.812703	31.407354	59.326344	-53.851273	150.0	139.9	153999	39.922123	11.942695	58.405903	-15.240566	-40.109375	0.33253595	959.4875164031982
141	21.346588	30.951237	80.27804	-14.282428	15.299832	30.570108	64.46854	-50.495277	150.0	142.5	155099	40.362125	11.272847	59.392406	-9.97228	-40.565567	0.3529768	966.45170545578
142	13.841151	24.88834	35.34223	-27.720789	8.959453	35.35823	71.88768	-41.26214	140.28572	134.05	156199	41.34809	9.809863	65.97289	-10.113301	-41.54596	0.3798135	973.486412525177
143	-7.9256153	42.137634	42.716576	-90.93194	19.014803	32.59328	79.96032	-38.093994	150.0	141.75	157299	40.576576	10.564533	63.84706	-21.649796	-40.798313	0.4132234	980.4069395065308
144	-11.930064	30.615267	37.118977	-48.657444	8.696887	29.513865	49.812428	-57.33309	133.125	130.1	158399	40.698826	9.586985	57.727493	-11.429287	-40.956234	0.43215337	987.1237192153931
145	11.018209	34.935238	50.444656	-51.148727	10.721942	31.842823	57.795025	-67.243416	137.5	146.15	159499	40.439045	10.020476	58.95101	-18.379406	-40.69209	0.45693603	994.3238244056702
146	14.479026	25.718172	44.483185	-31.297714	14.194498	24.19338	53.196083	-36.745117	150.0	146.4	160599	40.050655	10.39715	58.826553	-14.3101425	-40.30487	0.45287785	1001.5830688476562
147	-3.4127748	38.918144	35.561417	-92.55343	10.790418	35.687355	58.66695	-57.001076	139.625	143.75	161699	40.039593	10.850305	56.956173	-17.224241	-40.355717	0.5334399	1008.1859443187714
148	4.900884	29.983292	62.576717	-44.001144	-3.0639884	39.51651	53.423115	-53.572617	140.875	128.95	162799	40.18085	11.063762	60.29752	-18.07688	-40.532528	0.56606805	1014.4981625080109
149	-9.703836	24.681976	37.12686	-36.718616	1.8115305	33.341568	44.488354	-51.440113	129.0	138.35	163899	40.07817	11.246357	65.83923	-17.83626	-40.405216	0.5887829	1021.1443548202515
150	8.003113	36.50305	52.66161	-60.76983	1.6094116	32.03668	48.5799	-48.34476	140.875	134.05	164999	39.72994	11.61267	69.65449	-16.667072	-40.046555	0.5151038	1027.7893114089966
151	0.4070742	40.199665	46.950806	-45.404087	4.119111	37.741943	68.75246	-70.78429	144.125	137.2	166099	39.7923	11.903436	56.69953	-16.13935	-40.087955	0.48182768	1034.7446274757385
152	24.497187	37.551685	62.963066	-36.198395	17.629162	25.825254	55.338924	-31.223063	140.25	135.4	167199	39.667694	12.231533	57.285645	-15.273979	-39.94364	0.45747325	1041.9056067466736
153	25.64246	39.81558	56.373436	-40.298687	2.8846622	32.73785	52.13059	-59.717026	150.0	128.2	168299	40.479984	12.210697	52.801926	-15.026802	-40.73341	0.35876024	1049.1864414215088
154	18.576847	13.9915905	42.36069	3.2883182	9.758291	27.613077	58.194748	-33.92222	150.0	131.2	169399	41.128952	12.297585	54.520718	-8.846036	-41.361015	0.39314577	1056.2711956501007
155	12.479422	28.705404	46.386406	-34.004524	-4.3872523	33.684742	44.981453	-60.299076	121.0	123.35	170499	41.419765	12.41069	62.830685	-11.601042	-41.656063	0.3957607	1063.2144677639008
156	1.2931061	44.469887	48.556534	-87.61396	22.966324	30.128508	67.5552	-51.213463	138.875	144.4	171599	41.56563	12.933379	54.4884	-12.5497265	-41.7987	0.4022499	1069.987714290619
157	8.917108	39.0877	58.439884	-43.04157	18.738417	33.14622	68.527916	-46.614033	137.14285	141.45	172699	42.144707	12.657977	70.49248	-11.255944	-42.35478	0.59151787	1077.2643404006958
158	26.023634	25.028275	51.91043	-34.204983	20.450968	26.81246	73.73891	-29.260178	141.0	150.0	173799	42.47127	12.559681	62.72558	-10.700476	-42.65807	0.51962644	1084.317839384079
159	31.501665	29.860565	62.193516	-39.59613	20.189741	26.563831	58.57749	-27.084572	150.0	144.95	174899	43.40038	11.792054	61.41977	-7.252544	-43.563793	0.41383502	1091.2900142669678
160	18.153978	32.09176	48.54442	-47.472233	12.713472	39.70785	80.06281	-60.97921	150.0	126.05	175999	43.655197	11.601477	68.715126	-6.509232	-43.82609	0.39759624	1098.5312175750732
161	34.74563	16.52874	69.28923	15.414835	26.795294	37.43538	70.620544	-71.787964	150.0	145.3	177099	43.56086	11.809873	73.961876	-8.46023	-43.734863	0.4795702	1105.1419968605042
162	28.031536	30.565962	61.69078	-35.44318	-1.7401602	35.832066	48.396084	-68.323586	138.75	129.85	178199	43.903126	11.858502	63.948776	-11.0729065	-44.080185	0.5405866	1111.8624260425568
163	1.7709675	38.55208	48.03012	-53.864788	27.428913	24.383673	54.94734	-43.902317	142.625	150.0	179299	44.28709	11.424655	59.041927	-10.625627	-44.45095	0.51622653	1118.5983674526215
164	20.774542	27.747993	66.90702	-20.241592	33.912926	24.238583	71.97895	-35.54677	150.0	150.0	180399	44.75401	10.749375	60.204197	-9.649153	-44.911507	0.48880714	1124.7803847789764
165	16.326416	24.770315	51.559536	-27.420256	13.971558	34.433468	57.213417	-58.225014	150.0	139.55	181499	44.9371	10.425505	54.58671	-12.580184	-45.092545	0.45375228	1131.3363280296326
166	46.07726	10.826804	59.480343	23.368654	22.207794	39.497368	69.87033	-60.57504	150.0	147.7	182599	45.202	10.39848	54.580612	-14.2469845	-45.361057	0.4794812	1138.1103515625
167	29.881727	34.0457	66.82114	-51.531017	19.121588	42.97438	67.2162	-63.309708	141.625	132.25	183699	45.542496	10.1191	54.4114	-14.195742	-45.689842	0.41585138	1144.7990822792053
168	17.224827	23.7342	60.379208	-16.941298	6.7498093	41.114094	66.661194	-67.50443	138.125	129.15	184799	45.5746	9.873421	54.28733	-6.713628	-45.716644	0.41579255	1151.5210571289062
169	36.796234	17.719957	58.32166	7.896765	18.527157	31.895224	49.90698	-64.57469	150.0	144.35	185899	45.456757	9.975487	54.038902	-21.920458	-45.60958	0.37960678	1158.3203642368317
170	20.70716	36.93484	71.72745	-43.70608	11.153791	36.45088	71.365395	-42.977993	129.75	131.3	186999	45.788834	9.620339	65.870155	-7.7482195	-45.94152	0.50639766	1164.7537260055542
171	32.24717	30.003733	68.44672	-28.667076	35.52314	19.900091	66.857414	-16.336954	142.75	150.0	188099	46.26512	9.311863	53.979183	-5.1243773	-46.398502	0.4244948	1171.582189798355
172	14.788674	31.67219	45.569622	-52.056664	21.957132	25.543846	58.823994	-44.218147	150.0	146.35	189199	46.163445	9.784931	58.448822	-10.071814	-46.28688	0.3988146	1178.46240234375
173	32.610016	32.71636	76.60554	-25.609354	13.7502	35.117043	67.95697	-48.529476	150.0	128.25	190299	46.087048	10.088852	55.134808	-10.740648	-46.21688	0.42149302	1185.5983028411865
174	10.751286	33.79614	48.737873	-48.383377	19.566832	36.28544	72.722916	-70.73979	138.5	135.1	191399	45.245403	11.048368	53.752594	-16.639666	-45.385883	0.39993608	1192.607970237732
175	16.431362	24.70508	38.11738	-27.900969	20.559475	39.644653	64.09259	-96.644554	126.5	150.0	192499	44.99789	11.181767	53.927708	-18.02276	-45.151833	0.42136046	1199.3727977275848
176	3.2036543	41.592777	50.199406	-61.69977	16.034218	33.633167	70.27048	-58.752876	136.5	139.3	193599	44.602425	11.607799	53.89188	-16.933605	-44.772797	0.41208723	1205.973262310028
177	-7.4758825	27.751232	41.660927	-44.4708	12.015016	30.030375	54.042698	-47.00267	132.33333	143.65	194699	43.612713	12.468173	53.830215	-20.876083	-43.80388	0.42940393	1212.6406157016754
178	19.430124	23.413761	61.646774	-5.8407855	18.122028	26.800144	55.268917	-36.91639	150.0	140.45	195799	43.005726	13.09924	54.009827	-19.596743	-43.189545	0.47056824	1219.35995554924
179	7.1188455	33.759716	44.249313	-53.79914	3.5728543	37.394093	65.02308	-72.86738	136.375	133.65	196899	42.918304	13.227846	62.75466	-18.651356	-43.099007	0.48168236	1226.014699935913
180	12.932705	26.7127	49.743977	-27.178007	13.5144825	26.325138	43.830475	-32.05158	138.25	131.0	197999	42.377758	13.782252	55.219364	-21.225513	-42.58446	0.46407413	1232.6005053520203
181	21.658741	26.394926	52.16394	-27.230793	4.0587583	26.503517	43.165466	-47.905945	137.625	132.5	199099	42.684143	13.614212	54.37713	-20.711576	-42.90888	0.5279169	1239.247189283371
182	15.264956	15.4594	47.220726	-2.9654617	14.498279	23.917439	49.71556	-30.68188	150.0	141.45	200199	42.796944	13.415112	54.278778	-19.787724	-43.041008	0.5244306	1246.5350670814514
183	9.298147	21.69463	31.336584	-27.78194	15.394908	26.950623	54.939003	-30.387867	138.375	131.9	201299	43.253895	12.717076	54.23641	-17.461264	-43.49386	0.5110821	1253.5786197185516
184	26.2813	31.141659	55.694397	-31.053408	15.280657	20.56569	44.407272	-37.136253	138.75	145.45	202399	44.09667	11.80839	58.328476	-21.465101	-44.316383	0.46105847	1260.3697004318237
185	5.705671	29.046896	51.9457	-52.570885	11.9113	23.855398	47.192017	-33.036495	149.875	138.05	203499	44.560356	11.465108	53.851387	-23.816257	-44.758183	0.3945205	1267.010447025299
186	7.4940248	25.673285	53.656647	-29.901827	13.252649	20.651812	48.94663	-29.495693	129.5	143.15	204599	44.121502	11.522355	55.70354	-23.927536	-44.33785	0.3952759	1273.5478506088257
187	33.0054	7.549934	46.7715	21.788479	8.905792	26.219776	35.159332	-62.95271	150.0	137.6	205699	44.843372	10.008213	60.190105	-22.08869	-45.038204	0.31463018	1280.6192677021027
188	25.741142	14.607366	47.4638	2.0488365	9.318832	30.11699	48.110386	-47.839153	150.0	136.15	206799	44.84671	9.714103	55.850792	-7.384678	-45.030476	0.30828857	1287.1011564731598
189	-9.890612	22.05191	23.7038	-47.129005	6.991674	21.24367	32.90921	-43.359257	137.125	141.5	207899	44.275234	10.211536	57.95908	-11.203115	-44.470562	0.39312905	1293.7857728004456
190	-4.1532574	30.230776	53.529682	-40.680363	-1.319206	29.83245	47.19915	-56.263287	122.55556	144.05	208999	43.00668	11.479308	55.668888	-13.37035	-43.196716	0.45063603	1300.9039866924286
191	-11.175127	37.39212	37.633823	-64.5238	9.274357	21.793928	53.732975	-43.680305	144.85715	150.0	210099	42.01964	12.208549	55.801186	-13.743181	-42.182762	0.43211776	1307.9681611061096
192	16.317064	29.540613	48.70826	-51.887142	-15.665331	34.40902	29.238281	-72.59843	150.0	150.0	211199	40.774193	12.558728	64.717125	-12.526071	-40.92498	0.52606624	1315.531430721283
193	0.04340444	25.667543	48.273094	-27.969446	10.001013	16.479692	43.313793	-22.362915	150.0	150.0	212299	40.79575	12.089695	57.005146	-18.907413	-40.966953	0.54994774	1322.268699169159
194	-4.1777344	19.007874	26.233522	-33.55851	5.9394255	13.546583	29.89317	-26.357452	138.125	144.75	213399	40.538296	11.928215	52.624393	-18.122162	-40.725193	0.4442127	1328.9242367744446
195	-17.957293	32.793304	27.145536	-78.84397	-1.1211362	18.494617	28.153486	-52.264645	139.25	140.8	214499	39.066425	12.522118	53.421753	-17.65564	-39.27195	0.49021608	1335.0484664440155
196	5.2893853	22.488295	33.294315	-44.374706	13.587224	23.757948	48.832867	-37.309002	147.28572	145.25	215599	37.748875	13.190829	52.459946	-18.531042	-37.966732	0.43239486	1341.7312242984772
197	5.6176987	31.557186	43.84273	-44.943798	5.057439	36.632504	63.596695	-66.97028	128.66667	135.35	216699	38.09859	12.494678	51.793613	-18.94584	-38.314743	0.396653	1348.38916349411
198	-7.6524673	27.505907	25.178062	-61.786972	10.907574	25.502058	48.430035	-52.405025	144.25	142.8	217799	38.38597	11.58906	51.730453	-19.012676	-38.62048	0.41686594	1355.206459760666
199	-1.0313971	30.997839	32.19349	-64.34325	8.434954	20.93512	30.809582	-53.898712	150.0	143.1	218899	38.11116	11.640812	51.68566	-12.044472	-38.393864	0.4092836	1362.3873827457428
200	12.464997	9.478899	33.761868	3.5889592	-4.1572976	22.135248	24.039747	-72.52159	150.0	150.0	219999	38.20202	11.707431	52.397907	-11.602764	-38.49297	0.36650312	1369.4151623249054
201	19.908718	24.575916	45.767014	-36.40049	10.227708	27.200594	39.55977	-53.13517	137.875	140.35	221099	38.470276	12.093478	53.38499	-10.976665	-38.758396	0.42854068	1376.6551339626312
202	5.3881693	24.311752	42.20971	-31.09589	5.875867	44.10626	42.5225	-104.62031	150.0	147.7	222199	39.091995	12.013547	54.33758	-10.9692335	-39.38366	0.400241	1383.1779992580414
203	-3.34151	20.74454	36.406166	-30.559406	17.587164	23.271984	48.254383	-44.209587	150.0	150.0	223299	39.972767	10.839698	53.241257	-10.141947	-40.2177	0.41808355	1389.3314385414124
204	4.8015966	30.575647	48.237587	-53.97154	14.970932	29.046997	54.126637	-37.65025	142.5	145.9	224399	39.72181	10.616849	52.86625	-11.591024	-39.951775	0.387951	1396.0533957481384
205	15.246332	24.520647	42.674618	-27.33053	19.258598	28.708618	71.29455	-26.189617	150.0	140.6	225499	39.57968	10.00621	58.731544	-11.0328865	-39.78069	0.35759726	1402.5821585655212
206	15.775925	25.690601	41.790054	-32.47153	15.326053	29.480476	63.293884	-61.512028	150.0	147.5	226599	40.28524	9.063107	56.57518	-6.624746	-40.49187	0.3060891	1410.0792694091797
207	24.294765	34.80834	67.15707	-29.898348	18.427822	41.421947	74.28213	-97.74884	118.4	145.3	227699	40.791637	9.065063	55.609543	0.1512636	-40.987778	0.33066517	1417.2519381046295
208	24.779734	18.527721	51.992016	4.2252364	20.245337	22.220514	55.273495	-39.43735	150.0	146.2	228799	40.657642	10.029785	54.371048	0.0019339323	-40.852516	0.32998434	1424.4344508647919
209	37.41779	19.21128	71.91212	8.502147	27.719894	30.528612	63.542786	-42.790146	150.0	146.15	229899	41.175686	10.059919	53.1852	-1.3498645	-41.362846	0.3727265	1431.8796310424805
210	16.34003	32.363052	51.05599	-51.65492	7.0777955	34.869343	57.811867	-62.231686	150.0	141.35	230999	41.91022	10.284924	59.724346	-3.2783327	-42.073795	0.44686392	1439.3794639110565
211	10.642916	40.81172	39.997158	-86.49164	26.115845	41.81548	66.655	-88.14228	150.0	145.1	232099	42.568607	11.300492	83.03029	-8.719524	-42.722977	0.539459	1446.4417519569397
212	11.843955	49.24161	56.042027	-95.24776	10.793871	44.98813	65.9529	-82.856636	127.77778	138.9	233199	43.336136	11.662264	120.0427	-12.650049	-43.478462	0.4829216	1453.1876256465912
213	31.215988	23.891787	64.9282	-13.075423	15.589247	38.829327	65.17529	-83.03739	150.0	144.45	234299	44.071667	12.598598	117.20667	-15.436079	-44.23217	0.5235391	1459.4650373458862
214	-14.280452	56.648785	60.705536	-96.27381	4.732718	42.366077	54.302116	-59.954933	129.55556	118.1	235399	44.472473	13.6855955	148.28247	-18.117208	-44.655346	0.74779195	1466.0486874580383
215	-2.598961	45.705986	61.517395	-60.21966	1.1811005	45.662884	54.97663	-97.64843	125.375	140.8	236499	45.02809	14.335594	146.51273	-12.2373495	-45.29063	2.5606503	1472.66917014122
216	0.96263075	52.886414	51.28852	-90.046455	1.3300533	41.227074	47.977203	-64.591354	150.0	136.85	237599	44.30629	15.64233	145.91089	-23.767063	-44.607758	2.7045991	1480.0916032791138
217	-13.340967	33.187122	42.661663	-48.43136	0.06044388	45.519123	73.56546	-60.303623	125.375	124.75	238699	44.190712	16.181309	143.17387	-26.984324	-44.48615	3.6973228	1486.8346254825592
218	12.589955	31.24228	43.61564	-44.159885	18.736015	39.30562	68.048836	-60.30148	142.75	139.85	239799	44.30449	15.907585	132.43619	-26.177544	-44.58313	3.572093	1494.287525177002
219	-10.360188	32.61679	54.60678	-45.72946	16.013851	34.431973	56.031055	-76.06997	128.0	143.4	240899	43.93654	15.530315	121.76483	-25.0929	-44.21794	2.953657	1501.6950149536133
220	7.0829134	33.333504	51.911274	-49.950638	18.280075	23.960032	47.286118	-44.13159	142.28572	145.9	241999	42.939865	15.292602	109.88593	-23.196604	-43.24701	2.8053937	1509.162570476532
221	25.816349	15.980303	54.158558	-5.235755	14.307208	23.398613	50.19623	-64.674736	150.0	147.45	243099	42.61802	15.02371	97.02843	-23.281755	-42.88821	2.0827343	1516.2127215862274
222	6.345047	40.358032	49.35743	-56.586185	25.3245	14.008484	46.901985	-5.2986965	141.85715	150.0	244199	42.33405	13.722642	86.69601	-22.112513	-42.57928	1.1634666	1523.3634495735168
223	14.737104	38.539852	48.88729	-59.217106	15.702179	31.833769	49.09955	-62.291294	137.33333	142.8	245299	43.21327	12.162596	67.96953	-18.595055	-43.431023	0.77706313	1530.6474595069885
224	5.73493	39.163506	48.14851	-59.69047	9.5241165	32.76013	40.921204	-72.792015	136.375	148.4	246399	43.49114	11.735895	73.32332	-11.104095	-43.69285	0.735666	1537.3841648101807
225	11.401439	35.116768	44.93514	-65.92922	15.613062	39.408226	56.916904	-78.39914	146.57143	144.8	247499	43.997684	11.269938	73.36869	-11.781201	-44.215054	0.62110084	1544.461326599121
226	17.878857	16.006084	46.376514	-11.301121	20.64812	30.505875	62.114845	-50.095467	150.0	145.5	248599	44.098236	11.635195	73.778915	-13.575012	-44.305576	0.6014895	1551.8326115608215
227	32.188816	29.10977	55.006844	-35.50384	11.96015	38.46291	56.623238	-88.38531	150.0	145.3	249699	44.63099	11.274273	66.83628	-16.227638	-44.865414	0.6388053	1558.6745584011078
228	3.8600178	39.00961	42.61602	-71.963684	10.720782	32.50572	45.84049	-75.72112	140.375	142.6	250799	44.86334	11.6112175	66.61295	-26.102888	-45.12403	0.662421	1565.4707581996918
229	30.289501	14.532274	48.642864	8.5859995	8.251261	44.64919	64.85365	-74.682335	150.0	140.85	251899	45.182537	11.896101	61.86849	-23.510464	-45.42632	0.6410415	1572.136442899704
230	27.066053	18.392168	48.961033	-6.243717	13.091334	32.77396	51.373287	-61.138714	150.0	135.35	252999	45.474297	11.865069	58.4246	-25.270933	-45.728672	0.5985424	1579.0249042510986
231	1.333346	35.59562	55.95876	-44.73502	24.81079	18.200888	54.269047	-22.279148	126.111115	146.2	254099	45.662766	11.702386	57.905174	-30.880135	-45.906265	0.5815163	1585.9298312664032
232	4.795292	38.144966	69.84892	-52.001087	5.8492055	21.41687	31.730072	-44.485294	139.25	141.85	255199	45.352474	12.321821	58.142536	-30.281054	-45.586216	0.6385873	1592.7847046852112
233	-6.823861	32.266197	34.692448	-71.82212	0.5591375	29.541288	64.53569	-63.875187	138.75	139.7	256299	44.800785	13.43087	56.157814	-30.528296	-45.029427	0.6105573	1599.86696267128
234	-6.435852	30.111404	20.009521	-68.83407	5.6993284	25.425823	56.21012	-41.512337	150.0	137.75	257399	43.604637	14.384413	57.64688	-29.394274	-43.838024	0.57208717	1607.2298777103424
235	4.8318434	15.182527	24.074099	-17.47318	-5.3590193	29.05933	54.984886	-39.58143	150.0	113.0	258499	43.269608	13.742789	54.64751	-27.873854	-43.47035	0.60666746	1613.1235864162445
236	-10.865828	28.5248	31.097244	-61.851364	16.657303	15.17413	44.749	-14.417311	122.333336	150.0	259599	42.306282	13.695077	60.883286	-22.813272	-42.504055	0.6846481	1619.2284173965454
237	-14.629141	31.202946	37.779022	-57.11726	-5.2268076	32.144287	44.72666	-60.88848	133.125	146.2	260699	40.17014	14.734063	58.276367	-24.404419	-40.392967	0.86838806	1625.3027126789093
238	-14.477636	42.346928	37.893745	-78.35533	-8.164372	25.065216	34.682407	-66.98976	132.75	138.0	261799	38.495842	15.161355	88.21691	-30.41411	-38.748447	0.8883024	1631.3801555633545
239	-12.329023	42.854153	33.256817	-86.37613	-3.0630097	28.980007	33.963444	-72.29341	149.28572	148.8	262899	38.13465	14.989676	82.585014	-32.80643	-38.42303	1.5220977	1638.3054177761078
240	-13.016642	37.244835	36.46831	-79.810715	-6.95009	27.036182	24.652315	-56.837887	150.0	143.3	263999	36.571213	16.342562	86.96942	-35.01893	-36.85887	1.4288638	1645.7165143489838
241	-11.915569	22.39197	12.391566	-47.00916	-14.217834	28.693972	31.337154	-66.98034	120.77778	147.55	265099	36.63548	15.852262	91.263535	-35.016	-36.93262	1.7205637	1653.0927946567535
242	-12.23064	18.146334	18.87876	-32.803574	-3.5441315	28.716516	46.53629	-63.90335	124.75	147.1	266199	35.89981	15.653872	88.290924	-24.817526	-36.1988	1.5653139	1660.2587113380432
243	-7.050728	30.937366	21.76019	-77.65542	-11.473749	27.728699	43.80468	-82.05644	146.625	136.35	267299	35.37423	14.739488	81.98856	-24.008465	-35.684246	1.263863	1667.6044187545776
244	-10.428113	25.522978	24.589361	-50.839348	0.5929593	29.160881	40.370182	-73.94829	142.375	145.2	268399	35.427994	12.943038	76.79851	-22.219004	-35.694546	0.88528997	1674.6556882858276
245	-3.2197814	27.839481	25.140448	-57.697395	-15.915894	34.993664	29.94308	-86.58146	140.25	139.0	269499	35.36854	11.588295	68.86278	-18.126781	-35.628006	0.7378498	1681.761099100113
246	-12.659638	22.419647	17.610863	-61.140793	-4.3706408	30.221365	25.355299	-81.27273	150.0	144.35	270599	34.19393	11.16738	61.154423	-18.042526	-34.462032	0.6760965	1688.9753513336182
247	10.468587	10.54737	24.265913	-8.536611	3.651361	22.901606	23.015772	-80.784744	150.0	150.0	271699	34.42777	10.192436	54.86069	-14.884973	-34.66096	0.5366493	1696.2444152832031
248	10.469393	23.672132	33.024605	-36.064438	-8.866492	38.473026	27.856512	-96.332985	139.75	146.6	272799	34.846252	9.57248	49.629097	-14.865913	-35.061443	0.5362095	1703.9007728099823
249	13.11809	23.677628	32.15147	-39.20191	6.8539095	28.855835	44.946148	-57.06468	150.0	130.15	273899	34.7929	9.46834	48.63158	-15.405444	-35.006283	0.56412745	1710.9285097122192
250	-0.13267422	25.066708	23.857447	-58.197487	-7.8040824	35.755352	30.345871	-63.774696	150.0	129.55	274999	34.880344	9.633273	49.27732	-29.520735	-35.077324	0.53531384	1717.5376691818237
