Epoch	AverageEpRet	StdEpRet	MaxEpRet	MinEpRet	AverageTestEpRet	StdTestEpRet	MaxTestEpRet	MinTestEpRet	EpLen	TestEpLen	TotalEnvInteracts	AverageQVals	StdQVals	MaxQVals	MinQVals	LossPi	LossQ	Time
1	89.66974	10.697544	100.36728	78.97219	-62.314434	46.823765	52.577663	-135.06496	400.0	400.0	1099	0.22183734	0.091219574	0.5452566	-0.320847	-0.26083377	0.07061144	3.0014607906341553
2	146.92566	49.888268	211.3945	89.87018	-31.638834	89.365875	234.63768	-165.48608	400.0	400.0	2199	1.1797405	0.7573499	2.7707636	-1.7263824	-1.2444226	0.026666641	10.117422103881836
3	81.816124	44.553215	132.39282	23.985771	-35.43059	72.95517	137.38924	-168.37578	400.0	400.0	3299	3.0150375	1.6195061	5.5160227	-3.7688491	-3.0807905	0.015140367	17.499589443206787
4	124.6731	56.008904	171.939	45.995193	123.159	46.52056	225.94421	54.870975	400.0	400.0	4399	4.819595	2.449463	7.9230247	-4.0465546	-4.9466887	0.019218665	24.444533586502075
5	10.787995	22.947056	33.73505	-12.15906	129.07474	41.651997	218.62723	69.409294	400.0	400.0	5499	7.392852	2.3095446	10.381829	-3.4868293	-7.672887	0.019507425	31.421109914779663
6	79.73709	43.41793	141.09909	47.131554	131.23131	39.49408	230.30554	73.05351	400.0	400.0	6599	9.637288	2.1729205	12.14563	0.7362635	-9.823226	0.013960369	40.16799855232239
7	86.12423	8.319383	97.44726	77.69505	114.21849	41.29218	210.36446	54.210438	400.0	400.0	7699	11.333596	1.995081	13.505712	2.5433764	-11.475598	0.012138491	47.544854402542114
8	57.52582	10.177685	67.77515	43.64951	115.18522	35.29296	173.54015	52.515446	400.0	400.0	8799	12.623132	2.0200772	14.662811	3.13488	-12.712742	0.011246587	54.91921639442444
9	28.75527	12.047739	40.80301	16.707531	123.19234	38.09762	174.34914	56.816616	400.0	400.0	9899	13.57129	2.0967329	15.63875	3.4397354	-13.64959	0.0109727075	61.88876128196716
10	101.82648	27.259079	138.74953	73.767944	114.724045	30.020298	161.73561	63.089947	400.0	400.0	10999	14.524184	2.130005	16.619701	4.2897	-14.615408	0.012419208	68.86442542076111
11	127.49232	6.432243	132.68803	118.428085	109.81813	37.7275	186.08626	60.538715	400.0	400.0	12099	15.573911	2.130041	17.552942	5.0395055	-15.686441	0.014774029	75.24406218528748
12	158.8507	10.995126	173.67372	147.3713	120.95084	31.321863	202.49686	69.88342	400.0	400.0	13199	16.658781	2.084238	18.635286	5.958212	-16.753185	0.018317696	82.95336627960205
13	114.59279	49.063778	163.65657	65.529015	120.57764	35.865334	189.51645	60.13049	400.0	400.0	14299	17.542269	2.18248	19.466259	6.0670347	-17.595173	0.015052315	91.1429009437561
14	146.78545	83.6794	211.54967	28.627108	118.28461	40.24355	198.78917	53.230732	400.0	400.0	15399	18.270561	2.2995572	20.426914	6.0539703	-18.34506	0.014254311	98.92311263084412
15	117.35139	19.892303	143.51343	95.314	114.789406	28.758223	184.94685	53.25395	400.0	400.0	16499	19.264553	2.5982049	21.785793	5.856472	-19.353264	0.017152075	106.65730214118958
16	192.09648	26.946358	215.37427	154.32776	113.983116	29.830202	173.81754	56.01668	400.0	400.0	17599	20.263828	3.1254904	23.237635	4.5464916	-20.350489	0.0222372	115.61728501319885
17	94.99315	19.147793	114.140945	75.84536	125.94118	25.349928	186.31479	81.09785	400.0	400.0	18699	21.237246	3.6643546	24.667528	2.808926	-21.309069	0.027353395	123.31421995162964
18	165.6421	32.022835	191.15804	120.482056	121.157486	34.377472	206.27797	68.74493	400.0	400.0	19799	22.107285	4.2376184	26.04834	1.3009638	-22.167482	0.033194236	130.98353052139282
19	123.97666	33.674854	163.32286	81.067795	115.87706	46.17397	222.98334	62.60048	400.0	400.0	20899	22.940294	4.799695	27.309124	-0.0775491	-22.993294	0.03557727	138.3484718799591
20	95.125496	2.8926542	97.915245	91.13946	127.02562	33.620163	229.44406	80.52199	400.0	400.0	21999	23.641705	5.402579	28.479126	-1.270412	-23.686377	0.041995827	145.81919884681702
21	177.82144	10.948502	188.76994	166.87294	114.287964	33.867817	195.30147	54.825264	400.0	400.0	23099	24.387636	5.8985996	29.605364	-2.4513595	-24.432234	0.04945017	152.91043066978455
22	157.92183	38.22686	203.16716	109.67526	117.35001	46.233105	211.52086	61.457874	400.0	400.0	24199	25.190847	6.327294	30.76039	-3.2007103	-25.23728	0.05670806	160.50605869293213
23	156.2936	46.394367	194.58688	91.00723	121.19541	43.212894	218.18034	63.244755	400.0	400.0	25299	25.96384	6.7429624	31.883083	-3.753521	-26.008583	0.058042385	168.0224335193634
24	109.61719	16.298332	129.11507	89.22269	116.23903	46.710426	204.58333	56.075447	400.0	400.0	26399	26.626379	7.1903114	32.929726	-4.6016874	-26.669651	0.06726181	174.543288230896
25	150.15904	6.1200867	156.27913	144.03896	121.50883	41.92736	181.14223	58.111088	400.0	400.0	27499	27.311865	7.53591	33.9352	-4.8405867	-27.351124	0.07281198	182.01777601242065
26	103.222115	7.168028	109.145096	93.13605	117.299545	39.87513	221.76323	58.5147	400.0	400.0	28599	27.894001	7.9188137	34.86798	-4.776885	-27.928892	0.076978125	189.93439197540283
27	99.78359	49.663532	167.84415	50.735992	125.98132	50.503796	241.69092	59.347626	400.0	400.0	29699	28.331947	8.391354	35.79863	-4.750589	-28.363953	0.07800319	197.8403902053833
28	100.31836	24.24122	134.58472	82.28105	111.00075	31.520193	196.88742	54.63638	400.0	400.0	30799	28.852476	8.736502	36.61726	-4.4079566	-28.885155	0.084933296	205.31758761405945
29	91.732925	7.5629425	99.29587	84.16998	125.21196	39.59593	204.59521	56.963657	400.0	400.0	31899	29.211811	9.170525	37.44782	-3.7581244	-29.241488	0.09559488	212.9283218383789
30	140.07924	31.46788	162.75073	95.579605	99.40792	33.718826	187.93663	52.41995	400.0	400.0	32999	29.73182	9.461295	38.225132	-2.796996	-29.760372	0.0928769	220.83197116851807
31	111.62937	59.071957	193.9515	58.158005	108.45982	31.082563	157.40826	60.780323	400.0	400.0	34099	30.104021	9.857311	38.92213	-2.1487458	-30.130838	0.09946146	228.86988520622253
32	92.717384	30.313974	135.50389	69.00209	100.13936	33.134716	190.75537	44.901283	400.0	400.0	35199	30.508026	10.185094	39.651688	-2.4669714	-30.534658	0.10851295	237.78266406059265
33	175.28668	14.51915	189.80583	160.76753	117.558556	47.931984	214.4291	64.99665	400.0	400.0	36299	30.92233	10.502631	40.27227	-3.6434357	-30.947905	0.13098589	244.86098909378052
34	92.94699	11.489178	108.044365	80.19698	120.95492	35.104176	187.83365	70.59644	400.0	400.0	37399	31.27057	10.797546	40.960003	-4.328012	-31.296505	0.13836583	252.0156409740448
35	110.39074	2.71281	112.85532	106.6122	114.86665	45.396416	212.44933	55.134373	400.0	400.0	38499	31.658888	11.0193615	41.54314	-5.6518183	-31.688196	0.13960181	259.53782391548157
36	156.13576	31.947222	192.8609	114.98316	101.619354	40.571682	186.5263	30.048197	400.0	400.0	39599	32.082817	11.182413	42.09592	-7.8996243	-32.11915	0.15464883	267.0777978897095
37	121.33797	20.405487	141.74345	100.93248	119.09634	55.788967	211.15451	31.256237	400.0	400.0	40699	32.554375	11.242318	42.65061	-9.545814	-32.59002	0.1614022	274.6061272621155
38	139.42555	16.605152	154.37405	116.266815	97.32074	36.4565	174.97618	41.85983	400.0	400.0	41799	32.985813	11.267165	43.060986	-10.826311	-33.018597	0.16265963	283.4917805194855
39	144.86838	23.019907	165.65324	112.77649	110.20945	36.87196	172.14038	14.92641	400.0	400.0	42899	33.36864	11.312626	43.46173	-11.306074	-33.39865	0.16821662	291.4253599643707
40	103.8724	83.937584	206.47458	0.87149423	99.54582	38.085735	160.89268	41.586758	400.0	400.0	43999	33.658703	11.516339	43.956146	-13.9410515	-33.68638	0.1780788	298.923455953598
41	57.03525	42.08574	99.120995	14.949512	128.00455	48.57259	221.41125	45.35862	400.0	400.0	45099	33.874207	11.737425	44.39139	-14.586007	-33.89994	0.18342459	306.4587404727936
42	105.22357	25.385288	134.84314	72.84592	92.67601	38.59222	182.39381	25.472095	400.0	400.0	46199	34.0588	11.92916	44.837776	-14.907858	-34.083794	0.19187309	313.6405973434448
43	125.187935	22.35735	156.6257	106.549	104.84135	32.658844	166.51775	35.86699	400.0	400.0	47299	34.32059	12.019144	45.277824	-15.037579	-34.346363	0.18658216	322.56732416152954
44	114.58968	20.173294	135.5572	87.351364	78.29954	62.01845	217.20827	-4.2203703	400.0	400.0	48399	34.67065	12.029534	45.76775	-14.750102	-34.727894	0.19387735	329.50516724586487
45	135.60034	41.119293	176.71964	94.48105	39.58588	86.42994	214.34167	-155.35783	400.0	400.0	49499	35.14909	11.894746	46.209488	-12.165611	-35.204914	0.19571638	338.37302708625793
46	44.233948	31.345507	84.68674	8.307552	60.609425	79.66679	201.67029	-91.61408	400.0	400.0	50599	35.18542	12.012031	46.52852	-10.018521	-35.22799	0.20171905	346.23120284080505
47	81.07306	127.968056	214.48941	-91.53031	49.473564	102.8414	234.74811	-139.31094	400.0	400.0	51699	35.29502	12.13125	46.87064	-9.135163	-35.324284	0.19765078	353.6833851337433
48	4.3929596	113.5724	137.84879	-139.7313	68.92417	83.0583	205.61835	-133.45859	400.0	400.0	52799	35.360752	12.345428	47.148014	-10.807371	-35.38582	0.18772015	360.8188223838806
49	137.76952	19.143524	156.91304	118.62599	83.03938	83.46899	170.45294	-112.608986	400.0	400.0	53899	35.350613	12.638408	47.469875	-13.579477	-35.38623	0.19947097	368.25343656539917
50	116.79745	14.589343	134.92824	99.20391	54.708244	78.08415	169.42302	-91.55913	400.0	400.0	54999	35.603584	12.6741295	47.795517	-13.816839	-35.637226	0.21119538	374.8017888069153
51	139.01447	92.83028	229.90294	11.529662	112.55491	48.082222	223.98955	10.655804	400.0	400.0	56099	35.831596	12.741885	48.067017	-12.805687	-35.864754	0.20775263	381.9918599128723
52	82.790565	23.84916	113.46294	55.306213	90.141594	46.010513	198.44974	21.200768	400.0	400.0	57199	35.99671	12.794714	48.3477	-10.381955	-36.03393	0.21693315	389.375616312027
53	131.06161	9.71011	140.77173	121.35151	105.78245	57.844795	211.86903	6.698079	400.0	400.0	58299	36.181225	12.81435	48.53215	-10.816582	-36.22119	0.21248755	397.08443117141724
54	88.1796	18.040028	111.213326	67.162766	95.92744	42.848267	217.33536	4.961057	400.0	400.0	59399	36.308968	12.809968	48.70342	-10.982394	-36.35219	0.19959775	404.8151812553406
55	100.513145	27.156809	135.02867	68.669525	105.9797	39.14057	198.26404	58.84127	400.0	400.0	60499	36.46719	12.803297	48.912403	-12.844434	-36.51032	0.21394745	412.7666473388672
56	115.93656	22.213026	145.18526	91.38683	128.95297	44.278404	245.94485	63.27298	400.0	400.0	61599	36.698505	12.77378	49.155064	-15.191198	-36.742577	0.21637559	423.72357296943665
57	124.39453	12.2708435	136.66537	112.12369	104.19774	36.8303	174.58704	50.984844	400.0	400.0	62699	36.89779	12.725009	49.403877	-17.37696	-36.94003	0.21822427	432.76142048835754
58	77.098274	14.083091	89.0638	57.327114	118.46358	41.789665	193.99335	42.012096	400.0	400.0	63799	37.012466	12.765464	49.62926	-18.643593	-37.05122	0.21604943	440.2395906448364
59	134.38503	56.584682	214.40645	93.9626	123.64724	42.668007	209.5886	74.1023	400.0	400.0	64899	37.130493	12.777715	49.79297	-19.262148	-37.16941	0.22604121	447.13811206817627
60	130.07298	18.317368	154.16025	109.77455	117.03683	52.1198	227.7358	42.06564	400.0	400.0	65999	37.249756	12.731135	49.935787	-19.07339	-37.290314	0.22997926	454.64050030708313
61	77.62186	10.206234	87.828094	67.41563	139.14577	44.191452	226.12523	35.351986	400.0	400.0	67099	37.365456	12.714872	50.01255	-18.222067	-37.404987	0.21162786	463.38601064682007
62	148.1621	20.595238	177.28748	133.42648	104.899315	42.01424	197.15004	47.920788	400.0	400.0	68199	37.517357	12.692482	50.101685	-16.087408	-37.55992	0.22051695	472.21019196510315
63	65.239265	30.256472	107.2381	37.150787	114.49178	32.150993	176.49232	57.146614	400.0	400.0	69299	37.622093	12.763823	50.188736	-15.790899	-37.670483	0.22113271	480.93762493133545
64	142.02687	56.28688	200.6074	66.06155	123.64364	39.15806	198.67856	67.63774	400.0	400.0	70399	37.838066	12.747792	50.31203	-15.920175	-37.889637	0.2200738	488.37095618247986
65	119.66971	18.669292	138.339	101.00042	125.56734	41.651794	200.62791	56.1662	400.0	400.0	71499	37.961895	12.787947	50.427113	-16.302877	-38.011612	0.24746008	495.75745153427124
66	85.57133	33.747974	128.79259	46.429848	121.24589	46.252907	230.27	35.98415	400.0	400.0	72599	38.15505	12.76786	50.57865	-16.223385	-38.19907	0.25115374	503.12301802635193
67	129.4049	19.74456	145.11751	101.55843	106.55353	39.362545	178.47653	37.684883	400.0	400.0	73699	38.230446	12.811869	50.707104	-16.346725	-38.271164	0.26635936	510.61383748054504
68	114.971405	12.861914	129.79073	98.42752	94.39843	36.50387	213.17477	34.329407	400.0	400.0	74799	38.342113	12.796704	50.79857	-16.608366	-38.383255	0.23850678	518.6173830032349
69	149.22694	44.17535	193.4023	105.0516	124.958374	50.54945	214.42809	38.628056	400.0	400.0	75899	38.520706	12.7557	50.93321	-16.067318	-38.570503	0.23075925	526.1716520786285
70	111.7626	50.094643	180.0714	61.34042	99.29924	51.008133	188.59935	6.1057825	400.0	400.0	76999	38.6987	12.757358	51.065388	-14.690495	-38.748837	0.23651578	533.6919198036194
71	144.56024	4.3758564	147.7869	138.37376	95.500244	38.26995	169.75684	10.925795	400.0	400.0	78099	38.878036	12.689785	51.11705	-13.603586	-38.91786	0.22329034	540.9477682113647
72	85.34507	32.534016	110.94952	39.43692	82.10665	46.207447	165.3673	5.989976	400.0	400.0	79199	38.925007	12.694455	51.156467	-12.301871	-38.962933	0.20914239	548.8361213207245
73	74.73569	32.474926	107.21062	42.260765	89.174965	47.926952	195.74123	7.649502	400.0	400.0	80299	38.920753	12.722543	51.245426	-10.636812	-38.960503	0.22050895	557.4641528129578
74	92.58023	22.77801	120.212715	64.425545	109.272865	49.168518	220.20654	45.11719	400.0	400.0	81399	38.922146	12.729415	51.322697	-9.354129	-38.957462	0.2182745	564.6307666301727
75	105.91715	36.722294	153.42067	63.989807	118.27334	51.60492	237.58171	33.447792	400.0	400.0	82499	38.972992	12.7433405	51.37941	-8.495477	-39.00993	0.21596627	572.1237907409668
76	125.06711	33.836918	172.62057	96.66366	120.91286	38.067085	183.47128	55.97432	400.0	400.0	83599	39.051617	12.760774	51.48344	-8.228197	-39.09	0.21879384	580.3250358104706
77	156.52434	43.72346	200.2478	112.80088	124.80105	40.135128	207.87337	65.18292	400.0	400.0	84699	39.15356	12.777351	51.503708	-7.6615343	-39.194263	0.21763413	588.9499695301056
78	122.31704	43.945934	184.378	88.423836	126.41011	45.371765	209.2483	57.374237	400.0	400.0	85799	39.24279	12.769363	51.56305	-6.292044	-39.284637	0.22810031	598.8131320476532
79	168.73817	49.35164	229.99559	109.14357	131.47778	34.84842	183.17563	86.43901	400.0	400.0	86899	39.3266	12.779439	51.571003	-6.8150225	-39.371094	0.22285655	606.6275389194489
80	209.60712	7.5303726	216.04092	199.04077	136.86037	53.0828	235.61508	53.306534	400.0	400.0	87999	39.543926	12.7699	51.660168	-7.2932024	-39.591465	0.24375343	616.9748737812042
81	155.66528	27.67347	183.33875	127.991806	129.03264	38.186943	213.96956	65.86067	400.0	400.0	89099	39.676765	12.787865	51.761974	-8.305942	-39.728077	0.25079244	626.90163230896
82	135.76204	39.36718	190.56314	99.85902	118.10238	33.666176	198.80591	75.0079	400.0	400.0	90199	39.79543	12.754685	51.87326	-9.046798	-39.845066	0.2580694	636.4531650543213
83	108.06162	11.002958	120.744125	93.912476	136.6894	40.643166	221.655	70.96295	400.0	400.0	91299	39.897266	12.760699	51.96769	-9.315821	-39.946728	0.26654044	643.6954662799835
84	188.83226	33.85306	225.78163	143.99277	126.39883	44.29382	233.68645	54.544994	400.0	400.0	92399	39.956493	12.770973	52.104355	-9.405044	-40.005005	0.2504443	653.1909582614899
85	136.43971	42.448597	178.8883	93.99111	140.58035	40.69914	206.52197	74.72457	400.0	400.0	93499	40.104576	12.738867	52.257504	-10.6298685	-40.153934	0.27115133	662.5919420719147
86	137.49632	36.58612	186.25096	98.117165	118.77775	49.530605	220.20444	47.29078	400.0	400.0	94599	40.20855	12.706805	52.3091	-10.869055	-40.25731	0.26048636	671.7943637371063
87	133.32869	20.837656	161.955	112.95641	144.85376	36.828674	227.94815	97.67592	400.0	400.0	95699	40.294464	12.668715	52.384712	-11.816297	-40.343994	0.26720876	679.359160900116
88	133.86232	37.08946	171.94043	83.582504	136.99841	43.806442	214.49419	66.72763	400.0	400.0	96799	40.290096	12.670892	52.426304	-12.429525	-40.343224	0.25204495	687.2774603366852
89	142.94305	45.186726	188.12978	97.756325	118.58766	35.06804	186.4757	70.6318	400.0	400.0	97899	40.402863	12.589846	52.491806	-12.221283	-40.45564	0.27319425	694.6402909755707
90	146.3065	44.04883	203.48267	96.303154	136.20178	42.55476	227.65283	84.30137	400.0	400.0	98999	40.462227	12.532744	52.52841	-11.926894	-40.514908	0.27522957	701.8285994529724
91	108.11182	2.0990908	111.006584	106.09477	153.11652	41.749214	220.59706	85.64108	400.0	400.0	100099	40.468513	12.489003	52.601162	-12.007972	-40.51966	0.2622253	709.5222861766815
92	124.541405	9.725091	132.34044	110.831314	147.82574	41.44821	231.40396	84.74626	400.0	400.0	101199	40.518295	12.449744	52.641804	-12.127325	-40.56988	0.29729843	718.5996816158295
93	86.40781	16.093464	102.501274	70.31435	136.24687	36.695736	188.68225	65.78034	400.0	400.0	102299	40.546124	12.425009	52.6823	-12.284832	-40.59603	0.2796952	726.1814434528351
94	84.87965	29.41177	126.23969	60.380157	111.12319	51.089283	224.19395	41.44633	400.0	400.0	103399	40.510693	12.424218	52.708477	-12.387808	-40.563282	0.2770868	732.7662692070007
95	186.80751	25.409157	216.97583	154.81648	111.859375	39.50106	180.88603	38.090534	400.0	400.0	104499	40.619984	12.311663	52.70691	-12.4323225	-40.677925	0.26790878	739.3167581558228
96	160.0736	45.56473	206.77356	98.27167	121.499245	38.060665	229.81055	45.217148	400.0	400.0	105599	40.715275	12.213715	52.75999	-13.262929	-40.774845	0.26728332	745.8913321495056
97	79.05606	9.870407	88.92647	69.18565	155.17459	45.96829	237.35078	70.55209	400.0	400.0	106699	40.810654	12.185396	52.844135	-13.538327	-40.869114	0.27809393	754.0178921222687
98	124.46882	49.131268	169.36215	56.095432	144.5052	42.20284	221.80489	66.64454	400.0	400.0	107799	40.91039	12.135971	52.9157	-13.520464	-40.97006	0.27282023	763.2078022956848
99	135.24635	17.203875	156.86426	114.76995	134.20503	47.89926	230.51808	42.875835	400.0	400.0	108899	40.993107	12.063525	52.95724	-13.414509	-41.052982	0.26754734	770.8536915779114
100	105.50302	38.16133	140.48721	52.422863	130.95128	46.589264	222.10979	58.0979	400.0	400.0	109999	41.061802	11.991479	53.01642	-11.796791	-41.119278	0.26531658	778.1613609790802
101	157.43167	64.83882	222.2705	92.59284	141.08434	50.687355	221.40625	58.06074	400.0	400.0	111099	41.145386	11.933135	53.05172	-10.08783	-41.201286	0.2653424	785.2572021484375
102	130.71144	43.58907	190.05899	86.60118	122.54077	32.592308	182.77725	69.41851	400.0	400.0	112199	41.206585	11.855692	53.053635	-8.92011	-41.259438	0.26220325	794.327938079834
103	128.43716	36.620285	178.15059	91.01067	135.82765	49.725105	214.20207	70.68184	400.0	400.0	113299	41.264126	11.859718	53.275772	-9.216464	-41.3172	0.25896916	802.0355377197266
104	153.46906	23.89093	171.38463	119.70323	133.6376	27.678383	180.30069	88.92386	400.0	400.0	114399	41.33453	11.782146	53.475994	-9.455493	-41.386967	0.26335248	811.1389579772949
105	97.41075	15.876064	113.28682	81.53469	125.19285	51.499996	253.64134	45.162785	400.0	400.0	115499	41.39662	11.7258	53.69937	-9.2564745	-41.45298	0.27420172	818.7156004905701
106	117.007385	44.391663	178.43059	75.05648	126.3723	49.15465	232.26315	51.854668	400.0	400.0	116599	41.49019	11.689803	53.619064	-8.488799	-41.549454	0.26099896	827.6499471664429
107	107.31516	19.015768	134.16805	92.627266	119.789635	41.500557	208.81825	56.519737	400.0	400.0	117699	41.6045	11.620503	53.712914	-9.2955885	-41.666325	0.27913773	834.8413293361664
108	166.17096	50.993614	218.39247	96.988075	129.50772	35.991844	189.45816	79.359566	400.0	400.0	118799	41.70295	11.582655	53.584454	-10.179415	-41.767265	0.27361986	842.051643371582
109	137.48322	24.383366	161.86658	113.099846	129.37138	30.401903	181.2767	62.040237	400.0	400.0	119899	41.860878	11.542516	53.567352	-11.10641	-41.9261	0.26593438	850.6585304737091
110	169.86465	22.772366	189.99582	138.0293	154.90382	47.259605	227.05392	75.893814	400.0	400.0	120999	41.991333	11.536484	53.323105	-12.064323	-42.05707	0.2795497	857.6301779747009
111	115.19913	35.71851	164.02095	79.56147	151.58487	43.539413	224.61322	91.21516	400.0	400.0	122099	42.170998	11.512083	53.33942	-11.696927	-42.23388	0.27952465	865.1993751525879
112	187.9093	11.967542	204.53383	176.84898	146.13974	36.16559	202.45029	91.223015	400.0	400.0	123199	42.261993	11.491938	53.321922	-11.680988	-42.318794	0.27968138	872.2003355026245
113	143.03333	0.51003265	143.54335	142.52328	142.9011	38.44425	198.90817	88.63202	400.0	400.0	124299	42.34862	11.425139	53.394173	-11.138853	-42.404133	0.27496266	881.2827208042145
114	169.02504	34.938457	218.06885	139.3	145.50182	40.167103	211.01491	70.11947	400.0	400.0	125399	42.446968	11.295	53.540936	-11.074487	-42.494503	0.30122685	888.8833322525024
115	161.48268	22.8247	191.72647	136.59169	127.13147	46.392452	224.552	47.233677	400.0	400.0	126499	42.459072	11.19067	53.617813	-11.04774	-42.501236	0.28270763	895.850988149643
116	115.08691	45.620308	175.98047	66.179375	138.29517	45.855064	246.81595	51.063183	400.0	400.0	127599	42.454132	11.097063	53.754887	-11.165913	-42.493824	0.30042806	902.8698935508728
117	158.4366	29.917374	188.35397	128.51923	136.05447	38.101784	198.5799	81.96892	400.0	400.0	128699	42.411194	11.059235	53.68931	-11.802211	-42.450825	0.28557035	910.3422996997833
118	144.39352	36.471252	182.28395	95.14212	130.42775	43.88295	222.27385	70.19292	400.0	400.0	129799	42.420357	11.030209	53.73328	-11.774599	-42.461575	0.27413723	919.3176424503326
119	146.71974	17.823978	161.26689	121.61848	134.45175	35.91562	189.5406	54.484257	400.0	400.0	130899	42.457542	10.992185	54.017296	-12.175655	-42.50093	0.29401988	928.1668593883514
120	181.62828	19.833632	197.63567	153.6776	147.13522	53.81792	258.81717	39.673164	400.0	400.0	131999	42.509495	10.9290695	54.05973	-12.244574	-42.55936	0.28901562	935.671279668808
121	164.20541	23.6568	187.86221	140.54861	137.9081	37.811985	206.72868	71.971375	400.0	400.0	133099	42.56177	10.901395	54.052925	-12.280894	-42.611656	0.28360477	944.6249198913574
122	116.1674	12.149733	131.49673	101.78093	155.49507	41.137466	227.18617	61.018173	400.0	400.0	134199	42.603645	10.849561	54.176353	-11.415879	-42.651867	0.26971212	952.5122034549713
123	150.34904	48.916344	188.93503	81.33127	118.25188	42.825176	227.80205	59.316036	400.0	400.0	135299	42.6791	10.826271	54.212242	-10.628712	-42.72654	0.2735456	960.0017576217651
124	128.0674	47.48908	192.75412	80.08628	118.23358	40.736435	187.11247	49.854374	400.0	400.0	136399	42.713177	10.862628	54.285896	-7.6384687	-42.758354	0.26098672	967.6683437824249
125	107.57225	30.664837	138.23709	76.90742	137.02905	48.746487	239.71616	51.758377	400.0	400.0	137499	42.705547	10.912611	54.33858	-7.4168334	-42.748108	0.25812972	974.9270000457764
126	120.04669	50.755047	191.57233	79.070816	164.05089	37.33611	236.4047	93.14846	400.0	400.0	138599	42.65401	10.990246	54.34208	-9.304097	-42.69453	0.2592341	981.9542419910431
127	157.97382	22.633106	189.82352	139.29506	138.49069	41.1682	199.92294	77.32445	400.0	400.0	139699	42.694195	10.976022	54.318634	-6.9878397	-42.73502	0.25577348	989.7685763835907
128	123.61091	50.19351	189.73041	68.18508	117.736084	33.162056	211.90746	80.49166	400.0	400.0	140799	42.67336	11.02178	54.266327	-7.2354374	-42.713276	0.25640452	998.4594588279724
129	129.92273	10.111305	140.03404	119.81143	135.3164	41.430573	219.29105	69.64168	400.0	400.0	141899	42.64064	11.074504	54.169487	-6.995189	-42.679382	0.26359308	1007.556853055954
130	149.1332	17.818329	173.8679	132.5963	143.65675	45.60031	221.29318	58.101284	400.0	400.0	142999	42.632847	11.046867	54.258595	-7.91292	-42.669205	0.25730377	1015.1296339035034
131	109.53662	9.691264	120.74138	97.09897	140.55356	45.6283	243.13855	73.34395	400.0	400.0	144099	42.624237	11.049321	54.339973	-8.353632	-42.659397	0.2579412	1022.7725241184235
132	109.82504	5.409086	115.584885	102.585594	144.88121	53.71961	246.08589	74.791145	400.0	400.0	145199	42.597637	11.061318	54.411636	-9.217074	-42.635334	0.27083075	1031.5001621246338
133	114.92766	2.245884	117.173546	112.68178	136.22943	29.82643	213.45602	75.45354	400.0	400.0	146299	42.55673	11.066026	54.494236	-9.597616	-42.594074	0.28056973	1038.8848333358765
134	110.54825	6.679372	118.172485	101.90661	144.21347	39.11712	218.46642	89.87524	400.0	400.0	147399	42.500336	11.06475	54.478172	-10.555643	-42.53796	0.28277522	1046.2732064723969
135	128.62355	38.142925	164.79579	75.88197	133.42561	40.07468	207.40297	76.845924	400.0	400.0	148499	42.497288	11.062259	54.51115	-10.875686	-42.535625	0.29873908	1053.7301485538483
136	131.99382	22.713175	161.06067	105.621	130.15787	42.320026	201.69685	28.263018	400.0	400.0	149599	42.519592	11.019263	54.494812	-11.487667	-42.558857	0.27534074	1060.6644303798676
137	76.670685	7.2849007	83.95559	69.38579	102.98977	38.92094	195.55174	16.046972	400.0	400.0	150699	42.422474	11.077461	54.461365	-11.779299	-42.464706	0.26849306	1068.66339468956
138	131.0757	26.029303	160.21349	97.0253	126.88367	45.164623	209.68742	16.608934	400.0	400.0	151799	42.436195	11.037681	54.40415	-10.821247	-42.4746	0.29117984	1077.714108467102
139	167.59216	20.07832	193.86624	145.12973	117.12101	50.66108	191.10117	8.618082	400.0	400.0	152899	42.4143	11.024841	54.34562	-12.061133	-42.453358	0.27966908	1086.7109756469727
140	164.82701	25.189281	182.70314	129.20407	116.688194	46.151115	202.92265	8.062766	400.0	400.0	153999	42.46936	10.994831	54.20235	-12.759218	-42.508446	0.27643022	1093.161506652832
141	105.17154	10.9855	116.157036	94.186035	125.380264	39.312946	196.05235	37.00183	400.0	400.0	155099	42.466812	10.99997	54.026882	-12.374181	-42.505276	0.307452	1100.7329316139221
142	144.12897	4.2656317	147.68094	138.1303	133.64285	30.873081	189.78445	84.55898	400.0	400.0	156199	42.478214	10.9609375	53.85896	-13.067425	-42.516953	0.2808439	1109.6605138778687
143	180.16228	33.243706	219.47537	138.17691	149.47623	42.66163	242.8787	92.141815	400.0	400.0	157299	42.498226	10.943109	53.642212	-12.572679	-42.534622	0.28252608	1118.5089626312256
144	156.08667	36.590065	207.09985	123.06406	136.52155	51.60268	253.81494	57.777428	400.0	400.0	158399	42.459843	10.972277	53.482864	-13.096901	-42.492676	0.2868	1127.3749299049377
145	134.57243	37.2449	171.81734	97.32754	123.51128	35.845055	197.11728	78.92294	400.0	400.0	159499	42.44742	10.969227	53.184322	-11.180145	-42.477585	0.26904517	1136.1428744792938
146	108.14951	31.585052	140.50572	65.30251	121.04183	35.025288	202.4733	78.800606	400.0	400.0	160599	42.37919	11.004632	52.889412	-9.702098	-42.408337	0.27133718	1144.872740983963
147	105.45856	24.998598	140.24518	82.60513	133.43735	37.92044	209.20407	70.44832	400.0	400.0	161699	42.309933	11.062921	52.649433	-8.653758	-42.33616	0.24828091	1152.2856175899506
148	126.938225	23.107136	159.48782	108.15304	143.13406	47.152172	216.14307	57.065292	400.0	400.0	162799	42.251446	11.110117	52.695816	-8.799097	-42.28086	0.25741854	1161.1009559631348
149	175.36438	28.107048	203.47142	147.25732	142.72238	37.61506	214.48909	84.43844	400.0	400.0	163899	42.23772	11.159088	52.767307	-8.08746	-42.267586	0.26300943	1168.8403389453888
150	91.588585	16.92933	108.392395	68.41754	132.22723	34.214226	210.18161	97.84698	400.0	400.0	164999	42.172943	11.237102	52.888714	-7.5963497	-42.201653	0.2665997	1177.6161861419678
151	123.520164	30.783146	153.46329	81.181465	133.515	45.36025	230.78568	84.66033	400.0	400.0	166099	42.183453	11.245837	52.94046	-8.452846	-42.21243	0.273256	1185.0943431854248
152	113.78854	31.554794	158.39424	90.34262	144.55594	39.905434	221.74382	92.71145	400.0	400.0	167199	42.144753	11.292362	53.015682	-10.266346	-42.173717	0.2732957	1192.4328591823578
153	150.776	62.70688	213.48288	88.06912	128.90741	48.778282	216.38078	39.49205	400.0	400.0	168299	42.153664	11.319808	53.114807	-10.649715	-42.183567	0.2666782	1199.955855846405
154	135.57002	29.218246	175.47229	106.3229	147.45486	39.16627	215.6628	66.53728	400.0	400.0	169399	42.144985	11.341167	53.16522	-11.888117	-42.17773	0.28013512	1207.5198948383331
155	158.58167	22.213541	184.95999	130.61752	115.75912	35.875053	203.6921	73.03407	400.0	400.0	170499	42.172073	11.343094	53.32266	-11.3975	-42.206234	0.3074164	1215.089745759964
156	125.864525	25.690727	160.17111	98.352	130.90263	39.92407	211.66179	79.286316	400.0	400.0	171599	42.208347	11.314775	53.41712	-11.728933	-42.243225	0.2931002	1222.0536587238312
157	80.428406	22.961658	103.39006	57.466743	143.50235	41.04529	210.58221	69.41774	400.0	400.0	172699	42.196323	11.300253	53.568092	-14.482046	-42.231403	0.30619872	1228.9980788230896
158	145.9981	24.22922	172.84383	114.13444	137.15309	50.899002	213.23633	56.39441	400.0	400.0	173799	42.26882	11.227322	53.594296	-13.890391	-42.305344	0.30958268	1237.920572757721
159	129.95921	39.38109	168.79004	75.9688	125.31925	45.121624	224.66957	63.445335	400.0	400.0	174899	42.30435	11.2242775	53.675068	-14.968369	-42.33761	0.32752424	1245.598433971405
160	142.57687	56.12513	187.66316	63.46108	147.5516	33.900032	210.72746	75.57293	400.0	400.0	175999	42.311283	11.195191	53.657196	-13.018209	-42.341564	0.31550154	1254.3651571273804
161	152.01979	19.451447	171.47124	132.56834	122.073425	50.926647	235.54662	62.694126	400.0	400.0	177099	42.282574	11.203642	53.639072	-11.307658	-42.31218	0.31673166	1261.9767417907715
162	157.37323	35.422134	201.65808	114.95199	133.93095	41.5939	198.53026	68.80754	400.0	400.0	178199	42.268272	11.165606	53.546406	-11.63038	-42.297577	0.33411777	1269.152471780777
163	170.10478	9.53705	182.29927	159.01717	131.53735	38.685505	200.01913	63.111065	400.0	400.0	179299	42.29548	11.13029	53.502968	-11.732332	-42.325794	0.34379998	1277.0884687900543
164	154.84914	10.67934	169.78928	145.46425	124.077675	52.365017	211.67572	33.91919	400.0	400.0	180399	42.34892	11.058832	53.453392	-11.363201	-42.38325	0.32441667	1285.8737540245056
165	103.05437	3.4763756	106.53075	99.577995	142.95425	35.778427	214.17099	83.999115	400.0	400.0	181499	42.391636	11.001805	53.38638	-10.60106	-42.427338	0.32546633	1293.7319338321686
166	181.88972	11.410064	197.647	171.00018	146.53156	35.355286	228.15236	92.32814	400.0	400.0	182599	42.428177	10.972063	53.38589	-8.423587	-42.465458	0.3158785	1301.2778553962708
167	162.04408	38.80785	199.72792	108.64757	135.77847	49.92016	221.54097	72.403305	400.0	400.0	183699	42.50857	10.887014	53.312386	-8.076726	-42.545666	0.30822867	1308.7733399868011
168	150.77423	41.816406	194.04366	94.229126	110.966225	34.98	188.51994	56.77308	400.0	400.0	184799	42.55211	10.887582	53.24522	-8.203028	-42.589676	0.31551403	1317.6622819900513
169	142.38107	55.848316	198.22939	86.53275	163.45323	41.822075	242.55	85.01511	400.0	400.0	185899	42.60652	10.870799	53.126106	-8.407839	-42.64286	0.31371957	1325.111468553543
170	150.76123	23.15476	180.55013	124.09051	145.64528	43.770218	252.93042	77.285355	400.0	400.0	186999	42.608715	10.841645	53.166153	-7.8469696	-42.643368	0.33683056	1334.008498430252
171	136.97295	35.49749	172.82271	88.61446	134.31528	38.58049	212.71436	82.02557	400.0	400.0	188099	42.61718	10.829826	53.169704	-7.82098	-42.65125	0.31236845	1342.7146904468536
172	170.3263	46.275375	230.01596	117.24413	129.91867	34.835907	194.0572	71.19819	400.0	400.0	189199	42.69746	10.813479	53.180122	-9.42402	-42.73187	0.3127056	1351.4512887001038
173	158.77382	7.631775	166.4056	151.14204	140.2042	45.022026	220.21675	56.790268	400.0	400.0	190299	42.718872	10.832246	53.22813	-9.891351	-42.753357	0.30117244	1360.146409034729
174	101.94894	15.028194	122.637566	87.3909	137.83595	43.168365	234.31235	63.04544	400.0	400.0	191399	42.735157	10.839164	53.33181	-9.873631	-42.76648	0.27986962	1367.7117130756378
175	128.50748	28.07024	156.087	89.99051	152.09543	42.41879	254.1279	87.932724	400.0	400.0	192499	42.703934	10.899793	53.33702	-9.068693	-42.73603	0.28316116	1375.2067589759827
176	110.190346	14.057603	130.03156	99.18846	130.97263	41.182686	263.31802	75.12223	400.0	400.0	193599	42.670895	10.980803	53.317318	-7.3869925	-42.69851	0.27888206	1382.371416091919
177	142.7414	8.148018	150.8894	134.59337	137.94592	45.555508	226.96243	53.04205	400.0	400.0	194699	42.634254	11.035529	53.232647	-8.248051	-42.655563	0.28074983	1389.1964888572693
178	159.14812	37.55218	212.16618	129.98146	125.514145	41.19539	192.14124	58.263832	400.0	400.0	195799	42.58768	11.118462	53.270744	-8.003649	-42.60579	0.27288458	1396.7146310806274
179	150.29057	57.707733	229.96846	95.15951	134.52988	35.20076	207.44933	90.22765	400.0	400.0	196899	42.490234	11.241975	53.22213	-8.599826	-42.509865	0.2752335	1403.9696147441864
180	126.21777	50.352886	197.39699	88.82269	122.7419	34.116974	198.56943	56.069126	400.0	400.0	197999	42.434307	11.344295	53.21635	-7.9958096	-42.454098	0.2777596	1412.0601394176483
181	146.36368	1.6140442	147.97772	144.74963	137.38882	39.4121	195.0042	78.94508	400.0	400.0	199099	42.389946	11.421346	53.400364	-10.606095	-42.411434	0.26713473	1421.0198616981506
182	152.1613	34.37174	185.76685	104.94266	129.62604	32.329685	203.8679	82.194626	400.0	400.0	200199	42.360542	11.506182	53.46533	-9.808968	-42.385197	0.30116573	1428.9198670387268
183	83.01846	5.180041	89.69696	77.072014	142.73404	42.906406	205.512	81.69884	400.0	400.0	201299	42.367714	11.543428	53.480385	-6.477401	-42.39326	0.3126863	1436.4803538322449
184	120.790405	15.820432	142.6207	105.6317	128.84035	38.05281	199.89735	87.430145	400.0	400.0	202399	42.349785	11.613077	53.549095	-7.5495124	-42.373936	0.30310354	1443.6490964889526
185	119.74234	5.2022705	124.94461	114.54007	143.44484	44.578327	205.92882	63.85828	400.0	400.0	203499	42.323345	11.670847	53.58867	-8.8779745	-42.348072	0.31808063	1451.6092393398285
186	133.2235	50.78904	190.88147	67.30059	120.32577	44.39826	198.94817	36.498417	400.0	400.0	204599	42.322533	11.739858	53.46173	-10.531094	-42.34965	0.3213475	1460.4750845432281
187	165.73576	5.7400093	170.90443	157.73062	124.02521	44.9477	198.35046	65.58363	400.0	400.0	205699	42.339256	11.780164	53.444828	-12.36696	-42.36581	0.32826814	1469.247267961502
188	109.64823	29.656597	149.20091	77.79051	108.27389	48.981266	231.41545	54.32111	400.0	400.0	206799	42.35077	11.799243	53.48294	-11.853015	-42.38039	0.3535539	1476.113067150116
189	108.84001	27.312298	136.15231	81.52772	128.51247	30.431181	179.71797	89.347145	400.0	400.0	207899	42.37031	11.80001	53.509003	-11.5807705	-42.398643	0.3412976	1483.9151351451874
190	93.11797	5.037579	98.51376	86.39144	124.05729	47.373394	220.78775	57.738056	400.0	400.0	208999	42.33633	11.802104	53.524567	-11.3127575	-42.36637	0.3387229	1491.554176568985
191	92.1249	10.332044	105.269684	80.02642	134.92424	29.660662	187.7489	82.4299	400.0	400.0	210099	42.359062	11.734689	53.601242	-11.768547	-42.388065	0.32169867	1498.447837114334
192	127.25925	40.443714	183.77972	91.40838	136.5397	36.90184	215.46158	80.66497	400.0	400.0	211199	42.3318	11.707218	53.745033	-11.826459	-42.35994	0.33001095	1506.3316040039062
193	133.07593	13.332367	146.4083	119.74356	130.01097	38.078403	215.84506	89.024055	400.0	400.0	212299	42.35914	11.656464	53.816242	-11.537967	-42.386444	0.33110526	1513.7248330116272
194	100.691734	10.917058	115.87029	90.65669	142.0669	39.9805	226.34386	83.42688	400.0	400.0	213399	42.331097	11.665975	53.93285	-11.315819	-42.361744	0.33405572	1521.4438798427582
195	158.49896	18.681952	181.80602	136.07005	134.27031	31.209974	193.91954	78.62451	400.0	400.0	214499	42.347244	11.631826	53.999886	-10.89439	-42.3762	0.30301243	1528.9504969120026
196	127.3726	29.36511	154.66335	86.61863	128.03752	31.791758	192.76573	72.556946	400.0	400.0	215599	42.347416	11.552502	54.0027	-12.199163	-42.37603	0.33288288	1537.7669050693512
197	152.57088	13.19606	165.76694	139.37482	146.71053	39.48009	225.3873	87.32442	400.0	400.0	216699	42.387234	11.491264	54.00084	-12.3387785	-42.41417	0.3383603	1545.2771277427673
198	180.26216	56.04999	248.30167	111.0235	132.97554	34.953255	189.61272	74.22082	400.0	400.0	217799	42.40548	11.481181	54.091312	-12.460125	-42.43142	0.3363048	1552.4752848148346
199	169.61617	59.46189	235.8186	91.60946	140.82323	42.86738	221.447	72.840385	400.0	400.0	218899	42.362186	11.493482	54.157665	-10.218134	-42.38892	0.319768	1559.9974484443665
200	126.683846	20.441761	154.16629	105.17508	133.87912	44.09445	225.21399	79.27953	400.0	400.0	219999	42.40277	11.493754	54.322582	-7.629799	-42.42738	0.32693076	1567.2523036003113
201	132.0025	52.120518	184.12302	79.88198	147.8007	42.600517	220.07487	90.38052	400.0	400.0	221099	42.361183	11.543757	54.53593	-7.3270507	-42.386158	0.33094606	1574.4725465774536
202	132.84013	44.34345	177.86029	72.52264	151.25574	46.47588	246.62617	82.949844	400.0	400.0	222199	42.343746	11.601767	54.704987	-7.2870083	-42.366104	0.33324373	1581.9331567287445
203	129.33058	21.91115	146.26997	98.39001	124.84636	33.122593	185.3551	74.646996	400.0	400.0	223299	42.33093	11.619845	54.852802	-6.18021	-42.349964	0.31860173	1589.4072241783142
204	116.66155	34.579544	162.81956	79.59341	139.03818	31.5971	200.28308	82.75675	400.0	400.0	224399	42.275177	11.693317	54.984066	-7.9279404	-42.292286	0.32409132	1598.2349107265472
205	107.69757	9.479168	117.176735	98.2184	136.79393	38.899944	245.6603	88.45553	400.0	400.0	225499	42.20678	11.746235	55.102707	-11.881692	-42.222927	0.33992153	1606.116384267807
206	152.81854	51.783276	215.97435	89.13504	143.30106	36.830738	246.20488	86.1655	400.0	400.0	226599	42.16297	11.832931	55.210144	-13.0501795	-42.175343	0.33638406	1614.1180775165558
207	183.85255	37.945225	236.00064	146.81523	127.19324	36.31134	238.30327	85.5158	400.0	400.0	227699	42.14976	11.884266	55.260662	-14.181732	-42.163834	0.32639328	1621.7678561210632
208	110.544975	14.626213	131.2189	99.63308	137.07048	32.81467	200.8445	85.20171	400.0	400.0	228799	42.10057	11.95703	55.281406	-14.374576	-42.11886	0.3324898	1630.6111319065094
209	139.24919	42.439754	181.68895	96.80944	144.00406	42.243507	210.60797	76.42015	400.0	400.0	229899	42.0947	11.990313	55.37249	-14.125256	-42.11631	0.32252547	1637.0603277683258
210	133.39609	37.65434	167.91821	81.02177	131.00528	33.72734	188.41489	86.19002	400.0	400.0	230999	42.11759	12.015518	55.371223	-13.88184	-42.141144	0.33949408	1646.0161242485046
211	135.81807	24.202587	170.0454	118.58087	120.07495	29.36225	172.68945	71.61618	400.0	400.0	232099	42.147335	12.0262575	55.47479	-13.623357	-42.172993	0.3523225	1653.644800901413
212	156.32066	8.487621	167.19592	146.48347	133.89627	34.44071	221.6232	81.25505	400.0	400.0	233199	42.176086	12.019241	55.455246	-13.910295	-42.203568	0.36224943	1661.2293059825897
213	117.35711	20.29113	137.64824	97.06598	129.79239	33.17331	210.11241	79.754166	400.0	400.0	234299	42.267002	11.987355	55.63013	-14.199607	-42.29428	0.3479941	1668.7969410419464
214	163.60995	24.1823	194.96106	136.10196	129.8543	34.577236	220.63506	81.44413	400.0	400.0	235399	42.315887	11.968774	55.843033	-16.083014	-42.342945	0.33803037	1676.398197889328
215	145.75522	31.442654	182.82166	105.94948	135.4386	33.144882	192.37703	78.12065	400.0	400.0	236499	42.366833	11.929651	55.983418	-16.993555	-42.39586	0.3448211	1683.9087116718292
216	132.18823	52.232967	201.80652	75.992294	141.00491	33.672283	211.72212	83.093025	400.0	400.0	237599	42.4347	11.930513	56.13224	-18.083832	-42.465336	0.3442689	1692.7642650604248
217	92.46138	20.865192	113.32657	71.59618	137.49533	36.42732	212.6006	88.10997	400.0	400.0	238699	42.472454	11.914575	56.259506	-16.912323	-42.50234	0.3515567	1701.5902149677277
218	128.28401	17.83909	145.01154	103.565056	131.74657	41.141895	203.71771	71.48453	400.0	400.0	239799	42.543755	11.891148	56.31837	-14.965099	-42.573597	0.34370494	1708.6915986537933
219	123.16532	35.91345	172.3314	87.55114	124.940025	35.525524	182.4374	69.38629	400.0	400.0	240899	42.535213	11.882263	56.296925	-12.5775795	-42.56226	0.32535407	1716.184669494629
220	120.97717	36.415295	172.2135	90.86019	135.02588	43.01816	222.0276	69.84074	400.0	400.0	241999	42.551826	11.869494	56.317596	-10.273614	-42.575157	0.33078423	1723.542737007141
221	139.70673	37.897846	177.60457	101.808876	143.31248	41.99766	223.75403	87.84161	400.0	400.0	243099	42.552757	11.850332	56.452564	-10.820512	-42.57478	0.31395254	1731.4829428195953
222	173.84123	19.079262	197.0675	150.33556	146.9676	38.989944	209.1488	82.0482	400.0	400.0	244199	42.5365	11.806347	56.526085	-11.058854	-42.558105	0.3178042	1740.3583347797394
223	121.01886	52.8346	194.79	73.856766	131.95421	29.996159	191.88605	80.55226	400.0	400.0	245299	42.53547	11.761492	56.524467	-10.091195	-42.55721	0.3292825	1747.8463225364685
224	125.1014	32.622272	168.94252	90.73954	136.47575	35.44119	210.64607	94.17138	400.0	400.0	246399	42.58263	11.675739	56.455654	-9.838559	-42.604034	0.31428084	1755.0724704265594
225	111.50668	15.049847	126.556526	96.45683	144.03683	39.038956	238.91953	85.57026	400.0	400.0	247499	42.538044	11.6449	56.38116	-7.6875587	-42.55909	0.31083652	1762.3259661197662
226	112.5756	12.419361	128.30714	97.94598	143.99167	35.191532	210.31033	82.17297	400.0	400.0	248599	42.531303	11.593018	56.298203	-10.721132	-42.551292	0.299563	1769.5526902675629
227	146.11401	49.745586	214.5329	97.724396	136.20657	36.87837	203.24509	85.355415	400.0	400.0	249699	42.50205	11.559975	56.16467	-12.011471	-42.52214	0.29646957	1778.4421818256378
228	168.37349	6.0067573	175.06207	160.49391	134.21524	46.751865	207.17334	54.318077	400.0	400.0	250799	42.546177	11.506959	56.101433	-9.883183	-42.567604	0.29280996	1784.9224359989166
229	140.04361	39.340523	179.38414	100.703094	143.01952	42.25005	216.45036	64.75227	400.0	400.0	251899	42.499973	11.49091	56.053806	-10.513253	-42.520966	0.31338108	1792.4557659626007
230	125.1074	22.527424	147.25632	94.20124	145.67447	43.485397	227.40807	69.64628	400.0	400.0	252999	42.466198	11.4359455	56.00714	-11.234472	-42.486557	0.30184734	1799.7054343223572
231	137.7823	35.658512	174.52872	89.49973	141.41566	38.615543	197.9655	61.07751	400.0	400.0	254099	42.468437	11.390714	55.96787	-12.311935	-42.48834	0.33532575	1806.9206101894379
232	140.1378	34.94266	187.00188	103.12994	150.04205	36.28209	199.11844	86.00811	400.0	400.0	255199	42.47807	11.310778	55.941067	-12.263301	-42.50126	0.33654633	1814.4612572193146
233	108.80539	12.788722	121.59411	96.01666	128.51265	37.431374	207.16006	68.50519	400.0	400.0	256299	42.436924	11.270064	55.908077	-14.243019	-42.458687	0.35356095	1822.1182358264923
234	139.92397	17.329313	161.79277	119.40968	138.11874	42.220657	203.7766	63.689648	400.0	400.0	257399	42.48246	11.197027	55.841274	-9.928308	-42.505184	0.370662	1829.8796782493591
235	115.100746	42.81514	162.30351	58.656876	134.42075	33.57881	204.1746	69.86039	400.0	400.0	258499	42.479275	11.128393	55.7579	-11.595366	-42.50275	0.35097417	1838.0156762599945
236	109.49677	35.029385	134.3782	59.95792	148.69104	38.9511	222.72232	69.98376	400.0	400.0	259599	42.478004	11.071692	55.666023	-12.08474	-42.500248	0.38337982	1847.1334745883942
237	128.85541	44.32865	173.18407	84.526764	123.300735	34.289215	181.72766	54.27203	400.0	400.0	260699	42.435413	11.0296335	55.456203	-12.313841	-42.454582	0.38140208	1854.577097415924
238	164.8225	51.67917	213.45259	93.25874	149.28	45.146545	213.23476	76.247925	400.0	400.0	261799	42.44754	10.985277	55.374947	-14.398073	-42.466785	0.37639007	1862.0449240207672
239	122.22919	37.167103	173.88422	87.98094	123.688965	47.72796	207.77954	59.435738	400.0	400.0	262899	42.43281	10.973968	55.185345	-15.368091	-42.45337	0.38451147	1869.5396046638489
240	161.75987	32.364494	197.16881	118.93875	125.73098	51.610554	209.6371	38.716675	400.0	400.0	263999	42.386215	10.988958	54.97602	-14.218969	-42.40579	0.38781023	1876.566180229187
241	96.59451	40.69363	137.28815	55.900887	117.20575	46.40612	186.40402	16.124868	400.0	400.0	265099	42.406105	10.994974	54.896748	-15.334743	-42.432026	0.3598184	1884.0433580875397
242	130.73135	84.87546	235.55179	27.672604	115.74609	60.164684	238.19766	22.37881	400.0	400.0	266199	42.44586	11.052483	54.811893	-14.464178	-42.480057	0.3996947	1891.8280231952667
243	105.07259	45.1074	154.3004	45.323475	113.25581	36.076607	177.41104	56.896767	400.0	400.0	267299	42.489216	11.092043	54.731815	-14.751872	-42.514294	0.37458917	1899.8652567863464
244	99.37887	17.831478	123.17564	80.25361	128.2797	49.808655	245.0037	55.973003	400.0	400.0	268399	42.466873	11.12416	54.739388	-15.782682	-42.49075	0.39527473	1908.8907005786896
245	120.88439	28.751976	149.63637	92.132416	114.41689	36.55096	175.35818	62.20402	400.0	400.0	269499	42.47297	11.12257	54.72686	-12.517266	-42.493618	0.40534872	1915.985127210617
246	145.34554	14.41188	164.58594	129.90222	132.8265	47.70147	235.8909	73.24536	400.0	400.0	270599	42.479824	11.094834	54.65185	-14.069448	-42.492607	0.39668685	1924.686237335205
247	139.61479	16.89432	163.34116	125.3181	130.88289	31.583038	179.11409	77.78274	400.0	400.0	271699	42.421455	11.049788	54.604656	-13.272045	-42.43582	0.38625476	1932.2852046489716
248	107.63459	15.554539	129.0704	92.63942	128.93692	36.720306	195.2537	71.44187	400.0	400.0	272799	42.435787	11.00103	54.57735	-13.64439	-42.454227	0.3839423	1939.506685256958
249	139.5531	5.2617645	144.81487	134.29134	124.51201	38.446224	206.04099	74.53158	400.0	400.0	273899	42.396484	10.967042	54.57303	-8.875243	-42.415207	0.3748585	1947.0375254154205
250	155.08571	11.98493	171.4647	143.12074	138.9188	42.69409	208.41057	70.66558	400.0	400.0	274999	42.438747	10.891971	54.665344	-9.946063	-42.4601	0.36767334	1954.24347782135
