Epoch	AverageEpRet	StdEpRet	MaxEpRet	MinEpRet	AverageTestEpRet	StdTestEpRet	MaxTestEpRet	MinTestEpRet	EpLen	TestEpLen	TotalEnvInteracts	AverageQVals	StdQVals	MaxQVals	MinQVals	LossPi	LossQ	Time
1	258.9261	9.085571	268.01166	249.84052	69.46551	81.36905	302.5242	5.137766	400.0	195.5	1099	0.53786826	0.61902386	14.824169	-0.9258304	-0.7010196	0.20043069	1.6894590854644775
2	292.28244	8.171296	303.53653	284.3829	295.4372	5.219644	303.60938	285.557	400.0	400.0	2199	2.7046351	1.2565808	14.499082	-5.9146085	-2.8534174	0.01577915	7.973293304443359
3	280.44254	19.930374	301.7632	253.81657	230.09299	80.44006	303.8963	10.2685175	400.0	383.1	3299	6.3100624	1.5058616	14.361179	-7.54189	-6.3887625	0.012495535	14.639442682266235
4	285.43402	23.333693	303.94077	252.5202	228.08487	84.489235	304.48676	-5.362771	400.0	400.0	4399	10.535385	1.7120432	15.67112	-8.340556	-10.697114	0.014813707	20.966543912887573
5	264.5854	28.766716	293.3521	235.81868	190.94122	137.24442	303.513	-144.90402	400.0	400.0	5499	14.51119	2.1278534	20.474678	-15.908067	-14.67141	0.03771176	27.7049663066864
6	278.2358	23.617586	301.51	245.85216	155.95816	127.56194	301.7426	-32.0193	400.0	302.25	6599	18.227037	2.2011073	24.655872	-20.791214	-18.346375	0.04363699	33.79166007041931
7	303.69217	1.0112196	304.53476	302.2702	168.73259	103.70282	297.23816	-9.963046	400.0	302.8	7699	21.715765	2.2583413	30.209248	-17.275923	-21.846474	0.04723602	41.265018463134766
8	281.60098	10.454561	290.82764	266.98273	228.87085	104.50951	303.0127	17.064346	400.0	332.0	8799	25.106747	2.300536	33.53053	-14.080687	-25.257359	0.058454778	48.89855432510376
9	269.96835	10.400848	280.3692	259.5675	214.2811	88.73922	300.5397	12.156627	400.0	366.95	9899	28.423016	2.321503	49.013386	-21.743141	-28.590054	0.0630945	56.33735108375549
10	294.0627	10.632514	302.39346	279.05646	118.21708	81.737915	282.84793	16.084167	400.0	286.0	10999	31.608673	2.331531	42.933567	-4.070758	-31.771292	0.044490438	62.32328176498413
11	295.39148	5.4360075	302.13586	288.82394	161.64113	78.02945	298.15674	18.902365	400.0	311.05	12099	34.600967	2.2858155	46.870724	-8.348953	-34.767143	0.059212085	68.56154727935791
12	274.08438	27.311914	301.37805	236.76895	145.69653	75.97546	301.133	21.028828	400.0	304.55	13199	37.455936	2.3092833	55.245884	-8.8299265	-37.631454	0.07896927	75.69206666946411
13	281.48627	0.5870514	282.07333	280.89923	154.1394	96.61519	292.47217	18.02295	400.0	308.3	14299	40.211178	2.4070923	71.019966	3.7013648	-40.398125	0.08741563	83.09631276130676
14	301.19083	0.65355355	301.94775	300.35303	125.61887	124.14995	302.87415	-7.3859873	400.0	217.95	15399	42.830265	2.4366403	61.22625	3.3016431	-43.011124	0.075447306	88.43320512771606
15	149.79636	107.782646	271.25745	13.433218	111.75975	113.802315	303.52963	-32.139053	263.75	227.2	16499	44.975372	2.6376348	68.02993	14.233906	-45.070236	0.17382441	93.84768605232239
16	70.41489	103.17681	303.19693	-10.404325	171.94376	137.33112	304.4596	-19.279789	160.42857	281.35	17599	46.94341	2.6626341	72.94788	-3.2508454	-47.101902	0.7071407	99.25425696372986
17	187.41835	120.470535	304.2257	28.784225	118.12346	118.61717	304.51273	-38.674126	304.0	252.9	18699	48.663403	2.6228526	65.70741	10.134217	-48.793167	0.8510078	104.81226706504822
18	115.75408	124.48508	303.57092	-0.6910924	98.23479	143.73297	301.3239	-224.16214	295.0	256.85	19799	50.208733	3.3597453	68.768196	13.888293	-50.351772	0.67806387	110.48409390449524
19	220.05362	77.971794	298.02542	142.08183	275.3358	26.443583	304.52344	218.59613	400.0	400.0	20899	51.53604	4.5038176	72.7058	5.338059	-51.684208	0.6487673	117.43979263305664
20	210.01228	100.440605	292.08057	68.5736	274.7283	43.15646	303.90714	145.49312	400.0	400.0	21999	53.047756	5.3092494	67.282486	0.19287312	-53.2009	0.49582186	124.35647821426392
21	299.77136	2.7084868	303.36453	296.82556	267.65643	70.143524	304.37814	0.09591747	400.0	384.1	23099	54.45589	5.891521	99.58019	-5.2276382	-54.598637	0.49594405	132.5618658065796
22	294.13416	7.0607476	303.30008	286.12036	238.88142	103.09339	303.54736	-28.316084	400.0	384.85	24199	55.817947	6.215129	72.508675	-8.029368	-55.995605	0.44529298	139.66516852378845
23	284.6806	11.007629	295.68823	273.67297	213.68095	109.62998	304.34348	-4.5779276	400.0	337.05	25299	57.383022	6.5811987	71.16224	-10.652263	-57.57518	0.44122893	145.95255994796753
24	203.89012	108.669174	300.4275	27.414686	237.89253	109.92347	300.07785	-134.39676	320.0	400.0	26399	58.782997	6.934912	73.8064	-10.388658	-58.973686	0.5751982	152.385822057724
25	270.79135	37.38605	297.50003	217.92044	229.71335	116.269714	298.26923	-155.62332	400.0	400.0	27499	60.11612	7.0867114	78.986465	-10.990491	-60.332005	0.60547197	158.86016273498535
26	100.65227	89.17522	189.82748	11.477051	244.69998	72.55529	300.60794	-11.353156	400.0	384.8	28599	61.33176	7.1862655	76.81948	-10.011221	-61.53419	0.54783756	165.70119786262512
27	288.49734	12.197941	297.76614	271.2633	257.5007	80.62357	299.25912	21.243235	400.0	369.6	29699	62.362175	7.409207	78.30786	-9.920973	-62.55369	0.5832048	172.2723526954651
28	284.67822	14.171037	297.70593	264.97586	151.99582	115.05767	298.17984	-1.9225543	400.0	272.95	30799	63.550663	7.4806	88.60129	-9.332439	-63.740414	0.53889656	178.64513063430786
29	179.61214	121.59574	284.46796	9.149356	208.03447	110.32113	303.98892	2.2027917	292.0	336.15	31899	64.675026	7.528877	85.56579	-7.8302927	-64.87167	0.6193101	186.41049003601074
30	279.23047	6.6491494	287.31717	271.0313	211.3876	111.55762	304.34113	-15.800698	400.0	316.35	32999	65.85183	7.5144167	86.853745	-6.3686557	-66.07138	0.6398922	192.74523901939392
31	252.98128	62.33482	302.39062	165.05095	258.68643	68.48315	304.34265	32.58804	364.33334	400.0	34099	66.90529	7.5740466	85.34911	-7.818301	-67.119415	0.71984726	199.54926347732544
32	221.96918	105.00009	302.84372	43.217052	262.19626	56.906876	301.32855	33.427013	320.5	385.3	35199	67.92174	7.5748534	87.92783	-7.823418	-68.14578	0.7384897	206.34975910186768
33	229.39136	67.83243	297.2238	161.55893	249.53926	55.072304	297.75003	71.1015	400.0	400.0	36299	68.94128	7.549383	101.637	-7.635589	-69.1629	0.8285822	212.8248860836029
34	212.25883	94.99466	284.88104	78.067764	215.55363	100.152054	302.7951	22.93824	400.0	337.05	37399	69.921394	7.6485395	91.89303	-6.8283024	-70.15591	0.80417633	219.31254863739014
35	300.69748	2.6049123	303.8634	297.48325	254.82413	43.624	303.85608	126.95092	400.0	400.0	38499	70.842026	7.6137123	92.97554	-3.087175	-71.07173	0.81894684	226.17306780815125
36	253.26575	49.47278	293.20084	183.54659	286.21918	22.919853	304.29013	243.51666	400.0	400.0	39599	71.72538	7.656135	96.66809	-3.4227767	-71.96193	0.8157481	234.62193703651428
37	237.7108	34.822952	272.53375	202.88785	270.9779	68.60746	304.4821	-13.374407	400.0	384.5	40699	72.467415	7.789794	97.84627	-9.978295	-72.69497	0.94165903	241.48001337051392
38	281.3369	24.145342	299.8102	247.22961	277.53244	62.076775	304.61102	11.805041	400.0	384.3	41799	73.24325	7.7383227	96.58926	1.6211736	-73.47331	0.84402025	247.98074221611023
39	281.28568	21.82004	298.92978	250.5391	288.31396	19.648865	304.34106	214.19711	400.0	400.0	42899	74.00073	7.7093	95.63606	-1.872036	-74.22682	0.9929247	254.4351270198822
40	300.81436	2.9323575	303.60526	296.76257	292.55634	12.508373	304.2715	260.15442	400.0	400.0	43999	74.72461	7.5830903	108.42883	-12.807161	-74.948555	0.93489015	262.87006187438965
41	300.01318	1.313736	301.3269	298.69943	288.80252	22.116463	303.93942	219.67548	400.0	400.0	45099	75.439354	7.4038396	97.85429	-6.975478	-75.66083	0.90749043	268.846556186676
42	288.5212	16.167551	300.64035	265.67087	278.22308	63.40635	304.30554	14.633321	400.0	385.5	46199	76.048096	7.19553	102.67251	3.9072423	-76.26431	0.901154	275.1440191268921
43	285.24463	23.798903	303.43933	251.62593	274.9589	65.44877	303.27948	3.8812046	400.0	385.45	47299	76.62386	6.985235	101.773735	6.297066	-76.84579	1.0055377	281.55653858184814
44	289.29782	17.76601	303.5947	264.25674	296.20306	7.1120696	304.55396	283.89325	400.0	400.0	48399	77.27222	6.7997637	97.52809	7.182759	-77.50224	0.9206789	288.46472358703613
45	284.31195	0.40878296	284.72073	283.90317	289.5886	18.0246	304.50684	229.66849	400.0	400.0	49499	77.88767	6.6323323	98.719376	7.474189	-78.127426	0.93912053	294.9948220252991
46	289.6641	13.608117	301.61752	270.62567	285.58514	17.37757	303.71997	250.3606	400.0	400.0	50599	78.5438	6.4756813	110.94154	8.217714	-78.79922	0.9102178	301.4594831466675
47	288.23083	19.729813	304.24814	260.43625	279.17627	29.97429	304.47433	178.20453	400.0	400.0	51699	79.214134	6.383346	101.325714	9.396997	-79.47444	0.90809983	308.1066806316376
48	290.19028	10.07387	304.26068	281.22067	285.09192	16.581923	303.83893	248.61581	400.0	400.0	52799	79.797	6.291676	117.74193	8.063835	-80.03169	1.0454783	314.675901889801
49	265.10785	0.86198425	265.96982	264.24585	282.6161	25.814144	304.2228	198.67917	400.0	400.0	53899	80.2244	6.1714478	104.622246	10.075408	-80.4476	0.9662581	321.80751395225525
50	293.50546	7.644162	303.9028	285.74335	291.00568	13.081666	303.15973	246.9961	400.0	400.0	54999	80.630135	6.1331396	105.196434	-1.0867586	-80.85668	0.93144345	328.71612334251404
51	191.39731	104.404564	283.7661	21.03303	274.98657	65.04531	304.2879	-2.680639	318.0	383.55	56099	81.02908	6.1066866	122.25224	-16.05877	-81.24498	0.9132647	335.49887323379517
52	269.49707	12.485928	282.38232	252.59857	284.41742	23.009521	303.7879	212.91153	400.0	400.0	57199	81.36386	6.179628	104.53883	7.551703	-81.57666	0.98356754	342.3565821647644
53	283.4093	0.6095581	284.01886	282.79974	259.13577	89.08699	303.94125	0.23468454	400.0	367.2	58299	81.66828	6.197504	103.794395	7.198881	-81.878136	0.8187226	349.264319896698
54	300.92453	1.0801357	302.05777	299.47086	292.48212	11.414564	304.26282	262.8511	400.0	400.0	59399	81.910576	6.193612	103.787796	4.624006	-82.10409	0.8146569	357.6839270591736
55	267.50967	18.26972	291.02942	246.4875	270.40274	68.952545	304.2532	-12.552194	400.0	383.35	60499	82.1365	6.260231	104.98842	4.0643935	-82.325424	0.9229033	365.83573031425476
56	276.45456	22.844322	300.93707	245.95819	262.2621	67.078476	303.97336	-7.8922772	400.0	383.2	61599	82.30209	6.3041587	103.45259	2.769427	-82.49048	0.8195864	372.24719762802124
57	275.60208	23.160835	298.7629	252.44124	284.3825	19.959877	304.37915	217.85095	400.0	400.0	62699	82.488914	6.3723164	102.64051	1.2007968	-82.67977	0.7980447	380.1967685222626
58	299.68085	3.7405756	303.0331	294.46075	282.4741	25.702133	302.8481	210.77292	400.0	400.0	63799	82.67637	6.461897	110.06726	-0.81614685	-82.8626	0.7941104	387.24779653549194
59	297.8633	4.4130635	304.02585	293.9276	281.9549	16.184921	301.8674	257.88528	400.0	400.0	64899	82.86812	6.5139413	114.32374	0.15200114	-83.05114	0.76039064	395.3037443161011
60	267.13654	9.66587	278.0233	254.53407	284.10764	17.577843	303.16946	242.61566	400.0	400.0	65999	83.016106	6.544412	122.58342	-1.791791	-83.19074	0.74935955	402.4974491596222
61	296.82056	6.3614044	303.18198	290.45917	282.03336	21.111818	303.63052	227.67738	400.0	400.0	67099	83.10786	6.5485463	104.91165	-1.1266024	-83.26857	0.6852387	409.27683210372925
62	200.71872	110.49317	303.66214	34.508816	249.57414	84.557915	301.7178	27.483152	319.5	367.55	68199	83.20039	6.5141397	101.47848	-0.7195914	-83.36272	0.6994592	415.47597670555115
63	279.11176	14.760497	290.867	258.2953	281.95154	19.615696	301.6784	234.28622	400.0	400.0	69299	83.3113	6.48899	104.407234	-0.74798346	-83.47668	0.7846642	422.18620347976685
64	241.13531	51.410866	292.54617	189.72444	281.43826	14.35194	301.64944	255.36235	400.0	400.0	70399	83.401855	6.433061	105.850845	1.2089014	-83.56817	0.7829991	428.71026730537415
65	256.88516	25.985584	293.452	235.43542	271.6041	27.09293	302.7623	208.68343	400.0	400.0	71499	83.50648	6.385691	100.15929	2.9219468	-83.67645	0.67733693	437.1322112083435
66	287.0896	13.654917	299.81332	268.1474	267.956	58.240643	301.7937	20.915415	400.0	384.85	72599	83.55178	6.3813295	102.37137	2.662886	-83.71626	0.72484744	443.76344442367554
67	270.1775	10.2780485	278.89047	255.74525	286.08844	18.092943	301.37595	247.04825	400.0	400.0	73699	83.57461	6.3669953	98.47701	4.8049293	-83.736694	0.7547547	450.2451708316803
68	291.42688	1.427414	292.8543	289.99948	282.78436	17.021267	302.84058	240.43375	400.0	400.0	74799	83.59918	6.4882326	109.074425	4.058859	-83.76477	0.7772666	456.9428446292877
69	283.27158	5.362394	288.33328	275.8502	290.44562	11.509951	303.92584	265.4814	400.0	400.0	75899	83.69381	6.5162582	102.497406	6.5002804	-83.852875	0.7399988	463.8293561935425
70	291.8317	4.3451786	296.90656	286.2934	290.3795	14.630066	303.48422	252.72702	400.0	400.0	76999	83.77382	6.601029	104.39888	6.0777645	-83.94691	0.7651206	471.2658257484436
71	286.2712	22.244831	304.34546	254.9352	285.55814	14.778855	303.73935	252.31912	400.0	400.0	78099	83.93927	6.594973	97.158936	7.049151	-84.12977	0.7538127	479.52606177330017
72	223.70099	79.11582	302.8168	144.58516	267.82922	52.589222	304.11038	74.05969	400.0	400.0	79199	84.13409	6.611303	108.35591	7.442937	-84.33243	0.86529595	486.3166148662567
73	279.40482	18.748947	296.32507	253.26523	283.41504	22.454	302.70044	226.33983	400.0	400.0	80299	84.40175	6.5968976	104.01899	9.363453	-84.60477	0.7230386	492.658438205719
74	245.56868	71.49044	302.10876	144.71255	274.3075	22.916365	304.07697	227.8254	400.0	400.0	81399	84.584755	6.6121635	104.18003	7.78471	-84.76413	0.6718364	499.42441987991333
75	273.2918	14.396654	289.70062	254.64908	261.61893	27.613811	300.18152	214.78447	400.0	400.0	82499	84.6608	6.6286783	98.39822	7.7257752	-84.83068	0.7858605	506.1586353778839
76	272.01477	27.39495	299.40973	244.61983	267.74203	18.208784	303.36194	225.41794	400.0	400.0	83599	84.71392	6.631276	102.3382	6.013427	-84.87761	0.7352143	512.6154720783234
77	272.28745	31.489578	299.46484	228.14662	277.7326	26.62349	303.2104	193.50766	400.0	400.0	84699	84.74589	6.546558	102.553444	6.6885777	-84.91547	0.7476449	519.4094009399414
78	282.02188	22.008713	298.56058	250.91774	282.59793	15.203668	302.23682	245.67178	400.0	400.0	85799	84.78358	6.490923	109.11626	5.6852074	-84.95308	0.80260915	525.906923532486
79	293.4598	7.44414	301.16544	283.39487	287.3691	12.472138	302.31055	259.83694	400.0	400.0	86899	84.8667	6.4305882	108.04463	5.4902	-85.0431	0.7489482	532.984052658081
80	298.81445	1.0863495	299.90082	297.72812	289.77765	9.873886	300.3754	260.28094	400.0	400.0	87999	84.9039	6.2759223	123.09825	4.4228745	-85.06314	0.7887765	540.9935395717621
81	290.14963	4.425663	295.3843	284.56104	289.56497	12.065732	302.3013	263.28918	400.0	400.0	89099	84.8484	6.097032	112.66994	5.620594	-84.99959	0.7211234	547.7512836456299
82	292.28348	6.81178	297.18307	282.65063	284.93256	15.286771	299.3787	238.99525	400.0	400.0	90199	84.764435	5.974694	102.65051	-11.070569	-84.92275	0.74534434	553.7296924591064
83	284.47083	16.592907	297.25952	261.0376	287.83063	11.898317	301.86053	263.20517	400.0	400.0	91299	84.742	5.839846	108.20825	5.649198	-84.9018	0.64309007	560.4859688282013
84	294.98615	2.3443756	297.33054	292.64178	287.21518	9.36868	302.51187	268.96365	400.0	400.0	92399	84.71775	5.763783	105.236115	5.5584173	-84.89078	0.76337504	566.9152166843414
85	266.75705	25.061968	300.6263	240.77766	280.04974	21.319988	303.56183	236.6739	400.0	400.0	93499	84.773026	5.743438	110.662476	5.110631	-84.96212	0.7193647	575.3288700580597
86	294.15463	6.2325225	302.18552	286.99353	285.38885	14.776392	303.66467	244.86807	400.0	400.0	94599	84.87539	5.6572237	108.56989	4.521164	-85.06652	0.6914459	583.664929151535
87	290.34106	3.8110104	294.7089	285.4227	272.18658	62.051872	303.96326	10.159488	400.0	385.3	95699	84.967125	5.628222	114.80213	7.742199	-85.150696	0.7769885	590.6399283409119
88	297.23883	4.868866	302.1077	292.36996	271.94177	58.574696	302.31052	25.17988	400.0	384.35	96799	85.02697	5.5069127	104.78023	9.029063	-85.197655	0.6681607	598.8487565517426
89	281.91934	11.63101	291.38406	265.53647	290.84802	14.6867	303.79233	244.63799	400.0	400.0	97899	85.03869	5.464794	112.467865	9.529352	-85.199875	0.64999235	605.241797208786
90	280.79892	7.4788527	290.7782	272.7744	269.99945	63.973244	303.88452	23.035192	400.0	384.2	98999	85.00656	5.444908	114.3012	8.831791	-85.165016	0.6397525	613.4362223148346
91	220.31908	53.230778	281.89606	152.02751	256.30304	55.68275	300.96964	132.28935	400.0	400.0	100099	84.91458	5.502424	111.26146	10.35952	-85.065735	0.6340537	620.2927720546722
92	267.17896	25.155647	292.3346	242.0233	271.04648	37.215057	303.09006	149.87004	400.0	400.0	101199	84.80136	5.5810385	112.1002	8.801871	-84.948784	0.61607885	628.2478561401367
93	294.66702	4.7860665	300.993	289.4193	280.2176	16.1751	302.53568	254.39525	400.0	400.0	102299	84.72203	5.695793	103.13718	8.916554	-84.87515	0.6729438	636.4597082138062
94	232.27522	71.69323	299.12103	132.83258	274.4194	53.82206	297.67645	44.32849	400.0	384.45	103399	84.61764	5.7838283	104.15828	7.9647245	-84.77705	0.6576207	642.6748614311218
95	285.2439	21.249369	301.8514	255.25035	268.64587	46.17153	301.88562	121.784645	400.0	400.0	104499	84.633545	5.783196	106.236824	7.4063244	-84.79935	0.6874112	648.5871024131775
96	238.19351	42.79193	280.98544	195.40158	279.54974	20.383606	302.273	216.41156	400.0	400.0	105599	84.605995	5.91102	116.20979	8.2830105	-84.76064	0.65098214	655.0434634685516
97	296.02798	2.143843	298.01855	293.05222	257.46777	78.96911	303.69238	31.373121	400.0	370.2	106699	84.5857	5.91899	102.951225	8.417816	-84.735916	0.57464355	661.7016739845276
98	284.70023	18.344402	303.60718	259.86264	281.5508	19.87563	303.71054	222.02791	400.0	400.0	107799	84.54616	6.0097575	102.39612	7.0725355	-84.69155	0.6835901	669.7242503166199
99	252.2996	42.71776	289.14377	192.4156	284.54865	19.320147	303.11688	229.928	400.0	400.0	108899	84.4722	6.0774455	114.56251	7.9291906	-84.61847	0.6434778	676.0888779163361
100	281.88828	5.760559	287.64883	276.12772	271.00812	36.738594	303.8153	164.91531	400.0	400.0	109999	84.43967	6.1358123	117.30306	8.274085	-84.58737	0.6680531	682.9936299324036
101	271.52313	5.8903093	276.01373	263.2017	279.04288	59.60819	304.1088	23.978983	400.0	384.8	111099	84.4035	6.2155476	106.091415	8.856904	-84.5426	0.62187856	690.9392867088318
102	298.6439	3.5167048	302.35928	293.92303	279.13922	28.60457	302.35025	188.03174	400.0	400.0	112199	84.39143	6.220563	101.758705	9.091319	-84.53962	0.6436962	697.3623337745667
103	233.15833	61.36973	279.9694	146.46053	278.45294	61.65692	303.7896	13.081485	400.0	384.8	113299	84.39132	6.3417273	110.55261	11.412771	-84.54806	0.7479356	703.6718389987946
104	243.24985	45.313072	288.56293	197.93678	275.96344	59.252552	304.32596	25.535627	400.0	384.9	114399	84.4301	6.412885	116.16719	12.021386	-84.60083	0.75392777	710.0475926399231
105	285.07925	23.303324	304.4778	252.3075	261.0881	79.789566	303.95285	15.779532	400.0	368.8	115499	84.535446	6.339032	102.22494	13.364245	-84.70506	0.68746436	716.2293589115143
106	210.72162	106.47603	296.39175	30.56432	252.12027	96.894394	304.4162	13.207158	322.5	354.85	116599	84.60045	6.310721	107.56849	8.645483	-84.770386	0.779009	722.7620627880096
107	285.2764	18.645203	303.9216	266.6312	269.07916	30.570786	304.38672	194.46854	400.0	400.0	117699	84.734505	6.2909617	113.51041	14.760476	-84.9216	0.7122835	729.2649548053741
108	291.61655	8.799176	303.0728	281.68085	264.96106	55.988617	304.17673	39.76877	400.0	385.4	118799	84.92458	6.3261495	106.52988	-0.46967292	-85.11954	0.8114664	735.6488392353058
109	293.4805	4.806644	299.57587	287.82693	224.12045	91.09071	304.33603	16.425379	400.0	353.1	119899	85.2311	6.3210783	109.77063	11.46767	-85.462166	0.72278297	742.1173870563507
110	215.367	60.2952	263.58994	130.35252	260.34692	78.64306	303.34653	18.907019	400.0	369.35	120999	85.66329	6.514198	110.588615	12.8338375	-85.92767	0.8171544	748.3892650604248
111	200.45146	123.3066	298.5306	26.54339	286.9959	23.24379	303.8543	228.24928	297.0	400.0	122099	86.211655	6.654596	100.44275	2.0173879	-86.472626	0.66242975	754.8988409042358
112	217.90823	119.1676	300.98148	12.400901	243.46643	82.426025	302.52475	25.797508	321.75	368.5	123199	86.666016	6.8174257	100.660614	7.581456	-86.91912	0.8188344	761.6707315444946
113	287.34546	6.6703033	294.01578	280.67517	274.7289	41.359623	303.8012	149.05177	400.0	400.0	124299	87.10487	6.9652166	114.25315	-11.750302	-87.35665	0.7742606	768.2888791561127
114	283.15784	14.852947	302.13242	265.8674	279.2134	21.20241	303.8425	244.82692	400.0	400.0	125399	87.40244	6.9453526	106.27597	-14.497201	-87.61466	0.8207969	775.1764624118805
115	275.23105	25.402431	298.2271	239.8309	284.15784	15.418226	300.1458	248.62955	400.0	400.0	126499	87.495056	6.8813477	106.43672	-13.775794	-87.69175	0.8564947	782.0907983779907
116	292.45413	8.148753	301.03003	281.49957	263.29645	60.077248	300.95053	39.74061	400.0	384.7	127599	87.556854	6.82349	109.86287	-14.004203	-87.75028	0.7816978	788.5440883636475
117	297.50015	4.2686157	301.76877	293.23154	275.20123	24.507881	296.22546	203.80237	400.0	400.0	128699	87.63466	6.642718	118.38204	-13.798115	-87.83645	0.77737063	797.0689902305603
118	282.18375	7.2507944	291.5308	273.85843	259.5749	62.83601	296.37143	0.6727929	400.0	384.5	129799	87.78916	6.4334993	115.18827	-13.744014	-87.98877	0.77162766	803.8466069698334
119	185.61688	112.39728	291.76572	5.2613864	274.8853	22.134832	303.65533	222.85876	323.5	400.0	130899	87.81573	6.1976695	111.643196	-11.605974	-87.998184	0.66944784	810.6350178718567
120	189.19441	113.83453	275.65924	28.35959	270.08148	28.620432	301.52618	198.4653	298.33334	400.0	131999	87.739174	6.0880394	119.32047	-10.202883	-87.9108	0.8102125	818.8902039527893
121	243.8769	44.893845	280.4316	180.64403	273.94507	36.94138	304.19113	132.0468	400.0	400.0	133099	87.666504	6.0275493	112.08233	-8.863167	-87.836174	0.80942196	825.6485426425934
122	200.44453	112.65287	295.0991	42.138023	258.58017	63.722923	303.44287	22.620922	297.66666	384.8	134199	87.566696	5.8439264	106.68646	-7.2177677	-87.72728	0.8235645	831.9896774291992
123	245.52588	64.17859	295.7664	154.94376	256.4476	64.77706	303.8143	25.33112	400.0	384.2	135299	87.444855	5.7211304	114.96947	-6.4433975	-87.609566	0.80639046	838.7705390453339
124	269.52686	44.877323	304.4469	206.17126	274.01407	22.409771	304.54642	214.09369	400.0	400.0	136399	87.28141	5.685487	117.336555	-2.6092362	-87.44085	0.8390119	845.204669713974
125	292.8465	9.663324	303.13727	279.91364	274.53638	30.42498	304.524	215.05046	400.0	400.0	137499	87.1369	5.662889	108.903786	-1.2019024	-87.29447	0.74570185	852.0960175991058
126	280.58856	8.873596	289.46216	271.71497	265.60733	55.174473	303.09656	36.591118	400.0	384.5	138599	87.02141	5.5627503	111.19368	-1.0031755	-87.16746	0.70424336	858.5268161296844
127	277.43222	11.219985	289.78763	262.63245	273.23065	21.919245	304.51736	220.13197	400.0	400.0	139699	86.82887	5.5444903	104.367935	-8.169475	-86.96715	0.72441614	865.4404327869415
128	292.72302	10.125868	302.95206	278.9295	284.85516	18.357582	304.62015	243.32951	400.0	400.0	140799	86.61497	5.585808	109.71489	-1.4428134	-86.7545	0.7139116	873.689611196518
129	287.69974	19.388098	302.08334	260.29208	284.25037	22.867813	303.8161	232.77348	400.0	400.0	141899	86.44143	5.5073867	104.13609	0.6057391	-86.581474	0.73083174	881.8393304347992
130	300.77863	2.6812592	303.4599	298.09738	249.93706	93.85617	304.58987	17.494642	400.0	354.75	142999	86.218285	5.5392017	105.60533	-2.1352043	-86.350006	0.80087215	888.4209275245667
131	283.02567	14.132534	300.35788	265.74048	282.72446	17.06167	304.57083	245.61487	400.0	400.0	144099	86.00573	5.529618	119.80214	-4.2692204	-86.13297	0.6893796	894.842440366745
132	298.07715	8.622562	304.19443	285.88303	289.94897	12.008205	303.79813	258.9666	400.0	400.0	145199	85.7794	5.523916	101.068634	-4.276134	-85.90216	0.6961051	901.6423606872559
133	294.78394	2.3199117	297.39166	291.7559	286.302	14.778003	303.44095	250.0245	400.0	400.0	146299	85.533936	5.5283585	108.06366	-2.841145	-85.66004	0.647204	908.6013596057892
134	279.3615	18.358643	297.72015	261.00287	282.06573	17.837639	302.83884	233.30917	400.0	400.0	147399	85.36757	5.4437413	106.140785	-1.4057868	-85.49652	0.66444457	915.0673866271973
135	273.54187	20.354935	297.5724	247.80124	284.95087	18.690361	303.12436	240.36868	400.0	400.0	148499	85.18215	5.4202294	109.39842	-4.198535	-85.31209	0.7026654	923.270998954773
136	278.3915	9.390477	291.0132	268.50418	285.08893	14.024281	303.853	259.51785	400.0	400.0	149599	84.99452	5.4375563	115.63031	-4.4331007	-85.11416	0.6463081	930.0741415023804
137	281.75906	11.971752	298.5	271.1999	285.32468	21.01486	304.17212	235.58322	400.0	400.0	150699	84.80963	5.443286	109.84324	-9.053993	-84.931465	0.67710173	938.3046987056732
138	292.417	3.4782867	295.8953	288.93872	289.93713	11.581678	302.24753	264.4485	400.0	400.0	151799	84.62294	5.5107784	104.98978	-9.632408	-84.743645	0.62602353	946.6263687610626
139	293.50906	1.5489705	294.96967	291.36493	285.46445	14.155275	302.70724	258.29163	400.0	400.0	152899	84.46137	5.4978924	101.443565	-9.456503	-84.58568	0.69729525	954.6822850704193
140	290.5281	10.426414	302.91837	277.4101	291.30246	14.834789	303.7732	245.61285	400.0	400.0	153999	84.31212	5.468549	120.10371	-6.201551	-84.4358	0.67511374	962.5821003913879
141	302.26114	2.4574604	304.10812	298.78812	292.326	13.51736	303.90805	260.63916	400.0	400.0	155099	84.18276	5.391896	143.89914	-8.069031	-84.30261	0.5825768	969.2353322505951
142	296.08618	2.2960815	298.38226	293.7901	285.8521	16.029606	303.43063	245.87433	400.0	400.0	156199	84.04026	5.323495	118.276955	-7.883441	-84.165085	0.65831816	975.9422063827515
143	287.95828	8.918295	300.5101	280.6134	292.07364	12.563922	303.89062	252.89449	400.0	400.0	157299	83.91087	5.300552	105.499916	-10.4267235	-84.03037	0.5850332	981.8737781047821
144	295.70908	5.2884154	302.41168	289.48422	292.45947	12.976078	304.10303	260.19858	400.0	400.0	158399	83.766624	5.2929807	107.83091	-10.277399	-83.88181	0.6697021	989.5855674743652
145	291.15396	15.299116	304.31552	269.70126	288.24875	12.506911	303.59042	253.6485	400.0	400.0	159499	83.62318	5.2565556	106.8101	-8.009748	-83.740204	0.60957444	997.8136277198792
146	288.87326	1.6568298	290.5301	287.21643	290.45563	10.828998	304.0072	263.9239	400.0	400.0	160599	83.499115	5.217794	97.272896	-9.420097	-83.61686	0.5478873	1004.4562094211578
147	297.46194	5.6794868	301.64044	289.43216	291.08865	12.512861	304.1881	260.95026	400.0	400.0	161699	83.39514	5.1601596	99.965866	-5.843574	-83.51769	0.5556576	1011.2777373790741
148	299.50195	2.4000502	302.22998	296.389	293.27005	10.493294	303.51416	271.72446	400.0	400.0	162799	83.301544	5.096265	97.85906	-5.3393393	-83.41943	0.5542192	1019.3190212249756
149	300.683	4.249851	303.89035	294.67746	286.88043	16.757088	303.08096	244.80246	400.0	400.0	163899	83.20195	5.0317607	103.250404	-4.8908353	-83.32035	0.5574363	1025.7708325386047
150	285.34265	18.61464	303.95728	266.728	293.04666	12.67156	304.1041	251.60014	400.0	400.0	164999	83.0996	4.992571	128.00273	-0.8389759	-83.22186	0.58455265	1032.586407661438
151	302.67807	1.011292	303.42712	301.24844	288.1023	16.577847	303.81305	244.6899	400.0	400.0	166099	83.00749	4.9587145	112.90299	-2.0325453	-83.123314	0.53195256	1039.7071404457092
152	293.68286	8.322351	304.13098	283.76627	287.47525	16.012632	303.9434	241.79083	400.0	400.0	167199	82.92995	4.8945727	98.900085	-2.1849816	-83.04939	0.4910412	1047.6072735786438
153	300.89255	1.2522106	301.85132	299.12372	287.49542	14.294171	304.2015	258.57785	400.0	400.0	168299	82.86036	4.8363013	100.012794	-1.0361593	-82.9798	0.48655552	1055.76042842865
154	299.5843	0.7254181	300.3097	298.85886	292.18356	10.53766	303.39856	264.71677	400.0	400.0	169399	82.788536	4.7914987	103.84982	-1.8748233	-82.90381	0.5618547	1062.4176995754242
155	298.6912	4.765084	302.999	292.0494	294.81818	9.978796	303.7956	269.83383	400.0	400.0	170499	82.68993	4.841902	98.20299	-2.8970792	-82.80584	0.52864826	1069.3492028713226
156	274.95944	11.600182	290.62518	262.90936	291.1923	12.358972	303.9637	260.1019	400.0	400.0	171599	82.60996	4.808699	100.917336	-4.2465076	-82.7213	0.5639457	1075.7428147792816
157	288.15677	22.055931	303.93552	256.9657	288.78662	14.318962	303.60074	262.5471	400.0	400.0	172699	82.49471	4.8335633	110.26218	-3.9472883	-82.59767	0.5287522	1082.3701734542847
158	288.60956	0.03266907	288.6422	288.57687	292.48004	11.326092	303.34006	258.93787	400.0	400.0	173799	82.35047	4.826908	109.047295	-4.341151	-82.45333	0.49666888	1088.891123533249
159	294.31848	10.7059	303.71576	279.33914	290.97552	13.457102	303.50235	257.51294	400.0	400.0	174899	82.2421	4.798625	121.0199	-4.057356	-82.345116	0.5852719	1095.235894203186
160	293.10724	6.486319	301.6302	285.90842	290.90503	11.203429	303.78445	271.25363	400.0	400.0	175999	82.119286	4.811723	107.64431	-5.462596	-82.21888	0.53225183	1103.4119908809662
161	291.02176	13.194202	302.74683	272.58853	290.29614	12.724668	303.93665	264.30966	400.0	400.0	177099	81.98969	4.8075314	93.465775	-6.246814	-82.087616	0.6133461	1110.0268428325653
162	294.3807	6.809601	301.1903	287.5711	291.15717	10.510181	303.557	270.45807	400.0	400.0	178199	81.86175	4.759768	106.28047	-5.1889124	-81.95668	0.53852504	1116.7299625873566
163	279.96777	11.080484	295.5685	270.8914	282.34125	21.972467	303.48874	235.9248	400.0	400.0	179299	81.74275	4.7173586	97.360435	-5.16476	-81.83729	0.5419304	1123.5186605453491
164	294.43912	6.5652385	302.88235	286.87274	286.62082	10.387306	303.44073	269.58527	400.0	400.0	180399	81.63291	4.737093	106.71474	-4.061922	-81.73028	0.6022648	1130.3384685516357
165	282.05618	8.387662	291.4505	271.0869	285.4642	17.087807	303.34384	252.85518	400.0	400.0	181499	81.4917	4.726242	106.80456	-3.9087217	-81.58666	0.53151923	1136.7090752124786
166	293.4801	8.482315	301.96243	284.9978	285.49384	14.624878	303.2714	259.64816	400.0	400.0	182599	81.37802	4.608897	105.82179	-6.3796988	-81.47007	0.52099067	1143.9263446331024
167	285.2062	18.28522	301.61572	259.69336	280.3624	24.079777	304.26312	235.14421	400.0	400.0	183699	81.26224	4.541064	107.003456	-8.836493	-81.35683	0.51014507	1151.1714816093445
168	296.33725	8.295845	302.59274	284.61395	285.55472	16.367487	304.2369	240.48344	400.0	400.0	184799	81.17815	4.5176682	100.6688	-10.723494	-81.27282	0.48635253	1158.3644359111786
169	270.3462	16.937485	287.58093	247.32256	279.69446	20.454351	304.31168	244.11986	400.0	400.0	185899	81.09037	4.498453	101.448044	-10.38245	-81.19081	0.5837801	1164.8561942577362
170	299.52795	0.773468	300.30142	298.7545	283.05072	17.849274	303.40118	233.17679	400.0	400.0	186999	81.0438	4.4473457	102.184204	-8.863888	-81.140884	0.50404036	1171.2557730674744
171	260.43387	34.178932	296.19916	214.39217	288.17834	8.521533	302.32428	271.58932	400.0	400.0	188099	80.970535	4.393709	102.223976	-10.220163	-81.068695	0.4462927	1178.0340526103973
172	302.04834	0.5310258	302.76517	301.496	292.88116	9.2134075	303.95734	269.59933	400.0	400.0	189199	80.91942	4.34668	104.18172	-9.365567	-81.01632	0.5234837	1184.4891498088837
173	286.18002	4.265621	291.51147	281.06992	289.01907	13.832241	304.2028	256.83896	400.0	400.0	190299	80.83735	4.372549	103.19619	-8.893787	-80.93334	0.4958415	1190.8695623874664
174	283.26184	17.583618	300.84546	265.67822	293.93964	10.175189	303.71533	257.8518	400.0	400.0	191399	80.77824	4.3244357	135.03654	-6.9976053	-80.87689	0.51081157	1197.5526559352875
175	283.41052	16.005335	302.76035	263.56485	287.5352	13.857524	301.50873	257.4494	400.0	400.0	192499	80.71174	4.3763475	98.99762	-7.6107183	-80.80584	0.50576276	1204.3872573375702
176	282.75986	9.361677	292.35092	270.06052	293.9564	10.026758	302.52084	268.61264	400.0	400.0	193599	80.64414	4.361696	93.459076	-8.167549	-80.74112	0.476386	1210.8482344150543
177	282.6879	19.502653	302.04095	255.99301	288.8299	11.290299	302.30676	269.56122	400.0	400.0	194699	80.594185	4.365303	102.32178	-8.938133	-80.6949	0.50588477	1217.6662521362305
178	290.68652	10.911285	301.5978	279.77524	294.67914	12.488913	302.95435	253.71127	400.0	400.0	195799	80.580086	4.2851357	97.30004	-7.8032765	-80.67676	0.44161627	1224.1533379554749
179	227.6119	59.471222	279.88193	144.41443	285.4521	24.05988	303.4608	194.31387	400.0	400.0	196899	80.510864	4.3272743	100.68289	-7.6592975	-80.60809	0.52128	1232.4722907543182
180	292.72687	8.88818	300.17816	280.23434	285.1915	27.427996	301.98184	185.06055	400.0	400.0	197999	80.437485	4.345309	100.99654	-4.204368	-80.52928	0.5091123	1238.840280532837
181	290.19925	12.861425	301.9678	272.30457	247.70403	102.3834	303.0975	-8.800726	400.0	351.65	199099	80.37736	4.338692	97.94698	-5.086175	-80.47368	0.5610963	1245.3559234142303
182	187.9117	136.87346	301.7883	-4.5832376	292.80396	9.2506	303.3462	271.83774	286.33334	400.0	200199	80.32983	4.285901	104.843575	-5.7970233	-80.42181	0.47520065	1252.2289025783539
183	290.5585	3.7528102	295.8116	287.27698	296.1053	7.042183	302.77277	282.61377	400.0	400.0	201299	80.27637	4.3246446	108.047325	-6.146359	-80.36732	0.47679755	1258.2246067523956
184	209.51082	132.21695	296.73502	-18.829758	287.5078	21.81363	302.06055	220.57878	327.5	400.0	202399	80.20794	4.3313756	99.81086	-7.4598646	-80.29626	0.532768	1266.647040605545
185	291.60608	2.9584656	294.56454	288.6476	286.33344	16.02524	302.62192	250.23094	400.0	400.0	203499	80.12709	4.3772182	103.02531	-7.973697	-80.2158	0.49376044	1273.0334718227386
186	268.30807	33.729576	301.96252	222.20526	289.5874	11.247927	302.41776	251.90039	400.0	400.0	204599	80.07747	4.3756976	119.10351	-7.7887836	-80.16591	0.4437615	1281.1000008583069
187	287.35965	2.3078618	290.39862	284.80923	249.71188	102.44719	303.792	-2.1838062	400.0	350.15	205699	80.001595	4.4209495	97.24623	-7.2816014	-80.08595	0.47102123	1287.6266040802002
188	290.8928	3.509207	293.713	285.94623	291.92606	9.860587	302.04477	263.45135	400.0	400.0	206799	79.929	4.4456606	104.7292	-5.7274623	-80.01448	0.54835486	1294.4504313468933
189	291.16025	0.36206055	291.5223	290.7982	290.23813	12.966069	303.57462	259.36417	400.0	400.0	207899	79.864	4.401139	124.06375	-7.476364	-79.94787	0.5079225	1300.9530498981476
190	289.14755	8.397105	296.34518	277.3687	290.64276	11.746363	304.04752	267.37296	400.0	400.0	208999	79.812096	4.3546143	95.32569	-9.584884	-79.89374	0.45749784	1308.994268655777
191	296.8196	0.7237858	297.34842	295.7962	290.95483	10.269805	303.82925	255.40395	400.0	400.0	210099	79.725044	4.3414035	97.17921	-11.1768	-79.803535	0.46348056	1316.9163405895233
192	291.96213	5.049333	298.8344	286.846	284.39304	17.9021	303.63986	240.54733	400.0	400.0	211199	79.64276	4.3494105	121.2486	-9.587212	-79.725624	0.5067942	1323.7316477298737
193	299.10297	0.40652466	299.5095	298.69644	290.73605	10.53551	304.3635	272.4993	400.0	400.0	212299	79.59281	4.289365	94.87617	-7.7871842	-79.670074	0.43219873	1331.7414999008179
194	285.91556	12.604599	302.50238	271.96777	294.04074	9.006087	304.2944	266.33588	400.0	400.0	213399	79.48671	4.331976	98.44638	-7.932662	-79.55833	0.45946345	1338.0633721351624
195	290.64087	10.279705	303.9507	278.9219	295.23328	10.029114	302.69617	259.6928	400.0	400.0	214499	79.38166	4.2933474	128.61574	-8.3122425	-79.454285	0.45725286	1344.9013845920563
196	284.3407	7.8920164	294.2273	274.91217	288.7897	12.101196	302.43787	256.51416	400.0	400.0	215599	79.296646	4.3214307	103.71732	-10.6082325	-79.37365	0.44273317	1351.4464061260223
197	295.782	0.46881104	296.25082	295.3132	292.15454	10.449588	303.5464	263.66754	400.0	400.0	216699	79.24539	4.317447	109.793365	-9.914913	-79.3259	0.45720774	1358.5994029045105
198	287.17557	10.155689	296.26862	273.00125	290.63495	10.01708	303.3613	268.663	400.0	400.0	217799	79.19319	4.285471	94.34333	-6.487508	-79.26987	0.4312365	1365.7472717761993
199	284.89343	3.9370193	289.1204	279.6415	287.70477	13.812694	303.52747	253.99757	400.0	400.0	218899	79.13941	4.206037	105.042534	-7.335181	-79.21587	0.48384455	1373.1138236522675
200	288.194	17.519962	303.83835	263.73257	289.67535	9.953522	304.19434	264.79425	400.0	400.0	219999	79.05262	4.137842	94.23782	-6.7197285	-79.125824	0.39787596	1379.6725676059723
201	298.62506	0.66212463	299.2872	297.96295	291.69193	10.96454	303.40448	260.13898	400.0	400.0	221099	78.989944	4.0818257	110.869995	-7.165762	-79.06362	0.41657344	1386.2091236114502
202	295.71246	8.22836	302.4729	284.12973	288.37668	17.596725	303.7767	238.88516	400.0	400.0	222199	78.9148	4.1060987	108.206085	-6.631379	-78.98831	0.4610462	1392.6008174419403
203	289.7756	9.784425	301.28732	277.37048	293.1122	9.534694	303.16592	264.37103	400.0	400.0	223299	78.85673	4.063184	96.61665	-7.711617	-78.93161	0.3782899	1399.0828168392181
204	285.84396	14.095991	301.43164	267.28845	292.87625	11.2772875	302.52036	266.34113	400.0	400.0	224399	78.798965	4.095257	104.292274	-15.492267	-78.87686	0.54725605	1405.5529601573944
205	302.21014	1.2983398	303.50848	300.9118	290.49063	13.420581	304.09723	254.88922	400.0	400.0	225499	78.76201	4.0083027	99.09808	-10.339532	-78.84035	0.4743326	1413.680438041687
206	275.66006	7.0984774	281.01837	265.62912	290.457	15.950258	304.14584	245.09319	400.0	400.0	226599	78.71687	3.9690657	92.6743	-12.182644	-78.79113	0.39868626	1420.619769334793
207	285.54993	17.98597	299.76382	260.17508	288.66696	13.703864	304.1907	258.7786	400.0	400.0	227699	78.6642	3.9460819	123.36334	-13.206763	-78.735565	0.45255095	1427.7145380973816
208	297.0878	5.6834764	301.1099	289.05014	291.07306	9.038782	300.7299	269.97522	400.0	400.0	228799	78.59472	3.9379323	101.4369	-14.780533	-78.67016	0.47834417	1434.1422250270844
209	302.09204	0.76168823	302.85373	301.33035	290.72107	14.454897	304.10492	250.69556	400.0	400.0	229899	78.56242	3.9207413	102.145546	-15.235899	-78.642815	0.44000697	1440.6022968292236
210	260.0081	29.573662	283.24408	218.27415	292.6179	11.121129	304.6232	263.0741	400.0	400.0	230999	78.53782	3.8667974	97.14676	-15.421329	-78.61415	0.47305477	1446.6679418087006
211	285.39236	5.5906167	293.22287	280.53113	287.97958	11.975213	302.76407	263.16666	400.0	400.0	232099	78.502426	3.8394382	115.90632	-15.698643	-78.579506	0.4578903	1453.2312767505646
212	288.36652	18.531218	302.81207	262.2069	296.2779	10.715219	304.57693	262.93	400.0	400.0	233199	78.45298	3.914725	109.29216	-14.605469	-78.5307	0.39886108	1461.3294250965118
213	282.2547	14.139832	296.39453	268.11487	289.53897	22.100878	304.4814	216.1966	400.0	400.0	234299	78.457214	3.9651265	107.76856	-13.638573	-78.54421	0.46505272	1468.1725714206696
214	266.95444	16.121479	281.58102	244.49516	286.1642	20.625324	304.5881	230.97144	400.0	400.0	235399	78.46913	4.035874	100.06657	-11.7387705	-78.556366	0.46913972	1475.0399568080902
215	286.06506	17.162724	303.93045	262.90353	286.78137	15.794786	303.2399	248.45952	400.0	400.0	236499	78.50982	4.0672097	100.100464	-14.639826	-78.59946	0.42152283	1481.5246410369873
216	295.93677	6.7867737	301.87396	286.43726	292.1138	10.527442	303.5958	262.0854	400.0	400.0	237599	78.51868	4.094904	105.38073	-15.093195	-78.59681	0.46960238	1488.0257921218872
217	281.3766	20.831741	302.20834	260.54486	286.37958	15.811293	304.33252	253.9182	400.0	400.0	238699	78.50114	4.1075544	98.32977	-11.731978	-78.5813	0.42180997	1495.063803911209
218	292.0063	15.828148	303.3391	269.6225	281.90372	15.945481	303.27826	242.5883	400.0	400.0	239799	78.50894	4.0939574	96.2305	-11.271658	-78.588905	0.43869036	1501.558396100998
219	273.16653	23.290981	303.31647	246.60501	279.35992	20.65983	303.5314	234.34552	400.0	400.0	240899	78.47518	4.1369567	108.04815	-13.071226	-78.54598	0.4514026	1508.5131087303162
220	288.73135	6.0868917	296.0113	281.11304	276.29938	23.518124	302.32147	224.1396	400.0	400.0	241999	78.415054	4.1823416	160.49255	-13.537018	-78.48206	0.45052347	1514.9220943450928
221	281.07077	22.995972	304.06674	258.0748	283.74228	16.3023	302.9793	245.234	400.0	400.0	243099	78.3578	4.194821	103.85759	-12.562373	-78.42558	0.39249203	1521.7376828193665
222	286.2659	15.085899	298.32687	264.9948	283.61206	14.972472	304.06543	252.29793	400.0	400.0	244199	78.29496	4.1754584	97.20355	-11.816258	-78.36012	0.44946247	1528.6439583301544
223	297.1152	6.108462	303.4669	288.86865	284.8359	18.917976	303.97458	231.11848	400.0	400.0	245299	78.23546	4.122698	93.19212	-9.808527	-78.29661	0.34882405	1535.5434181690216
224	285.7509	15.948868	298.8986	263.30557	286.7752	13.683489	302.87476	257.78366	400.0	400.0	246399	78.146965	4.1131735	120.72207	-10.859644	-78.20548	0.46474475	1542.074544429779
225	269.06885	3.1784973	272.24734	265.89035	277.60785	15.689067	304.2653	243.98271	400.0	400.0	247499	78.059555	4.1168237	98.60979	-11.979719	-78.12145	0.41105792	1548.786171913147
226	263.64944	30.008776	304.10666	232.32129	279.9013	15.848848	303.89075	252.256	400.0	400.0	248599	77.95932	4.1206155	98.19713	-13.915371	-78.01793	0.43030044	1555.275916337967
227	290.96408	13.854465	302.4522	271.4746	289.51855	12.386968	302.5956	254.2254	400.0	400.0	249699	77.892136	4.002025	99.03168	-12.57864	-77.948906	0.4207453	1561.9235184192657
228	292.7185	6.925557	301.20996	284.2459	280.66046	17.379217	304.23785	246.74954	400.0	400.0	250799	77.82168	4.0340943	104.67943	-11.785529	-77.883995	0.43455017	1570.0836596488953
229	281.78033	6.927231	288.70758	274.85312	284.19205	17.547157	303.0794	232.32596	400.0	400.0	251899	77.76698	3.9799469	94.56517	-10.686804	-77.82664	0.41113326	1576.844280719757
230	274.70926	11.300078	289.66748	262.35916	284.03522	16.05426	303.29495	247.82921	400.0	400.0	252999	77.67928	4.0207987	96.93362	-11.52623	-77.73322	0.41231856	1585.1349925994873
231	273.15317	17.639397	298.0164	258.9643	284.21387	17.129717	304.4337	250.01982	400.0	400.0	254099	77.613106	3.968631	103.740776	-10.800256	-77.66974	0.4442455	1591.9095423221588
232	284.38083	7.0943403	289.55795	274.34967	284.58514	16.11419	303.3344	235.91557	400.0	400.0	255199	77.543724	3.962345	115.36462	-9.828468	-77.60413	0.46670553	1598.6160645484924
233	297.62302	2.1762695	299.7993	295.44675	282.38275	16.56883	304.12695	245.12312	400.0	400.0	256299	77.505974	3.8795812	88.37002	-8.388718	-77.56509	0.37912148	1605.7993433475494
234	284.88834	19.543842	300.10007	257.2976	289.95697	11.784774	302.73364	262.0702	400.0	400.0	257399	77.46658	3.8676636	102.78478	-9.071856	-77.5267	0.44138983	1612.6786088943481
235	284.51532	15.176654	303.1234	265.94843	290.48068	10.877057	304.24133	265.15594	400.0	400.0	258499	77.433754	3.8646717	100.12682	-8.899597	-77.49502	0.40778953	1619.1440269947052
236	290.06186	10.901773	303.9778	277.35648	288.74866	13.514425	303.36633	252.75015	400.0	400.0	259599	77.40363	3.874244	95.51892	-10.827075	-77.464005	0.37733865	1626.5091767311096
237	284.88257	9.363083	294.24567	275.5195	291.75775	11.616908	302.36624	257.5755	400.0	400.0	260699	77.38485	3.8688877	104.54058	-10.670765	-77.44808	0.40059975	1632.9360270500183
238	269.68045	9.977267	283.0039	258.99594	287.74872	12.278164	302.39902	254.64415	400.0	400.0	261799	77.36117	3.8233762	108.54977	-12.969722	-77.419785	0.42724353	1639.3827011585236
239	289.93652	6.8983097	296.90897	280.54108	279.96643	22.420267	302.4741	224.06044	400.0	400.0	262899	77.35088	3.8953662	95.485886	-10.83033	-77.41858	0.42214876	1645.848152399063
240	256.6016	15.572023	275.24493	237.12851	286.51944	16.243837	303.96136	253.45721	400.0	400.0	263999	77.3749	3.8245249	100.99117	-7.479554	-77.43996	0.39397022	1652.7348330020905
241	302.8822	1.4128113	304.295	301.4694	284.89307	13.761618	302.9642	247.98573	400.0	400.0	265099	77.36495	3.845521	93.66935	-7.0098367	-77.4268	0.36422864	1659.6764879226685
242	275.44128	7.6358914	286.14648	268.8601	284.8551	15.089776	303.54968	252.22183	400.0	400.0	266199	77.35958	3.8611224	99.906845	-7.9245872	-77.42176	0.388749	1666.9392399787903
243	270.8067	10.7208	285.933	262.3495	278.38943	22.13916	303.32697	206.51315	400.0	400.0	267299	77.366806	3.8528333	96.36236	-7.6289415	-77.43161	0.40195101	1674.3175010681152
244	293.73373	0.8772576	294.4875	292.50345	275.16656	21.603485	303.54556	223.0305	400.0	400.0	268399	77.366486	3.8879948	98.57401	-7.31112	-77.43229	0.3910099	1680.397582769394
245	266.20575	0.43804932	266.6438	265.7677	274.94833	25.117134	302.7812	201.51308	400.0	400.0	269499	77.39234	3.8935099	92.319275	-8.628038	-77.4584	0.41265193	1687.200771331787
246	255.11804	12.489405	265.49518	237.55151	280.46573	17.001724	303.6005	243.98708	400.0	400.0	270599	77.401695	3.9275298	92.12326	-12.0009	-77.46772	0.42119583	1694.110689163208
247	298.81277	3.5858343	302.7659	294.08542	277.796	23.790636	302.19177	217.34836	400.0	400.0	271699	77.428986	3.9217646	100.152176	-14.395336	-77.5002	0.39733562	1701.3757252693176
248	271.15677	21.70267	301.83844	255.11914	282.35132	14.615805	301.98895	241.09233	400.0	400.0	272799	77.43862	3.959309	95.25657	-14.373611	-77.504486	0.36971313	1707.7851145267487
249	294.64874	7.377411	302.02615	287.27133	279.89545	16.916594	303.0547	243.37909	400.0	400.0	273899	77.43987	3.995691	99.240524	-15.766982	-77.5055	0.44659445	1714.2797293663025
250	279.51572	9.049544	289.45532	267.56418	281.42108	20.081135	302.436	213.86586	400.0	400.0	274999	77.44257	3.938524	104.06983	-18.270945	-77.50716	0.43463546	1720.768206834793
