Epoch	AverageEpRet	StdEpRet	MaxEpRet	MinEpRet	AverageTestEpRet	StdTestEpRet	MaxTestEpRet	MinTestEpRet	EpLen	TestEpLen	TotalEnvInteracts	AverageQVals	StdQVals	MaxQVals	MinQVals	LossPi	LossQ	Time
1	-20.534147	93.8052	86.37061	-140.6114	1.700434	18.070755	21.971151	-41.148434	178.83333	55.55	1099	-0.17650507	0.90927076	32.891987	-14.10673	0.10092545	0.684108	0.8894298076629639
2	-27.842127	32.399914	17.520329	-72.41258	3.7018948	22.177723	27.75349	-45.891586	199.6	54.1	2199	-0.40726155	2.0022218	5.225814	-7.7304335	0.3300236	0.08424605	6.921467065811157
3	26.219992	40.4584	86.606544	-28.991571	10.073709	16.232843	31.501898	-39.26518	194.8	59.75	3299	-0.046818446	4.3238344	10.5981655	-13.492537	-0.059064623	0.2408429	11.987498760223389
4	-99.96333	154.37636	53.122116	-350.93896	11.781694	13.862929	28.545347	-27.061357	288.5	56.8	4399	-0.7029809	6.6626925	14.526683	-19.515867	0.5980977	0.5313416	16.871574878692627
5	-36.835438	106.87684	118.957794	-215.06934	0.5505501	14.110233	19.830837	-35.064594	259.6	53.7	5499	-0.5812174	8.665877	18.722578	-25.067535	0.4505268	0.87640196	21.621904850006104
6	9.191687	110.1805	193.8232	-82.751785	-5.399396	20.368986	23.519087	-44.057327	239.5	50.6	6599	-0.6327592	10.242016	22.99339	-28.56062	0.48145857	1.3338122	26.075474500656128
7	12.059607	21.561567	29.955055	-30.207697	-4.26016	19.395124	34.641453	-37.043987	212.4	52.4	7699	-0.17171337	11.6557255	26.822205	-32.55883	-0.018137489	1.6340446	30.317229509353638
8	3.292015	119.50673	106.24242	-210.04181	-9.484304	15.790387	13.554126	-39.4735	208.83333	54.5	8799	-0.094550654	13.232676	30.300282	-35.911358	-0.10880003	2.0656707	34.93322229385376
9	-64.780685	79.52184	32.71938	-146.38483	-0.24008222	24.58633	47.130814	-54.506584	267.5	96.15	9899	0.5403354	14.647494	33.23659	-48.895782	-0.7242251	2.285546	39.51491928100586
10	-30.627142	72.40658	40.974586	-145.1264	-2.6892216	22.2749	42.71484	-49.6591	257.0	73.5	10999	0.28353056	16.019121	35.985466	-51.786762	-0.46517423	2.7110307	43.75561785697937
11	-24.7895	94.1779	79.98861	-144.88956	-16.340773	41.25219	22.908354	-137.17805	197.5	93.15	12099	0.47304285	16.875608	38.199253	-53.532856	-0.67197686	3.0431361	47.93631076812744
12	80.41597	121.14732	274.79196	-45.051937	-17.879175	35.05944	38.250336	-88.2167	263.25	81.55	13199	1.6357194	18.306736	40.40731	-55.453537	-1.8402631	3.139913	52.88589811325073
13	-64.30416	129.99158	61.61142	-327.20944	-3.1121204	34.844894	77.17808	-61.504314	199.0	82.75	14299	2.3697662	19.371307	42.528225	-57.45519	-2.5843444	3.519067	57.67104768753052
14	-5.257167	51.359783	49.0019	-100.82192	-6.0106497	31.39665	66.12805	-65.18892	149.71428	75.3	15399	2.642595	20.25216	44.725487	-59.503128	-2.8618824	3.5169282	61.99617862701416
15	-12.332908	33.28479	74.19614	-52.20021	-4.8841925	30.940273	68.14388	-68.9156	74.8	83.8	16499	3.039402	20.957718	46.35917	-60.2662	-3.26224	4.9227395	66.5761022567749
16	-1.9235018	22.73363	22.853535	-54.430862	-6.8018265	29.878855	25.102316	-63.28434	68.933334	77.95	17599	2.9233966	21.759834	47.179653	-61.19623	-3.1828141	6.3704243	71.53258156776428
17	-2.1092725	27.304789	42.728752	-50.63277	-0.191047	22.255625	31.106016	-54.91988	95.416664	62.15	18699	3.7534833	22.148518	48.719524	-60.289127	-4.1048565	7.057935	76.44142365455627
18	-9.464322	21.413015	16.26157	-49.537437	-11.345993	33.34452	26.2123	-100.54658	104.454544	99.05	19799	5.361278	22.124321	51.857784	-59.315536	-5.776872	7.662847	81.32056379318237
19	-20.340374	67.65864	139.65912	-110.37659	14.29497	67.77813	167.55399	-103.8127	102.0	166.7	20899	6.634766	22.019453	54.406067	-58.380527	-7.0702724	8.294666	86.72645282745361
20	4.1933665	55.029404	108.16388	-57.077423	58.735474	61.654156	192.30318	-66.45941	174.83333	213.6	21999	7.307006	22.227268	53.252083	-58.45829	-7.725364	8.469679	92.76245617866516
21	64.949524	45.77848	109.85204	1.7044551	37.971478	49.279957	148.42052	-82.00666	240.8	211.6	23099	8.973487	22.535496	54.51771	-59.785656	-9.407622	8.581254	97.90295600891113
22	4.4013815	97.16332	140.18056	-93.01062	36.206394	67.39974	207.60388	-69.13822	258.75	183.6	24199	9.840916	22.369246	60.557243	-60.4786	-10.289957	8.9911785	103.51976037025452
23	52.05316	57.74587	175.68694	5.038241	55.410908	71.6777	220.58214	-67.74943	190.0	221.35	25299	11.104299	22.491234	56.968243	-62.75099	-11.565284	8.859129	109.0589599609375
24	53.694927	34.107265	104.69185	18.246193	39.36042	59.439617	204.40297	-42.542953	156.16667	193.75	26399	13.113588	22.45181	58.771915	-61.834305	-13.597232	8.674192	113.8640947341919
25	44.108467	56.339565	170.97882	-40.640125	22.51813	48.140835	111.81423	-70.956665	161.25	153.65	27499	15.04236	22.625364	59.893578	-60.15341	-15.520454	8.526273	118.67788362503052
26	38.5048	53.701187	131.7013	-51.06015	41.882454	47.30109	103.71277	-67.94191	143.57143	180.05	28599	15.830812	22.301458	61.471687	-63.5339	-16.326605	8.609884	123.72527313232422
27	63.465202	37.046524	103.77009	4.9180017	74.63532	87.24629	260.2879	-36.490105	243.75	259.65	29699	17.608381	22.228779	64.8359	-63.522884	-18.130293	8.695701	130.0840039253235
28	44.23752	110.66454	254.38258	-35.902573	147.84192	110.2502	266.5021	-48.729496	215.0	322.75	30799	19.718906	22.581944	73.601204	-63.87169	-20.260479	8.341816	136.7493875026703
29	142.7496	121.68631	266.0134	-22.881653	118.01028	105.16355	266.11966	-52.576008	389.66666	269.0	31899	22.858412	22.4083	70.75818	-62.080334	-23.40977	6.788947	143.820232629776
30	23.974192	127.99279	251.76994	-144.79102	94.78678	119.48219	284.9948	-68.09451	256.4	235.4	32999	25.023554	22.545462	71.57622	-49.858387	-25.572191	6.2176704	149.6540548801422
31	56.785515	85.495636	226.51758	-3.6090064	134.73862	123.44876	288.88657	-28.041721	186.8	259.95	34099	27.823376	23.306004	78.0949	-47.9158	-28.40006	5.604109	156.24693727493286
32	130.06912	112.32029	269.0139	-4.9326315	100.16783	106.18878	288.24435	-83.70037	245.2	225.8	35199	31.30845	24.023102	78.67216	-49.495472	-31.87622	5.3154664	161.7783806324005
33	189.77332	72.05037	240.902	87.87892	129.407	87.39054	270.19952	-36.31261	353.0	260.65	36299	35.58958	23.885668	80.59091	-51.067017	-36.15384	4.795447	167.65851306915283
34	142.6643	128.09857	278.25873	-36.0437	196.34865	93.86588	282.66592	12.080024	254.0	338.55	37399	39.251247	24.391132	91.55488	-53.0038	-39.82204	4.7587695	173.61867427825928
35	121.3033	112.59351	234.67908	-7.95704	212.85947	92.00103	282.94067	0.068030916	252.0	356.25	38499	42.557217	24.840647	91.40196	-54.49801	-43.13618	4.633893	179.73885011672974
36	195.77579	116.86821	275.30017	-5.7754893	238.99472	17.668785	267.6678	207.33235	322.5	400.0	39599	46.61717	25.500723	110.48932	-56.37321	-47.212963	4.5339737	185.96986627578735
37	241.09265	13.296913	254.38957	227.79575	211.83813	70.47931	277.11032	45.74936	400.0	372.85	40699	50.434837	26.066607	94.84428	-56.475037	-51.04542	4.152726	194.67814326286316
38	252.79869	22.65842	275.98022	222.04889	225.64436	70.37697	285.8232	14.166612	400.0	372.65	41799	53.684006	26.175756	93.00272	-55.76344	-54.296646	3.8364084	208.88843703269958
39	248.77205	7.249721	258.94205	242.56184	206.57837	51.986576	276.1557	50.999355	400.0	386.65	42899	57.203384	25.13073	96.27488	-55.411926	-57.83972	3.2685156	217.10640263557434
40	227.32896	48.96322	286.22275	166.34262	245.92566	20.31376	280.8749	210.17351	400.0	400.0	43999	60.973404	23.71429	100.32292	-49.17944	-61.60747	2.7293687	225.47589254379272
41	160.00089	109.60564	242.0142	5.0843725	234.05733	36.863335	282.33676	155.65994	302.33334	400.0	45099	64.36772	22.611376	103.7309	-55.40164	-65.01719	2.4915848	233.5871937274933
42	204.26814	37.750767	257.59616	175.41934	222.18008	56.244045	297.92624	73.96415	400.0	386.3	46199	67.23034	20.750797	112.986015	-42.732895	-67.82088	2.4103746	240.0093584060669
43	262.14493	18.496159	283.5262	238.40468	252.78543	26.344103	297.38785	204.30525	400.0	400.0	47299	70.36212	18.983217	112.96885	-41.68348	-70.91449	2.1253145	247.51742362976074
44	241.55228	26.472717	268.025	215.07956	248.19878	36.735638	295.57697	129.46909	400.0	400.0	48399	73.42169	16.34622	112.328606	-36.2386	-73.8753	2.0472999	253.83759474754333
45	228.7016	52.076706	279.94705	157.27055	240.69763	59.135555	295.37292	98.23968	400.0	400.0	49499	75.311005	14.503909	128.13747	-28.591455	-75.777115	1.7571774	260.35395860671997
46	216.75757	77.0441	291.11893	110.60965	223.6801	63.409016	289.13333	6.8316174	400.0	383.7	50599	77.548004	13.496598	115.069664	-21.667673	-78.009995	1.4174688	266.3794951438904
47	208.91609	56.117897	255.34619	129.96048	195.72687	81.61722	274.56686	24.635086	400.0	384.8	51699	78.68098	13.357714	131.26369	-13.312881	-79.13163	1.1597946	274.00315165519714
48	186.78342	67.38718	254.1706	119.39624	225.43594	44.891544	258.98956	52.21932	400.0	400.0	52799	79.79872	13.508582	120.52713	-8.820939	-80.24369	1.078751	280.51719188690186
49	162.42982	69.93671	240.66011	65.492714	201.67586	64.52024	260.00632	35.059155	341.75	400.0	53899	80.92634	13.62556	151.2244	-8.305198	-81.35061	0.9222337	286.9424343109131
50	216.66669	52.853302	263.61697	142.82329	189.8271	57.687946	252.46262	50.997116	400.0	400.0	54999	81.431694	13.928447	142.1666	-6.690215	-81.8485	1.0498917	293.37274193763733
51	238.03322	2.067749	240.10097	235.96547	200.60612	58.316784	269.4555	80.909386	400.0	400.0	56099	81.41711	14.376742	117.28568	-16.246393	-81.80614	0.79193693	299.87777185440063
52	236.37764	30.338514	267.7668	195.3517	195.32315	80.68283	272.18677	-22.513275	400.0	368.7	57199	82.34655	15.3204365	128.88837	-20.798792	-82.73691	0.9470741	307.43832516670227
53	244.51074	24.950941	269.85568	210.57681	199.63026	60.80099	270.88617	30.041704	400.0	348.7	58299	83.20131	15.651172	167.26059	-22.477896	-83.58785	1.0434604	313.74403262138367
54	227.1886	17.100233	247.65157	205.7957	195.09499	84.62818	275.4627	5.99462	400.0	338.95	59399	84.69568	16.08301	123.8223	-22.16347	-85.06957	0.9003051	319.8260238170624
55	109.0152	107.960976	218.38364	-15.96919	150.10257	125.83235	288.2971	-70.45329	248.75	279.3	60499	86.53241	16.585823	136.93367	-27.393003	-86.9695	0.98600984	326.5911178588867
56	180.98103	122.02347	276.56058	8.760537	175.29315	90.89875	296.80905	-11.916418	308.33334	395.75	61599	88.420746	16.956985	159.95743	-44.899345	-88.93422	1.3470601	333.0109965801239
57	140.11281	95.963776	280.17963	24.8496	175.52296	92.66946	293.96942	-4.928897	317.0	372.4	62699	89.42223	17.107433	157.88368	-47.964188	-89.91138	1.4788725	338.92525935173035
58	93.16417	87.6557	225.18184	4.4369264	167.90468	88.06165	280.2403	-18.709377	213.4	341.95	63799	90.07049	17.316952	177.63542	-54.787254	-90.58063	1.6864637	344.95984530448914
59	253.49011	19.093042	279.86356	235.28862	117.92096	96.20684	289.13632	-65.193985	400.0	296.0	64899	90.9961	17.661142	151.19135	-54.284557	-91.63159	1.855346	350.6073200702667
60	279.26346	3.746704	283.01016	275.51675	168.07047	82.52464	287.7368	18.288874	400.0	325.5	65999	92.60074	17.713598	183.47285	-50.13139	-93.17952	1.660405	357.4142909049988
61	163.70636	91.97547	264.422	13.942123	179.2553	90.755615	278.06116	-44.058582	319.5	350.4	67099	93.79583	18.09406	144.59967	-48.011536	-94.35254	1.703178	363.7101786136627
62	100.719536	103.06388	227.06659	5.502232	165.44072	113.747574	284.39243	-55.775085	241.8	324.1	68199	93.97736	17.93716	162.20114	-49.121708	-94.49113	1.9040703	369.56063413619995
63	210.22656	52.97175	263.1983	157.2548	235.7024	48.32748	286.57736	105.14499	400.0	400.0	69299	94.267815	17.637814	142.98877	-51.78314	-94.752205	2.1029706	375.73417043685913
64	151.8798	93.39524	279.13733	16.172918	186.58455	101.918304	289.1176	-42.773712	325.75	334.15	70399	94.03823	17.400127	150.1705	-48.13574	-94.50571	2.1686006	381.6188659667969
65	148.69527	119.407364	247.93575	-19.249424	171.65971	95.77029	272.42703	-0.7895003	311.0	304.75	71499	93.90298	17.912062	140.1214	-51.367336	-94.384346	2.0972123	387.3051187992096
66	168.1937	98.433426	280.02283	39.459267	178.80612	94.44106	281.3029	2.4358995	287.0	317.2	72599	92.51874	19.148249	139.38197	-51.988316	-93.01666	2.3432217	393.314594745636
67	223.54494	59.59207	281.4612	141.56699	194.09134	105.688995	289.87872	-37.561016	338.66666	318.55	73699	92.7393	19.771574	152.00203	-50.77957	-93.261795	2.5612135	399.0884988307953
68	286.79712	14.428604	301.2257	272.3685	218.6304	95.13614	293.55536	-42.883297	400.0	340.95	74799	93.45026	20.36011	134.75888	-50.085922	-94.01369	2.5024748	405.7771837711334
69	233.26355	51.300716	286.27124	171.11548	238.97856	81.304855	297.49182	-46.998287	370.0	367.8	75899	93.72305	20.351082	153.63342	-42.244324	-94.290596	2.2481637	412.7344813346863
70	249.41684	2.9286423	252.34549	246.4882	199.49637	111.11548	294.00497	-49.504993	400.0	338.8	76999	94.80221	19.569487	135.14987	-35.891304	-95.36043	2.041256	418.91043281555176
71	196.2305	96.223755	289.56464	49.13689	201.03844	99.11166	286.89645	9.449107	343.5	334.1	78099	95.20757	19.310335	138.50998	-37.654125	-95.74409	2.1908526	424.94511675834656
72	133.39159	95.58439	245.05002	23.381401	194.39308	113.42215	287.13403	-18.991215	276.75	326.4	79199	94.73387	19.841948	145.23283	-43.31385	-95.2402	2.2657585	431.7317178249359
73	132.42067	104.17186	260.92752	5.780092	194.57184	117.002625	290.56018	-44.582893	300.0	326.0	80299	93.63196	21.314953	141.54144	-47.345234	-94.12207	2.7495246	437.54610800743103
74	259.51382	18.395485	278.94992	234.82014	241.80879	67.78598	291.07736	-41.705353	400.0	386.15	81399	93.11587	21.844007	143.39122	-48.945786	-93.602615	2.7543318	443.7098636627197
75	191.02614	96.946556	264.596	54.0486	252.84482	28.847822	283.3203	188.26721	315.0	396.6	82499	93.59989	21.913065	152.01367	-49.23083	-94.066414	2.6974823	449.8407745361328
76	214.2102	113.49048	283.26648	17.723175	232.40579	82.41975	292.26187	-33.247242	314.25	367.85	83599	94.077965	21.641382	162.87354	-52.018147	-94.53385	2.3918087	455.83767437934875
77	159.4977	135.40692	293.48734	-25.396132	255.13777	43.6467	299.0574	125.949066	269.75	400.0	84699	94.79405	21.857891	154.46603	-54.07219	-95.274574	2.7215495	461.77588272094727
78	276.84573	2.1424656	278.95526	273.90744	247.85527	81.99099	301.84158	2.2108366	400.0	365.7	85799	96.029526	21.357742	173.55469	-51.41162	-96.552315	2.5906007	467.42166090011597
79	254.2573	9.629211	263.8865	244.62808	258.86603	30.904364	292.53778	169.8877	400.0	400.0	86899	96.89895	20.190004	151.86075	-47.20056	-97.40885	2.475123	473.3291172981262
80	277.5795	5.360296	281.3903	269.99893	270.49582	14.502609	288.7692	241.6743	400.0	400.0	87999	98.403046	18.946497	181.19664	-59.8804	-98.91825	2.2638316	479.81682562828064
81	264.77902	19.475512	290.78473	243.9199	262.2928	25.967306	301.99203	188.45233	400.0	400.0	89099	97.93018	18.747711	140.80334	-31.864468	-98.44618	1.6687928	487.3586206436157
82	256.98495	7.4214625	265.23535	247.24144	249.36197	58.09924	285.17078	10.879318	400.0	382.75	90199	97.20151	18.497204	154.13487	-31.27701	-97.71088	1.6257731	494.4128293991089
83	277.6175	13.464218	291.0817	264.15326	245.02344	58.381527	295.91788	13.630405	400.0	382.8	91299	97.69693	18.155157	164.49297	-26.969744	-98.19548	1.4602582	501.0526502132416
84	270.52066	12.522865	281.23233	252.95096	231.29953	74.747986	297.3079	-23.135881	400.0	374.2	92399	97.93138	17.764791	178.93098	-24.169594	-98.41879	1.4803478	506.9285309314728
85	246.94312	29.362978	274.62436	206.29599	207.62463	119.78915	289.8618	-48.031647	400.0	330.9	93499	98.23544	17.322233	167.61035	-24.9643	-98.6976	1.2481831	513.5103094577789
86	151.20341	124.314415	276.10086	-18.397459	204.41354	119.84789	294.9666	-46.26036	291.0	327.85	94599	99.84093	16.376968	168.98793	-24.145884	-100.320694	1.3870713	519.3181073665619
87	163.80324	111.92149	274.97916	10.8395195	218.96318	88.64009	285.88382	8.178069	276.6	348.8	95699	100.392685	15.212991	233.69241	-122.67699	-100.83687	1.7174708	524.9475309848785
88	276.02972	10.377823	286.40753	265.6519	252.23466	37.488907	292.5498	134.1098	400.0	400.0	96799	100.733444	15.115803	148.27206	-27.005291	-101.15481	1.5658898	531.1140813827515
89	246.80188	32.069263	286.0634	207.51007	265.96207	20.244602	295.48798	208.05879	400.0	400.0	97899	101.070496	14.512062	144.20906	-27.802034	-101.50223	1.49124	537.2164514064789
90	240.14323	42.832596	284.2014	182.11267	237.36128	58.31066	290.1131	102.09657	400.0	394.25	98999	100.58379	14.673886	188.66934	-29.957123	-101.05164	1.4972457	543.1142535209656
91	214.68684	56.96227	286.9113	147.67522	242.86531	47.828873	299.44217	132.8499	400.0	398.95	100099	100.14805	14.953055	182.61136	-3.2387261	-100.61678	1.37894	550.3823416233063
92	240.47284	50.010063	290.4829	190.46278	195.47562	104.98621	295.921	-55.04502	400.0	360.55	101199	100.43233	14.884128	233.06705	-99.17305	-100.906235	1.5624233	556.1875126361847
93	183.65367	86.53719	298.9883	55.32713	216.32983	65.048744	293.12894	4.405104	363.0	389.2	102299	100.19914	15.47343	151.47467	-16.432564	-100.64297	1.3628038	562.0329859256744
94	262.30597	30.712753	293.0187	231.5932	249.26993	53.873016	288.80823	22.29142	400.0	384.5	103399	99.72613	15.897902	152.79251	-17.74213	-100.1381	1.3187296	568.2891566753387
95	238.86717	56.305866	294.13882	161.58952	261.26813	35.041443	289.1421	126.46462	400.0	400.0	104499	99.757675	15.948751	143.3788	-17.611042	-100.18481	1.3300163	574.2347009181976
96	263.7925	16.442585	287.04498	251.99551	252.85666	31.356295	286.77267	134.5363	400.0	400.0	105599	99.924644	15.790775	156.71873	-16.019022	-100.35953	1.175771	580.7435092926025
97	267.3948	7.1907043	274.8409	257.67377	251.12479	48.281963	293.72916	68.58315	400.0	400.0	106699	99.2797	15.913329	155.84175	-16.508217	-99.711655	1.1673	587.5389807224274
98	241.79947	10.38932	252.18878	231.41014	260.5821	15.6284485	281.72836	231.91966	400.0	400.0	107799	99.337395	15.927997	161.72131	-17.162119	-99.79746	1.1261342	593.3356924057007
99	267.9579	4.616426	272.0245	261.50143	268.80685	14.513023	300.6858	243.68799	400.0	400.0	108899	99.4545	15.545219	150.13673	-19.351284	-99.8951	1.0800276	599.0736050605774
100	227.61153	64.34512	280.86465	137.08255	263.73627	24.922827	300.26648	199.95674	400.0	400.0	109999	99.50416	14.731642	157.31746	9.829359	-99.937126	1.210874	605.1191844940186
101	258.2294	13.89624	271.0546	238.92131	277.0146	16.640745	299.69382	224.0404	400.0	400.0	111099	99.70993	13.934727	153.83167	9.816412	-100.13055	1.206254	612.3644866943359
102	290.344	2.774765	293.11877	287.56924	259.1325	27.645376	286.28653	167.61055	400.0	400.0	112199	99.98065	13.482834	150.59921	18.536112	-100.39378	1.0198077	619.4478259086609
103	262.54437	22.098541	292.68597	240.32295	202.00491	73.15263	270.9035	61.05718	400.0	400.0	113299	99.931854	12.996172	136.13165	22.51315	-100.367035	0.89663154	625.3097636699677
104	204.9087	70.811066	271.35046	106.8	242.95334	35.348938	295.00568	169.06085	400.0	400.0	114399	100.0268	12.56922	148.40617	21.692287	-100.48306	0.9916737	631.2939829826355
105	250.8856	13.939189	267.1484	233.10576	261.28214	36.523018	296.9667	181.40616	400.0	400.0	115499	99.96629	12.086905	143.47432	23.49641	-100.43779	0.8987362	636.9885795116425
106	226.94427	47.75982	274.7041	179.18446	255.7789	29.412687	298.72943	203.18083	400.0	400.0	116599	100.03956	11.752005	169.17453	24.604708	-100.4877	0.98414814	642.9064381122589
107	266.14206	25.364357	297.479	235.35661	263.75232	30.452557	293.0116	160.69162	400.0	400.0	117699	100.42975	10.522995	149.24953	18.598328	-100.86151	1.1334548	648.7893385887146
108	268.03354	13.949327	280.38736	248.53697	231.0936	79.02828	298.18323	26.854435	400.0	370.85	118799	101.05193	9.620429	143.41095	41.32353	-101.507355	0.9660173	654.6220154762268
109	249.8263	48.20889	285.86935	181.68672	256.42606	55.237625	297.0253	33.923557	400.0	384.75	119899	101.70104	8.84684	143.81122	47.25978	-102.15582	1.0429449	660.6188941001892
110	262.74637	19.82032	282.56668	242.92604	219.57486	72.345055	283.3692	66.69427	400.0	369.7	120999	102.03896	8.160082	135.81354	42.40908	-102.509895	0.8126174	667.1211111545563
111	250.07513	33.87849	277.49066	202.33916	217.12936	86.12258	285.4545	-42.830967	400.0	376.15	122099	102.97777	7.7389293	144.15204	28.046377	-103.393936	0.8440845	673.2097759246826
112	197.84767	23.969164	225.12373	166.77997	235.99944	47.345055	277.5685	71.25112	400.0	386.65	123199	102.8908	7.6533113	155.1065	30.912584	-103.3032	0.79440194	678.8410716056824
113	266.32895	11.400093	276.52142	250.41473	221.73196	67.08833	292.66064	42.20108	400.0	387.55	124299	102.973694	7.619015	138.45128	55.720024	-103.37588	0.6326333	684.5187799930573
114	199.48714	96.86443	290.91107	65.427414	237.30771	34.50223	291.91754	137.86018	317.33334	400.0	125399	102.84629	7.181606	134.8761	34.671318	-103.19786	0.75494474	690.7871310710907
115	240.70891	65.9946	288.8319	147.3938	233.74763	50.321114	291.39514	119.253075	400.0	400.0	126499	101.8629	7.4836125	144.46681	36.484524	-102.19313	0.95785135	696.7598960399628
116	232.76947	1.7894365	234.5589	230.98003	228.92354	80.85805	286.52472	-38.74646	400.0	390.8	127599	101.12801	7.116237	135.85146	35.215008	-101.50577	0.81601983	703.6263868808746
117	274.74008	11.270371	286.58777	259.58282	209.24826	90.115395	289.6854	-12.003833	400.0	391.9	128699	101.15782	6.870745	143.97487	34.05974	-101.53626	0.7180811	709.3079979419708
118	256.58377	13.507921	266.68176	237.49133	235.14957	69.9819	297.36807	25.720566	400.0	377.35	129799	101.64528	6.2775993	136.28258	31.406796	-102.008766	0.56473213	715.1391124725342
119	267.9559	29.691517	293.94693	226.3994	206.8898	47.106243	267.29858	83.04034	400.0	390.45	130899	101.58801	6.2107644	143.82088	25.529741	-101.93153	0.56333303	721.5417354106903
120	253.2723	33.42723	286.69952	219.84506	157.02469	107.90705	292.13663	-12.155489	400.0	319.25	131999	101.82555	6.4791	139.17757	24.991335	-102.15108	0.55290425	728.14635014534
121	118.49241	90.59518	268.87167	46.283348	171.22551	82.82845	293.91226	11.401436	233.66667	332.85	133099	101.87332	6.8531585	160.32286	15.714504	-102.20776	0.826071	735.1078372001648
122	143.16277	77.60651	247.61575	67.43463	207.09697	88.180824	301.0485	8.976501	284.5	344.7	134199	101.54984	7.6736255	143.4767	12.703348	-101.96233	1.8727149	741.4502561092377
123	203.59526	90.31315	271.70386	75.96955	253.16702	25.998716	288.2004	185.39653	319.0	400.0	135299	101.324455	8.761973	168.32869	-16.815475	-101.72402	1.804832	749.4342312812805
124	236.01125	10.166007	250.19946	226.90652	249.00272	55.324997	288.7981	103.0951	400.0	400.0	136399	100.85128	9.375343	131.98486	-20.202024	-101.22099	1.2592436	755.7901680469513
125	269.15512	12.930725	282.08585	256.2244	229.50916	104.15391	293.7489	-79.5223	400.0	398.8	137499	100.459076	9.991707	144.76765	-21.633139	-100.81276	1.0745986	762.1995105743408
126	207.24658	53.926617	279.206	149.39218	273.26587	20.95605	290.73285	205.43498	400.0	400.0	138599	100.42935	10.544361	148.20366	-21.873789	-100.7923	1.02895	768.5847454071045
127	280.27966	11.019365	295.1415	268.7887	255.76201	43.239998	298.5351	145.00131	400.0	400.0	139699	100.45294	11.085577	156.78587	-21.86493	-100.8625	1.020773	776.899560213089
128	200.8431	98.84904	283.29083	61.85176	252.89865	42.67414	303.78067	136.40182	400.0	400.0	140799	100.371	12.1778	137.3739	-18.168154	-100.79658	1.0053828	784.7920658588409
129	192.12733	84.122955	284.39966	80.95756	233.22124	50.417614	300.8543	90.93648	357.33334	400.0	141899	100.41389	13.156222	138.17282	-15.800241	-100.85967	0.82221055	791.2021069526672
130	251.03035	33.372654	290.1213	208.58238	255.08737	31.690105	288.00272	165.85431	400.0	400.0	142999	100.40225	14.28394	157.82954	-14.308235	-100.86355	0.99078745	799.1770021915436
131	276.62677	10.321594	286.94836	266.30518	251.67363	33.851906	295.5009	173.22241	400.0	400.0	144099	100.49152	14.846749	141.25854	-13.397627	-100.942345	0.8810394	805.7732751369476
132	247.882	42.90248	297.89288	193.12563	267.77988	29.360136	298.65628	178.82323	400.0	400.0	145199	101.12465	15.141148	152.55887	-10.58671	-101.59409	1.0415508	812.0418963432312
133	195.48486	114.164734	292.18198	1.9826885	256.8244	76.645	301.8979	2.5590875	328.5	384.25	146299	101.05522	15.015722	142.98927	-11.019739	-101.54169	1.1149879	818.2425863742828
134	222.57137	54.02867	276.60004	168.5427	256.58035	59.834637	298.6396	19.442347	400.0	383.7	147399	100.8047	15.19246	140.72914	-11.627658	-101.29473	1.1954565	825.7921938896179
135	225.74113	27.842842	261.49973	193.585	229.17331	70.087746	288.7834	-3.3773139	400.0	384.3	148499	101.15395	14.670372	151.29576	-12.794581	-101.59132	1.1650401	832.3125035762787
136	275.298	20.591257	292.6069	246.363	246.0446	63.44948	292.25488	3.5392306	400.0	384.0	149599	101.71798	12.908168	146.23811	-12.213128	-102.11138	0.82498175	838.2550764083862
137	284.6587	6.9876776	291.9101	275.21884	231.2109	64.18901	291.08505	4.872666	400.0	384.15	150699	101.900154	12.773621	148.97322	-12.458997	-102.25062	0.75555056	845.9502940177917
138	210.71893	43.36705	254.08598	167.35188	269.5121	24.03413	294.24768	221.05354	400.0	400.0	151799	101.59131	12.871159	149.02055	-16.383064	-101.93923	0.77963436	852.0201470851898
139	268.2501	15.128575	288.94287	253.19547	236.31943	56.456287	297.04453	137.07182	400.0	400.0	152899	101.37921	13.107303	147.00932	-18.29479	-101.76533	0.6940478	858.3728923797607
140	179.65651	50.304966	250.79762	143.78198	184.85886	95.78095	295.87677	-8.312005	400.0	384.2	153999	100.941505	13.418671	178.7836	-21.212814	-101.32704	0.65405697	865.5646080970764
141	147.93056	98.62568	269.78946	28.235956	260.71188	66.514015	300.5638	-8.699094	295.66666	384.0	155099	99.78893	13.790284	149.1074	-24.246397	-100.13203	0.796238	871.3728795051575
142	237.76762	28.063	276.58157	211.1909	265.14456	37.653713	299.53473	175.7159	400.0	400.0	156199	99.14614	12.941323	150.45798	-26.281511	-99.46703	0.68582207	877.4657480716705
143	268.41248	17.597717	293.2388	254.4961	266.96896	32.712936	303.67075	184.00555	400.0	400.0	157299	98.69034	12.235077	147.91533	-26.132107	-98.99596	0.5928816	884.640988111496
144	283.85605	14.727679	297.93164	263.52295	288.038	15.751375	304.36368	240.12837	400.0	400.0	158399	98.05995	11.711843	134.75902	-27.279978	-98.341194	0.5320059	891.868818283081
145	302.1588	1.3466492	303.50546	300.81216	234.92802	85.90532	301.3954	36.030937	400.0	369.15	159499	97.67807	12.022439	147.24275	-28.649	-97.968765	0.580986	897.862313747406
146	266.188	27.657398	299.04147	231.37962	271.3077	37.356987	301.7497	149.43114	400.0	400.0	160599	97.304146	12.267532	139.16081	-28.722158	-97.59983	0.5505391	905.3606367111206
147	218.76018	103.776855	301.82422	72.443954	259.30786	55.580055	302.49625	42.689037	312.0	393.2	161699	97.21903	11.963569	153.17995	-28.840345	-97.51192	0.83594483	911.561427116394
148	193.21703	83.32914	270.67282	77.57313	265.80878	69.282234	303.10654	56.31552	400.0	375.7	162799	97.064064	11.629027	153.05386	-4.7301984	-97.3646	1.0003654	917.5299780368805
149	223.73332	101.23909	298.2981	49.248734	284.70602	18.502151	303.3014	235.23883	328.75	400.0	163899	96.85585	12.894104	150.03784	-13.745424	-97.178246	1.1779515	923.3774063587189
150	246.52945	12.802177	259.33163	233.72728	280.1682	16.373798	301.1347	241.71521	400.0	400.0	164999	96.46721	12.949693	143.21918	-2.8694258	-96.8086	1.3211044	929.1993327140808
151	292.0387	7.9045014	302.67975	283.75208	263.8686	62.732582	300.5082	22.690989	400.0	388.5	166099	96.61553	13.019473	146.19768	-2.9620447	-96.937935	1.2069633	935.2725703716278
152	286.7394	7.944741	292.57547	275.50674	259.52805	39.884457	303.24448	171.95366	400.0	400.0	167199	96.75428	13.134732	155.31886	-3.7309728	-97.06239	1.1636755	941.3993217945099
153	225.62947	98.083	295.31183	86.919655	278.6365	31.408968	303.33548	186.04073	329.66666	400.0	168299	97.0231	13.015674	163.12923	-3.2578232	-97.32601	1.100606	948.6011140346527
154	303.29	0.18285002	303.54843	303.15277	281.66235	17.541248	304.1024	231.0631	400.0	400.0	169399	98.56804	12.083798	130.91856	-15.73924	-98.87176	1.3087851	954.9831926822662
155	258.59393	18.035326	283.9051	243.21461	258.38528	52.285038	302.7358	54.30129	400.0	386.05	170499	99.45515	10.874026	142.63367	-16.601162	-99.74933	1.1662753	961.5887227058411
156	291.37732	6.541855	297.91916	284.83545	278.90787	20.834146	301.60602	231.1496	400.0	400.0	171599	99.37407	10.678131	155.15372	-22.098583	-99.67754	0.9270205	967.8548851013184
157	246.37082	80.96056	302.10852	106.724335	271.14398	24.85535	301.17245	207.43646	367.0	400.0	172699	99.61607	10.525051	136.71007	-25.484123	-99.938675	0.98560834	973.6652753353119
158	276.39468	0.56173706	276.95642	275.83295	278.24506	23.282053	302.16913	199.90407	400.0	400.0	173799	99.75509	11.4242325	166.6663	-88.28827	-100.12378	1.6758547	979.7730031013489
159	264.2194	35.204994	290.3691	214.45349	280.52728	19.120485	301.32745	235.52994	400.0	400.0	174899	99.73323	11.070982	160.95473	-71.54592	-100.126816	1.5622172	985.6435868740082
160	297.15988	1.7670825	298.95694	294.75742	284.473	15.701444	301.89706	240.40689	400.0	400.0	175999	99.82678	11.014232	130.51106	-61.309345	-100.22259	1.2252285	991.8943531513214
161	266.70862	16.896057	289.6013	249.33276	279.8775	21.585962	302.3097	242.37138	400.0	400.0	177099	100.047554	10.805484	131.14442	-50.862892	-100.387695	0.96520156	999.1203820705414
162	274.7469	26.985565	301.73245	247.76132	281.5151	16.298239	301.7939	238.67552	400.0	400.0	178199	99.864876	9.937142	156.08199	-44.98948	-100.17329	1.0756229	1005.3708348274231
163	287.29935	6.7211394	296.7787	281.95374	261.08237	57.18393	302.71667	47.32826	400.0	388.5	179299	99.72178	9.155633	129.05429	-28.52235	-100.02347	0.6801445	1012.5584421157837
164	206.85744	110.05703	294.82004	51.674698	271.80368	59.336308	303.2419	26.449629	313.0	387.1	180399	99.93469	9.016946	131.33339	-17.415989	-100.2455	0.7246864	1018.2912669181824
165	285.213	21.638803	302.33685	254.68665	270.3702	47.292767	300.21207	83.601814	400.0	389.2	181499	100.4053	9.243384	157.0681	-16.652695	-100.72409	0.9328818	1024.507309436798
166	257.83817	30.758318	298.83292	224.74379	259.9731	39.83352	301.1639	186.87022	400.0	400.0	182599	100.8536	9.200208	145.39316	-13.466214	-101.16658	0.7532657	1030.6558504104614
167	283.67477	12.2390585	300.55273	271.9128	258.90778	43.0153	303.76376	175.90685	400.0	400.0	183699	100.839935	9.1055	127.279854	-10.490319	-101.11994	0.6333605	1036.4722735881805
168	238.92992	17.562485	256.4924	221.36743	264.49435	27.767021	301.4317	204.35469	400.0	400.0	184799	100.18858	8.957116	147.93608	-10.958442	-100.46182	0.42646506	1042.6288306713104
169	231.71375	78.8842	303.17017	121.79281	262.55975	42.302315	303.82745	161.17773	400.0	400.0	185899	100.05813	9.155514	134.87662	-10.71863	-100.33604	0.32508227	1049.2044615745544
170	239.17395	45.82792	292.01062	180.25159	260.62872	41.359295	304.07156	182.00807	400.0	400.0	186999	99.65182	9.264315	142.47543	-10.684955	-99.91112	0.34074903	1055.5275540351868
171	274.45175	21.315847	302.71912	251.24808	279.29913	47.779285	304.088	75.94418	400.0	400.0	188099	98.91909	9.080488	125.64953	-9.342601	-99.16443	0.31310138	1062.0645384788513
172	300.6223	1.7351837	302.3575	298.88715	250.93376	56.703472	304.2748	99.9202	400.0	400.0	189199	98.85654	8.495455	150.1671	9.847111	-99.10116	0.29472056	1068.5458397865295
173	269.06332	43.662716	303.77585	207.48117	264.53052	39.639942	303.4073	162.12584	400.0	400.0	190299	99.03245	8.348732	131.31728	7.5593185	-99.288765	0.25948653	1074.5900926589966
174	239.01265	59.817356	287.32532	154.71823	243.45132	58.307125	303.35934	146.48354	400.0	400.0	191399	99.1173	8.191642	132.69551	6.1786494	-99.37073	0.31502724	1080.9565098285675
175	248.94255	40.679043	282.93475	191.75223	276.01837	18.214241	302.6033	247.56065	400.0	400.0	192499	98.53355	8.2303705	146.91183	3.7992082	-98.78858	0.2803236	1087.7231333255768
176	279.7586	17.209152	296.96777	262.54947	282.82416	17.91427	304.16263	244.38518	400.0	400.0	193599	98.8816	8.476622	128.75858	3.5303602	-99.14889	0.2770794	1095.0854411125183
177	288.9375	6.855018	294.06918	279.24872	268.67123	67.04154	303.91415	-4.079732	400.0	400.0	194699	98.94067	8.518296	141.82565	1.8769875	-99.20502	0.23842768	1101.8601520061493
178	278.08304	18.241682	300.0004	255.34045	233.41116	164.1278	304.1213	-336.48227	400.0	390.05	195799	98.52912	7.9774218	122.227036	41.022537	-98.77118	0.23533475	1108.217444896698
179	288.121	9.854523	300.73822	276.6868	234.55046	146.89719	304.05795	-232.61449	400.0	400.0	196899	97.916016	7.8197684	124.479965	29.68591	-98.16163	0.21651816	1115.6997818946838
180	168.15834	173.04378	300.20175	-76.29997	266.28058	70.94238	304.29852	-19.30634	310.33334	400.0	197999	97.41372	7.6782756	125.33224	34.53775	-97.62345	0.41425624	1121.4499917030334
181	298.90222	1.1673954	300.54486	297.93765	244.59488	108.134865	304.56296	-72.73735	400.0	400.0	199099	97.00101	7.4507546	144.16656	24.445189	-97.21321	0.96338266	1128.7749180793762
182	271.82968	22.068306	294.9989	242.1369	167.87985	178.70999	302.41763	-332.8646	400.0	394.85	200199	97.16018	6.967474	121.62615	21.269337	-97.377815	0.6834437	1134.7514765262604
183	128.60121	112.51385	291.75974	10.207973	130.18507	178.02507	303.15387	-192.30766	251.0	347.15	201299	97.29334	6.6431546	133.5791	43.46341	-97.52525	0.8707439	1140.4761953353882
184	265.80203	35.584595	293.11093	215.54073	193.5722	146.95837	303.77176	-162.75896	400.0	307.85	202399	97.12726	6.539122	121.877556	41.96376	-97.35014	1.022516	1145.7879354953766
185	130.374	143.98439	290.73782	-33.52763	243.13094	68.063995	303.45587	113.44064	242.75	383.6	203499	96.275696	7.4523	127.112404	17.032269	-96.50118	1.017642	1151.7502889633179
186	268.68655	29.293703	299.06052	229.10185	210.42313	118.340294	303.3526	-42.14495	400.0	319.7	204599	95.36624	8.503482	115.57935	10.981058	-95.578674	1.0058808	1157.3220570087433
187	277.76184	10.055008	287.81683	267.70682	189.36942	118.50187	303.92377	-40.73154	400.0	306.55	205699	94.66697	9.008985	131.63066	8.977261	-94.896545	0.84587437	1162.8679292201996
188	68.52488	96.369606	242.57468	-33.696255	205.66397	112.08806	303.19965	-48.081997	204.83333	340.8	206799	93.315605	11.081512	137.95482	-29.124626	-93.556435	1.1775184	1168.6540305614471
189	140.72403	130.19107	287.6068	10.8237505	222.25076	82.22756	302.9688	38.549686	255.5	345.9	207899	92.42663	12.735001	123.72732	-28.921307	-92.6939	1.1236074	1174.127860069275
190	271.0231	28.708237	298.68365	231.45541	250.2011	65.3522	302.7463	5.1788898	400.0	382.75	208999	91.85219	13.740742	139.99568	-28.80368	-92.139114	1.2054003	1180.0838012695312
191	290.00745	8.211882	301.44412	282.54144	259.80927	69.04559	299.25162	57.63592	400.0	400.0	210099	91.4143	14.364778	125.67511	-25.964201	-91.717674	1.1021198	1186.5032126903534
192	282.89697	18.12312	300.87167	258.08704	232.85574	85.490616	300.81598	20.09221	400.0	365.85	211199	91.26514	14.848651	126.91923	-23.580688	-91.5783	1.1211925	1192.34774184227
193	282.32794	14.019791	296.34775	268.30817	188.88493	122.8807	302.01666	-30.998106	400.0	328.05	212299	91.309456	15.115994	129.84409	-21.180603	-91.62063	1.2353354	1198.2209401130676
194	294.89038	4.7025414	301.16492	289.84433	172.95882	133.11195	303.10718	-11.444312	400.0	276.0	213399	91.582924	14.861274	130.18898	-21.615503	-91.92227	1.137858	1204.610425233841
195	242.36696	57.788677	298.12772	162.74347	189.91191	98.08891	302.74014	-1.2978997	400.0	376.75	214499	91.61346	14.321256	119.57876	-20.649101	-91.98264	0.9233764	1210.4944474697113
196	237.53748	82.69177	300.69046	120.722084	77.90462	127.653915	284.71704	-124.88975	400.0	349.55	215599	91.47193	14.298522	131.36504	-18.670187	-91.85555	1.0695823	1216.2722582817078
197	40.937134	34.951298	90.50073	-6.213229	31.144474	117.72776	297.99182	-124.21606	263.0	231.15	216699	90.3317	15.377968	196.97273	-16.881989	-90.67666	1.2518046	1222.25053358078
198	183.68132	113.34419	273.95633	23.834715	164.32562	114.96196	296.82837	-15.273315	293.33334	310.95	217799	89.94185	16.410315	125.31339	-14.338562	-90.311424	1.173766	1229.0327882766724
199	163.1706	123.09295	268.2065	-37.26786	184.59744	96.268425	289.90524	3.8929367	298.0	351.95	218899	89.89196	16.39513	139.68987	-17.949755	-90.23823	1.4275961	1236.331774711609
200	199.9521	56.535007	271.0549	132.73677	207.43257	93.97286	293.38678	18.399529	400.0	353.1	219999	88.91324	17.010098	137.55864	-21.894213	-89.26006	1.3966265	1244.3893101215363
201	286.51703	1.3861847	287.90323	285.13086	163.26213	125.298386	296.95633	-68.37874	400.0	310.85	221099	88.79779	17.061386	131.5561	-24.767859	-89.15527	1.3026664	1252.1375002861023
202	206.52112	96.03845	293.1468	72.61538	235.3619	79.42372	297.60458	9.558808	400.0	377.55	222199	89.48559	16.254442	125.99172	-26.279558	-89.841415	1.2401929	1259.5156807899475
203	177.84003	128.25471	281.34863	-2.904136	223.43623	102.47905	301.80698	5.363446	360.66666	358.1	223299	89.74238	16.644897	135.83093	-27.340935	-90.09871	1.2916918	1265.9276497364044
204	275.67627	8.561104	285.98083	265.01938	214.19868	105.93269	303.08435	1.9937096	400.0	331.55	224399	89.80697	17.093388	135.41849	-23.105621	-90.18348	1.1274414	1273.428350687027
205	214.94305	104.52616	291.1955	67.14571	257.36307	71.043495	302.8336	6.862147	316.33334	378.3	225499	89.8318	17.172039	139.16937	-21.90607	-90.219406	1.1408297	1281.1797342300415
206	202.831	88.33589	281.51215	79.45589	236.00613	95.12526	303.86673	-0.66420656	369.33334	352.55	226599	89.56821	17.714678	137.15341	-22.259193	-89.962456	1.1944122	1287.0264925956726
207	280.91577	6.53754	287.4021	271.96692	237.62277	87.787605	303.12393	0.58485746	400.0	360.45	227699	89.65241	18.004139	164.6549	-23.427383	-90.05216	1.1020714	1293.3206284046173
208	277.00623	26.671606	297.73428	239.35075	192.35294	109.70514	303.81522	-30.747065	400.0	315.6	228799	89.73152	18.31872	126.78578	-27.014128	-90.1381	1.0986197	1299.159096956253
209	290.3284	13.78462	303.25424	271.2276	222.36043	87.25653	301.72366	10.985652	400.0	352.6	229899	90.39721	18.593897	182.18658	-32.34924	-90.83259	1.2378161	1305.1713299751282
210	220.51991	67.92159	282.94504	126.08281	252.70535	67.687325	303.9992	82.6787	346.0	380.0	230999	91.195694	18.83884	127.33468	-32.691612	-91.64611	1.2082056	1311.3855426311493
211	259.81558	17.641308	276.06653	235.29642	205.56473	118.877975	298.4566	-35.078075	400.0	343.85	232099	93.57987	17.246294	130.53217	-31.86692	-94.02105	1.0793548	1317.172693490982
212	296.98676	1.2591095	298.24585	295.72763	283.91266	14.104481	303.62836	259.62686	400.0	400.0	233199	94.97248	16.444895	125.293526	-31.577446	-95.38503	1.0126119	1324.0820260047913
213	273.51083	21.504196	302.77213	251.70538	282.0234	14.519916	300.34363	258.55594	400.0	400.0	234299	96.47902	15.145627	113.84877	-28.045782	-96.83861	0.7557188	1330.1077330112457
214	287.8801	12.625567	300.57724	270.6598	286.68256	13.254572	300.90045	253.75002	400.0	400.0	235399	97.716866	14.377107	133.63728	-27.697233	-98.06546	0.82534444	1336.6632702350616
215	285.4189	9.475621	294.29965	272.28772	276.83832	25.779394	302.23273	199.43988	400.0	400.0	236499	98.37488	14.020859	209.39726	-36.704884	-98.720215	1.0007023	1343.2222764492035
216	264.21204	9.138893	273.35092	255.07314	274.64948	19.876822	301.59576	240.6288	400.0	400.0	237599	98.92618	13.425932	118.811966	-25.115108	-99.271034	0.7008276	1349.7180070877075
217	275.24405	13.71148	294.5465	263.99014	258.31024	70.59274	303.1231	-5.3741164	400.0	383.05	238699	99.82398	10.503937	127.89077	-21.899036	-100.13293	0.7018662	1356.1824927330017
218	268.18802	22.548159	296.87393	241.78404	272.67828	23.652718	303.38412	191.49771	400.0	400.0	239799	99.911545	10.534423	129.35872	-19.406822	-100.1905	0.6344957	1363.8318827152252
219	280.1721	12.422254	292.50113	263.16946	275.1723	36.584274	303.27548	176.37302	400.0	400.0	240899	99.95023	9.901293	136.1614	-19.732927	-100.1945	0.5747588	1369.9071531295776
220	301.1818	1.0272217	302.209	300.15457	263.8252	74.23658	302.78705	-41.95926	400.0	384.1	241999	100.36285	7.482159	125.128136	-0.047433734	-100.59595	0.38312873	1377.2450015544891
221	275.64877	2.6829684	279.34418	273.05582	282.71484	23.580288	302.84998	227.36963	400.0	400.0	243099	100.002045	7.3844843	130.61856	-0.33405006	-100.24279	0.6366634	1383.6738510131836
222	288.4702	6.5432034	295.36926	279.68002	252.50078	73.833305	302.31458	-15.901752	400.0	384.85	244199	99.78081	7.111491	128.8551	3.3201153	-100.04672	0.511631	1389.8041186332703
223	284.24222	11.308678	300.16922	275.02292	271.67206	34.541817	303.26184	156.7929	400.0	400.0	245299	99.67764	6.967437	138.02182	5.5254755	-99.93653	0.64454526	1396.4711165428162
224	278.76324	1.7681427	280.5314	276.99512	281.20197	29.122293	302.24994	172.65247	400.0	400.0	246399	99.55699	6.7094626	135.9383	39.38406	-99.79436	0.56197983	1402.76833152771
225	291.9154	12.899741	302.5007	273.7554	279.97107	26.227219	302.54956	211.30046	400.0	400.0	247499	99.38396	6.594587	137.93246	41.207344	-99.60422	0.4851295	1410.3248550891876
226	282.0796	23.769632	301.19882	248.57558	224.05318	146.67834	302.82874	-322.7767	400.0	381.1	248599	99.054085	6.5995927	132.64862	29.27033	-99.25806	0.48226994	1416.5433707237244
227	286.98224	17.083158	299.74463	262.83612	268.58316	61.434914	301.28903	11.641027	400.0	385.25	249699	98.35944	6.474482	179.96811	-23.599226	-98.53976	0.44554362	1423.850422859192
228	253.34415	33.96881	287.31296	219.37534	253.07858	83.25999	302.43256	8.077089	400.0	368.2	250799	97.71886	6.2864466	126.037865	46.439095	-97.89857	0.32691872	1429.8182623386383
229	234.06787	81.65307	301.78995	119.20604	284.58707	13.6096325	301.65387	256.95612	400.0	400.0	251899	97.266335	6.6576977	132.33533	23.28056	-97.46074	0.3594776	1437.0665843486786
230	281.35278	9.608314	292.03488	268.73856	277.5602	31.584002	299.9515	165.00125	400.0	400.0	252999	96.84699	7.477994	120.71497	22.92829	-97.06055	0.29439142	1444.7322361469269
231	289.2353	4.7816734	293.8695	282.65326	280.6242	20.25144	301.54147	236.271	400.0	400.0	254099	96.730064	7.436316	140.35527	19.271015	-96.92483	0.33586654	1450.9539756774902
232	279.6596	14.951065	294.6107	264.70856	271.52597	18.59862	296.36676	232.23364	400.0	400.0	255199	96.488144	7.507485	129.00981	16.783241	-96.688354	0.32445502	1457.061690568924
233	253.057	37.70165	290.96167	201.63086	282.24615	20.553953	302.77747	230.658	400.0	400.0	256299	96.37849	7.5654893	129.43428	12.744476	-96.58523	0.34508654	1464.4663090705872
234	246.01918	33.679035	283.02747	201.54956	285.8074	18.569344	302.2112	238.8345	400.0	400.0	257399	96.44215	7.921661	117.66615	16.129833	-96.67943	0.30218187	1470.6484742164612
235	293.911	5.2030387	300.7008	288.0602	255.58488	62.250782	302.97195	36.189186	400.0	387.1	258499	96.46912	7.9839005	128.26247	16.294645	-96.71446	0.30755952	1476.91774559021
236	299.4287	2.2862854	301.715	297.14243	280.42117	27.089037	302.79517	209.08232	400.0	400.0	259599	96.415794	7.8853564	134.82445	-4.7585206	-96.6648	0.2963568	1484.165870666504
237	283.46326	26.8502	303.20508	245.50151	276.0269	33.22305	302.23114	152.67436	400.0	400.0	260699	96.248474	7.910689	118.45455	9.715711	-96.48792	0.3196025	1491.5124897956848
238	290.06796	5.838194	298.0944	284.37875	259.28467	65.17702	302.05988	60.44255	400.0	400.0	261799	96.4294	8.012251	137.78815	17.339895	-96.66738	0.30444118	1497.7759988307953
239	282.1629	15.760544	300.09546	261.73322	285.06772	30.220371	303.10498	184.926	400.0	400.0	262899	96.57061	8.135892	125.93366	-4.408282	-96.82157	0.36317623	1505.1011371612549
240	248.02054	13.780144	261.8007	234.2404	284.3033	33.73399	303.73944	149.57446	400.0	400.0	263999	96.77421	8.153293	122.81543	-20.72326	-97.04375	0.47671574	1512.3320248126984
241	302.8256	0.44860932	303.26752	302.21042	284.87286	20.66381	303.58087	233.73755	400.0	400.0	265099	96.884865	8.198622	140.6746	1.4273877	-97.14312	0.42660284	1517.9479529857635
242	295.25024	7.5354247	301.65063	284.67102	291.6061	13.29686	303.89688	264.7406	400.0	400.0	266199	97.00836	7.8130975	123.94298	17.532831	-97.24952	0.38511556	1524.089894771576
243	292.6709	7.2670236	302.70303	285.72308	277.4782	28.504845	303.96698	186.49379	400.0	400.0	267299	97.21984	6.098953	123.692986	16.52374	-97.447075	0.39724207	1530.5142304897308
244	280.6763	17.574463	298.25076	263.10184	282.13165	15.686911	303.17422	243.00172	400.0	400.0	268399	97.50473	4.84706	124.339355	38.125153	-97.71929	0.37469545	1536.4434521198273
245	236.75224	40.7423	267.5487	179.18074	262.2386	84.1366	303.70914	10.901055	400.0	367.05	269499	97.413765	5.530248	135.55449	21.738924	-97.632515	0.3922311	1542.5363321304321
246	282.97415	21.96064	303.08606	252.42337	273.62653	31.943888	302.82077	196.48418	400.0	400.0	270599	97.30935	5.847179	194.34789	-168.60478	-97.516365	0.5623125	1548.8924899101257
247	284.64487	20.478622	300.61597	255.73677	280.8935	26.06123	303.28146	213.58629	400.0	400.0	271699	97.26745	5.769772	118.95145	27.391521	-97.46728	0.28993136	1555.2261035442352
248	297.56198	5.3356323	302.8976	292.22635	279.67572	21.515156	302.69525	218.11682	400.0	400.0	272799	96.96107	5.6966925	116.90436	11.954481	-97.15259	0.31759873	1562.2609977722168
249	287.4669	20.727377	302.93848	258.16937	285.76825	19.643297	303.3156	232.30743	400.0	400.0	273899	96.69276	5.6689577	121.25421	-9.250813	-96.89109	0.3458566	1569.123816728592
250	288.1349	2.6991773	290.16666	284.32037	282.36212	19.16321	303.67935	238.55107	400.0	400.0	274999	96.51862	5.7986817	132.0317	-1.1848332	-96.72713	0.2917898	1575.6726784706116
