Epoch	AverageEpRet	StdEpRet	MaxEpRet	MinEpRet	AverageTestEpRet	StdTestEpRet	MaxTestEpRet	MinTestEpRet	EpLen	TestEpLen	TotalEnvInteracts	AverageQVals	StdQVals	MaxQVals	MinQVals	LossPi	LossQ	Time
1	-52.878014	1.7588902	-51.11912	-54.6369	-173.77658	5.9323964	-158.23807	-179.68246	400.0	400.0	1099	-0.121668145	0.19224389	0.68308026	-0.41484702	0.12797005	0.032758392	3.139436960220337
2	-1.9894053	62.57635	85.83978	-55.29683	187.99065	108.55452	340.91913	42.627197	400.0	400.0	2199	-0.14103018	0.64561695	3.2914758	-1.5301619	0.11301483	0.021469718	14.204358577728271
3	10.323771	47.095562	61.90941	-51.954376	185.92189	101.64186	321.86697	42.872086	400.0	400.0	3299	0.31959713	1.4691327	6.2209697	-1.600219	-0.5067784	0.0017590215	24.34940195083618
4	-5.264415	43.214626	51.879345	-52.60326	220.16174	102.47061	334.92264	45.474	400.0	400.0	4399	1.1560031	2.182055	9.18549	-1.4040287	-1.3525037	0.0020415925	34.702054023742676
5	61.785915	59.995136	121.78105	1.7907805	215.14563	116.93165	325.78998	39.584816	400.0	400.0	5499	2.3799977	2.9186733	12.326182	-1.2448497	-2.5826015	0.0036063606	44.920207500457764
6	53.68262	69.54741	143.04016	-26.586676	241.65836	71.2532	326.3932	67.44412	400.0	400.0	6599	4.0874324	3.963213	15.265728	-1.0984656	-4.2982597	0.0053706584	55.39825105667114
7	32.319824	63.226944	99.25978	-52.48972	249.07849	54.213043	316.8868	118.96272	400.0	400.0	7699	5.147261	4.792821	18.058168	-0.9221447	-5.3648295	0.007893099	65.82974481582642
8	3.7612598	66.65203	95.38943	-61.20874	225.37686	76.01273	320.6464	42.125153	400.0	400.0	8799	6.4856334	5.629187	20.828386	-1.0684083	-6.7103667	0.01020988	77.03215336799622
9	1.8831949	23.449627	25.332823	-21.566433	255.71721	74.79042	314.35477	46.288887	400.0	400.0	9899	7.2777095	6.1603475	23.350094	-0.9756553	-7.509975	0.015212794	87.61964988708496
10	38.633175	41.578377	94.497375	-5.1902885	243.56143	80.50416	318.3985	50.402466	400.0	400.0	10999	8.365108	6.611137	25.717373	-0.7937313	-8.604748	0.016126422	98.2525486946106
11	64.26886	74.841446	157.76044	-25.446173	240.25298	80.01102	319.3662	41.31474	400.0	400.0	12099	9.758861	7.30114	27.878773	-0.60358524	-10.008808	0.020203108	108.86282777786255
12	14.517268	42.208416	69.76001	-32.687397	239.58353	77.071236	322.01953	48.901955	400.0	400.0	13199	10.906947	7.9856806	29.823166	-0.4445052	-11.171706	0.024128903	119.54438829421997
13	55.07358	45.335064	100.408646	9.738518	245.20988	76.79954	323.24716	44.015125	400.0	400.0	14299	12.249779	8.608476	31.57504	-0.21083467	-12.537456	0.027829437	130.62274360656738
14	61.953312	104.89418	206.04083	-40.639977	220.5855	75.07624	327.4035	44.93808	400.0	400.0	15399	13.605523	9.235765	33.455734	0.041905567	-13.896607	0.030666167	141.32181668281555
15	166.48645	115.41431	305.78592	23.165573	235.83533	73.92588	316.58115	42.16996	400.0	400.0	16499	15.114687	10.336082	35.786007	0.30895156	-15.388775	0.03204221	152.21642422676086
16	128.81836	72.13885	200.36638	30.06276	234.32207	69.300415	309.4386	45.863102	400.0	400.0	17599	16.283222	11.205068	37.93882	0.49631542	-16.544884	0.033884395	162.4691891670227
17	290.22046	14.137299	304.35776	276.08316	231.48434	84.88148	312.69318	43.235916	400.0	400.0	18699	17.91023	12.185549	40.05487	0.6569778	-18.16349	0.038437035	172.67442345619202
18	256.61996	48.14762	304.65793	190.80917	233.5843	49.185997	320.66846	142.26414	400.0	400.0	19799	19.975939	13.209241	42.02785	0.84513754	-20.220638	0.042173058	184.5629107952118
19	280.90665	12.723822	297.3374	266.33783	243.42651	75.500755	322.28223	57.729107	400.0	400.0	20899	22.023706	14.085675	43.897682	0.93932116	-22.260492	0.04608678	196.82133293151855
20	256.13513	53.42232	309.8197	183.25598	264.79944	59.472786	325.59015	109.98188	400.0	400.0	21999	24.054232	14.932694	45.69126	1.0772033	-24.28107	0.050309386	208.06644415855408
21	260.20578	26.17575	286.38153	234.03003	271.91888	54.857075	327.3831	84.35262	400.0	400.0	23099	25.81365	15.615776	47.44053	1.2431457	-26.035334	0.049074333	219.0487232208252
22	257.75052	29.64173	291.5353	219.36652	269.1364	82.44033	331.0692	43.43709	400.0	400.0	24199	27.559952	16.245922	49.10205	1.409646	-27.774809	0.047339417	230.37029600143433
23	227.27043	41.96395	261.5755	168.17947	255.69498	83.29225	340.13986	42.727173	400.0	400.0	25299	29.139107	16.817675	50.75724	1.5847187	-29.350252	0.05212793	239.88613724708557
24	260.46475	11.954761	276.92053	248.87827	295.0546	45.605267	341.684	134.30019	400.0	400.0	26399	30.844349	17.343536	52.36871	1.6876671	-31.051697	0.050701216	250.94494891166687
25	268.89508	16.527054	285.42215	252.36804	289.64532	41.602306	337.6463	194.3208	400.0	400.0	27499	32.49541	17.810966	53.882442	1.813043	-32.698174	0.055394277	261.45328068733215
26	251.11552	46.03336	316.13928	215.85815	262.23975	56.215885	338.63733	135.688	400.0	400.0	28599	34.01788	18.248869	55.28053	1.8385974	-34.215702	0.057563968	271.041654586792
27	259.42465	49.474365	301.94333	190.04367	278.7617	47.473785	340.32147	198.05754	400.0	400.0	29699	35.52135	18.687407	56.71885	1.9247644	-35.71539	0.05974418	282.96953082084656
28	263.6251	42.381287	319.3878	216.71349	278.6717	42.306156	334.9572	171.99942	400.0	400.0	30799	37.009315	19.057175	58.024456	2.0026832	-37.201324	0.059668176	293.09079003334045
29	297.81964	2.5482635	300.36792	295.2714	275.56247	51.433937	329.37347	103.41286	400.0	400.0	31899	38.63118	19.390688	59.28219	2.1224368	-38.820915	0.056744013	304.1083564758301
30	292.0745	17.594904	316.6745	276.534	294.76602	35.579082	337.3697	215.55994	400.0	400.0	32999	40.16961	19.674307	60.570477	2.1693501	-40.361088	0.06203756	314.57681798934937
31	180.41414	68.39085	259.17117	92.41506	253.07849	80.18509	334.90216	69.76349	400.0	400.0	34099	41.416126	19.958214	61.754272	2.245268	-41.607464	0.0630844	325.1859848499298
32	200.779	59.185123	268.00775	123.984314	270.77722	60.392307	337.5486	125.58421	400.0	400.0	35199	42.51029	20.162348	62.869667	2.3089375	-42.704445	0.06785508	335.73183155059814
33	214.6879	48.792572	263.48047	165.89532	264.83545	54.661446	328.72223	130.13316	400.0	400.0	36299	43.67588	20.354858	63.936718	2.395573	-43.869648	0.08423081	346.5534327030182
34	279.55823	24.445036	306.18262	247.14902	287.29648	43.5775	325.40567	163.26732	400.0	400.0	37399	44.943798	20.560368	64.916374	2.4519017	-45.139133	0.10454128	357.33705496788025
35	275.0457	29.132967	308.16998	237.26608	166.6221	135.03394	325.152	7.0242715	400.0	400.0	38499	46.360844	20.708319	65.90942	2.647865	-46.5604	0.11067802	368.450147151947
36	294.124	23.98732	314.51282	260.44962	295.81207	31.97955	329.22974	195.92613	400.0	400.0	39599	47.753418	20.803478	66.87273	2.7458901	-47.961994	0.11608958	378.85445046424866
37	305.0346	0.48243713	305.51703	304.55215	265.7683	62.68612	322.8909	32.61856	400.0	400.0	40699	49.171238	20.803604	67.76716	2.8782468	-49.38623	0.12719102	389.85512113571167
38	234.72517	85.97039	301.38702	113.34023	221.78194	106.29559	320.6378	34.1553	400.0	400.0	41799	50.450764	20.73806	68.571434	2.9537249	-50.66449	0.12657547	401.17132687568665
39	210.30315	57.747513	291.93945	167.53665	243.64214	93.23343	323.39474	54.102295	400.0	400.0	42899	51.459656	20.663864	69.32547	2.9365277	-51.669277	0.15173692	411.96764850616455
40	289.7416	16.067696	312.3861	276.78345	268.53787	78.93576	333.42902	89.30342	400.0	400.0	43999	52.676735	20.457666	70.06956	2.9905837	-52.882572	0.16713563	422.7408299446106
41	259.872	2.4425507	262.31458	257.42947	287.43027	37.06273	335.04324	211.6243	400.0	400.0	45099	53.829826	20.196218	70.81548	2.87292	-54.03195	0.17557362	433.8691108226776
42	304.22458	8.350051	315.60388	295.80203	300.9513	33.02846	329.16263	225.69838	400.0	400.0	46199	54.874702	19.94435	71.438934	2.6973312	-55.069004	0.14723796	444.24300026893616
43	287.44962	20.62307	316.3036	269.3411	289.58862	69.46914	334.81412	112.70519	400.0	400.0	47299	55.779552	19.759777	71.991264	2.3414936	-55.963223	0.14691705	455.78192377090454
44	300.05588	8.613563	312.20633	293.22882	297.64536	45.64922	341.3729	179.87315	400.0	400.0	48399	56.72864	19.48497	72.5288	2.0458422	-56.90765	0.12546875	466.82865834236145
45	269.51837	53.214485	322.73285	216.30388	268.5912	65.04056	343.0731	112.61978	400.0	400.0	49499	57.54056	19.358759	73.11135	1.8654199	-57.7136	0.12331646	478.90209317207336
46	274.63852	37.780025	302.87848	221.2391	305.87555	23.305386	340.66394	245.12123	400.0	400.0	50599	58.393627	19.221678	73.62659	1.7311326	-58.566727	0.11549906	491.3764944076538
47	308.95407	7.5418673	318.61072	300.20383	298.6198	24.445332	340.02515	253.19295	400.0	400.0	51699	59.19087	19.06961	74.153	1.7547731	-59.36084	0.10492228	501.7435824871063
48	282.77475	28.310785	322.20386	257.03857	309.99548	20.70512	340.01456	262.58862	400.0	400.0	52799	59.859043	19.008242	74.61681	1.7924407	-60.022465	0.09950708	513.9867434501648
49	265.3753	12.441437	277.81674	252.93387	294.16122	23.86015	333.99973	261.73773	400.0	400.0	53899	60.47305	18.940699	75.078125	1.9860634	-60.63218	0.096121356	524.9686419963837
50	263.71225	11.8847275	280.1663	252.51562	303.48563	22.804255	338.8172	268.62805	400.0	400.0	54999	61.104893	18.870075	75.50236	2.0849998	-61.25942	0.091063306	535.3598573207855
51	285.29358	31.630825	323.27362	245.83649	305.88422	27.842123	341.51648	255.62122	400.0	400.0	56099	61.69448	18.907581	75.92752	2.1875594	-61.848743	0.09073092	547.4051170349121
52	280.40158	29.547073	311.3288	240.60332	295.2546	28.328918	339.71066	252.42905	400.0	400.0	57199	62.26264	18.891853	76.31033	2.3729043	-62.419846	0.08583161	558.3057022094727
53	294.88565	13.258453	308.1441	281.6272	297.10434	26.78068	336.19614	260.60696	400.0	400.0	58299	62.8503	18.869946	76.72046	2.5992384	-63.00806	0.0876111	568.7534358501434
54	280.35593	18.31003	303.86874	259.20557	293.00693	22.959019	329.0735	253.63112	400.0	400.0	59399	63.444225	18.750042	77.0323	2.6934354	-63.60292	0.090886556	580.9397728443146
55	272.29745	13.251893	289.96677	258.05304	304.82477	24.300093	332.98947	247.6595	400.0	400.0	60499	63.976204	18.655838	77.40574	2.7989242	-64.13484	0.08670804	591.6061158180237
56	273.5537	9.783415	280.84515	259.72473	302.3949	27.63976	335.44635	259.31744	400.0	400.0	61599	64.50856	18.517601	77.71619	2.7859693	-64.662605	0.08452405	602.0468263626099
57	312.66174	4.96817	317.6299	307.69357	299.00992	27.834518	336.90494	254.5596	400.0	400.0	62699	65.02776	18.392439	78.03321	3.031548	-65.17844	0.080333926	612.5381870269775
58	295.36655	27.562387	317.68826	256.53198	297.00473	28.295107	338.3044	250.88493	400.0	400.0	63799	65.497444	18.316027	78.34759	3.0410655	-65.64572	0.073319145	623.302362203598
59	273.98233	18.78872	300.5219	259.58902	299.25958	21.234858	331.35126	254.79745	400.0	400.0	64899	65.96226	18.235252	78.61283	3.2736888	-66.110695	0.07706906	633.9765486717224
60	277.23602	18.007837	291.12506	251.80518	299.51654	24.02245	332.10342	250.38426	400.0	400.0	65999	66.401306	18.095533	78.869	3.40363	-66.550186	0.06767259	644.0221819877625
61	310.6983	5.708695	316.40698	304.9896	304.44183	25.125072	329.0852	240.4039	400.0	400.0	67099	66.80832	18.059658	79.1419	3.5511348	-66.95208	0.066542566	654.0041716098785
62	267.93948	21.03175	297.4964	250.2811	302.8804	25.085659	338.5645	254.61488	400.0	400.0	68199	67.18314	17.988914	79.40781	3.6908088	-67.32574	0.06415255	663.5345718860626
63	288.45752	5.3236523	294.5869	281.6067	298.5609	28.39997	337.44177	249.79762	400.0	400.0	69299	67.58571	17.87293	79.64183	3.8968885	-67.72554	0.058268536	673.7618429660797
64	298.05453	15.980979	318.09836	278.98987	303.7083	25.345346	331.16287	259.24625	400.0	400.0	70399	67.98749	17.763563	79.87703	3.927681	-68.12469	0.05767531	683.1758615970612
65	265.193	39.23079	304.4238	225.96222	296.53955	19.960024	333.5632	257.08176	400.0	400.0	71499	68.28478	17.751383	80.1012	4.0153575	-68.42041	0.05570916	693.8324711322784
66	301.1882	27.070883	325.29532	263.3784	306.36514	30.560389	336.7207	246.60034	400.0	400.0	72599	68.66459	17.638927	80.26907	4.1380696	-68.79682	0.053584505	704.2742114067078
67	298.7068	26.943756	318.52225	260.6129	306.95374	24.65365	336.42874	261.70816	400.0	400.0	73699	68.955124	17.551489	80.45922	4.100133	-69.08548	0.056039616	714.1385779380798
68	286.59903	18.642075	311.10165	265.92117	298.77887	31.787012	342.76416	245.0974	400.0	400.0	74799	69.2925	17.440989	80.60123	4.186578	-69.41974	0.050413243	723.5229215621948
69	283.806	8.306854	292.11285	275.49915	314.5507	19.543823	340.73712	277.87256	400.0	400.0	75899	69.69703	17.18497	80.733734	4.3384857	-69.820885	0.049729355	734.0353815555573
70	302.72357	24.889591	322.13916	267.58914	310.72797	24.051683	339.22424	269.08365	400.0	400.0	76999	70.43757	16.673733	80.89875	4.5058236	-70.55609	0.045846988	745.5587615966797
71	296.88474	21.29549	318.73782	268.01163	305.64786	25.122988	336.2671	261.19122	400.0	400.0	78099	71.19434	16.096048	81.07496	4.6130276	-71.30597	0.051455718	756.4666662216187
72	267.78555	38.53635	321.44427	232.702	303.86295	23.664175	342.0495	254.86057	400.0	400.0	79199	71.82817	15.614626	81.24874	4.657078	-71.933846	0.049356084	768.7924249172211
73	284.97076	24.300552	309.2713	260.6702	305.476	22.270266	337.9607	268.95102	400.0	400.0	80299	72.43507	15.295305	81.39432	4.835407	-72.535484	0.046814192	780.9571263790131
74	305.2396	11.403755	316.3371	289.5566	297.71103	26.535444	339.63965	240.65816	400.0	400.0	81399	72.88505	15.128624	81.54291	5.165047	-72.98044	0.045519862	791.1774735450745
75	267.0667	26.44756	302.10083	238.20647	300.95682	18.178518	335.10928	261.3235	400.0	400.0	82499	73.42148	14.713474	81.67778	5.4760284	-73.511986	0.044423047	801.8866205215454
76	290.41513	25.257408	320.02353	258.3074	306.60648	22.590696	336.09015	255.8062	400.0	400.0	83599	73.9029	14.368444	81.8091	5.766672	-73.987946	0.0468961	812.9714658260345
77	304.2163	9.223801	313.44012	294.99252	311.2349	22.229996	340.33163	258.5608	400.0	400.0	84699	74.658806	13.540197	81.97392	6.810951	-74.73828	0.044464882	823.6059613227844
78	298.68604	22.205482	326.54797	272.20877	312.22513	21.608112	344.78513	273.62323	400.0	400.0	85799	75.19993	13.209342	82.10034	7.039111	-75.271324	0.041401666	834.2729969024658
79	300.8353	16.101936	321.93607	282.8703	292.95026	22.467682	325.61118	249.6077	400.0	400.0	86899	75.62741	12.978473	82.21668	7.127523	-75.69366	0.041702084	844.2026917934418
80	289.5435	16.057295	311.70377	274.1684	315.36923	16.141977	339.34183	278.13742	400.0	400.0	87999	76.1446	12.57775	82.33836	7.456254	-76.2038	0.04195328	854.913642168045
81	281.8339	19.974792	301.8087	261.8591	304.3088	23.358992	334.79102	242.54706	400.0	400.0	89099	76.6185	12.222292	82.44425	7.486615	-76.67106	0.041856196	867.3139398097992
82	293.91516	25.93136	322.66818	259.82568	307.359	24.170813	342.2036	264.13486	400.0	400.0	90199	77.077866	11.845978	82.55975	7.6737375	-77.125694	0.03870214	878.504013299942
83	267.76633	30.066322	308.5812	237.03491	305.2757	23.507761	341.54825	259.4595	400.0	400.0	91299	77.46553	11.238813	82.70254	7.6552076	-77.5106	0.03891886	889.4400532245636
84	295.12512	30.47667	316.96188	252.02588	310.2118	26.829853	342.69528	247.27974	400.0	400.0	92399	78.0161	10.145156	82.80008	13.836287	-78.05906	0.035195645	899.3374729156494
85	295.80853	19.917068	315.72562	275.89148	297.69968	33.71253	337.4767	247.70874	400.0	400.0	93499	78.46248	9.365716	82.91377	14.188101	-78.50466	0.039121456	909.9057455062866
86	288.39307	27.887737	324.56796	256.69968	307.7292	26.415497	338.46143	261.26117	400.0	400.0	94599	78.59749	9.363102	83.04761	15.554276	-78.64048	0.036040463	920.3977081775665
87	293.24368	15.622969	311.28305	273.1763	312.4951	23.756351	342.901	271.8131	400.0	400.0	95699	78.740685	9.335429	83.13522	16.590487	-78.78223	0.03233977	930.3698468208313
88	308.32376	22.137962	324.3385	277.01877	310.07483	21.288544	345.923	262.1925	400.0	400.0	96799	78.86064	9.327271	83.253296	15.528229	-78.902954	0.034702808	939.9289124011993
89	289.2094	18.762405	307.97183	270.44702	303.9948	28.67887	341.48892	250.26042	400.0	400.0	97899	79.04167	9.231579	83.36584	17.199759	-79.083466	0.033928595	950.7733314037323
90	289.07504	19.912163	309.64426	262.13446	310.44174	23.7757	337.30225	255.461	400.0	400.0	98999	79.214294	9.144289	83.454994	16.606186	-79.256775	0.035455633	961.6458714008331
91	301.11618	16.326578	320.42282	280.49582	303.10794	23.73495	338.59677	260.4741	400.0	400.0	100099	79.42192	8.956792	83.54521	17.49274	-79.46397	0.033534728	973.9199616909027
92	272.89008	5.0879216	279.88214	267.9231	312.7001	18.639946	335.3772	272.58	400.0	400.0	101199	79.58408	8.892038	83.616394	17.656721	-79.62507	0.031964257	984.8593702316284
93	315.0515	4.915695	319.96722	310.13583	305.57788	25.198858	347.0438	263.53134	400.0	400.0	102299	79.732864	8.844898	83.719086	17.204782	-79.77308	0.030250754	996.4705002307892
94	298.29797	22.468906	317.44397	266.76248	307.99078	17.496082	332.2485	267.28766	400.0	400.0	103399	79.90215	8.753248	83.8087	17.868387	-79.9428	0.033591192	1007.6488659381866
95	309.59244	11.61414	318.79456	293.20908	300.37494	24.175816	338.18265	248.26509	400.0	400.0	104499	80.07395	8.5966015	83.876625	18.016708	-80.11343	0.032932226	1018.8736617565155
96	275.10428	11.196561	290.77823	265.32043	309.0109	25.876234	340.87067	268.07004	400.0	400.0	105599	80.19255	8.54816	83.94379	17.712639	-80.232544	0.03245482	1029.4283664226532
97	284.96643	8.4479065	293.41434	276.51852	311.80447	23.812155	337.2986	260.4694	400.0	400.0	106699	80.30518	8.486741	84.02308	18.384352	-80.345024	0.03313216	1039.9173905849457
98	277.4153	34.737633	326.26685	248.49516	306.1311	20.639486	334.00223	272.83505	400.0	400.0	107799	80.33686	8.584881	84.10079	18.683828	-80.37733	0.03167907	1050.2877538204193
99	281.81552	32.215393	324.08566	245.96062	311.59552	23.40731	341.73267	252.70265	400.0	400.0	108899	80.52027	8.334559	84.14191	17.61023	-80.55967	0.030793505	1060.7255718708038
100	301.92053	15.433934	314.15472	280.14926	301.47482	26.601355	348.70114	256.43832	400.0	400.0	109999	80.74043	8.019064	84.205765	17.548756	-80.77866	0.02912209	1072.042454957962
101	299.53674	5.8183136	305.35507	293.71844	308.56232	22.746761	337.04565	267.36093	400.0	400.0	111099	80.961655	7.7106705	84.27765	18.754076	-80.99844	0.0296858	1082.693175792694
102	296.87622	21.992956	325.32907	271.7704	313.94427	20.873726	338.45117	267.60684	400.0	400.0	112199	81.072296	7.664362	84.34586	17.439316	-81.10892	0.03106568	1093.3379504680634
103	277.9607	29.51788	319.61975	254.81802	309.11957	20.765762	342.56476	270.5889	400.0	400.0	113299	81.12937	7.727946	84.39392	18.735727	-81.1655	0.03027479	1104.604574918747
104	305.0453	20.157528	322.81757	276.85635	311.0039	20.37622	338.40674	260.62527	400.0	400.0	114399	81.204735	7.695633	84.45181	19.806692	-81.24031	0.02904628	1115.8931953907013
105	316.4204	7.932266	324.3527	308.48816	289.5343	43.328438	343.38242	127.335594	400.0	400.0	115499	81.26693	7.72075	84.51053	19.95524	-81.301636	0.029782485	1127.1367926597595
106	293.8634	19.761047	316.61154	268.43088	311.0346	34.985603	341.258	176.54868	400.0	400.0	116599	81.3396	7.667754	84.55357	20.59564	-81.373924	0.027831292	1137.1135125160217
107	288.73807	32.88485	319.036	243.03348	279.77863	68.56214	329.52942	23.672266	400.0	400.0	117699	81.51582	7.49376	84.6035	20.248562	-81.54816	0.030181365	1147.6422836780548
108	308.12125	8.134098	318.21912	298.3005	311.35995	20.947166	340.21863	272.83417	400.0	400.0	118799	81.60313	7.493456	84.65179	20.062489	-81.63477	0.02931483	1158.5966622829437
109	316.8388	6.4312286	323.27005	310.4076	301.83368	36.65752	339.53336	164.93175	400.0	400.0	119899	81.67515	7.4805593	84.70298	19.9677	-81.705795	0.028785653	1169.3306720256805
110	299.70386	10.584439	312.64804	286.72165	294.2728	62.23265	340.00357	152.29372	400.0	400.0	120999	81.72236	7.4990973	84.75614	19.69065	-81.75266	0.029715152	1180.0597503185272
111	302.49435	17.434399	324.7647	282.19617	316.34537	17.180899	340.1504	276.77856	400.0	400.0	122099	81.799355	7.47826	84.78432	20.082	-81.8292	0.029807128	1191.363371372223
112	312.6422	5.2824306	319.99872	307.8381	291.90308	45.080963	339.46213	156.65843	400.0	400.0	123199	81.85629	7.470972	84.81437	18.783302	-81.88575	0.030586034	1202.6709296703339
113	304.60138	14.274612	318.87598	290.32675	279.43402	55.5609	338.1764	155.20474	400.0	400.0	124299	81.89867	7.5041847	84.862274	19.579094	-81.92837	0.029498007	1213.8699231147766
114	292.68094	18.008785	305.6783	267.2145	309.86304	19.978094	335.81506	269.06595	400.0	400.0	125399	81.95441	7.480245	84.89679	20.613941	-81.983444	0.027461655	1224.5509746074677
115	283.22653	34.710915	318.70605	236.10693	297.67026	43.0876	337.71307	164.19685	400.0	400.0	126499	82.00074	7.4734917	84.90853	20.251053	-82.029655	0.027988095	1236.6996338367462
116	299.36588	15.50357	319.6788	282.0624	281.65768	46.621758	334.90054	170.01015	400.0	400.0	127599	82.009285	7.544028	84.936424	20.401476	-82.03791	0.027863389	1248.5827600955963
117	280.00824	3.9482574	283.9565	276.06	308.85968	36.38631	341.35468	173.50864	400.0	400.0	128699	82.063705	7.496239	84.95019	20.683504	-82.09244	0.03273368	1259.602778673172
118	313.92026	6.2048783	322.02792	306.95953	307.4141	23.058992	337.3119	259.26566	400.0	400.0	129799	82.16607	7.4034424	84.99133	20.766691	-82.19474	0.02686874	1270.2096045017242
119	292.65402	25.658981	311.20496	256.3698	304.7118	24.289839	341.4047	263.01636	400.0	400.0	130899	82.20652	7.389203	85.01927	20.191229	-82.2352	0.027352795	1281.387574672699
120	297.598	25.115984	325.9487	264.89166	311.6573	21.3409	342.5287	261.55356	400.0	400.0	131999	82.26282	7.325467	85.04893	20.494452	-82.29166	0.030447686	1292.496883392334
121	282.30362	37.490105	319.79373	244.81352	317.31366	23.229101	338.39886	261.6798	400.0	400.0	133099	82.279076	7.385068	85.066376	19.199417	-82.308395	0.02995887	1303.292645931244
122	281.61902	3.7195399	286.56082	277.58722	319.9217	17.302158	339.32663	280.1044	400.0	400.0	134199	82.32329	7.366437	85.094864	19.873981	-82.35239	0.028345842	1313.497463464737
123	301.12686	24.398067	321.17084	266.7825	317.76505	25.120148	342.5259	249.91919	400.0	400.0	135299	82.372826	7.3470545	85.10455	20.053421	-82.401985	0.0285445	1325.781390428543
124	273.3313	5.5183244	279.1719	265.92844	309.26678	18.36417	336.22775	258.26816	400.0	400.0	136399	82.43728	7.308397	85.13576	21.035639	-82.466774	0.028973095	1336.310153722763
125	298.66058	20.143906	318.80447	278.51666	307.31445	21.369291	339.06964	270.55173	400.0	400.0	137499	82.451675	7.357122	85.16241	20.261415	-82.48064	0.028381376	1347.010731935501
126	300.8436	29.146065	323.63733	259.70493	311.4338	23.106052	342.18796	264.24722	400.0	400.0	138599	82.46936	7.364431	85.16396	20.848587	-82.49827	0.027452243	1359.1119549274445
127	300.67212	23.314083	324.30878	268.94647	300.53687	21.800825	337.67996	267.80252	400.0	400.0	139699	82.491295	7.378846	85.174286	20.460533	-82.51996	0.027365092	1369.7184007167816
128	265.89023	2.2980301	267.68	262.6461	313.97226	22.672731	345.1194	259.5477	400.0	400.0	140799	82.53589	7.35447	85.18834	21.458567	-82.565125	0.028502477	1381.9387397766113
129	297.04742	30.586334	327.63376	266.4611	310.12677	21.06774	344.67215	270.85483	400.0	400.0	141899	82.559265	7.3367825	85.18901	19.849527	-82.58857	0.027561847	1393.8572070598602
130	275.03546	12.673353	292.84796	264.4097	316.93848	19.623104	345.33667	280.68036	400.0	400.0	142999	82.58605	7.347917	85.208565	21.2914	-82.6153	0.028461603	1404.7257997989655
131	288.51816	23.79272	320.10352	262.67987	310.92206	23.386545	343.06433	266.40588	400.0	400.0	144099	82.607346	7.3591275	85.21698	20.463583	-82.636635	0.026529029	1416.725256204605
132	306.71066	8.170624	317.8398	298.4544	317.40536	22.977451	345.8729	269.12262	400.0	400.0	145199	82.62885	7.3802986	85.221306	20.914303	-82.65782	0.028005077	1427.0949411392212
133	317.50848	9.390884	326.89938	308.1176	307.98505	19.136244	343.69052	270.54144	400.0	400.0	146299	82.66607	7.2964272	85.23069	21.333935	-82.69485	0.028819188	1439.3899228572845
134	293.35892	17.827536	317.43033	274.83035	304.10468	25.330368	346.64435	266.05872	400.0	400.0	147399	82.70332	7.2442513	85.253235	22.477358	-82.732445	0.026190156	1450.1013114452362
135	281.64392	33.986885	321.65482	238.57317	310.3441	27.3067	343.21713	252.99799	400.0	400.0	148499	82.70436	7.3076277	85.26602	20.466188	-82.7337	0.028592847	1461.2600727081299
136	292.8137	33.182716	324.245	246.92032	314.5888	23.93436	346.1148	262.37567	400.0	400.0	149599	82.7159	7.3011603	85.279915	22.105589	-82.74531	0.028768126	1473.3856065273285
137	300.86935	26.278534	327.1479	274.59082	313.38278	17.946798	337.37088	270.37048	400.0	400.0	150699	82.73452	7.3245697	85.298065	22.307524	-82.76401	0.02856315	1483.938937664032
138	304.61118	16.88374	322.93527	282.19162	305.71454	28.93544	347.15912	261.27054	400.0	400.0	151799	82.78686	7.283214	85.32726	21.669222	-82.81667	0.02575704	1496.3632457256317
139	313.5499	6.084934	319.60815	305.22806	300.461	22.175571	333.71082	253.87044	400.0	400.0	152899	82.79396	7.3035674	85.32412	21.805792	-82.82396	0.024954269	1506.7227714061737
140	290.61115	12.296629	307.2647	277.9479	311.0147	21.528624	344.62744	255.95018	400.0	400.0	153999	82.85914	7.162025	85.34262	20.867336	-82.88928	0.026107369	1517.4101159572601
141	291.63144	4.1594543	295.7909	287.472	320.9232	23.514017	345.0671	270.56183	400.0	400.0	155099	82.87951	7.144042	85.36549	21.13724	-82.90964	0.024946684	1528.9214046001434
142	295.78992	26.176464	324.6006	261.25327	318.79172	20.434298	346.42688	268.31537	400.0	400.0	156199	82.92687	7.0703096	85.38683	20.983677	-82.95719	0.024024507	1540.3837275505066
143	306.94214	22.489183	327.90466	275.74677	321.30804	20.423723	345.97443	278.6964	400.0	400.0	157299	82.92342	7.098867	85.40074	21.73029	-82.95395	0.02735728	1550.9918870925903
144	310.57758	16.549782	323.8874	287.24994	308.14978	24.878477	346.47348	256.51578	400.0	400.0	158399	82.99199	6.992855	85.406166	21.836643	-83.02262	0.025226025	1561.8810243606567
145	321.20197	6.2470856	327.44904	314.95486	308.51385	24.002337	347.70053	270.71652	400.0	400.0	159499	83.029594	6.9623623	85.4463	21.977842	-83.06034	0.026690604	1573.4414024353027
146	292.62704	21.581224	316.02	263.95407	309.42422	26.594505	345.50055	262.02814	400.0	400.0	160599	83.04429	6.986557	85.44965	22.177523	-83.07517	0.028090283	1586.002057313919
147	276.85663	24.814163	299.8235	242.3948	304.6886	23.26121	337.6395	256.51825	400.0	400.0	161699	83.043015	7.05593	85.45611	21.157677	-83.07397	0.026545739	1595.89870429039
148	291.34995	21.518148	318.68338	266.0984	311.21457	26.48557	347.21436	254.45328	400.0	400.0	162799	83.04721	7.0761714	85.48108	21.864513	-83.07866	0.027380975	1606.7910101413727
149	303.76236	18.0466	321.80896	285.71576	314.16742	22.17001	345.74207	269.64145	400.0	400.0	163899	83.08935	7.056879	85.50366	21.497818	-83.12066	0.02605776	1617.625961780548
150	292.07816	17.05113	316.02707	277.66464	311.47833	22.784937	342.83688	265.18048	400.0	400.0	164999	83.103546	7.018566	85.51137	22.036804	-83.13489	0.026425663	1628.178713798523
151	303.66824	17.93165	321.309	279.0707	308.28625	19.419703	347.2405	270.23865	400.0	400.0	166099	83.1424	6.9805856	85.53931	21.38043	-83.173325	0.026223361	1639.0342769622803
152	275.68704	20.51997	298.9604	249.03813	312.8874	25.061674	346.56696	258.35437	400.0	400.0	167199	83.16882	6.9450836	85.55474	21.582066	-83.19941	0.024534917	1649.636227607727
153	319.6244	5.1418	324.76617	314.48257	306.1966	22.061256	346.4524	264.0682	400.0	400.0	168299	83.183914	6.9486012	85.56659	21.861588	-83.21463	0.027081303	1662.0565764904022
154	305.63602	10.758596	320.76547	296.67618	310.36514	21.348389	347.13956	257.72684	400.0	400.0	169399	83.23409	6.8517146	85.593636	22.236185	-83.264694	0.02782323	1672.818511247635
155	316.6116	11.470979	331.93185	304.3317	315.56595	26.555618	346.6151	259.47556	400.0	400.0	170499	83.27204	6.81775	85.61939	22.361116	-83.30299	0.028826742	1682.8292744159698
156	285.72668	11.058596	296.33508	270.47086	306.19827	20.570793	346.40433	269.15814	400.0	400.0	171599	83.2682	6.8644495	85.61552	22.168736	-83.29902	0.02922656	1693.8279416561127
157	288.43518	0.32678223	288.76196	288.1084	307.5707	20.950972	339.77298	268.6264	400.0	400.0	172699	83.28169	6.8400564	85.634514	22.202599	-83.31283	0.03075573	1705.1545083522797
158	312.25125	11.005767	322.14926	296.89972	313.7745	24.303654	346.93677	263.0135	400.0	400.0	173799	83.29248	6.8434105	85.67003	22.263477	-83.32435	0.030163636	1717.068595647812
159	299.07938	8.852895	309.857	288.17307	311.71777	27.652855	346.3303	260.64078	400.0	400.0	174899	83.33829	6.7897224	85.70363	22.488367	-83.370636	0.029375443	1729.163657426834
160	290.19495	33.861576	319.67758	242.7735	308.6555	20.486338	341.12	272.2709	400.0	400.0	175999	83.36829	6.814931	85.6928	22.658358	-83.40017	0.028134095	1739.957593202591
161	300.44952	6.61467	307.0642	293.83487	317.46698	20.362535	347.28616	265.4486	400.0	400.0	177099	83.39495	6.791359	85.69319	23.285898	-83.42665	0.027287217	1751.0434620380402
162	269.894	26.965715	307.95917	248.85931	319.99936	21.599024	346.81842	270.73846	400.0	400.0	178199	83.37415	6.89811	85.69186	22.693329	-83.40533	0.028929055	1762.8126974105835
163	287.7964	27.446917	326.53467	266.30383	302.49615	27.643831	346.977	262.0721	400.0	400.0	179299	83.356834	6.970356	85.69918	22.663206	-83.38792	0.025679564	1774.122980594635
164	294.38412	24.024939	323.09186	264.2919	309.9062	25.972584	345.30737	263.93213	400.0	400.0	180399	83.36768	6.967335	85.71727	22.767054	-83.398865	0.027231438	1786.0063228607178
165	284.80704	2.8904724	287.6975	281.91656	310.096	22.819319	341.19614	258.2904	400.0	400.0	181499	83.388916	6.94908	85.702515	23.091648	-83.419975	0.02578227	1797.4911975860596
166	272.9871	25.847254	309.2778	251.05238	315.80005	21.002066	348.0118	268.40543	400.0	400.0	182599	83.386604	6.97688	85.72677	22.349735	-83.41764	0.028270207	1810.8477265834808
167	280.16177	8.3744955	290.17618	269.679	313.09714	23.135443	348.13232	260.4922	400.0	400.0	183699	83.40927	6.933226	85.752655	22.766378	-83.4405	0.027608927	1823.3426084518433
168	283.12125	18.248665	305.03064	260.35535	313.6748	19.659962	339.91904	273.06433	400.0	400.0	184799	83.40413	6.9639544	85.77796	22.398102	-83.43546	0.02602925	1835.4313249588013
169	300.85748	1.3437653	302.20123	299.5137	311.04388	21.400866	340.5829	258.13937	400.0	400.0	185899	83.41811	6.970605	85.80294	22.74674	-83.449745	0.027351195	1849.085375070572
170	282.6643	26.467983	318.95288	256.57108	311.77826	22.480362	341.2	258.74487	400.0	400.0	186999	83.42654	6.9892845	85.8243	22.511507	-83.45802	0.027151985	1861.6904940605164
171	297.11212	13.419635	311.7586	279.33707	313.96606	24.930393	346.97104	267.82977	400.0	400.0	188099	83.444695	6.9922085	85.832306	22.93251	-83.476204	0.027515156	1875.802939414978
172	296.85522	16.233551	318.6692	279.751	317.8364	22.939165	346.4896	272.8168	400.0	400.0	189199	83.467	6.9271755	85.82808	22.650246	-83.497765	0.024485191	1889.955278635025
173	314.6977	8.121399	322.8191	306.5763	309.01767	25.003391	343.38104	260.8644	400.0	400.0	190299	83.47667	6.933553	85.83528	22.706	-83.50737	0.02401647	1903.832729101181
174	310.71887	7.103404	320.47446	303.76526	310.62726	22.246983	341.72305	259.10648	400.0	400.0	191399	83.478485	6.934815	85.849724	22.797436	-83.509094	0.02778385	1918.1594679355621
175	278.7841	11.395672	293.69904	266.03983	307.3938	21.847935	341.6	265.29993	400.0	400.0	192499	83.47016	6.967869	85.86876	22.434786	-83.50064	0.024642473	1932.3036806583405
176	285.17053	27.632948	321.52325	254.57526	312.88922	21.810036	341.3815	274.16498	400.0	400.0	193599	83.480484	6.928672	85.877144	20.949215	-83.51086	0.024625026	1945.1898748874664
177	293.96014	0.8686981	294.82883	293.09143	310.45865	19.605595	340.89233	279.3225	400.0	400.0	194699	83.462166	6.9984636	85.89304	22.535604	-83.49256	0.02517418	1957.7892475128174
178	289.75876	9.448951	301.57315	278.44424	316.43353	22.734858	345.0056	275.29932	400.0	400.0	195799	83.47589	6.971648	85.90724	22.970486	-83.50626	0.024100456	1970.4119248390198
179	322.48947	2.4773376	325.68713	319.65088	313.0401	21.865742	341.37146	264.32025	400.0	400.0	196899	83.476875	7.0260634	85.9252	22.462782	-83.50764	0.024957774	1982.8574213981628
180	318.4133	7.577923	324.25262	307.71133	320.16742	20.112965	340.01514	265.07123	400.0	400.0	197999	83.49171	7.0033646	85.94652	22.863022	-83.52231	0.025358915	1995.5676741600037
181	307.04156	0.49101257	307.5326	306.55057	300.50122	22.31127	336.77612	257.5638	400.0	400.0	199099	83.501686	7.009965	85.96394	22.237547	-83.53213	0.024386033	2008.2420818805695
182	291.55185	32.79986	316.4771	245.21011	309.2581	21.571781	342.9028	266.70877	400.0	400.0	200199	83.51054	7.019059	85.98622	22.45545	-83.54084	0.024909513	2021.9987049102783
183	304.53226	20.885427	320.43246	275.0255	318.78244	21.143614	346.83527	283.331	400.0	400.0	201299	83.529236	7.0135355	85.98572	22.937653	-83.559395	0.025488751	2034.2412550449371
184	320.781	7.968997	330.061	310.6031	305.66013	22.89146	339.4774	259.9351	400.0	400.0	202399	83.55545	6.9656186	85.99525	22.780458	-83.58579	0.026809378	2046.7115640640259
185	297.62543	21.198868	318.8243	276.42657	310.72534	21.908861	340.51657	273.47842	400.0	400.0	203499	83.58165	6.9518943	86.014885	21.535606	-83.61198	0.026062105	2059.4291400909424
186	308.99918	26.630222	328.55023	271.34766	312.04474	22.565165	342.97406	265.17853	400.0	400.0	204599	83.57693	6.9504395	86.018326	22.76356	-83.607025	0.024867177	2072.8979699611664
187	305.1425	17.04091	327.82645	286.753	308.01093	23.096445	341.24802	272.64755	400.0	400.0	205699	83.59205	6.9389033	86.05338	22.960272	-83.62255	0.02591964	2085.7612493038177
188	284.7548	25.203451	320.39233	266.3933	314.87903	22.906952	345.29233	263.3312	400.0	400.0	206799	83.58318	6.988993	86.05457	22.980951	-83.61358	0.026655188	2098.06586933136
189	315.8971	7.63179	323.52887	308.2653	307.3404	23.064302	344.4288	273.44434	400.0	400.0	207899	83.59887	6.969795	86.058846	23.332518	-83.62921	0.027147742	2111.9928278923035
190	278.6283	12.912605	295.92374	264.90576	317.2575	18.533777	345.97964	283.78165	400.0	400.0	208999	83.60033	7.0024533	86.06635	22.903423	-83.630135	0.026388539	2124.8761792182922
191	298.03714	23.784603	323.8772	266.46826	312.63998	22.237885	340.28406	261.07285	400.0	400.0	210099	83.61521	6.999072	86.08676	22.766665	-83.645096	0.027447673	2137.503929376602
192	291.6127	28.651249	324.43704	254.62718	318.45377	18.243277	346.5505	283.8615	400.0	400.0	211199	83.62506	6.9981217	86.087494	23.131578	-83.65527	0.02709689	2150.5270948410034
193	303.40668	2.5677643	305.97443	300.8389	308.80942	23.353508	339.8067	267.0349	400.0	400.0	212299	83.65754	6.9602137	86.1195	22.26348	-83.6877	0.02804591	2164.4973294734955
194	300.55685	19.575703	328.16727	285.00195	307.18668	24.47047	340.4256	258.99408	400.0	400.0	213399	83.6803	6.909734	86.10713	23.149698	-83.71047	0.026198037	2177.590054512024
195	296.18613	13.823487	315.72855	285.9647	319.05508	21.495302	342.04456	275.22754	400.0	400.0	214499	83.6993	6.8881598	86.11277	22.816065	-83.72929	0.030569121	2191.451707839966
196	283.839	16.153482	295.852	261.00488	309.49414	21.099657	341.0864	272.89563	400.0	400.0	215599	83.704895	6.922846	86.13423	22.208364	-83.73466	0.029837219	2206.4177803993225
197	283.67252	4.941498	288.614	278.73102	315.67145	24.466322	347.26724	267.66565	400.0	400.0	216699	83.73439	6.9134717	86.13277	21.783293	-83.764275	0.027771762	2220.9273731708527
198	292.68677	25.00347	321.17227	260.30035	320.52008	14.399785	342.14026	295.31042	400.0	400.0	217799	83.77034	6.8498964	86.14758	22.7715	-83.800354	0.030994492	2235.985904455185
199	304.89865	16.505232	321.30246	282.3155	316.94385	20.276173	347.44327	284.47354	400.0	400.0	218899	83.78737	6.843025	86.15991	22.808468	-83.81743	0.030900275	2250.6845648288727
200	285.91357	17.961514	306.1939	262.52747	312.9732	23.153927	348.415	270.52643	400.0	400.0	219999	83.800224	6.8398175	86.15273	22.499434	-83.83029	0.030394398	2263.6968755722046
