Epoch	AverageEpRet	StdEpRet	MaxEpRet	MinEpRet	AverageTestEpRet	StdTestEpRet	MaxTestEpRet	MinTestEpRet	EpLen	TestEpLen	TotalEnvInteracts	AverageQVals	StdQVals	MaxQVals	MinQVals	LossPi	LossQ	Time
1	40.408813	8.630316	49.03913	31.7785	-0.06902246	20.804077	51.912666	-33.690994	400.0	240.0	1099	-0.06380397	0.312131	9.874037	-3.642564	-0.0014258437	0.14211984	1.9147334098815918
2	34.841038	9.454366	46.49539	23.338514	1.3049061	20.763063	43.090008	-39.925697	400.0	255.5	2199	0.48954028	1.0566435	7.836599	-7.161531	-0.58505374	0.034745768	8.576847076416016
3	38.58415	6.8848352	47.444706	30.658255	-7.2011743	12.926003	21.168354	-25.124733	400.0	246.5	3299	1.4706535	2.2557774	28.903173	-7.9959054	-1.5947016	0.042904343	14.044540405273438
4	25.845472	10.637289	40.847366	17.377443	6.9976945	28.24084	55.936237	-46.454723	400.0	250.35	4399	2.391325	3.2730577	24.556778	-9.209888	-2.4923043	0.050325144	19.638099908828735
5	17.900623	9.020505	26.92113	8.880119	3.521024	15.289024	39.878754	-25.23721	400.0	188.05	5499	3.0293756	3.980991	32.05564	-11.501464	-3.1502576	0.062273532	24.885145664215088
6	24.440054	2.9158268	28.359465	21.370514	-0.19391449	20.292387	45.284958	-26.01636	400.0	168.25	6599	3.689063	4.6011815	30.032833	-13.487597	-3.808053	0.0488457	29.921622276306152
7	37.67984	5.330865	45.103592	32.830814	5.079144	28.791986	62.534428	-44.072773	400.0	229.6	7699	4.3058124	5.4259276	36.555187	-15.683472	-4.4152412	0.061500717	35.079166650772095
8	36.233093	8.856108	43.978188	23.836693	-5.1846557	26.6895	46.682247	-58.351402	400.0	243.25	8799	5.0299563	6.276359	47.438007	-16.976501	-5.160183	0.10041616	40.71233820915222
9	45.125084	5.959406	51.08449	39.16568	9.139821	28.867159	54.71224	-39.853104	400.0	336.3	9899	5.7851315	6.8977723	45.053925	-16.944927	-5.9467225	0.16167317	46.58707308769226
10	27.652578	8.691781	38.9488	17.807192	-10.432746	17.533642	13.413667	-39.995327	400.0	266.85	10999	6.465519	7.044971	54.46648	-16.552898	-6.654024	0.27651495	52.2484290599823
11	31.592276	11.200785	42.662296	16.245165	-12.940195	14.2069235	22.665863	-38.14834	400.0	240.75	12099	7.1117973	7.052781	54.95883	-16.527544	-7.3065925	0.22427554	57.610710859298706
12	31.118223	1.4604094	33.174313	29.921165	-5.7092686	16.683527	28.113417	-47.072575	400.0	299.8	13199	7.7329826	7.052612	58.374763	-16.097713	-7.919249	0.20761953	63.24575471878052
13	16.729462	2.5227475	19.252209	14.206714	-20.377588	13.164366	4.404067	-48.78548	400.0	181.75	14299	8.265139	6.8155923	56.352295	-15.409108	-8.455124	0.19079348	68.48724579811096
14	28.126535	3.4454496	31.972961	23.612871	-20.185326	17.278667	3.4578402	-60.434124	400.0	201.45	15399	8.862717	6.607823	64.470535	-14.7000475	-9.064352	0.22505511	73.6497552394867
15	-23.202145	17.78786	9.685167	-47.843105	-16.193304	16.976074	9.751822	-48.030434	154.0	190.65	16499	10.1121855	8.334588	89.639465	-13.318882	-10.3020525	0.8744222	78.82589364051819
16	-20.012323	21.91186	7.5414095	-54.708538	-16.125763	16.810663	13.315528	-53.081375	231.4	253.15	17599	11.282211	9.060993	89.71168	-11.410666	-11.514179	1.4476317	84.29101967811584
17	7.8837485	15.660849	34.12725	-4.7744923	-13.879282	19.650866	13.146562	-60.940765	242.0	252.5	18699	12.219339	9.062868	87.21509	-9.3089485	-12.458657	1.4137807	91.04053258895874
18	-8.088933	10.218315	1.3925601	-22.274092	-7.1917763	17.172218	16.840538	-44.123093	376.66666	179.65	19799	12.916469	8.593123	80.7015	-8.55878	-13.115949	1.4794776	96.92144227027893
19	1.6412623	7.6072235	11.353026	-10.702169	-3.6179738	15.405954	18.421585	-26.74073	203.2	281.9	20899	13.161225	8.298331	72.65278	-8.801394	-13.35294	1.3647788	102.9229187965393
20	-4.914908	11.268577	12.861748	-17.443573	1.534652	20.517967	45.767307	-30.941755	283.25	311.8	21999	13.329179	7.918936	67.80682	-9.049492	-13.557984	1.2956651	108.90191841125488
21	-12.68466	29.241405	20.258696	-62.10316	-20.760544	22.440853	23.747057	-63.101383	232.0	264.85	23099	13.707072	7.625829	64.28548	-9.033148	-13.9306755	1.1431383	114.24875617027283
22	-8.526831	13.775393	14.282932	-24.10795	-4.0351925	27.318342	63.52129	-51.917408	218.6	240.8	24199	14.130321	7.4961	61.40721	-8.523985	-14.348239	1.2853094	120.29376697540283
23	-15.824715	20.364012	-3.500749	-60.840042	6.074067	25.286173	48.584972	-34.322525	176.66667	314.8	25299	14.560273	7.275246	56.608288	-7.4971027	-14.806811	1.2111615	126.47993326187134
24	0.92338836	11.204105	17.314367	-17.300205	-4.3097863	17.68586	35.656033	-38.79703	138.44444	210.25	26399	14.801602	7.0040503	52.767193	-7.7496567	-15.01674	1.1971076	131.796053647995
25	9.861683	17.35319	30.165808	-9.226258	3.9753017	21.310738	39.262844	-29.226622	272.0	302.8	27499	14.849372	6.9397693	72.609924	-9.594024	-15.047448	1.0032504	137.54725980758667
26	0.29529634	1.1496419	1.4449382	-0.8543455	4.6839743	24.749147	60.435387	-44.383892	400.0	344.3	28599	14.936223	6.966145	45.26787	-10.071117	-15.170383	0.85340977	143.59721398353577
27	32.13093	23.887499	54.815964	-0.89016867	10.255674	15.404335	41.388023	-10.707441	400.0	400.0	29699	15.103638	7.121686	48.065166	-10.690412	-15.356748	0.7403614	149.56377720832825
28	31.898102	18.00748	48.92883	6.985491	26.429718	20.679386	67.857124	-5.1269035	400.0	369.75	30799	15.380095	7.3146276	55.46979	-13.18471	-15.664734	0.7885348	155.82266283035278
29	13.293809	5.3866615	18.175034	5.788178	22.20103	16.266281	55.95035	-0.3995425	400.0	400.0	31899	15.88944	7.480214	52.201206	-15.613899	-16.211582	0.81642085	162.18591356277466
30	30.345215	10.677568	41.908295	16.15314	25.782648	12.1884575	49.707783	3.8139954	298.33334	384.55	32999	16.421818	7.5501885	78.27022	-15.795853	-16.762268	0.8782289	170.41213750839233
31	42.29469	5.7919626	47.61801	34.24165	18.985	11.667922	41.925	0.07880371	400.0	400.0	34099	17.08759	7.5598707	67.45258	-13.979002	-17.444687	0.90607405	177.05517172813416
32	26.347635	4.9439163	30.840143	19.461718	26.48432	13.246208	60.24947	2.347925	400.0	400.0	35199	17.76521	7.461381	77.60158	-11.909206	-18.137888	0.872693	183.3644998073578
33	-4.7433395	3.2292492	-1.5140905	-7.972589	27.393673	15.928197	54.24867	-1.8744375	400.0	400.0	36299	18.488142	7.389391	63.212345	-8.717058	-18.863424	0.90071046	189.97296047210693
34	31.4629	11.806057	47.45662	19.31572	23.911999	11.954289	42.831917	0.1507246	400.0	383.25	37399	19.232536	7.337005	60.054855	-7.175959	-19.616655	0.88488567	196.25499749183655
35	28.255636	11.066627	40.938625	15.984204	16.513954	17.927021	53.49673	-12.100478	316.0	351.4	38499	19.980686	7.3740354	68.964195	-4.8621273	-20.339964	0.90537214	202.30358386039734
36	48.536034	3.6083317	52.144363	44.9277	16.976498	21.29349	56.73404	-24.149899	400.0	368.3	39599	20.657318	7.504879	62.889645	-6.2903357	-21.009289	0.8630125	208.9091079235077
37	22.59017	17.520712	47.109795	7.2393956	31.35351	12.417322	52.079853	4.651188	400.0	400.0	40699	21.192965	7.632084	65.75307	-8.208064	-21.541647	0.8516019	215.3170804977417
38	34.206985	15.52367	55.994896	20.980278	19.53265	17.538778	54.378387	-16.18183	400.0	400.0	41799	21.651257	7.7825513	67.51585	-9.280294	-21.989187	0.7966122	221.27463459968567
39	22.403246	17.488283	47.031662	8.129225	18.83392	14.769123	39.267956	-9.743082	400.0	392.8	42899	22.04435	7.925317	75.16182	-11.663759	-22.380806	0.82842606	227.691792011261
40	27.69065	5.90487	33.59552	21.78578	23.118626	15.542445	65.36414	1.5853769	400.0	371.75	43999	22.420034	8.095622	64.30038	-10.906661	-22.758564	0.88892484	233.99467158317566
41	30.317	2.3443918	33.100468	27.365301	29.04621	14.105037	51.33861	5.851568	400.0	386.0	45099	22.762133	8.215627	72.07311	-10.7453575	-23.09816	0.8700677	240.752507686615
42	24.101591	13.055903	42.431076	13.011392	26.026825	13.938527	61.275105	0.40804192	400.0	400.0	46199	23.075111	8.275587	76.87571	-8.685498	-23.411406	0.945262	247.4665665626526
43	23.245886	19.145279	48.63339	2.4023764	23.681068	14.136961	51.129402	-2.9113042	400.0	400.0	47299	23.425022	8.274139	75.54271	-7.0415163	-23.7772	0.93284976	254.22071623802185
44	7.87654	10.111474	17.988014	-2.2349343	23.842167	23.073093	62.252174	-19.558382	400.0	400.0	48399	23.797108	8.283202	89.111946	-5.182123	-24.141409	1.0072503	260.5024173259735
45	40.668262	18.338745	61.540066	16.900434	30.331049	17.24617	56.862125	0.2096625	400.0	400.0	49499	24.08368	8.375363	69.217125	-3.413197	-24.416254	0.97974557	268.67671966552734
46	40.182034	5.6105	46.83497	33.111183	29.170877	19.746788	71.390526	-7.5035563	400.0	400.0	50599	24.412897	8.500365	76.58533	-6.274826	-24.755596	0.9937957	276.99729561805725
47	12.858017	16.194523	35.66796	-0.32843426	23.33044	20.701347	61.42089	-11.7474575	400.0	369.05	51699	24.688494	8.528897	82.40128	-2.150428	-25.027765	1.0112385	282.7708353996277
48	42.954052	33.49224	76.44629	9.461812	24.993443	18.581766	57.500183	-5.911474	400.0	384.8	52799	24.933918	8.59362	98.89405	-1.5237443	-25.2562	1.046304	289.3496427536011
49	13.754739	13.370448	35.38091	1.369705	20.228392	15.97361	41.045525	-14.771438	322.75	400.0	53899	25.129221	8.684938	81.52448	-1.687101	-25.446257	0.99745595	296.19038486480713
50	4.0703897	8.6153755	13.550823	-7.297653	26.219082	15.675693	58.586197	0.33310437	400.0	400.0	54999	25.263754	8.676007	79.52225	-1.8873447	-25.586807	1.0632926	302.54008650779724
51	16.021515	5.6041713	21.625687	10.417344	29.931263	17.404795	54.26811	-2.840473	400.0	400.0	56099	25.358568	8.630045	82.14319	-3.743363	-25.664127	0.99632025	308.99730110168457
52	22.35259	12.353588	39.252308	10.06654	23.831604	14.946147	49.27023	-0.58130395	400.0	384.65	57199	25.385101	8.65312	83.3221	-4.2123938	-25.681036	1.0842476	315.27497959136963
53	34.38084	8.865441	46.503975	25.55047	25.598255	10.643088	51.03946	3.9601283	400.0	400.0	58299	25.362751	8.624516	72.42671	-4.8043118	-25.658426	1.0193268	323.3748664855957
54	28.325905	5.6028686	34.533634	20.957502	20.72934	14.835618	46.115913	-13.590003	400.0	369.7	59399	25.553015	8.568953	88.31921	-6.239	-25.8725	1.0956539	329.6978933811188
55	23.16026	11.155629	34.315887	12.00463	29.831074	17.008234	52.140324	-5.4208903	400.0	400.0	60499	25.73383	8.439056	85.58839	-6.3168125	-26.071796	0.99397963	338.0693783760071
56	30.188354	15.01875	49.956436	13.576643	18.9433	21.017597	52.784264	-37.942486	400.0	393.3	61599	25.937494	8.341045	87.76058	-6.7731953	-26.26361	1.0531256	344.68577575683594
57	40.27895	16.729607	63.929058	27.88483	26.73352	13.056187	50.562088	1.2312344	400.0	400.0	62699	26.056501	8.246534	77.762245	-6.5598955	-26.371632	1.0038743	351.4389810562134
58	14.62934	15.898089	36.777267	0.2048679	12.795284	16.536303	35.80683	-36.93201	400.0	387.9	63799	26.204636	8.296134	102.16714	-17.063473	-26.531067	1.0885018	357.8979868888855
59	30.183044	12.511771	39.083454	12.488835	21.840837	18.650482	57.95706	-9.151455	300.0	390.7	64899	26.35906	8.3205805	80.076675	-4.3732004	-26.685812	1.0236067	364.6112403869629
60	22.242058	4.4825397	28.718765	16.908459	19.839834	13.909178	39.838123	-1.4933972	325.0	385.3	65999	26.54197	8.327202	76.31113	-6.662841	-26.868643	1.0260797	371.3911545276642
61	53.777206	7.029867	60.80707	46.747337	22.80502	17.557562	52.21794	-8.559729	400.0	400.0	67099	26.689758	8.34139	82.764656	-4.5858355	-27.014278	1.0383071	379.7020366191864
62	-1.6978	7.971755	8.742156	-10.602721	13.853	20.268702	52.00493	-23.623526	400.0	400.0	68199	26.895987	8.413064	79.2566	-3.242252	-27.23472	0.98904365	386.21068835258484
63	8.107869	13.341497	20.83739	-10.317688	17.699848	16.405355	46.177353	-8.695592	400.0	400.0	69299	27.12088	8.495726	87.174545	-5.178884	-27.4574	1.0013523	392.6036128997803
64	31.038116	13.840351	50.06464	17.546604	19.616022	13.921033	44.948166	-11.666641	400.0	367.95	70399	27.28781	8.667438	89.13484	-5.2180743	-27.616655	1.0312134	399.1028275489807
65	44.20233	9.943857	54.14619	34.258476	16.343908	13.105021	42.940643	-6.5620437	400.0	383.95	71499	27.393536	8.756008	108.33191	-6.013438	-27.716776	1.0469043	405.7814745903015
66	27.817245	16.102884	50.394028	13.9460335	28.791483	14.739512	59.207314	4.72702	400.0	400.0	72599	27.48068	8.78611	82.71982	-6.190702	-27.798065	1.0693567	412.58623218536377
67	26.574722	6.0071726	34.83663	20.730635	24.34701	11.90294	52.961903	4.394671	400.0	400.0	73699	27.577732	8.763575	110.36947	-15.333289	-27.905178	1.1558789	419.0148482322693
68	26.21251	8.907378	36.836063	15.038381	26.9414	17.844477	58.965706	-18.630121	400.0	400.0	74799	27.6892	8.7834015	112.53711	-19.327248	-28.008625	1.1722984	427.197137594223
69	16.887379	0.062542915	16.94992	16.824835	32.590664	16.958736	62.340343	1.441912	400.0	400.0	75899	27.742947	8.841479	85.86442	-3.673807	-28.050175	1.1716816	435.4586205482483
70	22.320143	15.756785	43.460785	5.6490555	26.447998	15.986706	59.378544	-3.3902445	400.0	400.0	76999	27.700937	8.908423	86.685616	-2.899497	-27.992146	1.1689942	441.79515528678894
71	12.730115	9.571551	22.5416	-0.25170267	31.379892	18.525354	59.936687	-12.370675	400.0	400.0	78099	27.709764	8.9763	81.09053	-2.5918384	-28.00038	1.1532753	449.81368255615234
72	34.631012	11.345031	48.585293	20.79653	27.47694	20.234936	73.18079	-7.0930395	400.0	400.0	79199	27.656134	8.972562	108.28176	-2.7914476	-27.942337	1.206982	456.1233630180359
73	43.712738	21.285042	64.99778	22.427696	34.8181	15.311631	61.00408	1.326255	400.0	400.0	80299	27.574743	8.989062	83.05006	-16.007248	-27.84939	1.1060178	462.7764482498169
74	31.06955	24.048172	52.612587	-2.4922118	31.235249	17.72852	72.67447	2.0478601	400.0	400.0	81399	27.434135	8.968558	90.05767	-3.3414493	-27.717386	1.1207834	469.17651748657227
75	21.539194	2.93519	25.424252	18.330664	26.758091	13.459912	60.458515	7.8928356	400.0	400.0	82499	27.31369	8.919609	83.04541	-2.9605374	-27.591038	1.144566	475.6387746334076
76	38.689922	25.037924	71.12848	10.176275	28.493855	18.811493	58.226078	-0.32134563	296.33334	400.0	83599	27.224852	8.886291	95.00973	-2.4079008	-27.510387	1.1741672	482.5057957172394
77	25.660162	7.7088137	32.464195	14.881318	29.073156	15.498538	61.73177	5.8960443	400.0	400.0	84699	27.15128	8.893097	83.56358	-2.3352008	-27.425316	1.0590961	490.8131763935089
78	40.03694	7.72807	48.459797	29.794243	21.227606	12.056554	63.510757	4.2879343	400.0	400.0	85799	27.012512	8.882778	79.78915	-2.5151343	-27.276491	1.0085347	497.1850016117096
79	40.24045	16.101423	59.690746	20.26112	31.803598	17.42953	70.13326	7.391845	400.0	400.0	86899	26.908009	8.850308	83.6451	-2.8046036	-27.177193	1.0681936	503.6726734638214
80	38.71689	20.873854	59.59074	17.843033	30.047827	15.095337	56.890144	5.378853	400.0	400.0	87999	26.799257	8.784862	97.41506	-3.0402822	-27.071207	1.000433	510.05259013175964
81	42.144802	9.466226	49.881638	28.814873	32.14572	16.546858	60.310844	3.4485528	400.0	370.65	89099	26.686792	8.705981	79.37351	-3.3133912	-26.962446	0.9707841	516.2535109519958
82	25.98275	18.340916	45.684933	-4.01952	28.48117	17.058723	69.8411	5.547981	253.75	370.0	90199	26.581648	8.585621	84.48269	-2.852094	-26.845394	1.0839735	522.782130241394
83	29.434023	19.921474	48.06504	1.8165565	21.138569	16.141357	48.990883	-23.528934	400.0	386.55	91299	26.449411	8.477396	97.17834	-4.190137	-26.707733	1.0128194	528.6915168762207
84	18.172613	8.564101	30.281187	11.889062	35.51164	19.126404	79.09997	5.248369	400.0	400.0	92399	26.282806	8.42917	83.148125	-6.958372	-26.540384	0.93757236	535.1336479187012
85	37.19391	5.5538363	41.16983	29.3398	26.840992	11.937218	45.358734	4.5205708	400.0	400.0	93499	26.095768	8.369078	84.66277	-3.2043834	-26.345518	0.86754274	542.0250222682953
86	48.268135	37.59307	85.861206	10.675065	30.014568	14.78273	60.722584	10.314572	400.0	400.0	94599	25.946095	8.384637	95.278114	-21.826006	-26.194965	0.8991607	548.8733968734741
87	43.61336	28.585123	69.694244	3.824004	34.886684	16.588602	66.40259	-0.2787207	400.0	400.0	95699	25.778543	8.405489	76.403786	-3.5342302	-26.028276	0.8385537	556.0190577507019
88	44.071873	10.966383	56.70469	29.964361	44.362293	20.493635	85.02353	11.296372	400.0	400.0	96799	25.649643	8.401012	104.4807	-5.5681047	-25.902697	0.9199855	563.0155298709869
89	48.598675	19.456963	67.52389	21.83759	33.37608	15.601034	63.101803	2.3041704	400.0	400.0	97899	25.54249	8.46292	73.58595	-4.7596893	-25.783522	0.8309665	570.1747469902039
90	18.595074	13.307475	31.902548	5.287598	24.931862	11.893837	48.35044	4.69211	400.0	400.0	98999	25.337791	8.498951	126.92357	-26.294647	-25.5763	0.9646282	576.668329000473
91	25.377024	10.511736	40.17191	16.723236	31.408474	18.120953	61.73985	6.053727	400.0	400.0	100099	25.154345	8.558311	94.90906	-36.523186	-25.394932	0.89674765	585.0538339614868
92	33.464672	12.012582	45.509327	17.066996	32.77362	11.880778	56.19389	10.503117	400.0	400.0	101199	25.00234	8.6774	80.41667	-5.432142	-25.245802	0.95102537	591.826878786087
93	32.648075	8.256408	44.221714	25.523117	33.57905	18.138285	73.74169	6.7027183	400.0	400.0	102299	24.821577	8.748066	88.20589	-11.311323	-25.061338	0.9227982	598.5631370544434
94	51.198044	2.8310547	54.0291	48.36699	37.780254	19.359337	81.525764	10.254195	400.0	400.0	103399	24.673439	8.866028	81.50222	-5.721326	-24.901442	0.8725085	604.9185886383057
95	30.056368	11.273332	45.81849	20.101984	29.597897	16.83694	64.789474	4.552143	400.0	400.0	104499	24.423458	8.909285	87.5776	-6.869009	-24.641466	0.87793773	611.5569732189178
96	45.960114	22.55113	75.5943	20.9356	36.667656	16.419825	81.67305	12.433012	400.0	400.0	105599	24.216003	9.025779	82.759125	-8.468342	-24.434793	0.9129948	618.2665355205536
97	18.670374	11.227344	34.53728	10.226245	31.655191	18.694124	72.84755	2.5894032	400.0	400.0	106699	24.029575	9.094389	80.61336	-8.11475	-24.257536	0.8925443	624.8771595954895
98	21.430134	8.43666	29.866793	12.993473	37.80301	13.815632	62.100952	8.35938	400.0	400.0	107799	23.833126	9.13233	78.025215	-8.8303795	-24.06409	0.8799475	631.6734685897827
99	29.873606	11.909804	41.954098	13.669139	25.299522	12.69428	47.724052	3.4062943	400.0	400.0	108899	23.713507	9.185509	84.078575	-8.680586	-23.946764	0.85501903	638.5298149585724
100	36.04682	18.67514	54.520496	10.464227	30.756403	13.084527	61.337578	7.111892	400.0	400.0	109999	23.654575	9.177843	93.58639	-9.220259	-23.899752	0.92849654	645.0247750282288
101	41.518417	14.904154	61.489704	25.696558	33.45241	14.956653	54.347637	4.6197963	400.0	400.0	111099	23.567135	9.134721	82.29132	-8.921315	-23.802256	0.88875484	652.7535684108734
102	42.8552	19.57664	62.43184	23.27856	30.720285	16.092268	53.85229	2.2112658	400.0	400.0	112199	23.46766	9.179557	89.62783	-8.960554	-23.699612	0.890319	662.2536268234253
103	11.384643	15.427533	32.96189	-2.2021897	30.760113	15.625635	61.58402	7.3150725	400.0	400.0	113299	23.402506	9.20986	85.64224	-8.215372	-23.635891	0.82856333	672.8711016178131
104	20.722843	13.937111	33.52409	-1.297098	31.126736	17.670473	82.60216	-0.03731821	329.5	400.0	114399	23.259283	9.227052	86.17742	-18.78563	-23.48521	0.88427657	680.166957616806
105	18.660873	19.693693	38.35457	-1.0328199	32.91277	22.739079	69.670334	-5.1572747	400.0	400.0	115499	23.082481	9.265013	78.87708	-8.664383	-23.299688	0.89313346	687.0227830410004
106	25.240707	12.559378	40.05864	9.350667	29.570522	13.380154	60.4922	2.3824103	400.0	400.0	116599	22.942957	9.326587	85.99592	-9.86807	-23.157804	0.91032773	693.6245481967926
107	20.345533	8.956868	32.348995	10.840102	30.602795	20.570704	72.886925	-4.5220203	400.0	400.0	117699	22.771893	9.354287	91.24811	-11.456659	-22.982418	0.90962446	700.3282926082611
108	22.728228	9.839196	36.25921	13.152204	32.163277	13.674614	61.294285	4.515375	400.0	400.0	118799	22.525162	9.391882	110.79727	-11.281985	-22.730745	0.9443232	706.7026655673981
109	60.18402	25.606089	85.79011	34.57793	25.722607	19.459187	70.36701	-12.094259	400.0	400.0	119899	22.357414	9.442236	87.37822	-9.608471	-22.567963	0.9006033	713.4562973976135
110	27.961344	15.360462	46.979256	9.360911	31.723125	13.524793	58.048153	5.428388	400.0	400.0	120999	22.225452	9.451889	86.48952	-8.068326	-22.429987	0.90480435	720.7380759716034
111	35.90327	24.262148	67.7868	8.981604	27.844296	11.414395	44.8811	6.910357	400.0	400.0	122099	22.0276	9.371254	82.839836	-8.44504	-22.232029	0.9705469	728.0631835460663
112	26.764664	5.097659	33.57847	21.318586	34.21377	14.3134165	72.04443	11.869955	400.0	400.0	123199	21.8569	9.316807	92.75615	-8.096082	-22.06261	0.86273074	736.0963387489319
113	12.2812	7.9966264	20.277826	4.284574	23.024624	13.02253	55.619003	4.4210973	400.0	400.0	124299	21.724821	9.28142	82.054695	-8.215647	-21.930248	0.80741435	743.2744846343994
114	38.22839	21.72562	64.290146	11.105229	27.794748	12.929145	51.546715	4.5006013	400.0	400.0	125399	21.568377	9.223248	102.59596	-8.056121	-21.782635	0.9715325	751.546425819397
115	47.96227	17.046963	71.34856	31.198664	27.37117	17.005356	63.56683	5.1631093	400.0	400.0	126499	21.497	9.218497	101.083496	-8.350064	-21.705519	0.8108011	758.5488171577454
116	20.250448	20.841652	46.253437	-4.769575	28.77673	17.608929	64.41519	0.51618576	400.0	400.0	127599	21.354656	9.158993	95.072105	-8.36849	-21.5491	0.8757755	765.4732933044434
117	52.258656	0.30955505	52.56821	51.9491	28.658743	20.447758	66.727425	-8.365373	400.0	400.0	128699	21.12788	9.089494	94.24913	-8.436953	-21.304565	0.87229574	772.3896028995514
118	25.956347	7.949195	37.140686	19.380573	29.12608	19.456007	76.7982	1.944204	400.0	400.0	129799	20.90131	8.994835	88.91413	-7.940498	-21.080507	0.8504335	780.6989026069641
119	34.884357	11.140347	47.997738	20.765232	39.966026	14.924889	66.49027	19.821438	400.0	400.0	130899	20.688715	8.881762	92.280014	-8.699764	-20.876463	0.79222435	787.4970808029175
120	38.14302	23.367249	69.94255	14.456412	21.8	17.474455	65.8193	1.7865517	400.0	400.0	131999	20.544477	8.788966	78.13102	-10.625387	-20.735416	0.8236367	794.4442422389984
121	13.947346	2.5733266	16.520672	11.374019	28.331638	19.724672	52.29347	-16.57872	400.0	400.0	133099	20.413256	8.732811	80.20237	-9.649902	-20.607046	0.8384963	801.2256231307983
122	22.256477	4.9411325	28.598455	16.544489	32.16692	22.86654	74.30833	4.9383965	400.0	400.0	134199	20.350578	8.657285	83.95363	-8.001527	-20.543228	0.77560174	807.6567633152008
123	19.629549	24.793116	53.80948	-4.2314625	25.93952	18.056562	65.24023	-5.7996697	400.0	400.0	135299	20.247307	8.586031	77.49443	-8.838884	-20.438662	0.7555581	814.363166809082
124	26.761162	13.951177	36.974255	7.035363	32.748283	13.495861	61.28353	15.849261	400.0	400.0	136399	20.189861	8.559896	82.09321	-8.959334	-20.38547	0.7721413	821.2555115222931
125	32.05889	25.297365	57.356255	6.761524	16.730124	13.569673	48.54497	-8.681365	400.0	383.3	137499	20.133488	8.55684	79.49663	-11.617323	-20.325539	0.8023767	827.916576385498
126	22.528708	7.469111	31.440233	13.161737	22.402103	14.861173	47.35632	-0.41336563	400.0	383.25	138599	20.043556	8.572275	92.65038	-10.787507	-20.23292	0.80555105	834.7401444911957
127	21.556026	11.710534	34.922104	2.7638793	25.033329	16.885614	50.768475	-1.601807	316.0	400.0	139699	19.969475	8.622072	75.1832	-11.344319	-20.154697	0.7113252	843.0188994407654
128	27.253918	16.326487	43.580402	10.927431	36.47614	17.103445	69.967834	2.6925418	400.0	400.0	140799	19.88093	8.683458	82.15459	-11.186614	-20.060444	0.78011185	849.7504532337189
129	34.174095	12.93099	52.392754	23.695042	28.60523	21.16325	56.555016	-18.213556	400.0	383.05	141899	19.777285	8.729377	82.07155	-12.410305	-19.954174	0.6990323	856.6380658149719
130	17.661604	11.019763	33.19978	8.85493	30.76622	17.91592	60.1825	-7.4232626	400.0	400.0	142999	19.630041	8.704597	92.80381	-12.271644	-19.809126	0.7204874	863.3409869670868
131	4.891536	12.902182	20.264318	-11.307058	30.016342	16.577696	64.87591	-9.878995	400.0	400.0	144099	19.532513	8.726004	110.31757	-18.448862	-19.714958	0.7608967	870.1986231803894
132	14.837587	25.834478	40.672066	-10.99689	27.620428	17.680153	56.01466	-15.504633	400.0	384.6	145199	19.442274	8.802972	73.538345	-12.748203	-19.622568	0.73834753	876.9875702857971
133	41.220005	14.534684	54.844933	21.078754	27.483646	15.63091	56.878117	-1.0500772	400.0	400.0	146299	19.37944	8.914054	78.68538	-12.649677	-19.562191	0.7372086	885.3576917648315
134	49.68687	16.59375	73.082855	36.40783	29.594769	19.413643	57.986538	-13.027934	400.0	400.0	147399	19.312284	9.001681	91.316154	-12.998501	-19.49076	0.7372358	891.7383215427399
135	34.938198	30.57265	70.35194	-4.249615	32.411827	22.285784	70.74788	-23.793695	400.0	400.0	148499	19.24769	9.064139	77.00531	-13.26529	-19.429197	0.7651154	898.1975343227386
136	38.07818	22.756676	60.834854	15.321502	37.617977	14.898226	63.742836	11.998143	400.0	400.0	149599	19.166725	9.126927	85.31889	-12.9000435	-19.34647	0.74722904	904.6523425579071
137	12.021276	29.071486	52.7671	-28.735014	30.656427	18.603395	60.27182	-9.418389	351.25	400.0	150699	19.095812	9.182681	83.30212	-16.1244	-19.274628	0.78504795	911.4198257923126
138	33.753063	4.2567177	38.00978	29.496346	33.469894	19.261906	61.820904	-9.051445	400.0	388.05	151799	19.047304	9.155889	88.885826	-13.135797	-19.234283	0.79464346	918.0749542713165
139	42.966198	1.9016494	45.518723	40.956543	26.0117	19.03047	58.136932	-19.58945	400.0	382.6	152899	19.052986	9.149416	79.51981	-13.000977	-19.23828	0.72606623	924.4002122879028
140	33.498142	16.012459	48.313007	11.258712	34.659096	21.326235	71.39472	-3.466522	400.0	400.0	153999	19.021677	9.152626	81.92954	-12.623356	-19.201014	0.775679	931.4657237529755
141	50.27237	5.040103	54.239273	43.160397	35.691765	20.949366	73.6296	-8.591726	400.0	400.0	155099	18.894701	9.112821	79.185814	-13.591983	-19.068195	0.6979477	937.8112473487854
142	27.56605	5.9315853	32.02419	19.183178	27.281635	28.575378	64.828125	-72.04038	299.66666	365.65	156199	18.780994	9.093773	84.46293	-13.0258	-18.948019	0.75409955	943.9665124416351
143	51.38907	12.630157	67.50677	36.663425	20.96748	17.294481	56.32765	-7.191546	400.0	361.75	157299	18.6281	9.103114	81.076164	-13.571186	-18.793703	0.772584	950.5569589138031
144	37.15762	18.699041	57.53053	12.370147	29.297796	19.11816	61.972332	-1.8870487	400.0	400.0	158399	18.47619	9.090697	113.69874	-21.811281	-18.63804	0.7708372	957.2105901241302
145	49.98789	4.588173	54.57606	45.399715	31.505981	17.138187	70.07621	-6.4669943	400.0	400.0	159499	18.356987	9.075527	78.24317	-13.812648	-18.524647	0.73906994	963.5875155925751
146	5.8240013	5.4138184	13.474552	1.7419276	26.450443	17.196478	45.429115	-31.298174	400.0	393.55	160599	18.230938	8.975019	100.62957	-28.379303	-18.401772	0.72368324	970.331502199173
147	30.365255	26.853102	58.75203	-5.674798	31.189377	17.752684	65.26443	0.879923	400.0	385.3	161699	18.149412	8.938307	86.4757	-13.092213	-18.31557	0.6951161	978.5455839633942
148	37.200962	22.752747	66.54901	11.101077	36.072636	11.433261	56.156567	10.940437	400.0	400.0	162799	18.053339	8.951214	85.31268	-13.908801	-18.215157	0.69013184	985.1607799530029
149	61.177742	6.054632	67.232376	55.12311	30.036106	20.011513	59.43055	-7.7139263	400.0	400.0	163899	17.933136	8.958107	76.83784	-12.612538	-18.095623	0.67027986	992.0192880630493
150	47.556545	16.56567	67.13466	26.624992	35.065987	17.524042	61.995293	6.000756	400.0	386.9	164999	17.823149	9.013292	85.23685	-16.617783	-17.977032	0.65299386	997.9799814224243
151	43.496418	10.381852	57.09619	31.90499	36.890957	17.728937	73.830345	8.133642	400.0	400.0	166099	17.696005	9.022065	97.838905	-21.361584	-17.846615	0.7067081	1004.5498299598694
152	28.487478	14.106244	44.869694	10.437543	36.542763	16.643309	71.71362	2.2909079	400.0	400.0	167199	17.5167	9.01876	83.21165	-14.069072	-17.664661	0.65496266	1013.0067701339722
153	63.563732	5.075115	68.63885	58.488617	40.42782	17.95423	72.43811	6.076876	400.0	400.0	168299	17.409338	9.051661	79.685394	-14.761644	-17.560953	0.69674414	1018.9570786952972
154	38.06777	14.0620165	57.951225	27.815378	40.199944	20.965202	79.870186	6.167192	400.0	400.0	169399	17.251514	9.060671	96.58468	-14.483847	-17.40454	0.7229407	1025.8408818244934
155	9.168975	11.25051	25.029015	0.14108407	22.965353	16.60699	49.576138	-8.390099	400.0	400.0	170499	17.139471	9.041854	75.38439	-16.297256	-17.299788	0.67557	1032.4749464988708
156	43.80127	10.3655815	57.414974	32.286106	32.148895	17.48455	66.81253	-0.6758546	400.0	400.0	171599	17.08391	9.075683	93.91494	-14.89704	-17.243536	0.71797574	1039.1407392024994
157	49.635162	2.6135635	52.248726	47.0216	34.73819	15.234819	60.13304	2.158489	400.0	400.0	172699	16.992147	9.0367365	99.173935	-18.364416	-17.1455	0.65645176	1046.2691028118134
158	17.423216	10.803723	31.64274	5.472537	35.324505	17.534615	62.571156	1.4736224	400.0	400.0	173799	16.916208	9.065311	87.35699	-19.253365	-17.072838	0.66543376	1053.361995458603
159	52.31484	8.2979355	63.340954	43.322964	38.469006	17.76108	74.45943	-6.130886	400.0	400.0	174899	16.819551	9.020631	73.34092	-15.681038	-16.97369	0.6016876	1061.4099593162537
160	30.811941	11.359892	45.982716	18.648737	39.409035	13.616827	69.39991	14.148684	400.0	400.0	175999	16.782118	9.011475	81.55867	-15.423504	-16.937645	0.640322	1067.7943935394287
161	37.520393	3.2325706	40.752964	34.287823	31.22107	15.006399	60.58114	0.31048447	400.0	400.0	177099	16.73176	8.954923	84.066505	-15.480744	-16.884832	0.6528125	1074.2128813266754
162	40.078323	23.914026	65.751274	8.176285	32.951073	15.842442	64.39708	-3.352141	400.0	400.0	178199	16.662096	8.933476	82.67646	-15.12271	-16.812252	0.65800124	1080.7535076141357
163	48.25517	10.079983	61.540855	37.137173	34.839333	17.747097	69.17094	-0.45593148	400.0	400.0	179299	16.613342	8.948656	86.34335	-14.549105	-16.760132	0.6228138	1089.0113706588745
164	33.589417	11.7512865	49.83621	22.437748	37.83039	15.724615	63.296757	-8.102271	400.0	400.0	180399	16.541466	8.94864	76.55528	-14.697286	-16.692055	0.6524728	1095.3904569149017
165	25.951122	4.8362427	30.787365	21.11488	29.807144	16.456413	59.51599	-4.391711	400.0	400.0	181499	16.485802	8.933185	92.10132	-14.982899	-16.633938	0.6696758	1102.1745233535767
166	28.25596	20.511553	50.741306	1.1421622	31.517797	13.29139	54.858345	9.832789	400.0	400.0	182599	16.408777	8.954975	79.41872	-14.427047	-16.556463	0.68264085	1108.5808401107788
167	37.438816	1.7502046	39.862656	35.79264	31.100498	18.104849	64.78042	-1.1734772	400.0	384.9	183699	16.346016	8.940531	76.494026	-14.053669	-16.492731	0.72045374	1116.6177117824554
168	44.00078	13.769174	55.88626	24.700016	27.315182	19.850851	74.34688	-8.404345	400.0	354.65	184799	16.267445	8.931689	81.76882	-14.512094	-16.417429	0.68613726	1122.6276166439056
169	28.079266	6.6622076	34.741474	21.417059	36.499107	17.207703	65.768814	-6.9436493	400.0	400.0	185899	16.206093	8.863736	80.726456	-19.319199	-16.360058	0.6369437	1129.4275782108307
170	23.547249	11.760067	35.8921	7.723282	32.679443	15.712543	66.94405	-4.3293304	400.0	370.15	186999	16.171202	8.818933	92.09204	-13.194405	-16.326939	0.6344356	1135.8682835102081
171	37.41186	11.902654	53.649345	25.450226	31.921803	16.297388	56.856842	1.0180683	400.0	384.35	188099	16.194221	8.756241	80.1143	-13.183204	-16.354994	0.64795077	1142.67280960083
172	29.037827	18.055452	49.105015	5.3301716	35.28991	16.194653	61.231804	9.554023	400.0	384.35	189199	16.203737	8.690876	82.87734	-20.283066	-16.358303	0.6379175	1148.9965512752533
173	18.036076	1.4280691	19.464146	16.608007	33.293415	14.306263	57.650692	10.575828	400.0	400.0	190299	16.124287	8.616403	74.77048	-12.52354	-16.275492	0.6605504	1155.7579185962677
174	21.929554	23.388903	60.682217	1.8408641	31.103878	12.852364	52.826134	10.667502	322.5	400.0	191399	16.109705	8.604505	75.3915	-12.673164	-16.266247	0.6191688	1162.5950939655304
175	40.534252	38.168056	67.76952	-13.442779	31.017633	12.992475	58.256413	6.0548162	300.33334	384.55	192499	16.101418	8.574594	86.92003	-12.782025	-16.257368	0.5876443	1169.3421592712402
176	30.351654	4.3896604	35.424522	24.71632	31.17129	17.912971	64.507545	-7.9801025	400.0	384.8	193599	16.139736	8.558985	85.05158	-26.317823	-16.30481	0.5941702	1175.714124917984
177	35.177334	16.266092	53.050854	13.699376	30.809082	15.1499195	56.291138	4.8192844	400.0	400.0	194699	16.175236	8.527233	84.45651	-13.895771	-16.343693	0.5901899	1184.0984375476837
178	44.924557	10.25241	55.01565	30.862623	35.341698	16.059338	72.87148	11.701064	400.0	400.0	195799	16.226847	8.493568	77.61107	-13.437429	-16.399773	0.60187167	1190.0326209068298
179	50.916443	9.86928	60.785725	41.047165	36.154976	14.043624	56.390434	6.794576	400.0	400.0	196899	16.30392	8.503068	78.76513	-13.948754	-16.475075	0.6047045	1196.4843940734863
180	45.90747	10.960101	61.23014	36.2219	33.310688	17.047901	68.64029	4.451896	400.0	400.0	197999	16.393309	8.494484	128.24611	-24.80211	-16.569075	0.6476935	1203.3163437843323
181	33.170273	4.6043634	38.85935	27.582369	42.17312	17.41073	73.00225	11.215522	400.0	400.0	199099	16.496307	8.468204	70.89519	-13.7568	-16.676033	0.53567153	1211.474291563034
182	44.457798	16.727196	60.91914	21.514315	31.217747	16.380024	58.794865	-0.2378833	400.0	400.0	200199	16.602123	8.46639	79.95478	-13.996564	-16.775978	0.6449363	1218.252055644989
183	43.570297	12.89887	56.469166	30.671425	32.59208	17.626932	59.300144	7.012839	400.0	400.0	201299	16.647394	8.407607	90.470795	-13.481226	-16.813366	0.6365979	1226.5056836605072
184	48.538193	7.7522817	54.211082	37.57706	32.38939	18.45899	73.78909	-0.4395017	400.0	400.0	202399	16.649708	8.403063	71.439735	-13.8165	-16.811558	0.5575033	1233.2478272914886
185	37.7603	2.1758144	39.638973	34.71047	29.13703	16.506205	54.18593	-4.630168	400.0	400.0	203499	16.67002	8.391326	74.2921	-14.101843	-16.832151	0.60188955	1239.9436659812927
186	31.022705	7.818523	39.65731	20.724045	30.426386	17.990625	65.62375	5.4591837	400.0	400.0	204599	16.67259	8.304449	89.32304	-13.306033	-16.83625	0.62913674	1247.9433617591858
187	32.29637	20.732903	53.029274	11.563467	37.567852	19.471445	72.98876	3.221159	400.0	400.0	205699	16.703537	8.249098	83.52674	-12.118122	-16.864275	0.55105466	1255.9841089248657
188	22.04273	19.410492	47.718925	0.7962719	39.73243	16.915625	86.319695	16.598383	400.0	400.0	206799	16.706789	8.249335	105.55035	-12.481315	-16.863958	0.5679034	1262.9224298000336
189	22.731903	10.851062	32.9745	7.7143817	35.250008	12.9713	58.870266	11.167675	400.0	400.0	207899	16.6806	8.210227	77.57067	-12.883021	-16.832317	0.5516545	1269.5615413188934
190	43.09206	6.6144834	49.30351	33.92907	35.202644	17.800861	75.83111	0.019982127	400.0	400.0	208999	16.64134	8.214243	74.908844	-12.391753	-16.785704	0.5256104	1276.3339867591858
191	71.34842	8.151773	79.50019	63.196644	31.407135	14.943777	65.367035	1.9346178	400.0	400.0	210099	16.54777	8.223603	72.802795	-12.047016	-16.681816	0.55051756	1283.09858751297
192	13.120381	8.2795725	20.809402	1.6282434	41.117897	16.502373	63.074215	10.308222	400.0	400.0	211199	16.417767	8.252676	82.12374	-11.374316	-16.545044	0.5260589	1289.4814355373383
193	54.508167	15.51971	68.69158	32.91077	35.849365	15.868946	61.629826	9.357177	400.0	400.0	212299	16.269981	8.275054	74.56789	-12.154156	-16.398693	0.55103105	1295.9994614124298
194	52.04347	2.0214777	54.531616	49.580215	33.544743	16.924065	76.52486	3.4537344	400.0	400.0	213399	16.149282	8.303827	70.90819	-12.0186825	-16.277918	0.5898233	1302.5262575149536
195	41.688248	8.417587	50.105835	33.27066	35.391743	17.455433	68.502464	6.228771	400.0	400.0	214499	16.024166	8.312145	90.909035	-11.651737	-16.1518	0.5564594	1308.9768559932709
196	36.25774	4.4054103	42.41427	32.352234	38.106857	18.683989	67.25319	-0.5386935	400.0	400.0	215599	15.899469	8.311976	80.17426	-12.210411	-16.02818	0.576933	1315.829416513443
197	36.44591	22.20793	60.414543	6.8855715	29.35703	15.721016	56.72364	3.7005258	400.0	400.0	216699	15.766954	8.294473	82.66537	-11.461396	-15.8934555	0.5124456	1322.626158952713
198	33.78287	18.335499	50.263554	8.2053995	39.249947	18.449465	76.44033	1.6855959	400.0	400.0	217799	15.646303	8.312357	72.47598	-12.369096	-15.768885	0.5178766	1329.426866054535
199	52.375874	12.396763	64.77264	39.97911	36.63519	16.0292	59.858574	-0.031223701	400.0	400.0	218899	15.524714	8.299339	71.65645	-10.958713	-15.650444	0.5175336	1335.9456131458282
200	24.035355	25.205269	49.85473	-10.15762	42.002	13.519699	62.83692	16.334375	400.0	400.0	219999	15.403068	8.267565	68.68793	-12.561558	-15.526888	0.5759892	1343.0542826652527
201	39.13333	23.685108	61.253883	4.3134184	33.144978	16.526318	71.40748	6.1337748	323.0	400.0	221099	15.304633	8.292319	71.63262	-11.967468	-15.427152	0.52828544	1349.5457181930542
202	21.581959	3.765624	25.347584	17.816336	25.645395	15.873744	55.477825	-19.567947	400.0	400.0	222199	15.168724	8.271933	83.37748	-13.16403	-15.288593	0.55850905	1357.86851978302
203	25.650137	27.099089	63.97342	6.300351	38.490868	18.266254	66.01567	3.6514847	400.0	400.0	223299	15.041547	8.2512045	72.140564	-12.839072	-15.15913	0.58375055	1365.7453608512878
204	39.49324	8.821807	51.874523	31.974335	35.69072	15.616337	66.07533	7.7357492	400.0	400.0	224399	14.941228	8.251824	71.92103	-13.866899	-15.063221	0.5463245	1372.3511567115784
205	37.680504	17.28821	61.539173	21.12557	34.066994	12.817521	55.643227	7.149402	400.0	400.0	225499	14.830719	8.279002	77.570366	-13.2084465	-14.946083	0.5577426	1378.6473557949066
206	62.413742	4.171114	66.584854	58.242626	37.137318	22.792023	77.87392	-1.106568	400.0	400.0	226599	14.683785	8.3030205	77.20364	-13.441468	-14.796426	0.49662498	1386.7333898544312
207	49.753906	7.2196755	59.08391	41.49741	34.812664	18.414288	77.834076	9.887558	400.0	400.0	227699	14.561373	8.331163	67.34336	-13.358244	-14.670821	0.49050117	1393.3251106739044
208	50.160397	9.170259	58.040756	37.30027	36.979218	16.2916	63.471718	5.2083306	400.0	400.0	228799	14.43279	8.362717	80.207344	-13.553509	-14.539937	0.5981602	1399.680279493332
209	36.928806	8.380763	46.33852	25.983057	29.12908	17.023077	62.996655	7.4142003	400.0	400.0	229899	14.287674	8.334655	66.626564	-13.115188	-14.396111	0.546617	1407.687844991684
210	39.688835	21.010897	60.699734	18.67794	21.669985	20.911827	69.97046	-5.012674	400.0	400.0	230999	14.181421	8.386903	70.658554	-13.462124	-14.288574	0.5217826	1414.3466124534607
211	22.59831	16.389242	35.328735	-0.54078364	43.93778	22.711353	77.99724	-1.6245015	400.0	400.0	232099	14.020703	8.370571	68.794556	-12.8013115	-14.129337	0.54866153	1421.0238602161407
212	26.840303	18.904575	44.612633	0.65723944	43.128193	20.25724	84.32192	0.076212205	400.0	400.0	233199	13.906056	8.398766	77.56758	-15.350528	-14.015118	0.5376911	1427.4107236862183
213	29.621912	12.1080475	46.307304	17.946722	37.35878	21.603333	69.58482	-1.9073436	400.0	400.0	234299	13.793186	8.421882	68.56685	-19.259485	-13.900951	0.504589	1433.7752568721771
214	38.590176	9.418387	48.008564	29.17179	34.839462	13.965031	65.23841	8.304848	400.0	400.0	235399	13.694842	8.476417	71.11382	-13.073161	-13.801623	0.48830637	1440.2528758049011
215	46.157227	1.1903225	47.570526	44.658592	33.557457	20.154556	66.05338	-5.667631	400.0	400.0	236499	13.567576	8.489891	75.093994	-13.541487	-13.673063	0.56077576	1448.4865880012512
216	38.152172	6.7937245	45.606934	29.175797	44.117546	14.200587	67.35892	9.235392	400.0	400.0	237599	13.466495	8.498259	76.225494	-12.973426	-13.575224	0.5545429	1455.5803852081299
217	46.24615	7.3298526	56.452686	39.574417	36.561573	17.852783	64.80288	3.1577826	400.0	400.0	238699	13.37681	8.502456	69.90107	-13.187389	-13.486386	0.5009608	1462.5582859516144
218	32.2406	0.71989155	32.96049	31.520708	29.160604	14.523971	66.16646	7.371437	400.0	400.0	239799	13.314113	8.528037	69.542854	-12.71592	-13.4259	0.49463347	1468.9720237255096
219	39.134933	12.563418	52.088047	22.126434	38.480858	17.662455	75.060616	-5.652568	400.0	400.0	240899	13.251935	8.527945	77.18045	-13.674009	-13.36623	0.53904206	1475.3229699134827
220	25.539873	10.870135	35.999424	10.5536585	33.22335	19.16783	57.709465	-0.8857223	400.0	400.0	241999	13.18421	8.488251	87.37229	-34.429066	-13.295938	0.5367163	1481.806345462799
221	42.01932	11.292541	54.71504	27.281214	31.581089	17.852497	68.33948	1.8408321	400.0	400.0	243099	13.113448	8.470149	76.13221	-15.536028	-13.224269	0.47438353	1488.2626502513885
222	35.774467	9.929403	45.70387	25.845062	29.483374	17.31667	60.92371	6.4549084	400.0	400.0	244199	13.076561	8.506549	81.24368	-17.055737	-13.188631	0.5117697	1495.164230108261
223	21.849504	17.870445	40.241806	-2.357363	34.735027	18.652025	63.251827	-4.5894537	400.0	400.0	245299	13.050272	8.5185585	68.41907	-17.594498	-13.166261	0.52976793	1501.965812921524
224	27.881851	10.762679	37.88535	12.945293	31.005865	19.949978	55.683064	-4.0210733	400.0	400.0	246399	13.007967	8.506367	172.63959	-36.90848	-13.124015	0.58496565	1508.7006647586823
225	40.811443	9.769609	48.06898	27.001122	31.814014	16.94949	58.16627	2.9622865	400.0	400.0	247499	12.982528	8.511925	72.797966	-17.894457	-13.097496	0.47909302	1515.1182339191437
226	54.618057	3.0474854	57.665543	51.57057	34.02323	17.921915	66.78915	3.7255795	400.0	400.0	248599	12.946424	8.490551	76.97788	-19.682053	-13.063134	0.50611496	1521.5187220573425
227	42.183086	5.681381	48.84329	34.960888	36.653854	21.14483	79.40592	-3.7417111	400.0	400.0	249699	12.940288	8.486615	76.3612	-20.261406	-13.057295	0.48696277	1530.0519683361053
228	18.634697	17.564758	41.054153	-1.8382424	23.736004	16.983278	55.160065	-1.9923649	400.0	400.0	250799	12.924021	8.484665	68.72255	-19.839212	-13.044479	0.5207049	1536.4816589355469
229	22.461843	26.137716	57.781296	-4.641005	37.71177	18.155727	69.2097	4.504236	400.0	400.0	251899	12.933296	8.482353	69.15939	-18.888897	-13.050412	0.49427068	1543.4513971805573
230	20.823284	0.51409435	21.337378	20.309189	38.214348	16.462631	73.030495	3.976904	400.0	400.0	252999	12.914158	8.499665	86.09152	-21.572153	-13.031312	0.4982267	1550.2226884365082
231	39.403534	6.6391625	45.38409	30.144888	33.80583	17.448229	63.7281	5.8947835	400.0	400.0	254099	12.937975	8.513848	87.936554	-38.514393	-13.054315	0.51891255	1556.7167015075684
232	34.083347	18.355766	54.86719	10.222011	40.46456	11.208178	62.274647	18.671524	400.0	400.0	255199	12.896886	8.474552	70.0089	-15.9630785	-13.016069	0.48084712	1563.1409468650818
233	39.77279	1.0040888	41.164215	38.831635	32.19895	18.268972	64.92293	-7.009472	400.0	400.0	256299	12.90856	8.514551	74.741806	-15.884244	-13.02285	0.50251895	1569.496721982956
234	39.262886	2.6392689	41.902157	36.62362	33.376854	15.097269	61.328392	7.9422407	400.0	400.0	257399	12.854452	8.502771	81.530205	-17.651735	-12.969453	0.49491233	1576.3831770420074
235	35.099293	20.008574	59.40526	10.399215	31.39719	16.911438	60.20536	10.945624	400.0	400.0	258499	12.852523	8.524703	73.87528	-15.069106	-12.964507	0.48192406	1583.186672449112
236	35.765285	4.275902	39.254597	29.743538	34.424004	14.54584	56.247143	5.07714	400.0	400.0	259599	12.830145	8.5596	71.20738	-14.161497	-12.940648	0.4492612	1590.0345387458801
237	41.800236	6.442672	50.89503	36.777893	42.17211	17.031384	76.82485	10.507457	400.0	400.0	260699	12.808567	8.547428	72.952835	-12.07542	-12.923061	0.4744432	1596.575760126114
238	32.486958	7.3706636	39.85762	25.116293	37.97387	17.725058	67.29998	6.612424	400.0	400.0	261799	12.799027	8.61304	72.04828	-12.517031	-12.912934	0.53068763	1604.924688577652
239	45.941727	20.21892	72.97496	24.356014	35.003807	16.699207	66.7023	9.809594	400.0	400.0	262899	12.791612	8.665243	71.92313	-18.378439	-12.90105	0.49206755	1612.771150112152
240	40.04798	24.203644	71.086716	12.031724	43.281036	17.748852	72.55609	14.182788	400.0	400.0	263999	12.755016	8.681272	78.03189	-30.591496	-12.866156	0.5400018	1619.1326687335968
241	39.737743	14.493838	59.218456	24.47621	38.87531	13.348037	72.87969	11.431761	400.0	400.0	265099	12.718416	8.722185	72.13579	-30.978617	-12.834416	0.58181804	1627.1793885231018
242	22.908592	11.211044	34.119637	11.697548	32.993088	16.727118	68.72606	6.9489403	400.0	400.0	266199	12.719921	8.798028	72.8206	-9.832953	-12.839154	0.5094177	1633.5216088294983
243	27.508204	7.6740227	38.31527	21.243597	33.671867	17.806658	65.6073	-9.283326	400.0	400.0	267299	12.765874	8.842493	83.19346	-9.754305	-12.896709	0.5735608	1640.2055883407593
244	20.34774	17.448036	41.09173	-1.596472	33.29899	14.666002	59.815037	5.704325	400.0	400.0	268399	12.793559	8.857686	85.837234	-9.129721	-12.916409	0.51942885	1646.9110107421875
245	46.251118	3.8938494	49.645042	40.79862	31.609776	17.624928	59.892982	5.956411	400.0	400.0	269499	12.803067	8.907316	72.23785	-9.543533	-12.919771	0.5746927	1653.7699236869812
246	34.73644	9.557167	44.293606	25.179272	39.371094	14.894636	67.098274	7.4210615	400.0	400.0	270599	12.772705	8.924748	81.276375	-9.56602	-12.884751	0.5875836	1660.5158472061157
247	41.759205	10.452347	56.28257	32.11398	27.558247	18.974844	64.97072	-2.8168786	400.0	400.0	271699	12.731426	8.969335	76.96395	-9.397681	-12.842207	0.4927381	1668.7809450626373
248	27.905441	11.031852	38.449894	12.675127	33.02814	16.083399	59.45836	9.614111	400.0	400.0	272799	12.701628	8.994437	77.409065	-12.118417	-12.811919	0.5697836	1676.0230293273926
249	30.267527	16.732574	48.082222	7.8714414	31.809505	17.420452	62.02162	-0.6194307	400.0	400.0	273899	12.638583	8.983928	74.07966	-13.092586	-12.745914	0.6296662	1682.4711654186249
250	22.105042	15.511642	37.616684	6.5933986	32.807922	15.778004	59.820965	6.5555153	400.0	400.0	274999	12.586392	8.962331	74.34274	-9.402685	-12.695653	0.54517287	1689.2594377994537
