Epoch	AverageEpRet	StdEpRet	MaxEpRet	MinEpRet	AverageTestEpRet	StdTestEpRet	MaxTestEpRet	MinTestEpRet	EpLen	TestEpLen	TotalEnvInteracts	AverageQVals	StdQVals	MaxQVals	MinQVals	LossPi	LossQ	Time
1	4.2806563	47.56914	76.30225	-57.14159	-1.3570957	9.265935	10.357602	-23.927927	200.0	49.75	1099	0.31819534	0.21622291	1.1681266	-0.27230483	-0.32529002	0.060373172	1.5842852592468262
2	-2.009329	49.157227	82.66246	-63.636967	1.0098419	14.929611	22.145262	-24.910038	195.57143	55.6	2199	0.5471168	1.0024028	3.856045	-3.0825148	-0.55607605	0.043260843	9.351033687591553
3	-29.327852	37.589672	34.24958	-63.74817	0.023797512	10.708416	18.422194	-21.834312	238.0	51.7	3299	1.0257107	2.3563602	7.5668907	-5.0795593	-1.042074	0.06783912	16.616748094558716
4	-16.072674	35.557484	28.632267	-55.53823	-5.800292	11.753494	13.683036	-24.66424	252.8	50.1	4399	1.2224245	3.3202853	10.934452	-6.868848	-1.2341175	0.088511296	23.8388934135437
5	4.0386	74.45979	122.30342	-65.565125	-4.1663904	12.318721	16.078503	-28.927608	187.4	50.4	5499	1.1663051	4.571148	13.7576065	-8.493195	-1.1832482	0.14058083	30.926658630371094
6	58.92502	24.278229	101.09109	35.067463	-4.694913	15.382507	27.176867	-26.723534	231.0	52.15	6599	1.5619191	6.1861243	16.686756	-10.152894	-1.5911139	0.21102786	38.15200686454773
7	31.4871	42.255344	88.96841	-14.166012	2.8497894	55.625267	199.51	-91.97527	219.0	137.75	7699	2.2303367	7.4827585	19.542475	-11.185098	-2.2862477	0.26351768	45.942774057388306
8	-9.831254	33.96546	39.135376	-52.661514	27.709976	59.182022	166.98367	-99.04503	162.5	184.65	8799	2.2851315	8.362957	22.22696	-11.663343	-2.3542166	0.32351255	53.49529314041138
9	46.65668	40.443943	111.36583	-10.538449	-17.905079	48.16624	20.68016	-177.12852	240.6	122.15	9899	2.7524843	9.264355	24.821594	-12.70394	-2.8280473	0.37040672	61.028366804122925
10	38.312084	23.627724	65.88824	4.9895096	8.392279	36.37059	91.75334	-50.081245	200.5	254.5	10999	3.22935	10.068548	27.178217	-13.84571	-3.3056529	0.4264361	68.80864524841309
11	8.555362	86.06921	126.47759	-76.53281	16.86301	24.723757	95.29315	-19.707579	303.0	81.7	12099	3.7403364	10.897221	29.493385	-14.701995	-3.8232725	0.4790037	74.80081295967102
12	39.79123	54.42173	113.068886	-48.2743	7.721096	25.567553	69.1136	-28.444721	184.0	75.45	13199	4.000835	11.768636	32.60179	-15.374019	-4.0915174	0.5584787	81.31966090202332
13	34.67181	74.66484	166.87225	-60.272865	15.799959	25.170658	57.74931	-26.353722	219.4	83.85	14299	4.6900735	12.558486	34.66254	-15.212027	-4.7920427	0.594286	88.25664186477661
14	3.0272906	26.465223	51.806633	-36.89426	15.219337	41.524082	145.94385	-23.301294	124.55556	82.6	15399	5.203447	13.190386	36.55161	-15.031232	-5.3169923	0.64557725	95.32142758369446
15	29.46892	29.521948	75.431114	-19.469095	64.846634	131.57695	312.93036	-125.07087	100.888885	228.65	16499	5.7829223	13.906025	38.32423	-16.20683	-5.8927727	0.77912265	102.72422504425049
16	-9.766692	39.900913	75.72577	-64.385414	92.82286	118.32818	331.22827	-29.440594	163.25	170.8	17599	6.02876	14.552568	40.223618	-17.383944	-6.157437	0.84098554	110.29357576370239
17	73.688194	119.01898	311.99115	-15.574526	86.74242	124.10739	328.79932	-24.15478	157.0	173.5	18699	6.6257687	15.220276	42.09546	-18.534136	-6.7821565	0.91634256	116.68408036231995
18	215.17964	139.31842	315.0886	18.16027	166.15115	150.40279	330.221	-26.586498	292.33334	268.4	19799	8.474522	16.52161	43.965824	-19.214596	-8.657871	0.9513658	123.57446002960205
19	209.88104	138.39116	312.3764	-25.907331	125.462814	155.38196	333.36765	-29.92981	315.25	232.2	20899	10.634009	17.854834	45.73375	-19.46434	-10.816538	0.95738906	130.2015838623047
20	126.15084	99.99086	207.21565	-14.7241335	185.47359	129.62302	322.45206	-33.373425	284.33334	308.2	21999	12.1022	18.560741	47.464504	-20.013063	-12.289959	0.9677732	138.28941011428833
21	72.40008	119.74208	254.58928	-24.400534	166.28403	108.02313	318.56873	-27.250113	192.66667	297.0	23099	13.363818	19.15815	49.131847	-20.36154	-13.566991	1.0216345	145.87635684013367
22	142.77464	137.71655	309.59244	-20.808073	232.91548	102.53172	327.5204	-23.199284	268.2	355.05	24199	14.781679	19.991426	50.738426	-20.887081	-14.99973	1.0451921	155.16609287261963
23	145.23717	137.7805	297.4343	-30.45541	249.46672	82.265366	328.9269	44.096554	262.5	368.4	25299	16.687943	20.97912	52.912964	-21.054867	-16.918758	1.0745012	162.99576616287231
24	151.36093	139.11023	308.32867	12.628573	196.47458	108.63757	327.0038	-35.48042	258.75	358.4	26399	18.558865	21.890001	54.645145	-21.350817	-18.801605	1.1169524	172.10954332351685
25	219.36096	90.50428	309.01352	95.42494	232.70029	104.45617	325.45758	-10.972171	400.0	367.3	27499	20.589832	22.645666	56.61222	-21.938173	-20.8422	1.1569986	180.99980521202087
26	207.58466	109.042885	304.14957	55.177547	231.71765	105.680016	324.68137	-28.556791	304.33334	367.2	28599	22.448168	23.257406	58.5952	-22.384136	-22.705927	1.1234231	188.52343153953552
27	283.88052	9.473952	297.09567	275.36145	212.89078	106.65193	322.85022	-33.28145	400.0	383.25	29699	24.545315	24.052063	60.213844	-22.6675	-24.811365	1.1417352	196.80973553657532
28	155.97429	145.44716	284.91214	-47.287964	245.50778	80.57027	312.32916	-16.25788	400.0	380.05	30799	26.23687	24.493168	61.631763	-22.62072	-26.505291	1.1657053	205.28549647331238
29	187.15442	139.7891	304.28268	-9.330734	231.74673	93.01688	319.54715	-8.772413	290.33334	383.1	31899	27.825626	24.958118	63.170193	-22.575205	-28.097204	1.1968138	216.1963028907776
30	254.07043	42.944054	301.08246	197.26743	228.11142	112.77636	314.44995	-13.206356	400.0	367.05	32999	29.597647	25.285854	64.64848	-22.188314	-29.87086	1.182174	228.25708413124084
31	278.77502	6.5592375	287.92523	272.8806	260.95654	86.72528	319.0653	-20.478735	400.0	382.1	34099	31.174837	25.43833	66.11378	-21.939552	-31.457514	1.1802524	237.1898238658905
32	289.11218	11.269989	300.38217	277.8422	224.66231	99.24066	313.1535	42.25216	400.0	400.0	35199	32.87833	25.65902	67.4079	-21.445814	-33.166462	1.1622045	246.31664848327637
33	213.62012	82.09302	293.87473	100.84095	248.96358	100.05609	312.61603	-22.784298	400.0	385.7	36299	34.507214	25.83605	68.726204	-20.53321	-34.80169	1.1294866	255.2930748462677
34	251.9398	27.67809	281.40768	214.89336	257.916	90.93386	315.4156	-34.712395	400.0	383.25	37399	35.92727	25.909363	69.8848	-19.806576	-36.227493	1.1634126	265.5935242176056
35	271.96866	8.345925	279.3676	260.3053	254.08614	71.8188	319.36636	40.194813	400.0	400.0	38499	37.313225	25.98073	70.94969	-19.112644	-37.613396	1.1353427	275.64293336868286
36	248.99701	41.253105	290.25012	207.74391	242.30864	77.15154	312.91583	28.440208	400.0	400.0	39599	38.777653	26.112295	71.96501	-18.45313	-39.07921	1.135156	285.51037216186523
37	200.79265	64.05375	261.08856	112.09876	214.28445	90.47386	326.78775	-28.166683	400.0	382.65	40699	40.041378	26.118116	73.06123	-17.692978	-40.34733	1.1670266	295.11894488334656
38	279.9221	5.1856914	283.60596	272.58844	266.15155	41.32101	308.60287	132.05318	400.0	400.0	41799	41.369106	26.157885	74.16599	-17.381414	-41.67591	1.1709036	304.66938495635986
39	286.87625	11.834298	302.885	274.64508	267.68768	34.676704	321.99902	169.39067	400.0	400.0	42899	42.770725	26.254469	75.24593	-17.017027	-43.080204	1.1877608	316.46939849853516
40	240.46988	5.326515	245.79639	235.14336	263.7881	64.984604	311.2084	5.893873	400.0	385.1	43999	44.086132	26.370777	76.1449	-16.69858	-44.39848	1.1734551	326.13170337677
41	200.19559	116.998604	278.8369	-1.4557619	267.03473	19.854849	319.63712	230.0084	319.75	400.0	45099	45.376694	26.468742	77.316055	-16.060972	-45.69024	1.169385	334.0450105667114
42	245.95824	21.968998	264.5307	215.10228	281.7382	23.220402	311.17386	219.4688	400.0	400.0	46199	46.581993	26.557049	78.36461	-15.421975	-46.90565	1.1570907	343.8056709766388
43	276.6957	4.2351685	280.93088	272.46054	256.4842	29.42878	293.33624	190.84818	400.0	400.0	47299	47.980587	26.749063	79.39126	-16.043789	-48.303318	1.1668675	352.7987060546875
44	263.6346	13.2359495	274.2742	244.97748	253.33028	45.30179	322.1273	169.4483	400.0	400.0	48399	49.23299	26.882545	81.357315	-15.953615	-49.559784	1.1665825	363.311687707901
45	232.11823	30.246227	254.95215	189.37698	253.32759	33.329082	307.10464	163.80449	400.0	400.0	49499	50.4035	27.002337	82.471504	-16.712887	-50.73441	1.1860113	373.3853611946106
46	229.07368	17.119682	253.0606	214.2348	269.02472	37.257843	323.6109	204.20192	400.0	400.0	50599	51.46211	27.038532	86.4271	-18.217924	-51.7916	1.1675664	381.9015510082245
47	286.5902	4.8559723	291.44617	281.73422	251.27884	59.321632	310.63837	96.70489	400.0	400.0	51699	52.621822	27.092974	84.12956	-19.036236	-52.9513	1.1797898	391.8248987197876
48	293.80066	3.5737607	297.7033	289.0682	250.1271	45.44623	307.88287	157.95741	400.0	400.0	52799	53.888504	27.075127	85.54813	-19.393732	-54.218815	1.1302418	401.5694546699524
49	243.39095	53.797684	292.8618	168.59793	232.68481	43.666756	296.98828	139.25124	400.0	400.0	53899	54.984993	27.063072	86.43708	-18.621336	-55.32304	1.1751353	409.9930090904236
50	200.80418	10.748522	213.83066	187.50645	226.0842	57.970135	310.66965	39.149765	400.0	400.0	54999	55.855354	26.937988	87.02465	-19.623846	-56.204388	1.1722316	418.3518736362457
51	217.37552	14.003151	231.37868	203.37238	210.02917	37.79732	257.10208	138.55261	400.0	400.0	56099	56.871437	27.007954	88.85378	-20.28657	-57.22047	1.1555464	426.3775420188904
52	197.68956	36.094524	246.68834	160.79819	214.78503	41.63635	274.45175	117.39133	400.0	400.0	57199	57.89235	26.952435	89.481224	-20.946447	-58.225693	1.1900148	434.29989409446716
53	155.26917	27.004978	193.23347	132.69023	211.43518	42.826157	272.16763	131.38197	400.0	400.0	58299	58.58252	26.829567	89.19323	-22.496773	-58.92439	1.1313812	441.83291721343994
54	230.93864	36.750027	280.02008	191.59569	223.50388	47.234554	303.0972	112.74907	400.0	400.0	59399	59.479656	26.725248	91.05719	-23.830738	-59.81818	1.1433157	449.7387578487396
55	212.04904	11.48359	223.53264	200.56546	237.59941	52.54425	304.3588	135.1773	400.0	400.0	60499	60.148792	26.779978	90.64294	-24.099337	-60.489277	1.1489933	457.5788278579712
56	205.7209	53.889927	247.63791	129.64062	227.44292	36.08331	288.75995	129.89641	400.0	400.0	61599	60.88763	26.644405	92.20476	-24.513306	-61.217144	1.1712176	465.7556343078613
57	273.69095	25.095207	291.70306	238.20233	238.49951	44.022163	287.77292	102.89281	400.0	400.0	62699	61.55822	26.685476	93.333115	-25.709167	-61.879375	1.1316751	473.74086809158325
58	253.75533	21.930624	283.18948	230.57353	246.0607	26.996832	302.4882	207.52394	400.0	400.0	63799	62.227703	26.643135	95.87048	-25.487972	-62.544445	1.1714706	481.3424253463745
59	249.38309	25.743233	275.1263	223.63985	221.44003	73.73256	309.09323	-15.275511	400.0	383.75	64899	62.756805	26.583551	94.831406	-25.289955	-63.064404	1.0977973	489.31228041648865
60	244.72926	14.375318	265.05713	234.32439	259.04205	54.22085	304.58075	88.280334	400.0	382.5	65999	63.30706	26.538992	95.55861	-24.310528	-63.61099	1.0620929	498.62851452827454
61	226.48662	93.70978	292.8149	93.96098	240.32137	71.20757	314.16055	-10.15552	329.66666	384.25	67099	63.816692	26.519995	96.19214	-25.545916	-64.11203	1.0462842	507.9280240535736
62	236.82057	15.677192	258.17126	220.97101	260.02255	43.991318	324.5011	151.67833	400.0	400.0	68199	64.21841	26.454485	96.06919	-24.322866	-64.51375	1.0508213	515.3754744529724
63	189.652	112.62871	297.66074	0.49418285	255.98784	33.32971	299.5933	202.69684	325.75	400.0	69299	64.6005	26.338278	97.43713	-23.429873	-64.89994	1.0681252	524.8804457187653
64	222.40366	3.8607635	226.26442	218.5429	247.6825	67.80881	303.60605	-14.785581	400.0	384.05	70399	64.98717	26.252634	96.716965	-20.420147	-65.29155	1.032651	534.1172668933868
65	235.0631	17.794317	249.84793	210.03511	276.26666	31.803127	317.01605	194.3243	400.0	400.0	71499	65.41199	26.144583	97.03969	-19.574507	-65.722595	1.0233355	542.3965859413147
66	265.1478	15.576715	285.60867	247.84874	261.64877	38.653893	316.36765	171.58517	400.0	400.0	72599	65.90882	25.999218	97.19678	-18.493324	-66.21601	1.0475057	551.887316942215
67	254.09901	4.690013	258.85416	247.71696	264.19806	38.7861	313.02814	187.52213	400.0	400.0	73699	66.35098	25.88301	97.446815	-18.159145	-66.65932	1.0106397	559.2321348190308
68	293.14386	2.8634186	296.00726	290.28043	271.35385	30.121264	315.4865	208.63254	400.0	400.0	74799	66.758224	25.828136	97.52696	-17.914082	-67.06366	1.0123522	567.1038954257965
69	261.80478	15.987927	283.59436	245.68202	270.23047	43.37262	316.0762	163.7476	400.0	400.0	75899	67.30643	25.654501	98.85041	-18.736229	-67.62512	1.0065042	574.7842886447906
70	265.21872	9.459805	278.26328	256.12515	248.94992	24.139742	291.3004	202.16553	400.0	400.0	76999	67.707855	25.682516	97.59168	-19.186562	-68.03834	1.0296336	582.571809053421
71	281.73862	15.702816	303.70404	267.92615	264.062	25.495138	316.63782	213.2329	400.0	400.0	78099	68.33993	25.468262	97.68624	-20.010397	-68.66896	0.9870488	592.7256608009338
72	256.22913	10.508774	266.7379	245.72037	261.02325	29.963896	318.44266	211.01881	400.0	400.0	79199	68.79158	25.303703	97.61531	-20.39157	-69.1103	0.9527103	600.1224086284637
73	266.60034	14.017053	281.73447	247.94565	275.10956	27.030537	310.50912	204.60393	400.0	400.0	80299	69.09056	25.265423	97.56215	-20.903364	-69.40024	0.99494463	609.5930035114288
74	242.27686	46.794266	284.6937	177.07794	271.98022	29.4093	305.441	205.08777	400.0	400.0	81399	69.43156	25.048296	97.92614	-20.676218	-69.73937	0.97719836	617.2224416732788
75	276.34143	18.346823	290.5322	250.43448	279.4936	31.632038	324.8523	189.33043	400.0	400.0	82499	69.72978	24.875462	98.96071	-20.127308	-70.02105	0.98615724	627.5901086330414
76	254.70314	23.118027	277.82117	231.58511	279.01996	26.114738	310.873	208.07643	400.0	400.0	83599	70.0135	24.762423	98.41397	-18.75365	-70.30076	1.0085764	636.2771883010864
77	244.52904	39.03686	294.48456	199.20062	283.95847	35.81254	317.6686	208.37502	400.0	400.0	84699	70.25513	24.575117	98.47332	-18.214233	-70.54457	1.0238845	644.616418838501
78	281.108	13.547213	292.37598	262.05518	271.98608	73.67065	312.08325	-23.786951	400.0	383.05	85799	70.53498	24.353117	98.48168	-17.739443	-70.819374	1.0499916	652.6639745235443
79	272.83264	17.87374	298.1061	259.8145	291.2516	19.235085	321.08167	246.2928	400.0	400.0	86899	70.65252	24.306868	98.36039	-17.85516	-70.92771	0.96441305	660.2447390556335
80	267.9754	10.999252	278.97464	256.97614	254.2157	91.83691	316.0263	-18.147749	400.0	366.45	87999	70.805664	24.167967	98.344734	-18.25963	-71.07273	0.9644254	667.4779119491577
81	215.03845	129.45825	300.60175	-8.741076	285.286	29.134632	323.05396	216.34724	315.5	400.0	89099	70.890434	24.112139	98.34087	-19.07014	-71.16093	0.99146193	675.4212789535522
82	281.07825	13.1287155	296.19962	264.18735	279.05533	18.626389	311.64862	247.35841	400.0	400.0	90199	71.01135	23.998604	98.41762	-19.7522	-71.27738	0.9551585	682.8969695568085
83	276.79346	10.255833	286.95682	262.7506	283.28156	15.89432	310.42786	244.75249	400.0	400.0	91299	71.23384	23.78323	98.72628	-20.627535	-71.497	0.94466597	690.7866792678833
84	269.98242	4.077423	274.05984	265.905	286.79913	16.53018	313.7701	244.25114	400.0	400.0	92399	71.26627	23.68984	98.84629	-20.748398	-71.52604	0.9413071	698.326553106308
85	281.47964	6.8995643	288.62314	272.1517	279.73376	19.49735	301.59354	232.17532	400.0	400.0	93499	71.39842	23.616901	99.08151	-21.019527	-71.65882	0.9358689	706.3056678771973
86	280.89224	13.028531	290.2906	262.46838	269.12268	22.956224	313.9126	235.7688	400.0	400.0	94599	71.59284	23.505064	99.34951	-21.493874	-71.85625	0.9390734	714.1288995742798
87	255.25261	23.663694	286.71417	229.6434	290.076	13.266764	311.16794	259.0603	400.0	400.0	95699	71.77161	23.412613	99.25187	-21.638319	-72.03817	0.92803735	723.4614772796631
88	285.4724	21.066391	306.5388	264.406	277.58096	26.316677	314.62756	192.21758	400.0	400.0	96799	72.049706	23.256746	99.18493	-21.483839	-72.319435	0.95950437	732.5727376937866
89	267.62292	18.812159	281.4078	241.02443	275.67374	26.96877	321.2466	209.0373	400.0	400.0	97899	72.18425	23.339106	98.947464	-22.101797	-72.454216	0.9230294	741.6933679580688
90	262.0823	22.725027	286.76718	231.91762	259.75287	48.152172	307.04547	79.04623	400.0	400.0	98999	72.43667	23.289055	98.576385	-22.711914	-72.71289	0.93496007	749.2110097408295
91	250.07451	31.326498	291.96222	216.6371	267.41614	31.374207	300.55655	204.7177	400.0	400.0	100099	72.72156	23.166525	98.792496	-23.000067	-73.00095	0.9190515	758.2847974300385
92	230.10544	31.610466	261.7159	198.49498	265.25174	32.015217	315.27945	156.37666	400.0	400.0	101199	72.93791	23.054646	99.06265	-23.747053	-73.22608	0.9135104	765.889979839325
93	259.45224	21.271618	274.80215	229.37175	262.58633	32.90459	310.01944	192.39172	400.0	400.0	102299	73.23497	22.865736	99.70454	-24.357418	-73.5218	0.93141866	773.0715651512146
94	268.99008	18.218096	282.9814	243.2586	273.3282	18.533737	301.40192	230.00694	400.0	400.0	103399	73.475	22.717993	99.88705	-24.33513	-73.76389	0.94165796	780.0448081493378
95	274.9812	25.086382	301.4649	241.29552	265.45343	23.825794	309.98138	219.84747	400.0	400.0	104499	73.8108	22.437346	100.136986	-24.530367	-74.099236	0.9507628	787.8740766048431
96	269.2495	18.682274	287.9318	250.56725	276.2691	18.153446	312.4889	246.12914	400.0	400.0	105599	74.07411	22.27	100.08309	-24.726406	-74.356705	0.95637184	794.3795793056488
97	263.7833	17.446384	280.9363	239.84792	260.1786	20.75309	294.8302	219.24023	400.0	400.0	106699	74.31994	22.135063	100.08671	-25.337692	-74.60615	0.9726396	800.8441486358643
98	274.11575	5.2471867	278.64835	266.76114	245.13742	51.0922	291.51715	51.47002	400.0	400.0	107799	74.53846	22.06073	101.91208	-25.849775	-74.82256	0.95374346	808.4530522823334
99	207.52693	47.89217	242.49742	139.80934	254.44559	30.058407	304.51788	191.66824	400.0	400.0	108899	74.81286	21.973648	101.73757	-26.059137	-75.10392	0.9457964	815.7753729820251
100	231.21515	35.02697	266.24213	196.18819	252.37802	35.778538	302.9807	180.91965	400.0	400.0	109999	75.095245	21.865206	101.42999	-26.240679	-75.3841	0.9457517	823.4556214809418
101	241.88686	16.675014	262.63528	221.8064	251.23056	39.835617	309.36642	135.8986	400.0	400.0	111099	75.28879	21.739027	101.19957	-26.830046	-75.56548	0.93820953	831.7147235870361
102	233.3409	40.927265	267.04974	175.73912	252.84409	48.335045	305.58182	119.24758	400.0	400.0	112199	75.36068	21.780893	101.03034	-27.074299	-75.63725	0.9476587	839.0294275283813
103	274.31253	16.233372	287.7281	251.4709	266.05145	25.491783	301.9782	205.24367	400.0	400.0	113299	75.56325	21.659056	100.87837	-27.568207	-75.83862	0.9132044	847.0341358184814
104	300.70935	6.9504547	307.6598	293.75888	255.92932	24.91276	301.71423	213.46217	400.0	400.0	114399	75.71599	21.576618	100.57793	-27.743307	-75.977196	0.8991796	854.781495809555
105	247.81075	20.197964	274.9052	226.43062	257.50436	20.695114	283.45325	216.32079	400.0	400.0	115499	75.86695	21.50383	100.22611	-26.935064	-76.13159	0.8943647	862.3414516448975
106	260.67838	18.84042	285.019	239.12231	256.8527	29.422623	310.75394	199.71185	400.0	400.0	116599	75.93639	21.468624	99.60395	-26.675125	-76.199234	0.8513408	870.0685958862305
107	268.63977	12.310804	281.86697	252.22237	256.69003	22.318052	312.98596	221.26292	400.0	400.0	117699	76.10223	21.309116	99.14078	-26.623665	-76.36757	0.8487753	877.3807079792023
108	259.9612	7.2773056	267.23853	252.68391	270.42477	17.113497	315.98148	236.93558	400.0	400.0	118799	76.14644	21.248125	98.48353	-26.252321	-76.40602	0.82474506	884.407516002655
109	271.922	20.64684	300.60944	252.86543	255.53073	26.72434	302.29572	181.4398	400.0	400.0	119899	76.3192	21.03557	97.987915	-26.054602	-76.58289	0.8470119	891.3578162193298
110	237.09998	41.597713	267.59198	178.28526	257.04794	27.28658	316.45908	185.43831	400.0	400.0	120999	76.33816	21.015152	97.32216	-25.479916	-76.60044	0.8317803	898.301599740982
111	263.215	4.8500147	269.81168	258.28973	252.2165	17.66515	282.09012	207.63974	400.0	400.0	122099	76.47601	20.887844	97.68386	-24.856112	-76.73583	0.85086834	907.4852201938629
112	251.85272	7.8844376	259.73715	243.96828	259.38452	14.289592	288.13336	227.21153	400.0	400.0	123199	76.44834	20.786749	98.03984	-23.478317	-76.70112	0.8564875	914.6407353878021
113	242.8232	11.000604	258.0087	232.30292	237.28787	53.461216	293.16196	90.151505	400.0	385.3	124299	76.52235	20.684679	98.41364	-23.126574	-76.77796	0.8405527	922.0728580951691
114	253.78304	26.823956	275.8058	216.02216	225.11967	60.560146	275.23233	58.05734	400.0	374.15	125399	76.613884	20.466486	98.50071	-21.071125	-76.86915	0.83530706	929.4637076854706
115	218.1407	70.47616	278.8022	119.322945	220.561	60.934376	310.58862	120.542694	364.0	369.55	126499	76.70071	20.383955	98.5437	-19.566372	-76.9567	0.81382936	936.7888288497925
116	253.03398	20.516499	269.1172	224.07855	227.55986	63.36274	298.6612	66.517456	400.0	363.45	127599	76.7561	20.312557	98.63167	-18.20576	-77.01422	0.84672683	944.2749211788177
117	258.64148	1.280426	259.9219	257.36105	231.79001	49.71856	281.7668	62.742783	400.0	384.9	128699	76.778725	20.246696	98.62303	-18.224869	-77.04121	0.8713424	951.7237784862518
118	205.87971	58.38671	274.7956	132.03316	241.8147	27.957647	281.5142	193.06694	377.0	400.0	129799	76.813286	20.191786	99.00118	-18.885498	-77.07078	0.88640636	959.3493597507477
119	247.75069	9.919949	261.7731	240.36952	230.42708	31.410303	267.44113	166.4876	400.0	400.0	130899	76.886635	20.134224	98.89111	-18.857136	-77.1509	0.8624155	967.4456286430359
120	256.54935	5.4660506	264.1399	251.48744	236.38058	24.033646	269.35196	183.39171	400.0	400.0	131999	77.00697	20.12712	98.57144	-18.077295	-77.272446	0.9007047	974.9832530021667
121	222.35573	28.899134	262.06287	194.12079	242.8355	35.386284	271.61975	128.90968	400.0	400.0	133099	77.1362	20.1729	100.37247	-18.473698	-77.41018	0.87772596	982.4342570304871
122	238.78632	17.651527	256.43784	221.13478	244.90771	23.958405	273.63004	177.44664	400.0	400.0	134199	77.35663	20.186884	102.85534	-19.075476	-77.64074	0.9198444	989.5912680625916
123	260.23062	2.8571818	263.62143	256.63205	243.34616	34.345524	283.7595	121.84807	400.0	400.0	135299	77.554436	20.23105	104.84359	-20.037241	-77.84101	0.90482384	998.644460439682
124	217.91125	25.25374	240.72742	182.70834	255.41927	14.918059	273.14725	221.53934	400.0	400.0	136399	77.76377	20.2954	106.15896	-20.876144	-78.04994	0.9006027	1007.1438858509064
125	250.36177	6.717676	259.747	244.39285	220.53305	38.818474	270.82623	151.07133	400.0	400.0	137499	77.95424	20.291039	107.17804	-22.173182	-78.236916	0.9376325	1014.230954170227
126	264.469	0.71421814	265.1832	263.75476	247.46516	27.376213	273.2239	165.9289	400.0	400.0	138599	78.16298	20.201473	107.988525	-22.860222	-78.44088	0.9410549	1023.1812331676483
127	259.19604	8.043349	266.44855	247.98073	239.72859	23.950068	269.8322	183.96025	400.0	400.0	139699	78.23397	20.314241	108.28693	-23.101631	-78.50998	0.8887449	1031.148053407669
128	242.66621	8.645845	253.459	232.2936	252.02646	20.019867	279.15912	201.66074	400.0	400.0	140799	78.37097	20.235752	108.221695	-23.451288	-78.64837	0.90637386	1038.8391206264496
129	254.73015	10.656488	266.95578	240.98572	249.85031	22.370028	294.06177	194.42601	400.0	400.0	141899	78.580666	20.066679	107.96584	-23.444206	-78.851875	0.92489296	1046.3724541664124
130	262.0949	4.8137054	266.90863	257.28122	228.40828	47.148914	288.01883	79.69001	400.0	400.0	142999	78.731544	19.932405	107.40385	-23.55469	-79.00792	0.8984387	1053.7929203510284
131	246.14214	30.31054	269.21066	203.31929	253.34326	17.464174	283.59894	214.26482	400.0	400.0	144099	78.79468	19.901999	106.721794	-24.263132	-79.05926	0.90123	1061.2688834667206
132	239.48027	22.845478	270.89392	217.23431	246.82187	25.281883	277.1074	192.64166	400.0	400.0	145199	78.919495	19.7065	105.98502	-25.04984	-79.19072	0.8561091	1070.244571685791
133	198.11995	42.754475	257.96677	160.7341	251.65942	15.514041	267.76785	212.83685	400.0	400.0	146299	79.00437	19.609245	105.4908	-25.44513	-79.27217	0.9003435	1077.84712100029
134	207.88908	11.651321	219.5404	196.23776	230.31491	30.186493	275.1207	152.3419	400.0	400.0	147399	78.9947	19.701057	105.10089	-25.229616	-79.26566	0.88850284	1085.4018652439117
135	229.58575	27.55945	268.5595	209.83475	244.98235	25.886362	297.60373	182.87915	400.0	400.0	148499	79.124725	19.503132	104.760315	-24.68828	-79.40032	0.84474677	1092.5271141529083
136	221.56836	34.00466	259.83224	177.20981	242.63213	30.314486	288.7868	155.0067	400.0	400.0	149599	79.21485	19.377653	104.760635	-23.097351	-79.4902	0.85186964	1100.4873259067535
137	231.64923	30.20497	274.1887	207.01704	243.21933	29.926638	282.41922	189.69264	400.0	400.0	150699	79.274605	19.304844	104.895096	-22.920448	-79.55791	0.88107514	1108.3314793109894
138	225.86594	36.442833	262.30878	189.42311	260.97183	23.148102	301.17444	206.26738	400.0	400.0	151799	79.325554	19.279438	105.12735	-21.707825	-79.6104	0.85497636	1115.8035697937012
139	248.05031	19.436382	271.04416	223.51031	222.48868	79.33504	271.65848	-20.041605	400.0	366.1	152899	79.42132	19.170874	105.26924	-21.843685	-79.70626	0.8527266	1123.481204509735
140	191.09338	103.71639	255.15453	11.56923	235.0209	30.399588	278.5273	179.51709	321.5	400.0	153999	79.570946	18.950483	105.29552	-21.422873	-79.84866	0.86294967	1131.0495040416718
141	252.46878	9.415222	261.884	243.05356	234.93222	59.370502	296.4164	2.4277248	400.0	383.9	155099	79.59211	18.871141	105.25104	-21.458214	-79.86524	0.849456	1138.0631017684937
142	242.23259	22.716082	263.7933	210.82744	235.27133	58.478523	289.00336	5.908106	400.0	383.25	156199	79.59314	18.858559	105.63113	-21.62134	-79.8654	0.8317535	1145.6249973773956
143	249.26387	5.2622137	253.02797	241.82216	234.67114	58.576286	303.3692	8.601417	400.0	383.35	157299	79.598854	18.791227	106.0668	-21.75472	-79.86397	0.795289	1152.7481181621552
144	245.69402	20.637486	265.3759	217.18956	250.73758	32.43355	300.2217	168.84442	400.0	400.0	158399	79.649345	18.647224	106.647896	-21.643484	-79.90497	0.8821883	1160.2309517860413
145	280.64117	4.247238	284.88843	276.39395	216.91911	76.17306	305.4556	-1.5329725	400.0	383.6	159499	79.5186	18.697142	106.69644	-22.253633	-79.777	0.8309844	1167.680389881134
146	180.57399	63.784473	269.148	121.499435	246.44174	44.27201	293.52457	111.63938	363.66666	392.2	160599	79.41042	18.676577	106.98892	-21.835499	-79.66242	0.8581118	1175.1245682239532
147	255.9688	36.810516	290.5158	204.96994	228.9771	88.45585	304.44742	10.523809	400.0	349.9	161699	79.34361	18.592812	107.41707	-21.256582	-79.59454	0.8522534	1183.8532876968384
148	271.65115	16.387148	294.81778	259.53073	235.90723	64.24411	291.69705	68.46287	400.0	380.55	162799	79.28447	18.539543	108.468376	-20.712002	-79.52879	0.8493475	1192.7288601398468
149	183.34082	25.338757	207.88994	148.45908	232.42964	61.4991	295.9891	72.451164	400.0	373.25	163899	79.15604	18.513622	109.52638	-20.068943	-79.39489	0.8879724	1201.3666019439697
150	235.83746	14.594307	250.43176	221.24315	253.55908	54.434093	307.1143	104.01185	400.0	391.8	164999	79.00544	18.438843	110.067314	-19.559944	-79.24179	0.90358216	1208.6076374053955
151	251.08337	25.768198	274.0377	215.0945	246.30644	43.59466	301.33148	135.34976	400.0	400.0	166099	78.91877	18.3949	109.67394	-20.196384	-79.154335	0.87600386	1215.3518142700195
152	285.5098	4.1550756	289.5255	279.78677	241.27359	65.3792	303.3276	116.390625	400.0	374.65	167199	78.84009	18.345118	110.07086	-20.652145	-79.07679	0.858852	1221.9507732391357
153	228.8456	63.580643	285.86823	140.1258	266.2913	54.72627	313.7069	65.30243	400.0	400.0	168299	78.71185	18.370378	108.19201	-21.310745	-78.94834	0.8299325	1228.7348053455353
154	284.66296	10.650055	295.31302	274.0129	256.29733	65.46276	327.54752	8.1935625	400.0	382.9	169399	78.6518	18.313244	106.48409	-20.830492	-78.88852	0.860298	1237.4299335479736
155	270.81522	11.831217	284.59067	255.70288	262.80396	19.530064	285.47958	206.9636	400.0	398.8	170499	78.62052	18.279142	105.92148	-20.958216	-78.85525	0.8475338	1244.8453278541565
156	208.50069	59.357323	276.63885	131.97186	240.66362	71.19481	322.13647	1.1156014	400.0	383.05	171599	78.565025	18.206923	105.49378	-21.392029	-78.79681	0.83967894	1251.6727402210236
157	266.59982	22.44456	287.81927	235.54655	275.4628	32.930103	313.36432	194.30583	400.0	400.0	172699	78.52992	18.123756	105.13984	-20.962397	-78.763824	0.7983571	1259.1189205646515
158	244.3038	3.019127	247.32292	241.28467	255.02014	42.586777	312.30298	160.40633	400.0	400.0	173799	78.38147	18.290602	104.784454	-20.8391	-78.615944	0.85884327	1268.0669612884521
159	266.36594	16.217787	285.3955	245.7637	264.99002	29.741102	306.34167	194.25642	400.0	400.0	174899	78.42268	18.157164	104.43147	-21.214798	-78.65527	0.8071227	1276.8806700706482
160	253.46248	31.088083	288.845	213.17119	249.11502	37.825706	304.5005	169.10733	400.0	395.65	175999	78.38118	18.09832	103.902596	-21.668522	-78.60702	0.8316866	1284.4005222320557
161	247.79265	30.721798	270.1833	204.35237	231.38628	71.35703	310.10318	-14.024839	400.0	384.3	177099	78.29489	18.139242	103.42665	-22.297949	-78.52217	0.80877405	1291.0875568389893
162	152.923	112.53721	272.84174	-3.55315	207.26306	81.430725	271.6194	-15.285458	265.5	367.8	178199	78.23553	18.124807	102.96814	-23.064606	-78.46452	0.8333234	1298.0327849388123
163	184.13742	66.18205	250.31947	117.95537	253.82095	27.17994	315.1314	193.19273	400.0	400.0	179299	78.16405	18.116955	102.62868	-23.759577	-78.39507	0.87662286	1304.8926928043365
164	209.60548	43.085526	241.752	148.70483	212.84995	78.94129	288.7645	29.67941	400.0	356.45	180399	78.1185	18.070555	101.96263	-24.189295	-78.3431	0.8580527	1312.4011368751526
165	258.0983	2.6879804	261.71655	255.27972	221.56096	74.91346	298.07956	3.2403948	400.0	372.0	181499	78.03837	18.009699	101.65608	-24.519943	-78.26278	0.849965	1319.66730427742
166	233.27802	21.461718	248.4604	202.92657	257.524	25.504726	292.2387	182.32072	400.0	400.0	182599	77.969894	18.022772	101.1808	-24.761265	-78.189445	0.7818288	1327.325085401535
167	169.48755	103.8591	251.96272	22.995726	246.43465	60.070312	307.70837	14.999623	305.33334	384.6	183699	77.93735	17.936375	100.6318	-24.958256	-78.16267	0.82994187	1336.036615371704
168	204.47539	102.045845	271.0609	28.117983	255.453	35.835117	295.92935	129.88188	320.75	400.0	184799	77.874916	17.871748	100.20805	-24.704845	-78.095184	0.79139173	1343.893142938614
169	259.27585	7.044777	266.32062	252.23106	222.29709	88.9192	308.9446	18.574062	400.0	368.85	185899	77.77744	17.838207	99.998566	-24.942343	-77.98971	0.80996984	1352.3901536464691
170	264.44437	12.413293	279.42142	249.02484	218.18811	83.66622	296.79752	3.470135	400.0	368.8	186999	77.71148	17.754725	100.07059	-25.2421	-77.92716	0.7932108	1358.9773488044739
171	194.03062	110.37607	275.36337	3.8300972	250.15784	30.262068	285.49567	162.27777	326.75	400.0	188099	77.66171	17.642208	100.04952	-25.291037	-77.87419	0.78155774	1365.7403810024261
172	258.32892	2.5773163	260.90625	255.75162	236.86447	57.971634	302.435	26.264837	400.0	384.65	189199	77.55445	17.683416	100.118675	-25.634663	-77.77102	0.7536436	1373.4060289859772
173	263.94034	5.1043196	267.67224	256.72314	248.28577	44.291546	300.32578	116.5769	400.0	400.0	190299	77.55778	17.602097	100.15891	-26.936333	-77.77263	0.7574212	1381.2032487392426
174	265.37546	10.493251	278.23843	252.53535	258.93356	22.864456	291.698	216.67369	400.0	400.0	191399	77.53131	17.546152	100.186966	-28.141623	-77.75084	0.75356376	1388.0533120632172
175	236.88243	24.764626	254.77794	201.86278	255.07407	43.45125	305.02435	96.56108	400.0	400.0	192499	77.50224	17.504446	100.18558	-28.3984	-77.72533	0.75417036	1395.5582449436188
176	251.97263	13.236382	265.209	238.73625	216.95381	81.25106	290.12543	-15.594583	400.0	366.45	193599	77.5291	17.45335	100.25622	-29.498587	-77.74789	0.77010745	1402.7758748531342
177	257.02512	11.555474	266.51813	240.75883	257.0849	21.674648	300.36993	212.67879	400.0	400.0	194699	77.51787	17.44019	100.258644	-29.74289	-77.73806	0.7497291	1410.1771659851074
178	256.18497	24.434355	280.20694	222.662	234.45561	32.473267	302.34796	173.01929	400.0	400.0	195799	77.59975	17.310196	100.73313	-30.229746	-77.82249	0.7625636	1417.5812220573425
179	255.56352	15.413965	273.88583	236.1747	250.20291	66.27374	301.3418	-27.758781	400.0	382.95	196899	77.57771	17.316425	100.98853	-31.928802	-77.801315	0.7632867	1424.6195132732391
180	268.49942	7.0675354	275.56696	261.4319	261.24237	17.230074	297.31198	205.83037	400.0	400.0	197999	77.601265	17.32454	101.57262	-32.719303	-77.82621	0.75061226	1432.1714057922363
181	251.53236	10.867116	263.09778	236.98483	243.53462	24.196838	285.08936	193.57523	400.0	400.0	199099	77.68964	17.272308	101.96452	-33.594612	-77.915565	0.7602225	1439.0300574302673
182	265.89877	4.7376604	269.7238	259.22232	260.29855	27.284588	305.26807	188.78706	400.0	400.0	200199	77.75563	17.234837	102.44259	-34.28421	-77.98436	0.7765612	1447.177402496338
183	266.67154	3.497586	271.6177	264.16437	228.79768	86.75644	305.08347	-27.324684	400.0	366.45	201299	77.83388	17.175528	102.83588	-35.291504	-78.06446	0.7711822	1454.2859530448914
184	260.32062	1.9872894	262.3079	258.3333	241.7397	89.03835	320.0932	-110.36073	400.0	391.55	202399	77.87576	17.237717	102.98323	-35.307144	-78.10509	0.7668425	1461.6617946624756
185	227.12407	24.794996	245.8405	192.08592	244.60056	29.52508	306.72687	183.9721	400.0	400.0	203499	77.93176	17.19442	103.39133	-35.738834	-78.15938	0.6811165	1469.1695263385773
186	253.27531	18.213272	269.14786	227.77113	252.57483	40.561623	317.91632	177.47546	400.0	400.0	204599	77.94281	17.18131	103.785545	-35.37845	-78.165886	0.77167624	1477.0005762577057
187	243.72986	16.246195	259.7444	221.45517	221.79245	48.25484	305.43622	122.467186	400.0	400.0	205699	77.99479	17.13442	103.968506	-34.70103	-78.22027	0.718417	1484.4161701202393
188	184.11768	76.452286	270.16864	84.40136	231.44377	85.42338	301.77267	-116.50955	340.66666	391.95	206799	77.94552	17.188702	103.99874	-34.250786	-78.162796	0.6963036	1491.8188729286194
189	268.06247	7.2404885	277.7666	260.3803	248.24507	36.901432	290.14905	126.80535	400.0	400.0	207899	77.999954	17.110804	104.09119	-34.352734	-78.21787	0.7335724	1498.9451215267181
190	260.14563	0.44789124	260.59354	259.69775	256.2095	18.350447	278.61792	198.21747	400.0	400.0	208999	77.97011	17.137037	104.16158	-33.868538	-78.18558	0.7258293	1506.4085137844086
191	272.418	3.3972547	276.27344	268.0076	241.4674	35.69437	282.96185	167.55185	400.0	400.0	210099	77.982376	17.213955	103.96609	-33.647675	-78.1999	0.7106052	1513.9600207805634
192	187.71379	112.02393	267.6375	29.290144	243.17155	60.884346	281.7747	-14.64235	400.0	400.0	211199	77.95612	17.27656	103.69803	-33.39658	-78.17338	0.71484876	1520.8713204860687
193	255.79346	5.717539	263.06415	249.0941	241.64896	42.0666	275.16147	88.010155	400.0	400.0	212299	77.978294	17.257324	103.27319	-32.88549	-78.195145	0.70512164	1528.4546473026276
194	263.76056	0.2607422	264.0213	263.49982	242.29353	34.138508	287.6697	139.1666	400.0	400.0	213399	77.96882	17.272058	103.01473	-32.148113	-78.18218	0.6769745	1535.9026923179626
195	263.8524	5.713294	271.7344	258.37262	243.14194	42.639294	286.80286	117.43522	400.0	400.0	214499	77.91271	17.367968	102.588554	-31.310625	-78.12067	0.67105824	1543.0907793045044
196	248.29065	14.215385	263.46848	229.28503	242.522	37.920803	298.7933	132.68526	400.0	400.0	215599	77.968864	17.170002	102.18629	-30.718805	-78.171776	0.68607485	1550.2871646881104
197	249.46149	8.036944	258.55286	239.00827	244.4235	29.385342	286.07547	163.6946	400.0	400.0	216699	77.893654	17.186169	101.49729	-30.63213	-78.09881	0.6644122	1557.4942116737366
198	267.02338	3.226181	270.24957	263.7972	231.88364	45.366943	290.82864	122.74894	400.0	400.0	217799	77.86518	17.14299	101.09172	-30.357218	-78.06637	0.70002854	1564.9975860118866
199	219.03609	55.78505	264.37616	140.45393	252.49052	34.075886	310.0906	148.56122	400.0	400.0	218899	77.75656	17.163414	101.33955	-29.887474	-77.95662	0.6755784	1572.4334473609924
200	229.86235	27.285454	252.99803	191.54942	247.99918	64.15144	286.80258	-24.67061	400.0	382.9	219999	77.73439	17.080385	101.56016	-29.334705	-77.93877	0.7165997	1579.966630935669
201	272.6852	9.152833	284.4764	262.16498	228.3166	75.42387	286.95508	-12.893397	400.0	383.4	221099	77.66335	17.120314	101.58344	-28.791443	-77.86399	0.66536987	1587.1044402122498
202	217.47772	1.9994812	219.4772	215.47824	252.94987	22.500692	306.44067	205.70172	400.0	400.0	222199	77.657005	16.975649	101.5175	-27.424803	-77.8603	0.68404937	1596.0579633712769
203	248.57008	8.086465	259.32895	239.83334	225.2312	78.0373	282.46188	-27.981411	400.0	383.0	223299	77.6249	16.898504	101.36512	-26.495823	-77.82567	0.6871194	1603.8317775726318
204	247.15584	25.90833	282.8958	222.29637	246.71638	37.485176	300.40198	131.97322	400.0	400.0	224399	77.59602	16.830544	101.38653	-24.596298	-77.79826	0.7087398	1611.3364660739899
205	261.79855	20.088324	279.44913	233.69493	249.67886	19.87736	285.10748	196.90887	400.0	400.0	225499	77.572044	16.796745	101.709564	-23.788128	-77.774956	0.69223523	1619.2149040699005
206	253.92007	20.887947	274.808	233.03212	239.40474	66.7366	298.7048	-27.967796	400.0	382.95	226599	77.561584	16.70634	101.70764	-23.935	-77.76278	0.6942827	1626.2793419361115
207	243.52032	30.982117	267.18085	199.75307	250.68982	25.835737	282.91656	195.4537	400.0	400.0	227699	77.53619	16.644806	101.73339	-23.8641	-77.74592	0.70380336	1633.107696056366
208	237.51117	26.859468	274.1404	210.48618	256.3872	27.328594	290.01743	196.31067	400.0	400.0	228799	77.507095	16.619736	101.66447	-22.813044	-77.7141	0.68134433	1641.0052926540375
209	243.67442	3.3531938	246.67644	238.9943	258.66266	21.21468	292.33832	216.47466	400.0	400.0	229899	77.548256	16.456562	101.41547	-22.803274	-77.758934	0.6855008	1648.1514556407928
210	268.2541	4.2739716	272.52805	263.9801	256.15942	25.403837	283.3561	192.1176	400.0	400.0	230999	77.59767	16.279985	101.20507	-21.88346	-77.804375	0.6892436	1655.5709936618805
211	253.07622	10.374493	265.55084	240.15063	251.81848	18.284986	273.90045	210.26892	400.0	400.0	232099	77.60214	16.215988	100.94092	-20.778204	-77.805145	0.6642778	1663.0389263629913
212	262.48917	15.7582445	277.11346	240.61401	250.32385	17.618565	277.20074	200.16151	400.0	400.0	233199	77.597374	16.1225	100.41283	-20.585438	-77.7962	0.675296	1670.6858313083649
213	234.55437	26.83483	267.50903	201.77812	237.49966	27.574308	284.69543	180.3007	400.0	400.0	234299	77.5506	16.05003	100.137344	-19.877918	-77.74776	0.69179934	1678.2979230880737
214	210.31134	11.261566	221.5729	199.04977	231.3936	63.958687	274.7677	-34.758587	400.0	383.05	235399	77.56257	15.86821	99.658615	-20.962847	-77.76192	0.6843803	1685.6378326416016
215	242.34259	14.698355	258.72794	223.07278	253.42407	19.365797	282.75848	210.00743	400.0	400.0	236499	77.50639	15.853767	99.35733	-20.904984	-77.705284	0.6603086	1694.5168976783752
216	225.1025	13.457487	244.1108	214.77998	237.8685	26.389011	272.484	164.37833	400.0	400.0	237599	77.50771	15.736005	98.94377	-21.022762	-77.7067	0.68598557	1702.3140516281128
217	231.231	23.47736	257.07794	200.25949	250.74136	34.089687	308.59772	174.91399	400.0	400.0	238699	77.48846	15.68705	98.48436	-22.41361	-77.68527	0.6865299	1709.7881352901459
218	261.43988	16.313026	277.7529	245.12685	235.73987	30.93861	265.18597	159.15948	400.0	400.0	239799	77.43155	15.718662	98.15116	-22.184856	-77.63026	0.72292644	1717.7006056308746
219	246.828	9.738746	255.6502	233.25769	245.28056	28.341621	279.18243	178.93903	400.0	400.0	240899	77.462166	15.631127	97.79799	-22.446238	-77.66116	0.69800395	1725.1568381786346
220	236.81012	18.43342	259.57748	214.43	257.5937	22.214489	298.5551	211.12604	400.0	400.0	241999	77.41778	15.640413	97.36145	-22.464409	-77.61543	0.65111417	1732.5561499595642
221	257.34167	12.039432	268.7031	240.6787	251.98633	37.942482	292.5521	140.69455	400.0	400.0	243099	77.40418	15.602393	96.84466	-21.787237	-77.60152	0.6791162	1741.4082293510437
222	246.81491	9.423187	256.2381	237.39172	251.50945	36.24658	307.5285	134.83322	400.0	400.0	244199	77.43668	15.453196	96.463715	-21.515524	-77.63749	0.694989	1749.0255765914917
223	245.0968	21.624964	269.09567	216.68094	260.60364	20.389189	290.41928	227.14343	400.0	400.0	245299	77.427986	15.384122	96.05311	-21.544067	-77.62365	0.64467543	1757.6214842796326
224	237.22554	41.901245	295.18002	197.54646	254.28435	30.318054	302.8646	184.22736	400.0	400.0	246399	77.40093	15.370284	96.204124	-20.94903	-77.600876	0.6820635	1765.4918205738068
225	263.04926	21.840744	288.23154	234.96887	261.41595	22.466797	301.65967	215.9381	400.0	400.0	247499	77.43815	15.275945	98.68941	-21.962738	-77.63852	0.6345617	1773.8702502250671
226	234.48582	6.736862	241.22269	227.74896	258.2896	22.920311	291.5961	195.79166	400.0	400.0	248599	77.42214	15.328974	101.141815	-21.826214	-77.62987	0.6472058	1782.1960530281067
227	272.82947	3.7469501	276.47464	267.67612	254.34966	19.247097	303.24677	220.39085	400.0	400.0	249699	77.48959	15.339405	103.228676	-22.862883	-77.69813	0.6547541	1789.6440336704254
228	234.61584	22.416897	258.9325	204.84215	266.73184	26.324492	300.3007	203.86505	400.0	400.0	250799	77.515335	15.389402	104.239586	-24.230438	-77.72182	0.65775627	1798.197557926178
229	247.844	11.841298	262.75668	233.78967	255.8472	21.240292	285.80618	201.45773	400.0	400.0	251899	77.589066	15.354419	105.491875	-25.307467	-77.802315	0.6568295	1806.4901907444
230	249.91101	8.909538	258.82056	241.00148	263.159	20.47609	300.15228	231.44743	400.0	400.0	252999	77.66694	15.453947	106.19124	-25.560637	-77.88255	0.65608644	1814.086651802063
231	243.78499	13.133491	260.3754	228.2578	251.79411	14.936967	273.54477	204.56398	400.0	400.0	254099	77.77519	15.413342	106.24465	-28.22194	-77.98908	0.68181103	1822.6612713336945
232	268.76083	6.346754	276.1919	260.68567	249.0571	15.915041	274.01627	195.05644	400.0	400.0	255199	77.78884	15.5618725	106.00175	-29.026236	-78.0022	0.64633954	1830.3145816326141
233	264.56253	3.7472816	268.11102	259.37958	249.42972	23.2783	281.0663	190.087	400.0	400.0	256299	77.893906	15.537712	105.966	-30.22405	-78.10949	0.6728691	1837.5582931041718
234	240.33327	12.995605	253.32887	227.33766	248.38057	28.129202	291.85098	160.75584	400.0	400.0	257399	77.99872	15.49507	105.874306	-29.843674	-78.20973	0.6667149	1846.2179043293
235	245.36354	6.2032237	251.89206	237.02446	261.77448	17.139503	287.07288	213.09865	400.0	400.0	258499	78.03871	15.515479	105.98046	-28.87747	-78.245636	0.6130565	1853.6932039260864
236	242.3534	16.315248	257.1133	219.61473	244.48679	31.964489	291.4091	174.75371	400.0	400.0	259599	78.06238	15.515198	105.645836	-31.104258	-78.27223	0.69344777	1861.352030992508
237	235.87553	26.169106	272.8803	216.90672	240.14969	24.080936	276.68887	175.65535	400.0	400.0	260699	78.103065	15.496754	105.35917	-30.041542	-78.31436	0.6254959	1868.775740146637
238	233.49692	5.7441177	239.24104	227.7528	241.46753	21.393953	279.59637	190.00511	400.0	400.0	261799	78.18756	15.411159	104.82658	-29.72147	-78.39669	0.6305032	1877.4418060779572
239	250.10512	6.948536	259.87787	244.32803	230.65805	25.10565	267.6412	166.2977	400.0	400.0	262899	78.21192	15.421206	104.093544	-32.025352	-78.42463	0.60759777	1884.740576505661
240	251.3033	17.974459	269.1522	226.70453	230.54727	27.088593	277.68976	168.77563	400.0	400.0	263999	78.32859	15.345713	103.52098	-31.76329	-78.54292	0.6447038	1891.9002323150635
241	225.41875	24.86079	249.62311	191.23264	230.43799	19.471142	262.09097	193.45383	400.0	400.0	265099	78.33779	15.361654	102.66515	-30.270145	-78.548325	0.625183	1898.950899362564
242	235.18167	5.055748	240.23743	230.12593	237.14212	26.706755	282.5691	186.90396	400.0	400.0	266199	78.368416	15.323835	102.065125	-29.251432	-78.574234	0.64860684	1906.4843776226044
243	250.18694	13.674998	269.41336	238.7663	233.30237	22.356007	284.74564	189.63666	400.0	400.0	267299	78.375305	15.361916	101.42523	-27.75741	-78.58236	0.5961479	1914.3406882286072
244	188.4001	23.413015	220.05992	164.17403	240.81339	24.943407	271.26984	179.79503	400.0	400.0	268399	78.38028	15.287084	100.64935	-27.634441	-78.57957	0.62210804	1921.799025297165
245	231.53902	15.197304	251.5437	214.73251	265.33148	25.083982	300.06268	198.23126	400.0	400.0	269499	78.311775	15.252522	100.18928	-26.403069	-78.50995	0.6471239	1929.2003164291382
246	205.4743	48.32641	253.8007	157.14789	264.2906	29.076189	304.32623	204.11844	400.0	400.0	270599	78.24927	15.162279	99.62624	-25.728155	-78.44056	0.6191301	1936.5781586170197
247	269.5505	8.280442	281.1003	262.1023	270.4708	29.233416	311.95047	200.42169	400.0	400.0	271699	78.24497	14.999821	99.05392	-26.152407	-78.440285	0.6026923	1943.3513360023499
248	268.53134	10.4190035	279.24414	254.41364	269.43646	31.80409	306.41083	179.76189	400.0	400.0	272799	78.21507	15.015349	98.59959	-25.244772	-78.41072	0.60917246	1950.7956597805023
249	257.9559	13.920763	272.93167	239.40111	276.1636	29.76244	309.4469	179.26747	400.0	400.0	273899	78.14845	15.024386	98.0085	-24.556065	-78.34518	0.6238157	1958.6127443313599
250	275.04477	13.350342	288.3951	261.69443	268.1227	42.965504	316.94116	145.81339	400.0	400.0	274999	78.14126	15.010274	97.84996	-23.633867	-78.34277	0.6259157	1967.3699357509613
