Epoch	AverageEpRet	StdEpRet	MaxEpRet	MinEpRet	AverageTestEpRet	StdTestEpRet	MaxTestEpRet	MinTestEpRet	EpLen	TestEpLen	TotalEnvInteracts	AverageQVals	StdQVals	MaxQVals	MinQVals	LossPi	LossQ	Time
1	73.91854	26.40644	93.64325	36.59436	-1.17608	16.522266	29.149826	-36.842953	277.33334	74.65	1099	0.023264209	0.7110675	29.8666	-5.0148005	-0.09892331	0.1761025	1.2947008609771729
2	11.670354	19.974583	30.702808	-15.92349	32.01876	42.71761	114.90172	-26.35262	346.33334	108.65	2199	0.47808516	1.489994	4.819795	-4.494462	-0.50785434	0.019464705	8.78952693939209
3	68.79457	112.84827	227.93349	-67.230034	71.832245	96.62991	250.39198	-41.772762	283.6	224.2	3299	1.7342557	3.2500489	15.296286	-8.630754	-1.8086884	0.047469933	16.841439247131348
4	18.954645	21.185389	45.726757	-6.079225	95.99679	96.355515	285.13052	-48.297337	325.0	240.2	4399	2.7600133	4.87015	29.96505	-19.237524	-2.8585675	0.10380239	25.06586766242981
5	118.20103	103.97524	236.60368	-16.51111	37.201214	39.689014	97.431755	-25.530497	337.33334	172.0	5499	4.045783	6.300682	17.442562	-13.484449	-4.1532145	0.14908232	33.39095902442932
6	73.19477	66.76029	152.88655	-9.733812	32.8079	54.986485	147.5643	-57.125813	238.0	196.75	6599	5.9373984	7.889082	23.776114	-13.223423	-6.0504804	0.17888089	41.569807052612305
7	57.8859	74.37514	120.67207	-67.963425	64.22174	62.47016	179.66585	-50.191574	304.5	188.25	7699	7.7119665	9.359609	24.391672	-15.558321	-7.8296857	0.22586358	48.75962424278259
8	17.81845	36.37124	58.63634	-38.077892	81.00865	55.91824	236.62167	-12.30378	272.25	225.95	8799	8.2954	10.54737	27.591486	-17.8499	-8.4148655	0.28019723	56.26192378997803
9	70.041565	50.94938	122.50761	-5.698183	116.47262	56.459587	245.59282	29.077978	296.75	300.7	9899	9.329846	11.792282	30.799038	-19.940145	-9.457206	0.3607914	64.61133599281311
10	44.931446	79.29949	115.36869	-65.86204	55.13283	76.59307	247.07903	-40.89567	324.33334	232.2	10999	10.197817	13.012557	39.72499	-22.654167	-10.330063	0.4359724	73.11526823043823
11	47.039448	92.24538	134.79385	-96.17543	78.15525	86.03909	250.81175	-28.20595	326.25	285.9	12099	10.775757	14.313526	44.18792	-29.295752	-10.910624	0.50044954	82.79978704452515
12	57.92269	52.167755	110.99911	-25.902279	82.14168	79.0482	239.36844	-27.862509	279.0	280.4	13199	11.476892	15.514061	51.439613	-31.517282	-11.609991	0.61968607	91.40655040740967
13	107.36043	64.88686	214.01372	41.549435	37.080395	62.983517	188.46707	-75.753075	270.75	230.25	14299	12.626564	16.514128	41.953064	-33.87112	-12.767365	0.65561	101.05224323272705
14	113.59451	80.53305	208.09363	-3.1756318	60.89015	59.59477	158.08954	-30.513268	294.5	199.05	15399	14.090362	17.317966	44.033195	-35.98143	-14.24057	0.7075175	110.09124159812927
15	76.90657	41.309353	120.49623	1.2957443	93.09944	106.99952	287.26788	-31.772911	208.2	244.9	16499	15.25563	18.114368	47.62469	-38.0101	-15.393365	0.7779822	119.18817830085754
16	90.45666	95.782	210.79579	-32.359344	44.922188	71.40221	183.6046	-69.928986	288.25	310.75	17599	16.241945	18.909	50.366646	-44.645405	-16.36347	0.8489554	128.93783402442932
17	92.76548	60.210182	155.40114	11.492871	73.112465	75.90677	248.2739	-61.924744	317.33334	277.2	18699	16.667898	19.684109	53.31599	-47.10781	-16.785746	0.92387927	137.73174476623535
18	75.49311	40.537243	140.74002	29.50578	22.11316	35.493156	100.867874	-47.155937	204.0	150.7	19799	17.623571	20.304726	55.8756	-48.80739	-17.75227	1.0189214	146.4109308719635
19	35.85949	55.005302	124.61858	-33.74865	30.473713	53.156975	150.68349	-78.07485	158.57143	179.4	20899	18.34176	20.972511	58.36494	-50.408478	-18.470007	1.1595275	154.2852623462677
20	13.3298855	19.447748	51.996784	-13.521507	44.778313	51.9456	229.29825	-29.991426	110.0	167.35	21999	18.792618	21.678015	60.358757	-51.185467	-18.948967	1.4823772	161.87559151649475
21	35.150726	51.64864	134.26378	-21.793497	17.884487	33.977104	100.16324	-33.055332	155.57143	137.55	23099	19.315874	22.209908	61.162003	-52.016617	-19.490679	1.6745317	171.56446862220764
22	12.096284	21.76292	34.97985	-31.08411	54.22281	93.07021	273.1185	-33.376423	175.83333	205.3	24199	20.07096	22.688652	61.533424	-52.518593	-20.279768	1.5739938	180.76724863052368
23	34.929058	54.079834	152.12202	-26.911022	70.30459	89.21541	252.9007	-56.55843	183.85715	227.1	25299	20.729769	23.021856	62.253315	-53.18026	-20.938677	1.7192565	190.52485275268555
24	104.4901	88.93324	248.44186	30.515497	42.63854	67.70435	244.49905	-46.44973	240.5	175.05	26399	21.977808	23.38301	62.862217	-53.746666	-22.200836	1.6857334	198.50377297401428
25	82.56634	89.53902	219.29727	-10.016543	95.2205	99.88977	270.9925	-92.04168	263.0	318.75	27499	22.917	23.78708	63.336277	-54.809883	-23.14089	1.6607393	208.89504647254944
26	134.24632	84.22035	250.6738	14.603278	93.152916	100.28839	235.05215	-75.67422	303.0	284.2	28599	24.259739	24.10325	69.9237	-55.370922	-24.501516	1.662503	220.01832389831543
27	118.22111	58.885788	191.48712	47.30441	141.76773	93.10529	270.50735	-30.263977	356.0	316.15	29699	25.31842	24.277212	69.568375	-55.05977	-25.57486	1.7269787	229.58096194267273
28	55.453114	47.416283	117.246	-22.890276	129.06639	118.132385	276.26382	-26.78269	200.66667	260.05	30799	26.2482	24.494762	68.997154	-55.170097	-26.522705	1.8076426	239.80995726585388
29	59.779022	99.14979	251.06999	-34.271328	122.98075	87.2366	264.03424	-45.192158	159.66667	272.9	31899	27.357124	24.72732	68.12011	-53.28082	-27.64815	1.9102395	251.10517501831055
30	95.71018	113.196434	277.83615	-38.646904	124.48537	77.3711	269.22455	17.68435	201.83333	275.65	32999	28.531506	25.049263	69.97336	-50.76235	-28.830856	1.9294465	261.9343090057373
31	65.107185	85.03413	218.62091	-42.79755	142.95944	84.47342	266.7119	11.988429	206.6	304.15	34099	29.587063	25.169107	70.69574	-54.40127	-29.89287	2.0705721	273.64633107185364
32	73.018776	109.983665	239.37273	-59.42852	138.96477	67.89467	220.829	4.3371086	239.5	332.8	35199	30.511236	25.299883	94.51841	-50.58027	-30.833906	2.1013987	283.35144090652466
33	147.88344	57.85065	190.1828	66.08626	140.7666	84.14464	291.40894	-23.19076	361.66666	324.4	36299	31.605164	25.305141	83.79912	-45.448814	-31.940859	2.1190588	293.80111360549927
34	198.95488	43.62108	234.98695	137.57451	198.36008	101.81385	291.51837	-42.181076	400.0	346.7	37399	32.92034	25.308031	74.52981	-43.008842	-33.26172	1.9921901	303.8205180168152
35	121.89822	83.33406	238.26234	47.5486	197.2942	74.33288	262.3466	-47.45595	300.33334	389.65	38499	34.02803	25.311476	79.33319	-74.21656	-34.3787	2.0168014	314.6221101284027
36	248.14021	17.394136	263.4083	223.80293	194.75388	95.451195	294.682	0.12028612	400.0	360.35	39599	35.33865	25.289324	80.876724	-72.859146	-35.70322	2.0449007	325.2304003238678
37	163.03766	85.011215	253.15863	67.78723	140.35957	108.468155	293.96356	-55.459404	330.25	286.5	40699	36.725155	25.308891	82.39019	-70.16669	-37.103344	1.9937285	335.6406202316284
38	129.57448	102.46273	269.80807	27.853556	213.25066	99.737885	309.00836	-44.80488	291.0	352.25	41799	37.89599	25.45212	83.702576	-68.04986	-38.268417	1.9267112	348.23767709732056
39	270.23926	12.406481	287.44174	258.6485	212.52493	102.533745	308.61472	-47.48335	400.0	355.75	42899	39.0821	25.629332	95.83699	-66.21318	-39.449608	1.9161468	361.2821979522705
40	184.12376	89.69226	252.41829	57.40788	268.71246	24.422558	296.50018	214.33836	311.66666	400.0	43999	40.358067	25.647444	95.451355	-65.36524	-40.713223	1.9305189	376.8254723548889
41	194.80318	103.38806	285.60425	19.392118	228.61316	86.62437	306.7844	19.777256	332.25	366.55	45099	41.521942	25.718395	86.94921	-62.52223	-41.87792	1.8813255	388.0680010318756
42	188.00969	59.87859	255.81369	110.17442	211.29288	116.63592	299.89136	-7.168338	384.0	334.5	46199	42.404858	25.718714	88.01592	-61.97882	-42.745434	1.9370548	398.02953028678894
43	119.83927	103.35558	248.41226	-2.484328	169.58737	123.77192	320.0756	-31.242973	275.25	287.8	47299	43.17097	25.892405	88.73152	-62.680386	-43.51365	1.8886536	409.466237783432
44	93.894196	86.47239	230.30392	7.1119366	209.97812	49.971416	246.12747	25.71555	207.25	386.85	48399	44.086876	25.907104	89.11857	-64.48397	-44.438046	2.0371594	419.7922019958496
45	170.38629	85.445656	259.81247	29.398685	152.90544	92.0592	315.0423	19.865223	330.5	296.9	49499	45.016582	25.862955	89.09632	-66.325485	-45.371178	2.0620904	429.8565618991852
46	218.30757	20.599037	247.23561	200.8675	171.89603	92.15754	316.5015	24.734886	400.0	342.7	50599	45.87676	25.810286	117.89826	-65.84955	-46.228127	2.1595635	440.01631331443787
47	258.8668	9.264534	268.13132	249.60225	226.25903	71.77247	312.05685	23.48235	400.0	372.95	51699	46.8275	25.611183	88.56742	-65.5854	-47.172863	2.0623083	450.68324065208435
48	133.79321	56.260906	207.336	54.237797	158.71176	99.403984	292.6709	16.510262	300.5	328.5	52799	47.46969	25.522007	110.536934	-65.20391	-47.81001	2.0931628	463.3267595767975
49	159.06242	40.87027	215.79086	121.1075	140.1045	76.885414	238.3362	25.973648	347.66666	277.4	53899	48.104347	25.45823	87.89402	-65.345184	-48.447548	2.118576	472.8745172023773
50	191.09383	30.948841	219.51309	148.05704	230.60698	74.538925	291.04617	29.982212	400.0	372.55	54999	48.677364	25.470188	88.79893	-64.29667	-49.0259	2.260052	483.1616585254669
51	184.26189	89.763565	254.27715	57.550144	256.33188	51.506443	298.9435	39.71105	400.0	385.85	56099	49.364563	25.346365	89.21201	-63.733814	-49.719986	2.1965475	493.57973408699036
52	263.12457	8.757072	271.88165	254.36751	249.19327	92.69735	322.21533	35.463066	400.0	357.7	57199	50.03246	25.394876	96.19737	-60.801888	-50.4031	2.2190776	503.58848309516907
53	267.90805	22.703482	293.12753	238.08914	234.87862	102.91731	320.72958	2.552665	400.0	341.8	58299	50.971752	25.33913	100.60217	-60.49174	-51.337975	2.2805576	513.2913002967834
54	268.5921	16.59886	291.08105	251.51938	244.83846	89.70974	318.5704	49.607	400.0	358.25	59399	51.746147	25.315731	95.36045	-60.20862	-52.12266	2.1867952	525.2106966972351
55	265.113	6.9686704	273.09018	256.11273	246.20154	49.8506	291.1935	74.763115	400.0	387.85	60499	52.627277	25.246368	93.5918	-60.089855	-53.00253	2.2820525	536.7775344848633
56	169.64142	106.35202	278.87555	25.486341	248.25754	54.999237	288.28732	26.239264	311.0	385.85	61599	53.382664	25.160978	112.26973	-57.361668	-53.75581	2.2992685	547.921861410141
57	280.94763	12.997258	290.21613	262.56696	265.41452	48.662117	311.27875	88.38208	400.0	400.0	62699	54.068867	25.14253	109.88972	-58.31813	-54.44618	2.2701437	559.3158712387085
58	249.75098	28.984972	287.75104	217.4397	260.17538	38.994827	294.74304	131.21582	400.0	400.0	63799	54.85756	25.01129	127.457664	-54.46397	-55.225796	2.2933834	570.420405626297
59	247.92453	8.798805	256.72333	239.12572	257.96368	55.074417	297.70538	46.71304	400.0	400.0	64899	55.4467	24.935148	95.95404	-55.147514	-55.81311	2.2398086	583.1760764122009
60	259.39932	24.783268	277.3752	224.35442	261.37238	25.815279	295.34274	204.33759	400.0	400.0	65999	56.171307	24.796501	97.00116	-53.127583	-56.526505	2.2146163	596.1163349151611
61	254.46289	30.605555	278.30338	211.25731	252.15933	16.758234	297.16714	228.93494	400.0	400.0	67099	56.75059	24.772251	113.84857	-53.202408	-57.104126	2.2483795	606.1269311904907
62	254.06165	19.53386	280.13336	233.1165	270.4469	16.736992	292.4322	243.64702	400.0	400.0	68199	57.3885	24.634127	126.03407	-52.452053	-57.735744	2.369319	616.4907393455505
63	259.86084	17.406364	277.2672	242.45448	265.1824	22.57052	293.4961	211.18675	400.0	400.0	69299	57.835453	24.543049	100.30112	-51.350372	-58.193375	2.1567755	629.9184777736664
64	252.6839	17.549677	273.05508	230.22037	258.1808	31.283953	293.96133	187.67549	400.0	400.0	70399	58.34107	24.435102	101.70551	-49.176083	-58.690323	2.0694487	642.5739688873291
65	261.66626	1.6500739	262.98978	259.34006	269.7774	26.497402	307.6004	224.75473	400.0	400.0	71499	58.84111	24.331358	111.745674	-58.72079	-59.177143	2.1804416	654.3045482635498
66	273.33765	4.998413	277.6118	266.32462	271.20947	24.645964	297.01746	217.32486	400.0	400.0	72599	59.20964	24.151009	103.95913	-47.39604	-59.548443	2.0920534	664.8897058963776
67	289.06165	0.53349304	289.59512	288.52814	273.40442	21.505678	295.82434	220.50826	400.0	400.0	73699	59.65673	24.094288	107.063736	-45.688244	-59.993786	2.0382996	676.8478348255157
68	268.63242	21.36522	293.18802	241.10747	275.89297	20.218927	300.03293	231.58565	400.0	400.0	74799	60.121296	24.031414	116.563644	-45.79552	-60.447216	2.1008966	690.3556275367737
69	266.07907	1.7737732	268.20972	263.86716	266.40167	19.777567	300.37442	231.29732	400.0	400.0	75899	60.54381	23.887156	100.72061	-44.11762	-60.8795	1.9965099	702.1916296482086
70	258.6019	21.518574	277.99124	228.59431	276.7815	14.613023	305.4588	253.50487	400.0	400.0	76999	60.948185	23.80821	115.07305	-44.025322	-61.286144	1.9979081	715.6849303245544
71	269.1653	0.5503235	269.71564	268.615	265.4572	20.818548	300.54523	222.21153	400.0	400.0	78099	61.43432	23.64468	101.29973	-45.42063	-61.766422	1.8331088	729.4648144245148
72	251.92683	20.781244	276.97375	226.08876	272.67294	24.757969	308.5267	229.25935	400.0	400.0	79199	61.765133	23.603481	121.91274	-54.743206	-62.090405	2.085272	740.9294748306274
73	262.27054	6.151887	270.96664	257.69418	267.85175	22.806128	305.51425	217.87628	400.0	400.0	80299	62.107773	23.571793	101.97992	-45.647896	-62.434425	1.8590968	752.897463798523
74	264.44174	9.934149	275.88873	251.66447	246.2052	61.835	291.52963	-7.097825	400.0	384.5	81399	62.50912	23.544605	115.37722	-45.318336	-62.83433	1.9142361	765.1847856044769
75	270.97473	11.6436615	282.61838	259.33105	278.30502	19.102695	315.07593	234.36122	400.0	400.0	82499	62.8611	23.42861	132.93275	-46.80572	-63.18255	1.9927557	778.3905832767487
76	256.1827	6.7423277	264.7774	248.3095	265.21063	14.479259	282.19598	229.71892	400.0	400.0	83599	63.169434	23.331182	102.06389	-47.139282	-63.48552	1.7811952	791.8502519130707
77	245.16829	22.091187	273.01602	218.9803	258.8617	17.084866	289.29373	206.69955	400.0	400.0	84699	63.465897	23.152277	103.418175	-47.946087	-63.785652	1.740957	803.6764731407166
78	241.86487	9.924652	250.01556	227.89392	264.42844	15.582921	288.51407	233.1107	400.0	400.0	85799	63.731075	23.029425	111.21745	-47.412113	-64.04121	1.789554	814.7435059547424
79	250.75171	27.89914	278.65085	222.85257	259.4063	19.543436	284.15457	217.60641	400.0	400.0	86899	63.967293	22.935316	121.85059	-47.673103	-64.28447	1.720041	827.6603786945343
80	253.60254	15.064086	270.44543	233.88385	262.16714	12.283661	278.31622	237.73997	400.0	400.0	87999	64.31532	22.783592	105.38062	-44.738567	-64.627205	1.8832083	837.8208427429199
81	252.04048	21.580696	277.70486	224.90465	254.03772	22.104156	283.2404	187.41602	400.0	400.0	89099	64.64157	22.6698	104.75233	-44.846104	-64.96029	1.8412303	849.858832359314
82	263.90848	11.643466	277.11673	248.78896	259.6561	17.454634	287.0636	206.2049	400.0	400.0	90199	64.89293	22.663946	105.5456	-43.899437	-65.21428	1.8589588	861.8575551509857
83	263.1548	10.92057	274.07535	252.2342	265.93906	17.268154	290.65878	222.0952	400.0	400.0	91299	65.30014	22.480692	113.48978	-46.311	-65.60919	1.7223045	875.7631640434265
84	260.04904	10.583165	274.8042	250.49916	246.18384	26.662897	286.7755	181.61029	400.0	400.0	92399	65.4357	22.487366	118.02237	-43.99398	-65.740685	1.7596602	886.9107072353363
85	251.69887	24.971899	280.60583	219.67598	256.8609	24.549227	291.551	199.10097	400.0	400.0	93499	65.71286	22.409874	103.18498	-41.03206	-66.01562	1.7276154	897.1256890296936
86	244.896	32.59085	290.76944	218.09084	264.4317	34.047123	306.10245	173.62207	400.0	400.0	94599	65.9702	22.16898	121.18756	-38.68664	-66.26863	1.7389923	906.8011157512665
87	250.03267	4.002075	254.03474	246.0306	265.3205	21.147177	298.74454	205.00975	400.0	400.0	95699	66.08097	22.165276	110.96915	-37.4536	-66.381546	1.6950277	915.931795835495
88	270.1349	14.111079	281.09085	250.21188	269.0663	28.725647	295.45285	190.28973	400.0	400.0	96799	66.35711	22.037552	139.33505	-38.138573	-66.659225	1.7536376	923.6923463344574
89	262.05258	15.386446	277.27805	240.97682	269.26227	24.840765	296.92172	214.82748	400.0	400.0	97899	66.59513	21.98636	107.08985	-36.026524	-66.88798	1.6764193	931.0559992790222
90	270.07492	28.359379	291.62698	230.00703	282.8681	24.520756	311.2107	200.983	400.0	400.0	98999	66.7547	21.923388	114.90596	-36.29923	-67.05396	1.6422753	938.8257105350494
91	276.8536	10.286896	287.1405	266.5667	268.86035	39.133263	314.338	159.80498	400.0	400.0	100099	67.00307	21.877075	110.8643	-36.674088	-67.30251	1.660981	945.9310553073883
92	248.25117	53.023148	303.07227	176.53299	275.4293	26.817896	306.9137	200.60555	400.0	400.0	101199	67.21444	21.843912	109.84938	-36.597992	-67.50831	1.6352503	953.2182722091675
93	239.29012	35.047714	285.17194	200.11168	280.43213	18.40402	306.59995	245.93567	400.0	400.0	102299	67.34431	21.822493	127.28136	-36.675232	-67.639626	1.7505555	960.1455733776093
94	269.93436	9.244438	282.92636	262.1753	287.73785	18.852106	315.6633	246.0441	400.0	400.0	103399	67.54432	21.804598	114.95384	-44.024967	-67.83014	1.6450648	967.476259469986
95	289.4612	4.656952	294.11816	284.80426	291.2658	22.157698	315.08057	238.54121	400.0	400.0	104499	67.722534	21.733622	107.96637	-36.412373	-68.00926	1.5707581	974.3264014720917
96	241.29243	33.111973	285.72012	206.26297	273.9416	31.301474	310.72418	194.39566	400.0	400.0	105599	67.89056	21.678186	129.9195	-36.29269	-68.165665	1.7868191	981.5298099517822
97	274.46484	2.2060812	276.62775	271.4362	276.33292	18.912071	304.15698	229.64336	400.0	400.0	106699	68.02962	21.622036	143.26881	-37.076427	-68.309006	1.5961306	988.804575920105
98	260.48666	20.413036	277.68698	231.8079	273.09204	19.936687	307.4956	222.68903	400.0	400.0	107799	68.16277	21.622427	108.5282	-36.551044	-68.442345	1.5520293	995.9022760391235
99	272.30112	0.27062988	272.57175	272.0305	272.75104	26.803158	305.8072	203.95898	400.0	400.0	108899	68.32436	21.575218	107.971504	-37.435337	-68.596146	1.6622146	1004.3409767150879
100	270.59946	19.529533	287.83936	243.2928	284.0446	23.502945	316.10046	230.38976	400.0	400.0	109999	68.629906	21.47509	106.98121	-36.1628	-68.917755	1.502451	1011.5002393722534
101	245.1407	7.405868	252.54807	235.02466	253.81404	37.337048	307.57462	181.72263	400.0	400.0	111099	68.80773	21.503325	121.44236	-38.833263	-69.09852	1.6701431	1018.5121123790741
102	276.2938	9.836571	289.9551	267.19083	278.00314	29.892284	315.70642	203.83678	400.0	400.0	112199	68.98366	21.543444	123.22213	-37.357082	-69.27205	1.6413556	1026.9447793960571
103	287.80643	5.9924316	293.79886	281.814	284.79688	29.271366	317.21924	220.3965	400.0	400.0	113299	69.32192	21.392202	113.205475	-37.138817	-69.603836	1.5317706	1034.0043668746948
104	269.3446	27.454144	308.1514	248.88303	245.80765	28.398365	300.17444	189.01003	400.0	400.0	114399	69.54842	21.414448	106.32803	-36.20799	-69.838264	1.5261791	1043.2605020999908
105	281.13843	20.769648	302.5481	253.01846	289.06613	28.454128	316.46207	222.44717	400.0	400.0	115499	69.748505	21.47312	108.45114	-35.909744	-70.04297	1.5780027	1051.5459830760956
106	291.09778	20.164486	308.09805	262.76956	285.64508	32.037098	329.26465	210.66664	400.0	400.0	116599	70.000275	21.513212	134.55656	-36.12615	-70.29269	1.6817173	1059.6141560077667
107	248.94995	48.74948	297.69943	200.20047	271.22583	18.476877	298.2233	233.95837	400.0	400.0	117699	70.233345	21.43966	107.53452	-36.072495	-70.52125	1.4888433	1069.7037289142609
108	284.80002	7.1444254	294.27234	277.0191	293.33032	17.123508	318.6057	251.09741	400.0	400.0	118799	70.4138	21.473545	115.08498	-35.853374	-70.70398	1.6035935	1078.7981238365173
109	276.3595	13.793343	294.50497	261.0867	286.13333	23.285568	319.14078	238.08485	400.0	400.0	119899	70.721954	21.352913	119.36571	-34.737278	-71.00869	1.5658138	1088.904529094696
110	284.3033	8.400763	296.16116	277.73987	287.74576	25.694563	317.63754	229.82909	400.0	400.0	120999	70.94968	21.274794	138.30632	-35.367405	-71.23331	1.4625638	1096.744183063507
111	298.8416	1.8549347	300.69656	296.9867	290.1249	24.101862	318.4065	228.95686	400.0	400.0	122099	71.12059	21.291153	114.08736	-55.632755	-71.40127	1.5307597	1104.0020959377289
112	271.31284	21.89285	299.59283	246.25832	292.15787	18.392452	319.0685	245.67542	400.0	400.0	123199	71.336205	21.270718	114.906456	-35.755184	-71.61224	1.3838646	1111.3791913986206
113	280.89627	11.095112	296.57706	272.5691	284.501	25.439785	325.07858	213.76042	400.0	400.0	124299	71.4868	21.269491	119.33021	-35.217297	-71.75807	1.4555367	1118.6653118133545
114	268.64267	7.4293776	278.89294	261.51944	288.34064	23.490316	319.53674	241.89354	400.0	400.0	125399	71.71891	21.228016	130.31207	-35.22542	-72.00036	1.4347845	1124.9887037277222
115	266.1216	27.507805	293.62943	238.61382	286.26108	20.393347	321.43198	256.55588	400.0	400.0	126499	71.91955	21.080183	111.354515	-34.153522	-72.19175	1.540148	1132.1739373207092
116	286.73117	3.9258804	292.12402	282.8917	288.5401	26.75745	322.14102	239.22556	400.0	400.0	127599	72.07379	21.05917	117.121895	-33.323463	-72.336716	1.4484144	1139.2009625434875
117	275.44565	14.4081955	290.22253	255.90703	286.3424	17.148949	317.2394	256.66504	400.0	400.0	128699	72.17574	21.014856	117.05525	-33.863705	-72.4394	1.445784	1146.520198583603
118	273.75864	9.236942	280.34998	260.6958	294.29694	18.123512	326.9389	261.0559	400.0	400.0	129799	72.29519	21.011665	111.05613	-34.548088	-72.563255	1.268242	1153.5255897045135
119	291.66608	9.005783	300.67184	282.66028	281.2962	40.826603	325.11224	132.96951	400.0	400.0	130899	72.391045	20.95048	115.89797	-34.460682	-72.649994	1.3153784	1160.430291891098
120	286.22342	7.3019056	296.30252	279.23825	292.99118	22.260712	325.27042	234.49355	400.0	400.0	131999	72.48248	20.876154	110.11832	-35.246742	-72.73423	1.3160985	1167.5483994483948
121	282.41898	18.16854	304.28754	259.80273	274.60565	19.460737	327.08453	239.38515	400.0	400.0	133099	72.55119	20.77505	125.40403	-36.438446	-72.79378	1.3155468	1176.210125207901
122	288.0218	1.6002297	290.11252	286.22626	280.96564	30.545067	324.6375	223.46492	400.0	400.0	134199	72.56383	20.680023	116.14498	-35.435833	-72.800735	1.4139287	1183.2551939487457
123	265.4423	15.898308	281.3406	249.54399	268.1718	18.226114	296.5603	222.05579	400.0	400.0	135299	72.59773	20.566002	106.52177	-34.3228	-72.83841	1.3677226	1190.0772535800934
124	276.30396	17.166933	293.81158	252.98416	277.12476	77.94603	324.9197	-51.43311	400.0	385.35	136399	72.64561	20.48155	138.34564	-34.232796	-72.89099	1.4181782	1196.5321428775787
125	284.6731	9.350534	297.88834	277.6573	271.32733	18.358665	306.40332	237.56494	400.0	400.0	137499	72.702896	20.427944	107.98969	-36.05198	-72.942345	1.3479084	1203.4531586170197
126	266.8212	17.6775	282.81287	242.18384	249.6836	44.119255	321.4869	183.03319	400.0	400.0	138599	72.79247	20.26939	107.05532	-34.01425	-73.032425	1.2861055	1209.9893517494202
127	256.01392	33.180122	289.19403	222.83379	270.91217	19.135908	294.89642	231.01419	400.0	400.0	139699	72.78142	20.233995	142.27695	-81.03342	-73.018906	1.4533736	1216.4726498126984
128	272.98935	6.89168	278.69354	263.2933	259.90515	16.038149	288.42685	215.8628	400.0	400.0	140799	72.750465	20.203281	114.462456	-33.920403	-72.97645	1.2400677	1223.4045007228851
129	278.23886	9.828165	286.5159	264.43042	274.76538	17.886623	310.689	244.90439	400.0	400.0	141899	72.81971	20.083275	109.8423	-34.036873	-73.05361	1.2634692	1230.2678797245026
130	261.92685	11.556877	272.2632	245.79454	268.36795	32.543816	320.10788	177.69499	400.0	400.0	142999	72.91532	20.016802	119.95237	-37.05526	-73.15213	1.3868297	1237.2455751895905
131	228.54654	15.868935	244.41548	212.67761	299.36502	16.3715	321.6604	261.82986	400.0	400.0	144099	72.88632	19.990383	107.82028	-35.190598	-73.120865	1.2484515	1245.3838229179382
132	248.04817	17.33813	268.18454	225.86342	281.2718	24.482819	314.58893	237.52116	400.0	400.0	145199	72.974266	19.850676	123.34163	-34.876125	-73.21757	1.2406771	1252.4020028114319
133	264.7039	10.099433	275.95633	251.45963	265.73602	35.272575	314.87537	205.14694	400.0	400.0	146299	73.04608	19.824173	111.50518	-34.82393	-73.28509	1.2546381	1258.9723017215729
134	226.87971	26.531982	264.3599	206.60776	281.27386	17.833984	315.26047	236.64966	400.0	400.0	147399	73.12949	19.725838	109.459274	-54.05815	-73.37032	1.1738341	1265.5228776931763
135	278.76318	7.631592	286.39478	271.1316	278.30304	29.39694	315.1856	206.2707	400.0	400.0	148499	73.25458	19.626047	130.95421	-53.147804	-73.49751	1.2721403	1273.720281124115
136	287.89352	20.38756	303.91464	259.12308	298.6986	20.744213	321.85446	223.6561	400.0	400.0	149599	73.356766	19.614746	150.20827	-33.622967	-73.60422	1.1478729	1281.7074615955353
137	262.27438	26.869604	298.87506	235.12779	270.15106	23.701881	304.7652	220.8142	400.0	400.0	150699	73.51188	19.516989	120.67641	-34.48881	-73.76029	1.163559	1289.6136493682861
138	279.94644	6.5368624	288.30847	272.35175	287.906	24.602394	324.17957	235.58946	400.0	400.0	151799	73.642845	19.476746	127.617615	-33.561386	-73.88777	1.1368486	1296.6212992668152
139	288.9299	2.2803955	291.2103	286.6495	283.35043	17.763033	305.56613	229.03883	400.0	400.0	152899	73.82273	19.378048	118.93325	-31.609474	-74.07277	1.0928898	1303.6612222194672
140	250.04826	16.27439	272.99353	237.02014	293.58344	24.368557	322.5759	243.38878	400.0	400.0	153999	73.97301	19.33601	127.60105	-39.042824	-74.22506	1.181769	1311.7394206523895
141	272.55753	16.432775	289.30124	250.22894	253.6486	16.671247	288.52646	215.53555	400.0	400.0	155099	74.07092	19.437208	108.50782	-58.934536	-74.32496	1.1762714	1318.0010776519775
142	266.86963	18.639034	289.52698	243.8746	285.31204	20.136822	321.5233	257.22876	400.0	400.0	156199	74.2425	19.375647	120.95092	-33.44709	-74.488846	1.2527059	1323.8493211269379
143	272.78302	27.623672	300.40668	245.15933	286.8098	14.776073	311.08322	254.96265	400.0	400.0	157299	74.42675	19.287764	108.197365	-33.253532	-74.67984	1.0392696	1330.1391115188599
144	270.8577	11.234904	280.60815	255.11827	281.7864	22.789886	312.6741	214.85152	400.0	400.0	158399	74.63432	19.223152	117.23532	-32.596294	-74.892685	1.1833822	1336.7660534381866
145	261.83267	22.708206	278.0436	229.71892	275.8805	15.307049	301.88797	246.19186	400.0	400.0	159499	74.78022	19.172447	122.89944	-32.20813	-75.025856	1.1768279	1343.1940097808838
146	272.11093	6.6000714	281.41592	266.82263	271.58072	26.187359	303.86996	201.14157	400.0	400.0	160599	74.87693	19.167942	111.6666	-32.35656	-75.132965	1.1194261	1349.796873807907
147	270.68375	9.395813	280.07956	261.28793	277.0344	22.87863	318.37442	217.2001	400.0	400.0	161699	75.051155	19.080273	115.11983	-31.984232	-75.297005	1.1789303	1356.658445596695
148	280.09848	11.831433	295.35223	266.51624	284.33862	28.292484	320.83716	229.21251	400.0	400.0	162799	75.15371	19.071754	107.983925	-32.96151	-75.39654	1.0835803	1363.47874045372
149	272.93524	16.789312	296.63068	259.77747	291.31555	16.366888	308.01547	258.1974	400.0	400.0	163899	75.30301	19.00124	114.358215	-49.124146	-75.555695	1.1240247	1371.5253040790558
150	257.52762	29.217747	298.64914	233.46255	281.17416	25.75351	319.73132	240.46863	400.0	400.0	164999	75.43323	18.996456	110.54376	-31.709545	-75.68453	1.1122648	1377.911120891571
151	269.52408	18.617027	288.1411	250.90706	272.93304	32.64605	327.5964	223.97984	400.0	400.0	166099	75.64024	18.9173	110.767944	-32.17537	-75.890015	1.1228234	1385.4473617076874
152	256.80957	24.49641	283.32718	224.24472	293.61816	21.815855	329.57068	244.62556	400.0	400.0	167199	75.68302	18.993801	152.94089	-31.736801	-75.917725	1.1442778	1392.2486143112183
153	272.80966	39.100456	304.30014	217.70032	296.7567	23.205132	321.15134	235.70586	400.0	400.0	168299	75.7905	18.91104	125.61481	-32.329643	-76.037056	1.1051738	1399.0104632377625
154	290.7859	13.467622	305.6093	273.0173	287.3763	15.696249	318.30914	260.67563	400.0	400.0	169399	75.87859	18.878849	120.26258	-32.467747	-76.11737	1.1577739	1405.863974571228
155	293.55713	0.14489746	293.70203	293.41223	291.7746	19.150106	323.14746	245.35504	400.0	400.0	170499	76.00649	18.743906	106.80016	-32.787865	-76.240456	1.09697	1413.7452330589294
156	241.90263	35.648834	289.94827	204.65215	290.67126	35.813667	325.42004	209.98938	400.0	400.0	171599	76.097565	18.713318	135.37962	-31.961552	-76.335495	1.1548775	1421.6191008090973
157	302.61792	4.3983936	307.87613	297.11093	284.78958	20.88641	326.37445	247.52437	400.0	400.0	172699	76.125626	18.601318	106.57809	-31.727243	-76.357475	0.9955643	1428.565179824829
158	292.93506	16.185368	309.56656	270.9997	295.51166	14.77748	314.766	260.09525	400.0	400.0	173799	76.165215	18.614082	134.18578	-33.43405	-76.39633	1.0756519	1436.1502282619476
159	275.2456	0.7368317	275.98245	274.5088	303.2225	12.333247	329.68634	271.2498	400.0	400.0	174899	76.29168	18.546505	153.34396	-95.26261	-76.5278	1.2503345	1443.9080011844635
160	278.7117	3.8807688	283.2581	273.77612	289.97375	23.078724	323.7548	226.13466	400.0	400.0	175999	76.327866	18.496214	117.80503	-35.231544	-76.55635	1.0752121	1450.972910642624
161	287.06088	27.667427	308.30487	247.9828	297.08148	26.228643	327.71054	217.0771	400.0	400.0	177099	76.38116	18.3945	107.33218	-42.895218	-76.601944	1.1380844	1457.415450334549
162	281.1068	27.528017	308.18872	243.34572	279.65216	22.175568	310.31805	229.26768	400.0	400.0	178199	76.43623	18.357124	119.753265	-33.41922	-76.66965	1.1409806	1463.7815599441528
163	253.68817	19.49936	273.18753	234.18881	292.90305	21.73893	323.28854	253.60892	400.0	400.0	179299	76.45747	18.419231	122.96731	-31.775776	-76.689476	1.0354346	1471.364286184311
164	290.40033	1.3605816	291.82825	288.56943	290.83698	18.933842	318.52548	248.82785	400.0	400.0	180399	76.554184	18.34059	145.50021	-40.359596	-76.77836	1.1766026	1477.6901049613953
165	258.79672	13.597486	276.76883	243.887	290.4903	18.5492	326.1924	260.31668	400.0	400.0	181499	76.62325	18.261038	105.04042	-35.475044	-76.85923	0.96859175	1483.9840204715729
166	267.17667	7.931434	274.86255	256.25864	293.91797	13.020513	317.96854	260.5116	400.0	400.0	182599	76.6922	18.273834	112.05794	-33.888664	-76.92316	1.0903469	1490.303056716919
167	282.14008	7.8818817	290.02197	274.2582	292.5605	14.996429	319.76132	260.514	400.0	400.0	183699	76.84761	18.141655	160.21976	-57.276867	-77.08976	1.233758	1496.4239161014557
168	290.0037	5.5072885	294.8212	282.29504	287.016	12.275061	307.23178	250.36703	400.0	400.0	184799	76.92864	18.13395	127.052025	-47.836403	-77.15518	1.0861696	1502.4965081214905
169	291.32907	5.9384847	299.60297	285.945	269.53503	26.5193	309.36893	204.91513	400.0	400.0	185899	76.990845	18.085598	116.609245	-37.047928	-77.21468	1.0308241	1509.884901046753
170	273.24255	15.521348	293.6104	255.97124	282.90292	17.647451	305.84647	252.81497	400.0	400.0	186999	77.02472	18.175484	122.02391	-35.75982	-77.2531	1.0355175	1517.355309009552
171	287.69562	5.78981	293.4854	281.9058	300.06165	12.225423	314.69745	275.75906	400.0	400.0	188099	77.11957	18.076971	178.8657	-47.711685	-77.34925	1.1423329	1523.5527319908142
172	282.23343	11.648647	296.92746	268.43655	294.26764	20.135336	315.8848	247.21051	400.0	400.0	189199	77.22965	17.980795	121.216965	-36.576195	-77.45762	1.0456214	1529.9977638721466
173	280.225	16.04412	299.3818	260.1165	290.99738	12.959313	318.0194	265.48862	400.0	400.0	190299	77.215065	17.988605	102.7637	-37.148945	-77.42933	0.9063234	1536.8006474971771
174	276.08005	28.943398	299.64288	235.31287	295.02405	24.218851	321.9103	240.58038	400.0	400.0	191399	77.21049	18.006664	107.5151	-37.943996	-77.43773	1.0492074	1544.0876989364624
175	284.37903	11.015732	295.39474	273.36328	296.1146	18.042002	326.1703	246.5913	400.0	400.0	192499	77.272545	17.962257	121.593124	-36.53952	-77.49008	1.0873792	1550.0396411418915
176	265.83148	12.693204	281.53235	250.44525	291.04678	19.504745	319.4586	248.06256	400.0	400.0	193599	77.401474	17.78937	133.42427	-36.936485	-77.62639	1.1418555	1556.3892273902893
177	250.89534	28.421244	289.5983	222.15178	283.25433	23.135056	322.91934	248.51146	400.0	400.0	194699	77.338905	17.799171	139.20244	-37.729244	-77.55335	1.1069249	1562.8036732673645
178	295.14038	8.032632	305.10733	285.43677	288.04626	20.298227	323.98367	241.2335	400.0	400.0	195799	77.39645	17.712868	121.09892	-35.664307	-77.612656	0.8778477	1570.4647331237793
179	283.4732	13.230301	296.7035	270.2429	284.3464	16.409904	312.5653	251.67213	400.0	400.0	196899	77.33549	17.744036	148.695	-46.023933	-77.538864	1.3337098	1576.7832553386688
180	267.20584	32.45609	302.45352	224.12032	291.82135	23.16765	327.62143	249.10101	400.0	400.0	197999	77.319916	17.634373	103.400604	-36.01864	-77.53095	0.9444113	1583.3532774448395
181	264.20764	28.766205	297.69302	227.45773	290.718	21.04746	322.63232	244.91783	400.0	400.0	199099	77.27392	17.597904	105.498436	-38.642754	-77.47397	1.0384836	1591.0024099349976
182	285.059	29.609713	307.57993	243.22554	292.02264	18.722973	325.45746	260.19955	400.0	400.0	200199	77.20058	17.55255	122.82906	-35.022	-77.400345	1.0046307	1597.6620326042175
183	276.04468	1.7142792	277.75894	274.33038	293.461	18.553122	322.2572	256.47226	400.0	400.0	201299	77.16809	17.500195	116.13601	-34.603764	-77.37125	1.0320202	1604.0856235027313
184	263.86197	19.484974	291.2923	247.87115	293.17917	21.428192	323.48828	249.60114	400.0	400.0	202399	77.17703	17.340487	124.63152	-33.82172	-77.3822	0.979028	1610.3113856315613
185	265.46503	18.52395	291.56613	250.47697	286.09616	26.060947	322.42328	218.39252	400.0	400.0	203499	77.146576	17.318233	111.39522	-33.31385	-77.35009	1.0642402	1616.548568725586
186	269.42413	17.053957	292.1966	251.15913	300.5883	20.388906	323.1236	243.22104	400.0	400.0	204599	77.14841	17.253681	112.26798	-34.605156	-77.35265	1.0394946	1622.5909507274628
187	300.2553	6.31427	306.56958	293.94104	294.54974	22.024385	324.8357	227.23425	400.0	400.0	205699	77.14473	17.201704	115.721436	-34.91325	-77.35027	1.1122973	1628.957893371582
188	289.71463	16.823227	305.1598	266.3199	293.66635	24.605633	319.47513	205.68877	400.0	400.0	206799	77.13467	17.145342	116.69926	-33.310974	-77.332794	0.8970373	1635.3301286697388
189	282.24875	9.80617	295.9835	273.72037	288.63177	24.716875	321.91437	250.67206	400.0	400.0	207899	77.1758	17.029694	141.06784	-34.22213	-77.37655	0.99858797	1641.4440386295319
190	271.76355	14.404134	282.60233	251.40732	291.36383	16.076014	322.90875	254.72505	400.0	400.0	208999	77.153625	16.979193	124.07663	-33.710243	-77.347595	0.9868377	1647.8826386928558
191	265.88702	0.30993652	266.19696	265.5771	292.64645	18.917257	324.457	264.11414	400.0	400.0	210099	77.10646	16.907772	134.72124	-32.737858	-77.29643	1.0321016	1654.035117149353
192	286.36084	21.929075	305.40698	255.64201	294.90915	26.90462	321.88934	223.27122	400.0	400.0	211199	76.988976	16.84516	118.28881	-31.473015	-77.17003	0.9763845	1660.3890335559845
193	259.13675	22.702902	275.931	227.04158	287.2892	21.394335	316.16357	230.92488	400.0	400.0	212299	76.911255	16.73719	126.30166	-31.376965	-77.0924	0.99682087	1666.6761503219604
194	277.48737	11.138578	286.34232	261.7774	291.55817	18.768797	316.38986	248.25616	400.0	400.0	213399	76.8552	16.594664	114.43924	-31.289	-77.03543	1.0505139	1672.9184746742249
195	294.42505	6.87529	301.30032	287.54974	282.85275	26.128878	324.08926	223.59529	400.0	400.0	214499	76.73376	16.563395	120.80951	-31.240757	-76.91862	1.0899795	1679.2514028549194
196	247.81047	20.316538	270.90692	221.46164	300.87717	23.83728	331.75165	215.9846	400.0	400.0	215599	76.64232	16.557367	114.68227	-67.2053	-76.810585	0.9806539	1685.6149547100067
197	261.7705	31.03754	305.1879	234.47684	280.62756	22.716469	322.59155	233.35318	400.0	400.0	216699	76.557076	16.398623	106.77328	-30.821415	-76.7289	0.8850086	1691.7289707660675
198	270.69235	22.523256	302.23846	251.10115	287.8534	17.987398	324.26266	257.57413	400.0	400.0	217799	76.3811	16.475134	133.30783	-30.368376	-76.552155	1.053218	1697.8118526935577
199	225.20654	19.70562	244.91216	205.50092	250.32576	40.41402	312.0925	147.60443	400.0	400.0	218899	76.30987	16.325745	152.9676	-31.99126	-76.47467	1.119675	1703.9105625152588
200	247.66724	6.391085	256.59692	241.9922	276.07086	26.797688	323.40125	230.6476	400.0	400.0	219999	76.19038	16.25903	103.64795	-30.967958	-76.35156	0.8364683	1710.1027920246124
201	276.80515	4.1489677	279.76926	270.9377	274.2585	27.231829	311.9542	214.2366	400.0	400.0	221099	76.01105	16.316877	141.07173	-35.99786	-76.18252	0.9623915	1717.8204772472382
202	279.69846	15.368915	301.00006	265.3078	283.836	25.080235	312.71677	223.15877	400.0	400.0	222199	75.98275	16.136799	141.12166	-49.70259	-76.15462	1.0481356	1724.4132719039917
203	273.13458	12.340317	285.47488	260.79425	239.57649	41.29827	306.9602	169.72658	400.0	400.0	223299	75.94423	16.067385	109.634735	-32.640274	-76.12245	0.8899494	1730.7304747104645
204	261.6439	21.591858	291.66284	241.79094	290.41757	23.820265	322.692	219.13019	400.0	400.0	224399	75.901245	16.035992	140.55508	-30.105774	-76.081055	0.9046161	1736.79794216156
205	275.87296	14.88984	289.58353	255.17656	291.33478	24.245853	318.88507	233.16866	400.0	400.0	225499	75.87494	15.971198	127.6681	-30.078686	-76.04669	0.93539995	1743.2119743824005
206	258.70618	19.424171	277.72675	232.03165	267.59604	27.71977	315.37567	215.24913	400.0	400.0	226599	75.80799	15.960998	195.70438	-30.31997	-75.97096	1.1228167	1749.5791804790497
207	269.31912	5.4234314	274.74255	263.8957	278.12527	17.025826	313.1098	245.92163	400.0	400.0	227699	75.76661	15.877642	113.76801	-28.926876	-75.93682	0.95820236	1756.1172361373901
208	280.87146	24.356071	315.30878	263.03494	289.3568	25.292067	312.7125	229.52792	400.0	400.0	228799	75.76074	15.82597	135.6254	-28.548117	-75.931946	0.9035116	1763.6823816299438
209	287.94815	8.685189	299.86517	279.4133	288.86313	30.60447	323.88272	206.46022	400.0	400.0	229899	75.73903	15.810419	126.00623	-28.969826	-75.913055	0.8818774	1771.2424976825714
210	291.7949	5.280974	297.27637	284.6612	281.30402	17.374317	306.4498	231.37141	400.0	400.0	230999	75.75261	15.718592	130.21042	-28.511862	-75.92648	0.8752608	1777.8761792182922
211	184.49599	140.74895	298.9619	-13.7637825	290.3127	20.906195	316.59473	234.4167	313.66666	400.0	232099	75.70122	15.748361	99.06982	-27.770388	-75.87413	0.7998541	1783.9243695735931
212	271.61685	9.281289	284.31824	262.39914	272.09308	27.042913	309.7215	211.8127	400.0	400.0	233199	75.65906	15.724709	117.54343	-38.24118	-75.82463	1.0272925	1789.9450826644897
213	255.15527	17.780968	272.93625	237.37431	283.20486	31.131105	322.2521	196.35623	400.0	400.0	234299	75.636314	15.671027	116.79679	-28.001963	-75.80689	0.79424685	1795.9621181488037
214	272.23264	16.023468	290.97656	251.83224	277.30893	30.59215	329.4511	216.13118	400.0	400.0	235399	75.66377	15.560603	122.8104	-50.794945	-75.830864	1.0269707	1803.0750789642334
215	283.6601	18.101656	309.20563	269.44696	280.107	16.577518	297.36566	230.01299	400.0	400.0	236499	75.60258	15.673358	122.950806	-27.098562	-75.7775	0.8534735	1809.7032327651978
216	266.81442	11.19446	281.04047	253.6857	294.36075	29.303461	327.82526	222.87561	400.0	400.0	237599	75.66885	15.597105	107.293434	-26.704926	-75.841095	0.8378354	1815.7079684734344
217	281.45038	21.37172	302.82208	260.07864	277.51147	21.95104	314.80185	232.92474	400.0	400.0	238699	75.68184	15.532627	126.32316	-33.354187	-75.85387	0.8508113	1821.7266340255737
218	285.21243	19.215036	301.08392	258.17438	293.38052	26.560204	327.16974	239.94688	400.0	400.0	239799	75.674446	15.52442	148.25468	-27.7556	-75.84539	0.9929743	1827.7096145153046
219	269.2084	28.404346	291.1156	229.09547	272.28424	39.757008	319.4269	172.4579	400.0	400.0	240899	75.64435	15.498213	195.6572	-94.34361	-75.80008	1.0264555	1834.060245513916
220	301.74707	6.9793873	308.29498	292.0769	277.36432	22.78101	309.55338	220.9426	400.0	400.0	241999	75.627106	15.487702	113.124626	-27.084158	-75.800186	0.8509445	1840.4378471374512
221	300.79593	2.6625671	303.4585	298.13336	290.43985	31.007717	326.3729	217.13257	400.0	400.0	243099	75.67322	15.447904	125.95129	-27.851046	-75.83958	0.8939403	1846.4372584819794
222	281.16995	15.415199	301.20642	263.71213	283.4243	27.552574	325.35037	208.10297	400.0	400.0	244199	75.70301	15.388417	140.9452	-28.007248	-75.87166	0.90800494	1853.9739508628845
223	296.93283	0.52523345	297.61273	296.33383	282.46027	26.083183	314.54095	224.83331	400.0	400.0	245299	75.763176	15.301482	132.58888	-93.75302	-75.92586	0.97546184	1860.6403489112854
224	242.95282	36.686996	281.3074	193.51668	296.0182	29.524345	326.63263	220.42154	400.0	400.0	246399	75.67658	15.429677	115.63501	-27.232393	-75.842224	0.8316078	1868.3095352649689
225	246.79019	30.269447	277.05963	216.52074	294.6382	20.739763	327.11945	246.71292	400.0	400.0	247499	75.692986	15.38569	142.20354	-41.01319	-75.85844	0.92403954	1874.3329179286957
226	256.55594	7.430358	266.22003	248.15048	283.15094	23.343992	324.8068	248.98315	400.0	400.0	248599	75.6904	15.263644	103.871605	-28.710762	-75.85353	0.8842723	1880.6073188781738
227	294.86502	5.5536547	302.4714	289.3672	301.50598	26.581783	329.0639	236.69582	400.0	400.0	249699	75.65717	15.342352	108.67058	-29.127167	-75.82287	0.838646	1886.9047412872314
228	271.17795	16.51132	293.8596	255.03162	281.53464	28.07984	330.38956	207.95497	400.0	400.0	250799	75.72023	15.22121	111.20257	-39.152176	-75.8842	0.8324607	1894.4029314517975
229	270.51324	14.194519	284.70776	256.31873	263.9394	57.073193	321.77798	104.09295	400.0	400.0	251899	75.70425	15.239016	138.21707	-27.599968	-75.866875	0.9494749	1900.8286147117615
230	296.2904	4.737875	302.71356	291.427	287.3531	26.911875	325.08157	232.36485	400.0	400.0	252999	75.7316	15.186942	104.98558	-29.330606	-75.89507	0.8275504	1906.805230140686
231	265.60257	12.014824	277.85855	249.28256	294.56046	21.752516	328.31195	231.39436	400.0	400.0	254099	75.74887	15.199516	110.4134	-29.924332	-75.91426	0.8383216	1912.6447267532349
232	295.0214	7.57172	305.66467	288.68143	292.6546	37.91744	329.31628	158.08401	400.0	400.0	255199	75.77948	15.1900215	117.23776	-38.50578	-75.94813	0.9125334	1919.1135358810425
233	225.06152	71.70242	296.76395	153.3591	301.09137	19.724068	327.96072	237.35168	400.0	400.0	256299	75.84884	15.129983	141.03821	-30.236986	-76.012535	0.8817296	1925.1543328762054
234	292.40518	4.5184827	297.31146	286.40643	304.44766	20.072302	325.43063	260.62592	400.0	400.0	257399	75.81756	15.203029	133.98569	-44.1973	-75.97822	0.8757167	1931.3368389606476
235	270.49176	25.977806	307.0409	248.99376	248.94937	60.727646	319.70312	108.818756	400.0	400.0	258499	75.8654	15.149182	124.51155	-30.689442	-76.03305	0.8611902	1937.636188030243
236	281.79837	26.105022	311.77042	248.14511	283.51727	34.860355	319.1016	176.62811	400.0	400.0	259599	75.88336	15.13091	132.88928	-30.0546	-76.03183	1.0236828	1943.7397680282593
237	282.5284	6.3802185	288.90863	276.1482	290.3075	35.21936	323.60092	167.45538	400.0	400.0	260699	75.88314	15.129107	140.23329	-40.40864	-76.04523	0.9103173	1949.7732622623444
238	272.02512	22.918945	291.5844	239.86263	266.02512	36.32141	316.93115	214.87068	400.0	400.0	261799	75.934456	15.093075	102.70717	-30.379225	-76.09756	0.71708465	1955.801745414734
239	265.90207	36.66244	291.9547	214.05376	292.2863	31.555832	320.91034	206.47626	400.0	400.0	262899	75.87313	15.252293	98.87518	-28.582117	-76.03558	0.79661554	1961.4038877487183
240	284.13535	24.637606	309.85593	250.91931	288.19492	23.694885	327.02176	227.67682	400.0	400.0	263999	75.95193	15.137033	125.342155	-30.064302	-76.11018	0.9805222	1967.028434753418
241	275.40613	16.519623	291.92575	258.8865	297.8801	28.092678	329.76013	238.66173	400.0	400.0	265099	75.964325	15.154224	98.769875	-29.594297	-76.12766	0.6950457	1973.0581872463226
242	289.84937	12.502126	299.1898	272.1783	273.44763	33.91685	310.29813	179.71777	400.0	400.0	266199	76.007195	15.164792	132.83353	-44.92193	-76.17041	0.90753675	1979.3279359340668
243	283.56592	9.766611	297.25616	275.13553	288.30032	20.258562	318.0039	243.13193	400.0	400.0	267299	76.04526	15.20887	121.78811	-30.350077	-76.20596	0.95215887	1986.9797961711884
244	283.1213	2.5945642	285.27078	279.47122	279.30402	19.38884	306.14822	239.42078	400.0	400.0	268399	76.03991	15.231596	124.06772	-31.795094	-76.19728	0.8328308	1993.1370866298676
245	300.18683	3.541031	303.72787	296.6458	294.71143	22.278313	317.84433	238.66264	400.0	400.0	269499	76.10887	15.163064	133.68921	-33.37089	-76.26904	0.88780165	1999.1494793891907
246	265.49667	19.470818	292.9025	249.47876	270.80307	16.285568	300.63596	241.77261	400.0	400.0	270599	76.13762	15.229838	121.871704	-30.382263	-76.30193	0.8445065	2006.6258149147034
247	291.02048	7.762223	301.9682	284.84756	279.04965	17.252167	301.23755	240.0457	400.0	400.0	271699	76.202324	15.167277	105.77964	-30.80659	-76.362656	0.7663047	2013.8697457313538
248	271.8232	26.901104	295.20703	234.14279	282.27982	27.815338	310.46112	182.99756	400.0	400.0	272799	76.26254	15.167325	110.663574	-30.553106	-76.42736	0.80302817	2020.1057941913605
249	257.63348	17.067924	274.70142	240.56557	281.69434	14.132962	300.60855	238.00597	400.0	400.0	273899	76.303925	15.2301855	111.84066	-30.179543	-76.473915	0.76967883	2026.0871818065643
250	295.00204	7.6637955	304.38037	285.608	287.59064	30.46842	321.96982	190.90916	400.0	400.0	274999	76.42351	15.123184	110.48693	-31.151628	-76.594055	0.8449113	2032.5119111537933
