Epoch	AverageEpRet	StdEpRet	MaxEpRet	MinEpRet	AverageTestEpRet	StdTestEpRet	MaxTestEpRet	MinTestEpRet	EpLen	TestEpLen	TotalEnvInteracts	AverageQVals	StdQVals	MaxQVals	MinQVals	LossPi	LossQ	Time
1	191.84285	73.91268	265.75552	117.93017	-209.14563	21.084585	-177.45966	-243.37643	400.0	400.0	1099	0.31052706	0.2170552	1.8932052	-4.078863	-0.35034627	0.1371706	2.6711087226867676
2	101.591774	165.57385	235.7395	-131.69081	172.99832	87.199455	290.8466	-36.56501	400.0	400.0	2199	1.4439855	1.4846176	5.587321	-4.5296016	-1.5362324	0.015947253	7.874422788619995
3	178.20752	58.90321	256.54715	114.511	275.22638	64.506325	336.41043	83.10924	400.0	400.0	3299	3.966985	3.1172338	8.961142	-5.8748107	-4.155846	0.013934644	12.887876987457275
4	65.43261	112.10111	184.66652	-84.668846	193.02774	115.68171	327.76248	-55.043568	400.0	400.0	4399	6.152871	4.75944	13.087208	-6.184224	-6.3395715	0.023951596	18.04606342315674
5	-6.716112	69.28051	62.564396	-75.99662	217.6272	94.67331	316.00864	21.709513	400.0	400.0	5499	7.808231	6.231783	17.06146	-7.85125	-7.9950843	0.030282628	23.03420615196228
6	200.40547	36.17873	245.09009	156.48042	143.84439	117.71728	303.36533	-66.462814	400.0	400.0	6599	10.139736	7.5884256	20.810783	-8.200142	-10.325456	0.042538263	27.89676022529602
7	229.84575	14.132411	244.46945	210.73567	179.9585	113.23847	290.6248	-59.939693	400.0	400.0	7699	13.264806	8.79267	24.384499	-14.38795	-13.450121	0.057960413	34.01891303062439
8	135.96089	108.25527	250.00835	-9.5144615	155.6969	100.35596	279.3447	-56.17598	400.0	400.0	8799	15.310131	10.233754	27.764643	-12.942747	-15.49343	0.06922556	40.334251403808594
9	29.524979	54.871056	84.396034	-25.346077	105.12724	86.34015	228.37854	-44.629562	400.0	400.0	9899	16.909472	10.998497	31.090641	-14.1652975	-17.09428	0.07476431	46.74537134170532
10	121.296745	187.23726	257.66214	-143.45667	198.41586	148.48633	334.04672	-94.738014	400.0	400.0	10999	17.404715	13.39902	34.735218	-16.050406	-17.587397	0.08904149	51.876749753952026
11	250.69722	5.4651313	258.2608	245.5386	195.43797	129.84077	326.1409	-95.37614	400.0	400.0	12099	21.565666	14.504807	37.577652	-17.654346	-21.752562	0.10726583	58.24589538574219
12	86.06071	117.63604	213.69186	-70.16737	212.13309	129.54001	331.09857	-91.869576	400.0	400.0	13199	24.665075	15.514391	41.72781	-32.49017	-24.858904	0.14556375	63.29772090911865
13	160.29117	43.673416	203.96458	116.61775	97.07204	167.13312	334.4069	-163.8941	400.0	400.0	14299	26.05621	16.433283	43.95823	-19.820866	-26.247202	0.15626001	68.41695070266724
14	208.54399	44.86389	259.29187	150.19061	52.411934	185.48737	335.6378	-193.62689	400.0	400.0	15399	27.291965	17.435984	45.94122	-24.006626	-27.481333	0.1785436	74.63154101371765
15	172.64781	107.59302	324.0556	83.86171	30.11763	106.68905	328.04166	-105.34953	400.0	400.0	16499	27.343164	20.91336	50.10585	-116.26569	-27.512796	0.24492288	79.74951887130737
16	-4.724365	98.23034	134.18365	-75.6685	23.467112	103.3771	254.13773	-102.77038	400.0	400.0	17599	27.734146	24.529476	50.394264	-116.32506	-27.908728	0.26125404	84.8521556854248
17	17.91896	115.62549	133.54445	-97.70653	87.50099	132.9904	318.49088	-94.782875	400.0	400.0	18699	24.996756	26.803736	56.400448	-116.848724	-25.157095	0.2917837	90.10329580307007
18	32.42602	105.32609	154.26385	-102.70229	64.35249	72.11268	161.16539	-56.847893	400.0	400.0	19799	20.463821	27.621153	54.066803	-118.626816	-20.594057	0.27030134	95.3370451927185
19	73.02924	76.15429	163.21227	-23.047375	177.70184	51.36072	278.70227	76.481255	400.0	400.0	20899	18.729046	27.914694	55.831436	-120.354965	-18.901464	0.27344733	100.62521958351135
20	210.16127	59.623764	280.9082	135.05565	192.20602	79.31405	285.31577	36.40207	400.0	400.0	21999	17.867249	27.92479	61.500324	-122.592995	-18.054186	0.23571588	105.71463418006897
21	267.2843	23.880554	291.16486	243.40375	252.89864	91.26781	317.07297	-66.73188	400.0	400.0	23099	18.941229	28.728146	63.22339	-124.95926	-19.106724	0.2640488	112.3222234249115
22	255.18285	51.064796	294.88336	183.08966	274.19574	99.85858	326.91635	-81.90469	400.0	400.0	24199	23.540253	28.188896	64.19575	-37.675472	-23.630428	0.24305941	118.5922315120697
23	308.3028	4.732301	313.09662	301.86157	152.66096	201.90565	314.30136	-202.79086	400.0	400.0	25299	30.11819	27.047894	64.99484	-36.936615	-30.207554	0.27145	123.6722207069397
24	303.3917	2.9701977	307.5668	300.90475	296.75604	24.875828	320.50992	237.83206	400.0	400.0	26399	38.743893	23.991724	65.7026	-26.662449	-38.86194	0.25838363	130.03425359725952
25	302.2647	0.5532379	302.81793	301.71146	301.37766	20.857594	323.65976	245.2105	400.0	400.0	27499	46.387753	19.008484	66.269844	-21.396654	-46.4876	0.2096325	135.26720690727234
26	284.76886	15.288671	305.50232	269.091	307.41254	21.167604	326.08868	256.67233	400.0	400.0	28599	52.95804	13.501774	66.68937	-22.171371	-53.063366	0.17775102	140.48931503295898
27	309.67114	7.2838845	317.44095	299.9292	289.074	18.514727	302.09866	231.38779	400.0	400.0	29699	57.642986	7.656105	67.40097	-18.950384	-57.72203	0.16149561	145.8043451309204
28	281.4366	6.005092	287.97006	273.47125	286.52365	17.873	300.64673	235.47478	400.0	400.0	30799	59.45146	5.9442773	68.11125	-10.767517	-59.528244	0.13915057	151.96483445167542
29	273.98724	4.817734	278.80496	269.1695	285.76672	21.02598	304.91757	224.74431	400.0	400.0	31899	60.63572	4.932587	69.21137	-13.021188	-60.693615	0.11559667	157.12705874443054
30	268.23145	30.211191	289.9699	225.50859	283.15668	23.649908	301.0639	222.00507	400.0	400.0	32999	61.34571	4.9577765	70.32347	-26.578789	-61.40642	0.11662526	163.65944528579712
31	269.55826	22.533907	292.36456	238.87895	309.86176	11.854553	317.9745	267.00833	400.0	400.0	34099	61.885258	4.885634	70.86791	-18.965837	-61.929096	0.104351476	168.88960456848145
32	287.4392	22.525135	308.77512	256.28574	311.1025	15.620646	324.32568	263.4599	400.0	400.0	35199	62.615063	5.28389	71.127525	-18.08203	-62.66975	0.08047993	174.0894558429718
33	314.6682	0.4719391	315.14014	314.19626	309.46283	17.066475	323.1491	257.80038	400.0	400.0	36299	63.523033	5.0506616	71.93513	-5.575996	-63.58442	0.07507821	180.31871128082275
34	259.08484	34.501022	305.59183	223.05223	262.17218	14.776762	275.317	229.74832	400.0	400.0	37399	64.10282	5.7448654	72.7165	-8.933938	-64.14973	0.09074743	185.67211413383484
35	259.946	7.865968	266.7069	248.91522	251.38599	13.45744	266.99225	210.85387	400.0	400.0	38499	65.163826	5.8122964	73.24047	-16.739206	-65.2298	0.09924043	191.93340253829956
36	277.32434	10.570811	290.7257	264.88644	286.38837	17.269905	301.9725	242.18553	400.0	400.0	39599	66.309814	5.4603176	73.64891	-8.152178	-66.36238	0.09420487	198.32045006752014
37	295.131	10.079102	305.2101	285.0519	288.67322	8.971342	297.9849	253.28581	400.0	400.0	40699	67.49782	4.853425	73.57253	-7.14524	-67.56064	0.076627485	203.22102093696594
38	291.55423	4.100355	296.40192	286.3746	300.4304	13.706603	319.3018	272.75052	400.0	400.0	41799	68.53574	4.3743563	73.67126	-5.073716	-68.59219	0.068688594	208.5117928981781
39	307.23523	15.68092	320.08554	285.15796	320.64227	13.037047	331.32233	280.35828	400.0	400.0	42899	69.301636	3.8738637	73.2027	-2.5480905	-69.36923	0.053216595	213.835280418396
40	301.887	23.341623	320.49893	268.97076	310.76874	19.287424	330.04282	255.74593	400.0	400.0	43999	70.0253	3.6722772	73.5616	-1.7772923	-70.10631	0.045600206	220.31679844856262
41	307.33362	12.18515	319.51877	295.14847	313.60217	19.048326	332.90076	265.58017	400.0	400.0	45099	70.866974	2.2145226	73.73548	28.156391	-70.94488	0.030990412	225.5574598312378
42	314.25287	6.2580204	319.04886	305.41336	315.9284	13.5643635	328.83542	281.46024	400.0	400.0	46199	71.50165	2.0747294	73.974655	30.346281	-71.567085	0.021407293	230.83492732048035
43	308.07602	9.922261	315.9889	294.0838	312.72845	20.525396	332.20078	255.4183	400.0	400.0	47299	72.16025	2.0207746	74.00636	28.458593	-72.215	0.015952272	237.39784121513367
44	297.63535	27.157038	317.26416	259.23267	302.749	22.264967	327.74475	253.36224	400.0	400.0	48399	72.543175	2.4502149	85.852295	15.539295	-72.58913	0.03069056	242.64365100860596
45	259.70007	7.0512238	266.75128	252.64883	298.01172	30.33941	328.2933	225.39435	400.0	400.0	49499	72.828224	2.9885604	75.01979	25.580418	-72.86678	0.0157516	247.93917298316956
46	280.5442	32.564503	307.4075	234.71744	303.17697	20.421	328.50955	258.8161	400.0	400.0	50599	72.84022	3.7564025	75.76796	21.14573	-72.87685	0.018253941	253.1580846309662
47	303.63077	20.594648	320.91898	274.6877	296.2576	34.13796	331.18726	234.02835	400.0	400.0	51699	72.9266	3.9567208	76.9412	26.569294	-72.96286	0.016537145	258.4701669216156
48	302.7246	7.689044	313.0293	294.56525	289.7458	38.75986	328.0341	194.93832	400.0	400.0	52799	73.25286	3.9689744	76.781265	30.63566	-73.28659	0.018449532	263.79215240478516
49	275.2951	37.259468	312.55457	238.03563	299.82187	30.479454	328.01538	219.68257	400.0	400.0	53899	73.21157	4.3521194	76.99755	29.23804	-73.24154	0.021029832	270.0648832321167
50	299.95566	3.6336899	304.88855	296.24203	292.98566	38.74626	328.02405	173.9311	400.0	400.0	54999	73.07761	4.5693436	78.04501	25.276066	-73.107025	0.019472362	276.6670112609863
51	238.0688	39.187065	292.14673	200.53592	259.46255	60.473366	327.97696	160.92313	400.0	400.0	56099	72.78389	5.274961	78.68226	16.23514	-72.81348	0.022921057	281.893000125885
52	207.94885	12.130971	218.83401	191.02255	276.59912	50.17816	333.58224	170.8694	400.0	400.0	57199	71.915504	6.5381784	77.6975	12.715043	-71.94591	0.033469263	287.07651138305664
53	259.77634	26.020538	285.79688	233.7558	286.01096	35.06421	334.4485	228.61867	400.0	400.0	58299	71.37386	6.765908	78.20401	12.970226	-71.40511	0.039107416	293.6110608577728
54	259.17178	26.2359	295.64154	235.02493	274.56085	44.889244	325.33316	175.69424	400.0	400.0	59399	70.62816	6.982666	83.00592	9.370207	-70.661125	0.038971186	300.26787066459656
55	279.11295	6.7126646	287.1864	270.75137	272.11127	38.390938	329.01306	219.08739	400.0	400.0	60499	70.10475	7.03737	78.48739	11.729895	-70.156815	0.057306364	305.62298369407654
56	249.55049	36.315937	290.2862	202.09532	250.83247	50.632023	315.57693	152.3149	400.0	400.0	61599	69.5231	7.0379457	79.05644	10.0935955	-69.556015	0.05548505	310.62476778030396
57	171.8891	30.379082	202.26819	141.51003	243.79878	54.51553	331.27676	138.45793	400.0	400.0	62699	68.4163	7.5764666	77.77847	2.2834303	-68.4445	0.051238548	315.8590476512909
58	225.52837	26.233494	262.6279	206.86935	219.48495	52.959797	310.427	147.0045	400.0	400.0	63799	67.83537	7.380454	81.59864	2.3789127	-67.86615	0.05658868	322.2701859474182
59	246.79338	22.704243	277.49487	223.30092	266.7975	42.97976	319.7987	153.33942	400.0	400.0	64899	68.407524	6.837081	80.91479	6.7306356	-68.43897	0.050580077	327.26682591438293
60	244.25642	53.20592	306.83997	176.78758	239.73108	56.85848	311.17502	150.87817	400.0	400.0	65999	68.52853	7.2796016	80.477066	3.823378	-68.56287	0.06868386	332.51386308670044
61	288.9703	11.67572	300.64603	277.2946	227.8238	61.109062	303.84293	122.28341	400.0	400.0	67099	68.651634	7.457635	80.40121	4.5894203	-68.696884	0.06432829	337.80354166030884
62	281.29144	20.324778	303.57422	254.42577	221.10098	67.16368	311.13672	92.62718	400.0	400.0	68199	68.32581	7.554	81.24232	7.447757	-68.36857	0.044597782	343.02056336402893
63	224.86139	90.08028	290.79776	97.49521	287.12195	12.038927	304.91147	253.11517	400.0	400.0	69299	67.85734	8.515296	80.259514	2.1820574	-67.92959	0.04400415	348.0243978500366
64	282.84872	17.458038	303.2131	260.57755	281.959	22.409052	316.4269	240.66086	400.0	400.0	70399	69.078156	8.150625	81.88586	9.518329	-69.14872	0.032204248	354.21347427368164
65	288.02475	8.394165	296.4189	279.63058	281.10678	18.503958	310.6673	250.36989	400.0	400.0	71499	70.34571	7.997342	83.557144	-0.5075419	-70.41512	0.037336376	359.7014331817627
66	279.28253	43.614697	317.26562	218.20386	317.21338	17.604837	336.21555	283.85797	400.0	400.0	72599	70.81668	7.6917014	82.32531	1.567059	-70.88166	0.04889903	366.0833866596222
67	307.54758	12.70152	324.65744	294.25638	317.90985	22.569254	336.39355	276.19644	400.0	400.0	73699	72.43286	7.428726	82.332375	4.727387	-72.500084	0.036352463	371.37826919555664
68	314.66843	4.5195417	318.08853	308.2822	319.2727	17.425358	334.21838	274.9219	400.0	400.0	74799	73.89745	7.4945273	82.38403	3.754669	-73.98851	0.038722076	376.614866733551
69	319.529	2.780304	322.3093	316.7487	310.8161	18.556042	331.14197	268.7574	400.0	400.0	75899	75.76846	6.924705	82.4062	11.287284	-75.87124	0.040247966	381.7090554237366
70	295.9467	13.407186	307.67783	277.18097	307.825	19.577124	329.26974	259.39926	400.0	400.0	76999	77.9581	4.9577127	83.062004	10.005056	-78.0673	0.033345833	387.02189207077026
71	297.37653	24.056646	318.1004	263.6485	306.21985	15.804078	322.45197	276.05228	400.0	400.0	78099	79.2122	4.303822	84.67648	23.139696	-79.288155	0.035856914	392.3639705181122
72	283.35275	7.072505	291.0677	273.98254	297.76212	25.9767	318.85364	217.89354	400.0	400.0	79199	79.9559	3.7747676	85.87909	26.023636	-80.018936	0.09953906	397.7412369251251
73	275.4452	28.606369	304.05154	246.8388	301.535	14.085131	320.576	271.09976	400.0	400.0	80299	80.614006	3.152091	86.07028	32.16492	-80.65931	0.07516542	403.00768423080444
74	310.61874	3.2165396	313.0152	306.07208	287.5007	30.928963	320.10098	209.30566	400.0	400.0	81399	80.679535	3.2298076	85.76332	31.532299	-80.71436	0.07395032	408.3125329017639
75	265.21774	34.782337	314.312	238.01915	275.21136	46.86049	322.47653	171.08427	400.0	400.0	82499	80.50571	3.5068684	85.27767	32.647472	-80.539474	0.06403875	413.62945771217346
76	275.01556	54.768867	315.20377	197.5793	272.83392	44.045135	320.89783	177.7166	400.0	400.0	83599	80.079704	3.9962645	85.067894	39.112045	-80.1144	0.048298195	418.6993582248688
77	245.45938	70.21774	315.67712	175.24164	270.92914	62.496666	323.32907	137.87088	400.0	400.0	84699	79.4686	4.8193274	84.69987	24.669239	-79.50531	0.049489874	423.9364197254181
78	292.09933	31.896566	314.9791	246.99234	266.28015	60.12389	320.16095	131.82465	400.0	400.0	85799	78.80662	5.3297005	86.51371	33.606277	-78.84551	0.04174795	429.3172776699066
79	288.85135	37.140854	315.24466	236.32649	304.0462	46.392677	323.54178	157.83377	400.0	400.0	86899	78.56861	5.5234504	84.08169	29.275053	-78.61293	0.034169298	434.77749705314636
80	280.9147	30.076773	306.86957	238.75377	273.1545	57.989483	324.82745	137.76633	400.0	400.0	87999	78.540825	5.6683598	84.18143	30.700796	-78.58543	0.024970416	440.1648979187012
81	307.15027	9.834442	316.9847	297.31583	254.96138	81.20637	330.72974	92.81966	400.0	400.0	89099	77.980255	5.99698	84.42081	29.16677	-78.0206	0.023089044	445.4932336807251
82	281.05505	48.26538	318.67697	212.92104	245.11252	59.886425	327.9458	97.96316	400.0	400.0	90199	77.83354	6.1105614	84.61692	27.797707	-77.86861	0.018151082	452.4504826068878
83	267.8391	38.765923	298.88522	213.18422	281.2024	61.02486	336.07364	120.82896	400.0	400.0	91299	77.21814	6.367461	84.57041	32.411552	-77.25178	0.015455228	458.1128132343292
84	310.07718	9.612811	318.1999	296.57523	258.25748	70.70612	334.7252	97.839874	400.0	400.0	92399	77.85177	5.6845436	84.57779	35.031754	-77.88263	0.012029048	463.46225023269653
85	324.0052	1.7583771	325.76358	322.24683	245.25394	96.96537	333.02515	48.646885	400.0	400.0	93499	78.3543	5.7549157	84.746956	27.413507	-78.38477	0.016722867	468.4541893005371
86	218.2358	56.68774	268.8345	139.08408	226.05127	90.7153	333.00894	77.9874	400.0	400.0	94599	77.18599	7.371964	84.81148	24.593693	-77.21798	0.017896038	473.5675537586212
87	238.10303	104.69034	314.94342	90.084625	249.72273	77.45063	336.17203	87.17303	400.0	400.0	95699	75.47923	9.332153	84.91147	8.033209	-75.51226	0.022970952	479.03652119636536
88	154.66072	114.89217	314.9889	51.660793	248.63242	74.67738	335.76935	112.57638	400.0	400.0	96799	74.67063	10.756448	85.04123	-6.2652555	-74.703445	0.030518355	484.47279262542725
89	288.69376	37.94979	326.64355	250.74397	244.47531	101.42826	332.02695	33.74052	400.0	400.0	97899	72.721054	12.841575	85.15374	3.5000286	-72.75543	0.020783829	490.85085916519165
90	267.7044	52.471767	311.59024	193.94011	245.33943	84.878876	336.25513	73.868675	400.0	400.0	98999	73.024925	13.297836	85.237366	-1.2002232	-73.057976	0.016522186	496.1118869781494
91	215.84546	74.75569	320.60263	151.13509	290.52213	53.539753	335.74673	133.4914	400.0	400.0	100099	70.816284	14.072443	85.34995	-3.5813048	-70.84854	0.01791678	501.5286982059479
92	237.40752	121.13704	325.0312	66.10905	233.14957	109.41593	332.7634	27.856451	400.0	400.0	101199	68.906425	14.779625	85.511055	-2.1299345	-68.93843	0.023626717	506.90051555633545
93	234.60452	87.148125	321.75266	147.4564	270.2483	84.94468	335.9999	44.581768	400.0	400.0	102299	68.678314	15.62326	85.60432	-11.940532	-68.71045	0.02375977	512.2263584136963
94	217.33008	76.708	305.8503	118.762474	300.2806	60.124336	336.58176	83.83311	400.0	400.0	103399	67.75103	15.811636	85.72215	-7.6255226	-67.78331	0.024476532	517.6222298145294
95	268.26868	64.58104	325.3027	177.9746	275.781	78.42086	335.83755	85.83427	400.0	400.0	104499	67.85065	15.121526	85.84128	-9.432125	-67.883125	0.021651205	524.3164172172546
96	180.95512	85.087906	295.1009	90.89762	236.19507	112.60118	336.51352	16.329355	400.0	400.0	105599	68.402596	15.053326	85.98159	19.379583	-68.43632	0.03696705	529.6119756698608
97	116.414444	5.065098	121.47954	111.34934	225.55974	107.95283	334.0204	22.92061	400.0	400.0	106699	65.13443	16.019697	86.033714	20.401215	-65.168846	0.04040013	534.8861002922058
98	314.04276	11.694446	326.29666	298.297	257.23648	94.34955	336.91257	5.930706	400.0	400.0	107799	65.65311	16.647066	86.11209	17.643457	-65.6871	0.036741916	540.143424987793
99	310.56567	7.4946604	320.13422	301.83334	224.52962	94.4323	331.22052	30.05066	400.0	400.0	108899	67.741066	16.424349	86.172035	23.374928	-67.77469	0.03555184	545.4365689754486
100	253.0263	90.39557	324.97815	125.53953	201.76901	119.9506	336.39352	36.89139	400.0	400.0	109999	68.43489	16.41814	86.18992	19.82983	-68.46703	0.04164114	550.7365055084229
101	304.77576	0.9725189	305.74826	303.80322	277.05594	48.233475	335.61557	162.80922	400.0	400.0	111099	70.514175	16.225174	86.206856	20.047703	-70.547264	0.04052608	556.0964951515198
102	299.88806	23.074272	321.90897	268.02234	276.4107	73.10859	329.44937	73.38979	400.0	400.0	112199	71.502205	15.92721	87.224594	20.279598	-71.532684	0.045755927	561.4000749588013
103	249.09578	18.601269	269.6804	224.61841	250.20981	95.25964	333.86182	68.261345	400.0	400.0	113299	72.25243	14.813525	86.98474	21.90415	-72.28016	0.03241026	566.7561249732971
104	231.21144	89.040764	324.94635	111.52427	288.29025	87.686745	335.7486	31.841497	400.0	400.0	114399	74.63783	11.636877	93.83804	-18.620876	-74.66612	0.04484842	572.0678913593292
105	248.80498	41.879898	290.68488	206.92508	257.4056	61.478855	336.35223	157.19435	400.0	400.0	115499	72.77702	12.743599	90.203384	-24.312557	-72.8054	0.060986828	577.1559431552887
106	254.94597	77.34187	313.31326	145.65245	252.3857	70.27028	336.63837	112.01717	400.0	400.0	116599	71.15641	13.157938	89.00372	-16.291433	-71.18707	0.059023686	582.3170473575592
107	285.7654	51.125187	324.66226	213.53485	265.74655	63.209045	335.86612	125.23301	400.0	400.0	117699	71.64374	12.414121	88.14832	-8.684368	-71.67606	0.049134027	587.3084030151367
108	261.4774	63.12878	312.9812	172.57185	249.63245	52.194836	322.04236	150.32547	400.0	400.0	118799	71.038086	12.6103115	88.17723	-14.601644	-71.07355	0.058271013	593.9438517093658
109	215.63632	38.354355	253.99068	177.28197	247.78467	46.961533	332.04886	180.51463	400.0	400.0	119899	68.749664	13.246809	87.45638	-13.881676	-68.79068	0.060386006	599.4676103591919
110	247.07988	22.539833	265.29947	215.31834	281.56732	66.51455	332.52823	156.81714	400.0	400.0	120999	68.15395	13.506995	87.63792	-11.943308	-68.20027	0.05315446	604.911280632019
111	224.2469	11.976416	238.66568	209.34167	274.9885	51.328217	330.75504	183.22081	400.0	400.0	122099	68.09577	13.16623	86.98174	-8.559654	-68.15764	0.04932335	610.2585921287537
112	276.3436	31.1685	320.3831	252.70985	301.20743	24.019228	331.4331	254.90877	400.0	400.0	123199	68.69066	12.141748	87.75134	20.574423	-68.76358	0.04218953	616.9178853034973
113	265.0619	8.466141	273.528	256.59573	280.70563	30.592478	330.8242	217.69359	400.0	400.0	124299	69.35474	11.855926	88.247444	-16.302185	-69.44135	0.07318416	621.964396238327
114	298.34167	25.696651	316.88568	262.0037	313.67657	23.660145	332.566	258.72372	400.0	400.0	125399	69.7761	11.004599	87.05035	-12.315525	-69.90899	0.08357138	626.9245676994324
115	291.4693	21.025883	319.60114	269.06183	308.7156	18.358166	330.83908	266.80502	400.0	400.0	126499	71.016426	10.742706	85.59497	-12.027987	-71.16726	0.09519896	631.902907371521
116	316.75113	5.7717824	323.01736	309.088	302.8955	22.83009	330.29858	245.12251	400.0	400.0	127599	74.10902	9.607048	85.47631	-5.6181617	-74.23886	0.093821876	637.266574382782
117	301.7737	9.766235	311.53995	292.00748	297.78668	20.794731	325.21518	234.52391	400.0	400.0	128699	76.337906	8.496484	85.37989	-6.544276	-76.44642	0.08630274	642.3514447212219
118	290.92822	21.924467	321.31064	270.3793	300.96356	31.97618	332.8399	208.95425	400.0	400.0	129799	78.41104	6.993295	85.40913	-9.839399	-78.4954	0.06657254	647.6647505760193
119	300.8533	12.39486	314.40897	284.45093	291.51797	31.38859	325.6428	228.41414	400.0	400.0	130899	79.96844	5.3507624	85.41059	-0.2442534	-80.03779	0.0671685	654.028650522232
120	298.48145	14.8794	318.65005	283.1995	293.9342	36.78177	330.08453	221.03706	400.0	400.0	131999	80.72208	3.4695826	85.4847	37.189682	-80.77306	0.041098166	659.3281531333923
121	275.80637	8.939514	284.74588	266.86685	280.28076	35.933544	327.0703	201.4842	400.0	400.0	133099	80.63289	3.2246766	85.51533	39.371517	-80.672005	0.046431016	664.5742192268372
122	273.55576	25.135895	308.9727	253.2109	291.7093	35.56543	328.04855	221.17201	400.0	400.0	134199	80.2342	2.849265	85.592255	42.58159	-80.272545	0.029544171	669.5933260917664
123	293.91104	29.779879	321.204	252.48721	281.96408	56.829388	334.32635	157.26584	400.0	400.0	135299	79.80406	2.9893029	85.658615	51.730152	-79.83987	0.027421966	675.1468858718872
124	284.75934	37.325897	319.3028	232.92035	270.82907	53.228207	330.78528	180.4609	400.0	400.0	136399	79.4216	3.2833571	85.738556	53.60783	-79.45632	0.0240143	680.8141219615936
125	267.8873	49.23416	317.12146	218.65314	269.64038	58.813694	333.3366	136.20178	400.0	400.0	137499	78.57989	3.957654	85.80352	54.15214	-78.61264	0.022799589	686.0806045532227
126	302.74365	20.609688	318.067	273.61026	275.78607	63.988358	333.48706	115.691315	400.0	400.0	138599	78.36082	4.300684	85.80078	46.498928	-78.39122	0.025228584	692.4676611423492
127	201.4687	70.29674	296.25784	128.11818	305.11685	42.72045	332.3183	141.44676	400.0	400.0	139699	77.17822	5.591944	85.761086	35.741558	-77.20754	0.023751622	697.7651877403259
128	270.58646	64.102516	317.06998	179.94173	235.62314	82.82593	330.76532	80.072174	400.0	400.0	140799	76.607124	6.847103	85.7813	32.212086	-76.6375	0.025995418	703.0984284877777
129	108.02524	23.36528	131.39052	84.65996	235.67342	105.04777	336.13016	49.713913	400.0	400.0	141899	74.88184	8.826146	85.77218	1.0748537	-74.90885	0.033032894	708.392275094986
130	321.23987	3.226159	325.72644	318.27884	233.36565	82.87162	332.91846	78.5777	400.0	400.0	142999	74.101685	9.998951	85.744026	17.679272	-74.12138	0.027947742	713.6995477676392
131	289.208	48.069176	325.7873	221.29544	298.46976	57.004063	335.46036	169.2414	400.0	400.0	144099	74.35173	10.661895	85.705986	21.555542	-74.3702	0.022690842	720.3969218730927
132	315.3773	7.635513	324.47208	305.78854	237.89917	80.069984	335.51562	58.44947	400.0	400.0	145199	74.611244	11.031681	85.59767	15.981916	-74.631905	0.029625611	725.6448273658752
133	307.29333	15.621719	322.91504	291.6716	264.57654	101.088356	337.175	46.917564	400.0	400.0	146299	74.60204	11.363638	85.56014	17.177336	-74.62574	0.020259036	730.917941570282
134	243.13597	58.95363	320.93622	178.28134	265.25876	69.18724	336.0922	118.680016	400.0	400.0	147399	74.65021	11.6061325	85.58309	13.998408	-74.67841	0.022093745	736.178102016449
135	260.2048	82.78535	323.09268	143.23917	237.92061	84.7126	335.8421	98.035835	400.0	400.0	148499	74.28607	12.146427	85.63022	8.024971	-74.313934	0.026683606	741.5912430286407
136	304.38684	7.876625	313.12732	294.03622	294.5368	58.238693	335.38058	120.42588	400.0	400.0	149599	77.04236	9.993409	85.65822	8.027417	-77.07452	0.022027401	746.8369936943054
137	316.1477	7.1508026	323.29852	308.99692	264.36554	83.437965	335.69485	57.342464	400.0	400.0	150699	77.45331	9.195545	85.676865	22.814606	-77.491875	0.022222156	752.1380794048309
138	270.93356	41.93326	315.87817	214.95627	272.61575	89.3839	335.02298	25.88124	400.0	400.0	151799	76.741356	9.507363	85.78138	15.886095	-76.779785	0.023250218	757.5457375049591
139	282.23807	40.92802	321.22873	225.69614	243.63284	97.04869	334.02048	55.99077	400.0	400.0	152899	76.356094	9.721239	85.941154	21.51244	-76.394684	0.021475857	762.9267508983612
140	242.62993	113.62402	323.46222	81.94227	256.55115	85.61952	335.0325	58.64409	400.0	400.0	153999	76.26687	10.194056	85.98814	16.467525	-76.30425	0.02926196	768.2355990409851
141	301.289	19.807358	321.09637	281.48166	255.43184	92.513756	335.50174	58.411934	400.0	400.0	155099	76.43422	10.838158	86.087326	16.809902	-76.46574	0.037305035	773.5419924259186
142	169.6411	106.15134	315.56998	66.16882	226.64705	104.455925	329.85327	50.259438	400.0	400.0	156199	75.47454	12.23127	86.049355	12.888437	-75.50356	0.042600904	778.8440010547638
143	323.48837	3.069654	327.03613	319.54788	242.25296	99.77646	334.95157	39.921234	400.0	400.0	157299	74.04464	13.757121	86.10004	8.833226	-74.070694	0.04183783	784.1366078853607
144	250.5385	108.10082	327.6612	97.662895	229.72665	99.58848	335.83765	72.309395	400.0	400.0	158399	73.40953	14.904406	86.360214	8.879017	-73.43408	0.045504093	789.6747872829437
145	257.5258	22.006622	279.5324	235.51917	274.504	84.81352	334.47064	79.81506	400.0	400.0	159499	72.99658	15.5682955	86.05993	11.605829	-73.022964	0.04373456	794.9496557712555
146	313.42136	5.5785785	320.51068	306.87888	233.10298	96.45049	333.40546	66.2897	400.0	400.0	160599	73.17933	15.789332	86.049545	8.301485	-73.2073	0.044115484	800.2536942958832
147	271.2428	57.060265	325.34464	192.3406	227.9179	108.62986	337.14322	56.255867	400.0	400.0	161699	73.271866	15.495274	86.08319	5.8011637	-73.30257	0.04544701	806.949446439743
148	221.2949	80.358376	318.1019	121.3404	274.37497	74.991714	336.12787	107.9971	400.0	400.0	162799	72.97388	15.295567	88.56429	6.6458755	-73.00807	0.03619487	811.9367825984955
149	225.58643	97.80241	323.38882	127.78402	248.95166	86.74694	334.98987	82.217125	400.0	400.0	163899	73.1262	14.617891	86.55838	-3.4003494	-73.1594	0.032857656	817.0936439037323
150	294.9776	21.983229	326.06656	279.4009	244.71078	64.96811	335.45004	145.59953	400.0	400.0	164999	72.62456	14.576142	86.23473	7.580729	-72.66159	0.03857286	822.4571888446808
151	225.20033	68.529144	322.04022	173.47995	272.7718	79.81831	335.31104	78.591644	400.0	400.0	166099	71.300026	13.880441	86.70652	6.6946106	-71.33537	0.04838761	827.7421374320984
152	215.50136	84.75349	299.59326	99.488235	252.4908	90.39479	334.58173	59.620243	400.0	400.0	167199	70.82902	14.147981	86.11271	3.5953019	-70.8573	0.051892858	833.045905828476
153	211.54184	61.427605	272.96945	150.11424	244.11409	88.51835	333.08752	89.65337	400.0	400.0	168299	67.76151	15.364238	86.24452	-1.4871428	-67.79031	0.0527844	838.4387805461884
154	197.03394	71.62486	255.73793	96.19373	263.98456	67.34911	335.7853	108.044235	400.0	400.0	169399	65.2494	16.12147	86.62636	-19.481754	-65.27662	0.057898704	845.1948220729828
155	243.57574	108.85263	321.22345	89.63687	262.51938	89.75171	336.3591	67.27848	400.0	400.0	170499	64.962555	17.305834	87.77907	-24.736229	-64.985954	0.06128035	851.844744682312
156	272.47906	24.409922	306.0358	248.68459	280.03842	72.9744	336.80566	110.66299	400.0	400.0	171599	66.25599	17.12664	86.55053	-21.360023	-66.27928	0.07137042	856.9979972839355
157	220.3739	12.503334	232.87724	207.87057	273.24426	72.87403	336.1789	62.56395	400.0	400.0	172699	65.40577	16.720644	85.82165	-24.33635	-65.43259	0.088691406	863.3538253307343
158	294.77847	24.304142	327.80527	270.0213	260.40454	67.01483	336.52097	141.12729	400.0	400.0	173799	66.98416	16.638483	85.82002	-28.869545	-67.011986	0.07477222	869.9312460422516
159	323.03958	2.4189363	325.5261	319.76166	250.1746	82.58165	337.17484	93.99661	400.0	400.0	174899	68.72162	16.380877	87.21827	-27.384829	-68.74761	0.0584596	876.4409284591675
160	283.28976	10.739035	293.1258	268.35028	280.17627	70.50861	336.12885	111.706116	400.0	400.0	175999	71.551926	15.246256	86.53517	-20.861792	-71.576836	0.059015606	882.8910310268402
161	285.79333	9.5056305	295.29898	276.28772	251.3525	94.15365	336.07712	58.014927	400.0	400.0	177099	74.04031	12.640184	87.28127	-26.023628	-74.06692	0.06394204	888.0243101119995
162	289.6168	49.14095	325.50937	220.13373	293.5449	69.306854	336.08624	121.20506	400.0	400.0	178199	75.8357	9.333049	87.009514	-12.460506	-75.86185	0.07304931	893.2004601955414
163	306.50168	20.4248	323.7579	277.813	266.49393	68.83107	335.99677	111.19459	400.0	400.0	179299	76.02304	8.8300085	87.15375	20.456038	-76.0504	0.07157922	899.6687774658203
164	255.76892	42.55018	315.87637	223.246	266.6009	67.562294	333.8769	132.51982	400.0	400.0	180399	77.30802	8.211667	86.21246	26.645807	-77.333534	0.051842324	905.0343856811523
165	269.4685	54.02894	323.49744	215.43956	307.67612	38.57718	336.6714	188.47327	400.0	400.0	181499	76.71736	8.837274	86.21214	23.798836	-76.7394	0.05327405	910.4008994102478
166	228.972	73.466515	323.5267	144.40457	253.55954	89.79171	336.28717	87.847145	400.0	400.0	182599	74.08596	10.559517	85.866684	25.617758	-74.109985	0.05578885	915.3752779960632
167	220.96431	68.00224	310.86804	146.44138	285.93918	70.44883	333.4865	88.64414	400.0	400.0	183699	72.87631	11.445623	86.04381	17.138966	-72.90365	0.07334159	920.3158612251282
168	213.91252	85.109795	310.8829	103.67723	280.7093	69.66147	335.74817	108.33521	400.0	400.0	184799	71.101295	12.723006	85.82653	-1.9571657	-71.1343	0.047964457	926.8222618103027
169	266.20587	36.554367	302.76025	229.65152	256.16098	61.914303	334.57593	139.09538	400.0	400.0	185899	69.09112	13.634103	85.8081	-4.3788204	-69.126236	0.072263226	932.0077011585236
170	280.93948	55.753178	323.26816	202.16582	250.60164	72.92962	334.91495	86.2001	400.0	400.0	186999	68.68683	13.613132	85.80272	-7.2578316	-68.71984	0.07144413	938.5616021156311
171	317.95935	6.003566	324.6913	310.11288	269.1222	60.29519	335.48267	117.21512	400.0	400.0	188099	69.81064	13.614732	85.84255	-22.552246	-69.83992	0.0898379	945.0354626178741
172	250.51617	32.01778	283.0775	206.98616	289.98346	57.044933	335.37524	137.88416	400.0	400.0	189199	70.59055	13.406286	85.83215	-8.535771	-70.615364	0.08161294	950.1734247207642
173	218.83218	22.502022	241.33421	196.33017	251.74104	78.82566	333.2393	91.520454	400.0	400.0	190299	70.753586	13.049569	85.83311	-8.952887	-70.78242	0.064693026	955.597128868103
174	270.58444	55.725777	317.6276	192.30658	263.5132	65.83787	332.60004	110.97394	400.0	400.0	191399	71.12145	12.635303	85.92727	-1.3025904	-71.16455	0.06784249	961.969155550003
175	256.35516	43.396854	301.28174	197.68231	277.9559	55.431984	331.4003	106.73535	400.0	400.0	192499	72.43067	11.417584	86.06347	-9.007767	-72.477684	0.053816117	967.1780061721802
176	264.09952	64.5644	325.4957	174.87173	271.74838	64.9322	334.9285	105.02845	400.0	400.0	193599	72.669106	10.819762	86.63283	18.406439	-72.70873	0.04119621	972.3709177970886
177	256.30978	58.843475	315.15326	197.46631	265.04968	54.996086	334.49557	129.73767	400.0	400.0	194699	72.84629	10.924825	86.387115	11.595049	-72.88473	0.042193078	977.6006305217743
178	300.48038	8.73227	311.2276	289.83878	290.37262	47.387238	336.40576	174.72458	400.0	400.0	195799	71.70537	10.711242	86.14549	20.719732	-71.74081	0.038171217	982.580498456955
179	293.46973	20.609161	322.60226	278.1439	266.85544	73.21863	335.57965	97.24405	400.0	400.0	196899	72.095406	10.402778	85.50267	22.772139	-72.12845	0.02658331	987.6491918563843
180	238.31963	90.695	322.42728	112.40401	273.16156	52.95907	334.1184	174.56702	400.0	400.0	197999	73.01895	11.370827	85.60736	-28.106358	-73.05275	0.036078755	992.9338912963867
181	226.46298	48.291656	274.75464	178.17133	292.17993	52.181408	334.31552	171.26807	400.0	400.0	199099	72.77931	12.14615	85.5327	-15.4742565	-72.80947	0.025911584	999.43235206604
182	263.13882	5.7788587	270.67337	256.63007	256.14993	71.0722	334.6067	129.14552	400.0	400.0	200199	72.210236	12.047892	85.38393	-18.676653	-72.23601	0.033412177	1005.9519419670105
183	317.8439	8.507975	326.0987	306.13547	285.59573	67.34696	336.28836	118.78977	400.0	400.0	201299	73.638	11.3453865	85.34018	-22.387754	-73.6605	0.036888186	1012.4320201873779
184	263.217	37.932903	314.823	224.72644	275.87125	62.798645	334.38187	114.89325	400.0	400.0	202399	73.89316	11.035597	85.02955	-16.49486	-73.91514	0.03728101	1017.6321775913239
185	305.815	21.062607	326.8776	284.75238	252.89914	68.321495	336.1854	94.85068	400.0	400.0	203499	73.57883	11.174809	85.71989	-11.621828	-73.60317	0.03308491	1022.9222660064697
186	255.35262	39.08307	308.6439	216.00816	262.44257	57.071735	335.53214	153.8662	400.0	400.0	204599	72.63394	11.410086	89.15102	-33.4556	-72.65655	0.061369546	1029.3875522613525
187	289.64832	1.6097834	290.87418	287.37405	284.27005	63.955585	335.7556	91.194565	400.0	400.0	205699	73.56483	9.319345	85.67984	-5.209302	-73.59041	0.03843755	1035.8969147205353
188	299.02515	14.413706	312.16693	278.95972	258.36017	80.75471	335.31046	123.086914	400.0	400.0	206799	74.63502	7.761322	85.66324	26.795769	-74.659805	0.057656385	1042.192214012146
189	258.11597	51.333267	309.44925	206.78271	232.87442	81.35869	334.83102	76.11333	400.0	400.0	207899	75.26557	7.875372	86.696434	33.80465	-75.29093	0.06077507	1048.6493210792542
190	280.05096	41.38296	322.6386	223.99303	237.0487	90.64665	333.69824	78.411476	400.0	400.0	208999	74.25477	8.153508	87.228424	30.616234	-74.28206	0.057594776	1053.9178085327148
191	188.82916	60.86916	264.62833	115.596214	273.64053	51.646233	334.48926	187.84119	400.0	400.0	210099	73.124275	9.690764	88.23941	3.083783	-73.15541	0.06423646	1059.0619792938232
192	271.92245	32.334995	295.60544	226.20375	298.87354	42.89532	336.5	176.25844	400.0	400.0	211199	71.65315	10.581876	86.290306	0.32988834	-71.68663	0.06732648	1065.3522622585297
193	293.85614	26.260849	320.11697	267.59528	258.74115	55.800724	335.35144	159.20963	400.0	400.0	212299	72.74704	10.333448	86.28334	6.239193	-72.785805	0.052368764	1070.9122273921967
194	272.1813	40.655926	303.36337	214.75589	287.8189	41.43027	333.71762	177.92001	400.0	400.0	213399	72.45907	10.782096	86.94213	4.030718	-72.499985	0.059298296	1075.8760735988617
195	312.82498	11.891827	323.70154	296.2782	281.32553	50.578747	333.15417	150.99217	400.0	400.0	214499	72.82526	11.0086775	85.82128	8.166933	-72.8622	0.03745535	1082.2235808372498
196	319.8961	8.11009	325.7402	308.42737	300.41788	35.304543	334.47205	216.28809	400.0	400.0	215599	74.12335	10.760347	86.16954	7.3912215	-74.16115	0.034002557	1088.6465604305267
197	326.14642	1.0776062	327.22403	325.06882	295.8618	45.165874	335.06293	165.35336	400.0	400.0	216699	75.359924	11.13861	86.768	0.3616209	-75.3973	0.032319702	1093.8456530570984
198	257.6707	83.837944	325.29065	139.51703	275.57956	54.979992	334.65356	139.0585	400.0	400.0	217799	76.64334	10.498675	87.1323	-5.8350058	-76.682045	0.034675695	1099.0984230041504
199	314.0895	2.634089	317.63345	311.32358	291.82086	35.81354	336.70197	218.10893	400.0	400.0	218899	78.64625	9.14875	87.49682	-8.706453	-78.68838	0.02967111	1104.4042663574219
200	307.84384	12.593099	323.6128	292.79108	288.1732	35.518482	337.0142	216.32541	400.0	400.0	219999	79.12342	8.878413	86.890305	-7.9236956	-79.16432	0.029792473	1109.8251457214355
