Epoch	AverageEpRet	StdEpRet	MaxEpRet	MinEpRet	AverageTestEpRet	StdTestEpRet	MaxTestEpRet	MinTestEpRet	EpLen	TestEpLen	TotalEnvInteracts	AverageQVals	StdQVals	MaxQVals	MinQVals	LossPi	LossQ	Time
1	93.05892	78.0873	171.14622	14.97162	-243.55075	21.000458	-213.38356	-280.33398	400.0	400.0	1099	0.22282428	0.12798332	0.6646915	-0.26502705	-0.23620729	0.13402964	2.608614444732666
2	139.44563	95.42436	269.35434	42.84463	208.51782	13.109558	218.50703	178.13347	400.0	400.0	2199	0.98525727	1.152961	5.064172	-2.6225317	-0.98992056	0.021802709	8.313785552978516
3	79.21203	158.17526	259.83322	-125.38377	208.90286	12.874856	218.49722	172.87177	400.0	400.0	3299	2.8852146	2.7553036	8.673678	-5.41996	-2.9073348	0.015894577	15.155058145523071
4	230.97551	31.888815	271.76297	193.91948	308.84912	10.335844	323.44406	288.37546	400.0	400.0	4399	4.3537736	4.4393086	12.249434	-7.803825	-4.399716	0.020714648	20.592968463897705
5	267.76447	3.6645966	271.42908	264.09988	295.73312	17.684933	312.46	247.39825	400.0	400.0	5499	7.3480253	5.9640517	15.713458	-9.43895	-7.4288683	0.021519251	26.100969791412354
6	-33.665234	210.39638	262.2146	-208.832	304.84714	24.336987	324.0896	236.9363	400.0	400.0	6599	8.27615	8.448305	19.020111	-10.819728	-8.391049	0.02372359	31.471402406692505
7	82.9827	148.48315	214.21582	-124.5996	290.8488	25.520578	319.23282	229.20306	400.0	400.0	7699	9.571344	10.0787325	22.285873	-11.93597	-9.7162285	0.022595434	38.40568685531616
8	252.12933	27.311424	271.82254	213.50768	304.0301	28.91719	327.8883	215.82289	400.0	400.0	8799	12.0750065	10.897182	25.375551	-12.80654	-12.228164	0.020267475	45.5729124546051
9	-35.65599	183.75778	148.10179	-219.41377	279.8928	54.510925	328.7537	166.39178	400.0	400.0	9899	13.768928	12.63292	28.394924	-15.537258	-13.924681	0.022188867	53.96591591835022
10	239.16463	32.55316	271.3148	194.55293	299.45145	30.710537	329.14056	232.40987	400.0	400.0	10999	15.806216	13.776972	31.25517	-16.487831	-15.957462	0.022699872	60.9152250289917
11	54.839905	202.63097	273.9727	-214.64702	310.9532	26.113998	329.16467	213.17412	400.0	400.0	12099	17.134832	15.593445	34.070995	-17.896576	-17.284027	0.024813555	67.69603872299194
12	176.40497	85.56807	266.21796	61.262703	310.9792	15.601361	323.80792	255.88406	400.0	400.0	13199	18.980427	16.668774	36.386257	-19.253647	-19.134895	0.02797099	74.45913648605347
13	151.1948	90.5877	241.78249	60.607094	295.2156	27.623735	322.98972	239.32027	400.0	400.0	14299	20.819992	17.514046	38.819553	-20.828854	-20.986174	0.031246705	81.08892583847046
14	273.22018	2.1157491	275.5859	270.45078	303.72345	21.184416	327.05463	252.86359	400.0	400.0	15399	23.101593	18.234114	41.030586	-22.058315	-23.277683	0.034556415	87.63150572776794
15	262.66586	4.835996	268.29587	256.4882	301.07416	30.634113	328.89905	234.68323	400.0	400.0	16499	25.420876	18.739021	43.10351	-22.952536	-25.600496	0.039547946	94.5316162109375
16	308.533	13.115178	318.72726	290.01688	317.07294	13.612992	328.54755	281.12604	400.0	400.0	17599	27.85005	19.106928	44.994286	-23.645664	-28.03065	0.04118891	101.27306246757507
17	283.64835	30.347198	313.99554	253.30115	312.77814	20.86743	329.62378	252.69846	400.0	400.0	18699	30.264439	19.364405	46.739246	-24.079151	-30.446459	0.04705846	109.51079726219177
18	313.44864	4.559804	319.03073	307.86154	316.36053	13.907816	328.83768	276.1929	400.0	400.0	19799	32.62073	19.543242	48.50161	-24.39042	-32.80158	0.050176445	116.78439235687256
19	308.35123	11.136118	320.34537	293.51532	308.20877	18.363373	328.86526	260.94147	400.0	400.0	20899	34.883945	19.677773	50.180428	-24.717157	-35.067486	0.050549354	127.27641534805298
20	318.38248	3.9335396	322.6077	313.13623	308.4749	17.092213	328.794	258.7834	400.0	400.0	21999	37.17265	19.688068	51.780666	-24.843521	-37.359566	0.0551226	134.44574999809265
21	309.25903	10.404892	319.6639	298.85413	305.59625	20.740643	328.24362	261.94284	400.0	400.0	23099	39.340717	19.621904	53.40484	-24.97357	-39.529263	0.05225568	141.32236409187317
22	310.75687	6.492603	317.00476	301.80594	311.05634	15.1192875	328.47473	276.1537	400.0	400.0	24199	41.39139	19.481852	54.78172	-25.069288	-41.580532	0.05693097	148.4910056591034
23	312.8411	1.0795017	313.99268	311.39734	314.8388	13.33967	328.002	270.54663	400.0	400.0	25299	43.366768	19.269608	56.088253	-25.144054	-43.551414	0.053363986	155.33840823173523
24	294.4691	13.270313	312.98926	282.58148	312.12894	19.589931	327.22482	261.1862	400.0	400.0	26399	45.21026	19.042957	57.36248	-25.194736	-45.3915	0.053771794	163.54361033439636
25	288.67188	30.685349	319.3572	257.9865	304.69458	22.01691	328.78702	252.01494	400.0	400.0	27499	46.930008	18.771511	58.484825	-25.213161	-47.105957	0.06253895	171.3093662261963
26	278.43762	28.318394	318.2038	254.4453	298.89096	30.59095	329.24225	246.54005	400.0	400.0	28599	48.49701	18.548813	59.574894	-25.253157	-48.6714	0.06444966	178.85093140602112
27	299.73648	13.328591	317.80365	286.04886	310.2139	23.893412	328.8887	243.52086	400.0	400.0	29699	50.133236	18.128967	60.57002	-25.26726	-50.30628	0.07053869	186.39020943641663
28	298.06427	11.747697	314.1432	286.4035	310.73932	21.218746	328.79138	254.93408	400.0	400.0	30799	51.659836	17.735937	61.489338	-25.233227	-51.832684	0.07333743	193.8316490650177
29	291.35132	29.415665	320.767	261.93567	303.90143	23.94284	327.51144	247.69588	400.0	400.0	31899	53.028103	17.404263	62.266197	-25.149221	-53.19804	0.069142245	200.98261499404907
30	318.3425	2.277305	321.4627	316.0915	296.72064	29.216604	327.7435	244.17549	400.0	400.0	32999	54.460648	16.864912	63.1382	-24.895325	-54.623173	0.06764034	208.2836720943451
31	303.38046	19.785923	320.68436	275.685	313.59717	15.537977	328.44916	277.25912	400.0	400.0	34099	55.71974	16.358685	64.105934	-24.480747	-55.87317	0.06421676	217.49642062187195
32	306.37112	15.577047	320.51694	284.67328	312.11053	17.546389	328.37723	257.59015	400.0	400.0	35199	56.885777	15.92073	65.0652	-23.84171	-57.03035	0.05746473	225.4010488986969
33	298.64777	13.857407	312.5052	284.79037	301.22604	27.99961	327.77026	238.00613	400.0	400.0	36299	57.976315	15.531276	65.9657	-23.03379	-58.110176	0.062771045	234.83983278274536
34	294.89346	31.804352	318.1731	249.92471	307.73456	13.32255	322.85736	266.84488	400.0	400.0	37399	58.94801	15.200905	66.813446	-22.364637	-59.0765	0.061429445	244.35440278053284
35	295.72086	15.179846	308.93735	274.4622	307.20746	16.786648	321.0511	252.90881	400.0	400.0	38499	59.871716	14.92939	67.59892	-21.775335	-59.996323	0.060055736	253.82640480995178
36	292.19168	16.567606	314.3585	274.5354	292.4599	23.351677	314.2897	245.09885	400.0	400.0	39599	60.757572	14.740514	68.37397	-21.295412	-60.879417	0.060258534	260.2038118839264
37	296.85638	11.787598	308.64398	285.0688	304.3885	21.144987	323.09473	251.57124	400.0	400.0	40699	61.595562	14.519869	69.13404	-20.959988	-61.716476	0.062372375	266.561989068985
38	309.9618	8.078879	316.386	298.5674	302.75552	23.788263	323.52	251.99695	400.0	400.0	41799	62.40184	14.312528	69.782524	-20.591452	-62.5216	0.066038094	273.1213414669037
39	313.9523	0.67927045	314.62506	313.02206	303.78412	15.847206	319.03033	273.51688	400.0	400.0	42899	63.196648	14.047935	70.47691	-20.205326	-63.313637	0.05634874	279.60305666923523
40	312.89938	2.1455493	315.10574	309.9923	305.3263	22.517788	323.04916	257.45505	400.0	400.0	43999	63.95962	13.794763	71.065414	-19.909653	-64.074234	0.0547069	286.09027338027954
41	313.22675	0.5781708	313.80493	312.6486	296.4095	22.187597	317.2522	249.26277	400.0	400.0	45099	64.656425	13.570465	71.635	-19.636263	-64.76866	0.049993187	292.98651003837585
42	280.17105	22.54639	304.49472	250.15485	305.44745	13.28491	314.7624	268.11807	400.0	400.0	46199	65.28548	13.429483	72.16549	-19.229206	-65.3946	0.056092527	300.9412407875061
43	279.3264	25.706957	309.24973	246.48409	302.74954	18.304972	314.60965	248.8935	400.0	400.0	47299	65.866234	13.282762	72.66724	-18.820536	-65.97287	0.059551522	307.41805052757263
44	307.19037	4.092781	312.24005	302.21567	309.23755	17.837757	321.80902	257.53513	400.0	400.0	48399	66.42808	13.187246	73.1312	-18.32662	-66.53312	0.058075055	314.2416470050812
45	300.59348	10.543701	311.13718	290.04977	316.70865	11.061719	328.27673	289.91925	400.0	400.0	49499	66.99868	13.04121	73.57005	-17.91775	-67.102036	0.055692658	320.9845976829529
46	302.07486	14.230823	317.2105	283.0197	315.22623	15.415738	328.2046	272.55457	400.0	400.0	50599	67.55465	12.917014	73.949295	-17.539822	-67.656876	0.051228255	327.4867343902588
47	283.7972	30.117155	309.95508	241.60834	315.7108	17.328403	328.76593	260.25327	400.0	400.0	51699	68.04745	12.849418	74.335625	-17.330776	-68.149826	0.051004797	334.19747972488403
48	314.09103	3.2324421	317.87396	309.97693	311.29684	18.387302	328.2041	260.40402	400.0	400.0	52799	68.502045	12.873464	74.6844	-17.229677	-68.60459	0.05273931	341.0811171531677
49	313.27084	1.6289062	314.89975	311.64194	313.8266	20.87154	328.427	265.34262	400.0	400.0	53899	68.96775	12.801788	75.01234	-17.10094	-69.06992	0.056594785	349.7105813026428
50	292.46936	34.50131	319.50583	243.7761	315.5163	17.141645	328.2584	266.65625	400.0	400.0	54999	69.46055	12.635283	75.28788	-17.011545	-69.56267	0.053207662	358.78682112693787
51	302.79538	7.713175	312.43152	293.55032	307.38666	20.5859	328.1615	256.38318	400.0	400.0	56099	69.94898	12.459066	75.5766	-16.542465	-70.050316	0.05691131	366.08473014831543
52	304.4242	21.39154	320.50266	274.1924	314.9109	18.149239	328.41986	258.92892	400.0	400.0	57199	70.332466	12.374271	75.92246	-16.086714	-70.43439	0.057596914	372.6399314403534
53	290.6999	17.436295	308.1362	273.2636	312.55145	19.964005	328.1721	252.8211	400.0	400.0	58299	70.77332	12.185226	76.150215	-15.414446	-70.87361	0.054133885	379.0450282096863
54	299.7054	11.396184	313.2451	285.36475	316.07745	11.366801	327.929	289.2188	400.0	400.0	59399	71.16312	12.058259	76.39832	-15.124619	-71.26418	0.053738758	385.24298191070557
55	307.19577	10.082462	319.97958	295.33444	314.99823	10.636806	328.55865	288.08032	400.0	400.0	60499	71.564705	11.861777	76.65579	-14.556241	-71.662544	0.0565555	393.36662220954895
56	313.16498	9.846953	320.7536	299.25864	311.59607	17.648743	328.4298	271.60886	400.0	400.0	61599	71.91119	11.7070875	76.90504	-14.0426855	-72.00712	0.056127008	399.6086757183075
57	316.39145	4.2627563	320.6542	312.1287	311.73083	24.630653	327.92416	251.70926	400.0	400.0	62699	72.25842	11.575478	77.12	-13.391211	-72.35152	0.05490997	407.4377791881561
58	303.25613	25.003622	321.20343	267.897	311.4133	19.288343	328.03973	252.49586	400.0	400.0	63799	72.546394	11.464786	77.33988	-12.453479	-72.63689	0.045393977	415.0354161262512
59	305.44357	12.794797	317.15298	287.642	318.87012	15.024253	327.93863	263.9074	400.0	400.0	64899	72.87598	11.265418	77.58905	-11.974133	-72.96429	0.0513366	422.72151041030884
60	314.00034	4.6855555	317.3763	307.37436	310.56598	16.84343	327.85815	270.33383	400.0	400.0	65999	73.13438	11.193721	77.77223	-11.545384	-73.220825	0.049164973	430.12508511543274
61	319.13467	1.4177856	320.55246	317.7169	315.9413	18.601915	327.7315	265.8018	400.0	400.0	67099	73.43487	11.044321	77.952736	-10.839013	-73.51851	0.04484891	435.95903992652893
62	317.915	1.5563383	319.43555	315.7766	315.01257	16.995274	327.34473	274.62628	400.0	400.0	68199	73.66021	10.978552	78.15294	-10.393997	-73.742256	0.04542301	441.8738148212433
63	314.80762	6.5748267	320.39703	305.57773	316.74258	13.486615	327.5841	285.01062	400.0	400.0	69299	73.905235	10.914756	78.32796	-10.1543	-73.98581	0.048658725	447.69670581817627
64	297.22507	20.468863	320.2882	270.54324	305.27142	22.719074	327.78152	264.95532	400.0	400.0	70399	74.1024	10.853583	78.49755	-9.643839	-74.18238	0.046192944	453.974734544754
65	309.53033	10.023209	319.55356	299.50714	311.50717	18.36288	327.88306	270.10754	400.0	400.0	71499	74.29236	10.780743	78.653534	-8.984756	-74.3718	0.049183756	460.2764639854431
66	315.99808	4.3450594	321.3076	310.6645	314.80536	12.32234	327.8576	276.29398	400.0	400.0	72599	74.52163	10.678736	78.846466	-8.727873	-74.59993	0.047519505	465.8951749801636
67	311.62384	12.398052	321.21704	294.1172	310.37543	16.040531	327.99402	266.77414	400.0	400.0	73699	74.73569	10.519298	79.03877	-8.231442	-74.81265	0.04624701	472.0296413898468
68	313.9371	3.191642	317.96207	310.15555	311.48425	16.019325	328.26508	269.06445	400.0	400.0	74799	74.929436	10.424444	79.288414	-7.530023	-75.004585	0.044164494	478.02769136428833
69	319.65875	0.4568329	320.11557	319.2019	322.17645	6.9382286	328.8444	304.55643	400.0	400.0	75899	75.16008	10.273022	79.53413	-7.0120792	-75.23375	0.042802073	484.11281156539917
70	321.14383	0.8772467	321.95895	319.92633	313.1274	14.562212	328.31223	288.21686	400.0	400.0	76999	75.55412	9.938037	79.626816	-6.584741	-75.62014	0.04525279	490.18269538879395
71	320.2649	1.0718155	321.15228	318.75696	313.58636	15.185472	328.60312	279.51804	400.0	400.0	78099	75.762146	9.900499	79.851105	-6.4704523	-75.82511	0.040485464	496.0539195537567
72	320.83957	1.0903131	321.75574	319.3074	318.6061	15.322574	328.61133	275.30362	400.0	400.0	79199	76.141205	9.565112	80.03878	-6.5652742	-76.198074	0.043818165	501.83870124816895
73	309.4421	6.1918335	315.63394	303.25027	316.17398	17.427551	328.94528	264.2964	400.0	400.0	80299	76.26655	9.580377	80.20273	-6.550623	-76.32165	0.041472968	508.00128054618835
74	314.49673	7.9640465	320.60446	303.2477	312.06656	20.259474	329.02896	258.4369	400.0	400.0	81399	76.74284	8.631309	80.28041	-6.254195	-76.791405	0.039607126	513.9665269851685
75	311.08038	5.9856305	319.312	305.25522	317.9375	12.222714	328.88486	277.38422	400.0	400.0	82499	77.17667	7.8104563	80.47348	-5.8124833	-77.21801	0.03466595	520.1958041191101
76	299.51236	26.73828	320.79858	261.8031	310.29575	18.715862	328.4056	273.38528	400.0	400.0	83599	77.3961	7.703743	80.61343	-5.7884693	-77.43362	0.03713088	527.3142776489258
77	292.1473	27.364288	319.5116	264.78302	319.00064	15.49365	329.28976	274.1266	400.0	400.0	84699	77.734146	6.6791124	80.70286	-5.71907	-77.76695	0.03346635	533.3368237018585
78	308.21143	3.835757	313.636	305.4906	315.9614	14.6546755	328.34106	282.7345	400.0	400.0	85799	78.03158	5.819065	80.88043	8.343432	-78.05986	0.03473318	539.1585776805878
79	313.1096	4.421563	318.5433	307.71292	308.26828	27.039097	327.9245	243.7825	400.0	400.0	86899	78.36253	4.679995	81.01405	9.126489	-78.38571	0.030173728	544.9225468635559
80	311.9617	7.0809	320.54843	303.2063	314.96786	11.104684	328.09387	283.08582	400.0	400.0	87999	78.62022	4.016538	81.13152	10.146325	-78.639046	0.03051881	552.1409494876862
81	306.3729	8.6297	315.0026	297.7432	319.4974	16.168886	328.3524	271.40924	400.0	400.0	89099	78.816315	3.7782915	81.2971	11.029776	-78.83017	0.03366102	559.5590486526489
82	316.53128	3.4690835	319.0852	311.62668	307.71933	24.671309	328.69296	256.45007	400.0	400.0	90199	78.96588	3.5183697	81.371895	12.978674	-78.97654	0.026578862	566.8435826301575
83	318.41614	2.072824	321.17746	316.1833	313.79865	14.967174	328.52078	283.97177	400.0	400.0	91299	79.06878	3.4621315	81.39264	13.603855	-79.07985	0.023984157	572.8444745540619
84	309.9775	10.77156	318.9602	294.83142	317.72098	10.470081	328.98813	290.69733	400.0	400.0	92399	79.16136	3.3689563	81.439285	13.06608	-79.173836	0.022062173	578.5390000343323
85	311.4186	4.219818	315.63843	307.1988	318.5741	11.861548	328.8286	280.91562	400.0	400.0	93499	79.218285	3.4333098	81.51732	12.265404	-79.23176	0.02252075	585.9205179214478
86	292.83313	11.367694	305.76193	278.094	307.46103	18.79573	325.8951	260.7538	400.0	400.0	94599	79.29613	3.3575997	81.620125	13.5368595	-79.31024	0.020743852	591.3454716205597
87	303.71692	13.564857	319.57248	286.4372	306.28146	21.269829	328.5975	256.40857	400.0	400.0	95699	79.361465	3.3508565	81.67267	16.111118	-79.37649	0.025071852	598.2311832904816
88	298.20004	11.774305	309.73248	282.03174	305.61072	22.051348	326.31577	261.8244	400.0	400.0	96799	79.409744	3.3996742	81.7955	15.270138	-79.42527	0.021202048	605.3919174671173
89	313.435	0.75201416	314.187	312.68298	307.6323	21.795736	326.29916	251.16803	400.0	400.0	97899	79.45986	3.3933594	81.43658	15.243749	-79.474976	0.0228976	612.627813577652
90	313.91824	3.0436776	317.5345	310.08823	313.43906	15.856139	325.33035	266.3515	400.0	400.0	98999	79.51797	3.3823822	81.613716	15.092182	-79.533356	0.023378784	618.3403894901276
91	306.66562	16.14558	320.47012	284.0123	311.4834	21.11472	325.52893	255.34705	400.0	400.0	100099	79.558395	3.4431264	81.9167	13.004141	-79.57315	0.023292448	623.9739770889282
92	303.5029	16.982767	316.59787	279.51944	306.85788	20.372416	324.5838	262.11356	400.0	400.0	101199	79.61862	3.4084818	81.97711	15.493092	-79.633354	0.025598055	631.408403635025
93	318.30862	1.6593323	319.96796	316.6493	312.13556	18.68728	326.68283	261.75412	400.0	400.0	102299	79.67391	3.3986986	82.0041	15.554447	-79.688705	0.023902282	639.1271543502808
94	295.24362	19.718327	311.01636	267.44156	311.49957	19.660816	326.06403	267.44485	400.0	400.0	103399	79.7492	3.2907343	82.003044	15.743988	-79.76396	0.021340476	646.6219892501831
95	290.517	17.093735	307.1856	267.01987	311.30853	18.964151	326.89487	260.9121	400.0	400.0	104499	79.78991	3.2884736	82.11193	15.980745	-79.80468	0.022246309	652.2686018943787
96	300.63126	14.048029	320.10645	287.4939	310.78836	18.736591	327.24664	257.0276	400.0	400.0	105599	79.83688	3.325265	82.25704	15.9437065	-79.85146	0.026853783	658.6253507137299
97	303.43164	12.57074	316.00238	290.8609	309.76587	18.310028	326.54758	261.76282	400.0	400.0	106699	79.88295	3.3061938	82.43025	16.534191	-79.897224	0.022575414	665.8714861869812
98	298.24124	24.776018	321.09805	263.8139	307.562	21.78188	326.86563	256.18213	400.0	400.0	107799	79.92059	3.297869	82.5445	16.558475	-79.93472	0.02308201	674.013833284378
99	300.97125	22.679506	319.7561	269.06467	317.6768	9.963995	326.8778	278.7845	400.0	400.0	108899	79.95698	3.3412254	82.58462	16.347895	-79.97137	0.023385383	680.5141022205353
100	295.9465	16.067104	309.0378	273.31696	317.5312	12.063052	327.72516	284.24466	400.0	400.0	109999	79.97922	3.4044116	82.58052	16.10312	-79.993576	0.023811398	686.6372528076172
101	320.1441	2.254303	322.3984	317.8898	303.34567	22.53872	328.51962	255.78639	400.0	400.0	111099	80.03088	3.345656	82.77325	16.227978	-80.04548	0.021453721	692.8413858413696
102	309.82797	5.994253	315.29053	301.4827	311.5261	18.531647	328.81097	249.81776	400.0	400.0	112199	80.0654	3.3243086	82.69705	16.376625	-80.08023	0.023705525	698.3425183296204
103	283.79062	20.966866	309.08914	257.74722	315.77304	20.971481	328.9787	253.85379	400.0	400.0	113299	80.098495	3.314311	81.55156	16.512737	-80.11328	0.021005945	703.9717221260071
104	307.6542	19.416399	321.5226	280.19574	316.38577	18.021614	328.9905	266.74915	400.0	400.0	114399	80.131645	3.3099797	81.56662	16.508593	-80.14622	0.021512505	709.572836637497
105	313.8804	7.107849	320.98825	306.77255	315.95462	10.9222555	327.27924	289.4132	400.0	400.0	115499	80.15822	3.3615942	81.58846	16.75555	-80.17258	0.024273781	715.5798778533936
106	320.75684	0.70919883	321.54208	319.82385	313.85577	18.593882	328.78778	259.97095	400.0	400.0	116599	80.19964	3.3219914	81.62683	16.835575	-80.213905	0.02206159	721.7010049819946
107	302.5974	15.426377	321.26584	283.48685	317.11932	10.986958	327.59454	294.4315	400.0	400.0	117699	80.21758	3.3548987	81.65173	16.819332	-80.23159	0.023109552	727.6007523536682
108	303.00204	16.09113	322.112	282.7469	312.00235	18.1783	328.9149	263.15347	400.0	400.0	118799	80.24346	3.336936	81.67103	17.0032	-80.25702	0.022622302	733.6382319927216
109	316.53424	4.2205963	320.75482	312.31363	306.59552	23.11521	329.05444	254.31192	400.0	400.0	119899	80.26441	3.3374028	81.69608	17.335274	-80.27766	0.025092738	739.3182418346405
110	317.60446	3.591342	320.52036	312.54517	310.66623	21.890669	328.76752	256.4009	400.0	400.0	120999	80.29943	3.2897265	81.73411	17.39877	-80.31237	0.023055198	744.7606389522552
111	298.95065	23.409761	321.73688	266.7581	315.5003	15.95701	328.67468	267.49255	400.0	400.0	122099	80.32985	3.2628553	81.745224	17.665356	-80.342224	0.018150607	750.6744320392609
112	293.2839	26.400616	318.59875	256.85974	314.45142	17.406752	327.82004	270.54672	400.0	400.0	123199	80.351326	3.233112	81.784294	17.543438	-80.36349	0.02256043	756.6484954357147
113	320.45776	0.5713959	321.02917	319.88638	303.54828	21.98383	326.97775	254.85841	400.0	400.0	124299	80.35241	3.3164058	81.792946	17.454668	-80.364105	0.02097774	763.6981127262115
114	313.6244	5.683093	320.9625	307.11624	311.00784	19.429972	327.82095	259.43143	400.0	400.0	125399	80.3669	3.333069	81.80764	17.447742	-80.37845	0.020458924	769.5132687091827
115	318.4463	1.6057872	320.65582	316.8873	313.97867	16.556051	327.7987	269.38647	400.0	400.0	126499	80.39184	3.251391	81.81643	17.700672	-80.40325	0.019897278	775.2428646087646
116	317.54977	5.059461	321.31537	310.39795	314.45053	14.725699	327.52036	266.9941	400.0	400.0	127599	80.42429	3.1268194	81.8358	17.998909	-80.435745	0.01908857	782.3160452842712
117	318.95383	1.9337463	320.88757	317.02008	313.35492	15.002529	328.47165	283.23514	400.0	400.0	128699	80.43865	3.1308727	81.85524	17.855635	-80.45024	0.0186751	788.1035771369934
118	291.37708	11.992109	306.51114	277.1816	318.06473	15.882278	328.13092	271.65802	400.0	400.0	129799	80.46809	2.9831069	81.87623	25.991089	-80.47966	0.017448291	794.9472234249115
119	317.08652	2.9835851	320.99783	313.76013	315.20248	11.202686	328.19876	285.74002	400.0	400.0	130899	80.47842	2.9933693	82.6898	27.78387	-80.49006	0.01699333	800.7165567874908
120	309.53046	5.293108	314.90384	302.33038	317.71478	12.625265	328.5085	282.12833	400.0	400.0	131999	80.50009	2.9416578	82.30528	27.689137	-80.512	0.016093006	806.3644347190857
121	312.26477	1.7959747	314.06073	310.46878	314.6439	13.641851	328.07886	275.5358	400.0	400.0	133099	80.512856	2.9400604	82.15339	28.377882	-80.52471	0.017135197	811.7111206054688
122	303.07727	18.953106	320.0234	276.61945	299.48804	21.709162	328.5329	261.02084	400.0	400.0	134199	80.526146	2.9253051	82.103935	28.194948	-80.537895	0.015597364	817.5829298496246
123	316.97263	5.5881867	321.49377	309.09857	311.5408	17.805061	328.89633	257.44125	400.0	400.0	135299	80.5422	2.9056644	82.118034	27.62297	-80.55383	0.016004844	824.5093278884888
124	315.4653	6.558395	320.1865	306.19086	312.10956	18.624163	328.59183	257.97632	400.0	400.0	136399	80.558846	2.930593	81.94279	27.853235	-80.57045	0.017061355	830.2932860851288
125	301.84613	18.936325	320.78247	282.90982	311.23236	17.6286	328.95572	273.02823	400.0	400.0	137499	80.55932	2.97209	82.0044	28.083956	-80.570854	0.019640122	836.0831389427185
126	301.04358	12.91304	311.35898	282.83542	311.0208	19.667564	329.12817	255.34406	400.0	400.0	138599	80.580315	2.8966744	81.86688	26.454262	-80.591934	0.018459957	842.8862810134888
127	317.3383	4.129816	322.04984	311.99353	314.67398	17.032253	328.80203	258.48676	400.0	400.0	139699	80.579254	2.9361007	81.853096	28.426794	-80.59081	0.01748134	849.9386837482452
128	318.86447	0.07097178	318.95206	318.77823	312.25333	17.053022	328.4971	272.82312	400.0	400.0	140799	80.58808	2.9430108	81.827835	28.727955	-80.599556	0.019603485	856.9915730953217
129	321.6816	0.14801025	321.82962	321.5336	310.84464	18.68472	328.83508	256.17398	400.0	400.0	141899	80.60086	2.9284518	81.80998	28.291622	-80.61231	0.018908063	863.9618444442749
130	311.91217	7.6674585	320.37555	301.80994	315.2514	15.736647	328.84445	270.54645	400.0	400.0	142999	80.618416	2.9098768	81.80893	28.279202	-80.63013	0.017685777	870.9239740371704
131	313.686	5.503072	320.92773	307.5966	305.62442	21.421137	328.24164	258.26526	400.0	400.0	144099	80.611206	2.9442973	81.78441	28.074612	-80.622696	0.018179996	877.8873038291931
132	302.857	14.378121	315.77206	282.79813	313.93182	18.715261	329.05936	252.82585	400.0	400.0	145199	80.62254	2.9009912	82.01475	27.452803	-80.63396	0.019369604	883.0942561626434
133	311.7276	6.4188538	318.14645	305.30875	313.15326	19.704515	329.00824	252.71576	400.0	400.0	146299	80.628845	2.866973	81.95	28.090155	-80.6402	0.018896336	888.7658064365387
134	314.12354	9.568141	321.064	300.59366	319.67188	9.267938	329.00552	288.86823	400.0	400.0	147399	80.63896	2.8583622	81.90798	28.117926	-80.65014	0.01800591	895.596302986145
135	293.52338	24.079985	321.4128	262.6552	317.15985	16.473547	328.98904	269.70038	400.0	400.0	148499	80.63605	2.896189	81.94505	27.97608	-80.64736	0.016522152	900.9736604690552
136	317.88428	2.2636137	320.13852	314.78873	312.59924	20.468523	328.47653	260.21115	400.0	400.0	149599	80.6279	2.9696555	81.991425	28.91782	-80.63937	0.018697336	906.1582894325256
137	310.6037	10.621536	321.22525	299.98218	316.39996	14.457656	328.87152	273.34827	400.0	400.0	150699	80.634514	2.9475656	81.996826	28.875957	-80.64621	0.019290585	911.7485888004303
138	302.17853	7.902093	309.1402	291.12695	316.98987	15.885787	328.9745	268.00296	400.0	400.0	151799	80.62636	2.9943943	81.90685	28.824497	-80.6379	0.022338646	917.1672670841217
139	318.3712	2.6923652	321.95895	315.47314	313.2907	19.421112	328.8808	254.55688	400.0	400.0	152899	80.63352	2.974675	81.957504	28.839909	-80.645096	0.018231262	924.3063228130341
140	301.69824	7.1531105	309.66052	292.3132	313.33392	19.432861	328.8857	265.25986	400.0	400.0	153999	80.62884	2.9926386	82.01256	29.419437	-80.640434	0.019022567	931.3759377002716
141	288.28375	12.095673	300.37943	276.18808	311.8249	17.08228	328.85095	270.35086	400.0	400.0	155099	80.62033	3.0336914	81.90226	29.12678	-80.63197	0.019538598	936.6366958618164
142	308.98257	17.38885	321.68802	284.39563	314.65125	13.011204	328.6604	285.8564	400.0	400.0	156199	80.62074	3.0778847	81.922295	29.028955	-80.63245	0.020886822	942.2473742961884
143	307.28687	2.7707584	311.14685	304.7729	308.36676	22.882305	328.15408	265.27844	400.0	400.0	157299	80.61564	3.1003397	81.91776	28.642868	-80.62742	0.01940256	948.010493516922
144	319.98795	0.9089546	321.20834	319.02808	307.5018	19.608326	328.9251	254.84753	400.0	400.0	158399	80.637276	3.0209126	81.93446	28.680885	-80.64909	0.019364417	953.5410408973694
145	304.66693	11.222565	315.8895	293.44437	312.25385	15.669753	328.8591	274.02176	400.0	400.0	159499	80.65279	2.9386098	81.98741	28.79132	-80.66457	0.01906663	960.6015930175781
146	308.00314	16.58278	321.29855	284.625	313.34174	20.061207	329.06067	253.61263	400.0	400.0	160599	80.663124	2.9145877	81.952385	29.165682	-80.67508	0.019662626	966.0977261066437
147	296.17703	18.480316	319.2382	273.99655	299.45615	24.636812	327.58905	254.66202	400.0	400.0	161699	80.65114	3.004432	81.91528	29.038013	-80.66321	0.019347278	971.74201130867
148	304.05396	22.39329	321.07312	272.41537	313.37155	19.62613	329.00397	255.39873	400.0	400.0	162799	80.65716	2.9969857	81.91178	28.713264	-80.66913	0.022823673	978.7245044708252
149	317.83533	0.17710876	318.01242	317.6582	316.02356	16.848503	328.7886	269.51886	400.0	400.0	163899	80.66224	3.0191803	81.87775	28.803343	-80.67429	0.020413201	985.6745014190674
150	315.40933	4.171462	319.68097	309.74982	315.8968	14.08426	328.70316	269.1004	400.0	400.0	164999	80.66713	3.0093908	81.88418	28.876455	-80.6791	0.019547805	991.3159620761871
151	308.26584	16.538301	320.4336	284.8836	317.1563	9.644148	328.5702	301.35233	400.0	400.0	166099	80.65778	3.0717554	81.89304	28.91994	-80.669785	0.019417739	996.6815872192383
152	315.85294	2.7346954	318.39612	312.05804	310.50394	22.830675	328.54312	254.98396	400.0	400.0	167199	80.67089	3.0706205	81.911514	29.622375	-80.68295	0.02144205	1002.124754190445
153	317.86932	3.2451324	321.11447	314.6242	314.14774	19.865486	328.5061	268.1013	400.0	400.0	168299	80.683784	3.0497963	81.92758	28.818441	-80.69591	0.018634116	1008.8704662322998
154	312.7493	7.109769	321.37555	303.96246	315.25067	19.409105	328.53546	243.78561	400.0	400.0	169399	80.700424	3.0284667	81.94	28.86163	-80.71343	0.020282159	1014.4605114459991
155	311.18942	5.5169067	318.98917	307.12476	318.3211	14.34651	328.37936	274.96716	400.0	400.0	170499	80.725494	2.967434	81.950325	23.627792	-80.74	0.019148244	1021.3972933292389
156	275.71524	33.17414	310.82745	231.21225	320.92944	10.916396	328.0472	284.95383	400.0	400.0	171599	80.73228	2.9600747	82.041374	24.166237	-80.74725	0.021055682	1026.976719379425
157	308.64697	5.9193115	314.56628	302.72766	313.20944	15.524606	328.07422	261.33536	400.0	400.0	172699	80.74288	2.9929683	82.188416	24.500969	-80.75628	0.02456665	1032.9006567001343
158	315.19617	3.47957	319.5148	310.99402	311.0241	18.485474	327.93927	257.38684	400.0	400.0	173799	80.747894	2.9950745	82.22783	25.397743	-80.76095	0.019747779	1039.7860610485077
159	290.64053	29.71921	319.8292	249.85721	310.59763	20.275839	328.05777	251.53268	400.0	400.0	174899	80.76037	2.996107	82.13812	26.121939	-80.77323	0.01927746	1045.7748484611511
160	320.96594	0.31406015	321.24066	320.52634	306.3177	21.326395	328.10956	255.76392	400.0	400.0	175999	80.763756	3.05679	82.09102	27.298841	-80.7761	0.020872291	1051.3719413280487
161	308.13657	3.9599915	312.09656	304.17657	310.20346	16.81227	327.7589	267.5947	400.0	400.0	177099	80.76839	3.10536	82.07932	26.978014	-80.78098	0.017682152	1057.1312596797943
162	299.77542	12.128076	313.34076	283.9031	317.25067	16.031414	328.1015	269.1799	400.0	400.0	178199	80.77106	3.1416605	82.02259	27.82058	-80.78371	0.02024996	1062.7597076892853
163	309.61093	13.259803	320.84875	290.99136	318.00354	12.766332	328.08646	279.3435	400.0	400.0	179299	80.79013	3.1240568	82.04179	26.853125	-80.80277	0.019358456	1069.7622826099396
164	314.6242	4.417133	320.7973	310.7093	310.83252	18.16686	327.84433	267.98334	400.0	400.0	180399	80.804085	3.114389	82.04351	25.6288	-80.81675	0.01846163	1076.5723645687103
165	298.63983	21.852127	320.49197	276.78772	316.0503	14.367163	327.9238	276.88092	400.0	400.0	181499	80.81745	3.0924523	82.04787	27.543222	-80.82983	0.02034309	1083.473769903183
166	319.94662	1.3483996	321.17648	318.0696	313.5582	16.651869	328.03622	268.47263	400.0	400.0	182599	80.82495	3.1276915	82.05267	26.439688	-80.837616	0.019252373	1088.9028298854828
167	304.79965	21.933615	320.4082	273.78104	311.96722	20.18945	328.01254	259.9836	400.0	400.0	183699	80.84758	3.0522637	82.052414	26.444695	-80.86033	0.019997401	1095.7045390605927
168	296.76117	31.098122	320.4898	252.8289	317.45502	19.92985	327.96527	260.18216	400.0	400.0	184799	80.84949	3.0897362	82.04801	25.994705	-80.86196	0.02024585	1101.3286607265472
169	292.2094	16.08133	308.29074	276.12808	314.27695	21.699707	327.7597	253.32863	400.0	400.0	185899	80.842995	3.1483884	82.04265	25.525772	-80.855316	0.018647814	1106.83056473732
170	312.88095	10.45259	320.70267	298.10727	314.52203	13.930092	327.93475	279.75882	400.0	400.0	186999	80.84332	3.1778731	82.038216	25.54039	-80.85565	0.019074894	1113.5914454460144
171	301.1567	12.948689	315.20056	283.95734	311.38995	17.609524	327.96576	275.1105	400.0	400.0	188099	80.85951	3.1268728	82.04453	24.118938	-80.87172	0.020339636	1119.6766839027405
172	310.82593	11.6027155	319.66116	294.43384	314.62347	13.998393	327.80377	277.28528	400.0	400.0	189199	80.86508	3.0898645	82.055626	25.74249	-80.87721	0.018023029	1125.2398283481598
173	311.57025	3.5971832	315.16745	307.97308	315.95255	18.355827	327.99872	271.61563	400.0	400.0	190299	80.86885	3.0939267	82.054695	25.24795	-80.88088	0.018226149	1130.973504781723
174	310.4068	12.706316	321.14337	292.55972	307.17584	21.272121	327.871	271.88696	400.0	400.0	191399	80.86371	3.0785053	82.06602	25.458626	-80.8757	0.019191097	1136.4513716697693
175	315.9257	5.6652007	320.16446	307.91852	312.34988	21.263927	327.8138	250.39064	400.0	400.0	192499	80.865685	3.0925741	82.065575	25.034313	-80.87763	0.018191947	1142.1717505455017
176	310.6917	6.026512	316.01862	302.26663	318.7803	13.1494255	327.9791	280.28067	400.0	400.0	193599	80.86947	3.0776815	82.0527	25.569828	-80.88138	0.015381612	1148.9914121627808
177	320.41492	0.0004427679	320.41534	320.41446	312.9817	18.831272	327.96973	256.5024	400.0	400.0	194699	80.878716	3.0354564	82.04846	24.852268	-80.890724	0.018161327	1155.7309527397156
178	298.70343	31.161398	321.25204	254.6386	311.7663	14.765948	327.9355	275.42236	400.0	400.0	195799	80.87849	3.0745883	82.03569	25.35805	-80.890495	0.01613617	1162.6347787380219
179	320.06314	1.3526797	321.36987	318.19983	311.4029	21.751846	328.19376	262.24158	400.0	400.0	196899	80.87005	3.149858	82.02373	25.193867	-80.8821	0.01642585	1167.9580824375153
180	300.50052	14.631556	313.97186	280.16278	315.05194	21.668818	328.2273	248.83713	400.0	400.0	197999	80.87214	3.1205328	82.01336	24.123226	-80.8842	0.01643699	1173.6233775615692
181	301.8952	1.0006866	302.89587	300.8945	309.22415	19.512604	328.29843	271.71112	400.0	400.0	199099	80.88451	3.0335426	81.99884	25.174656	-80.896645	0.014855409	1180.4758417606354
182	321.29166	0.3490977	321.6513	320.81894	307.7383	21.673346	328.19254	256.39465	400.0	400.0	200199	80.894936	2.9952867	81.98827	25.348722	-80.90722	0.017208438	1187.2867200374603
183	284.7467	25.829947	321.2713	265.99094	319.49402	10.276587	328.34094	295.06613	400.0	400.0	201299	80.88565	3.0588267	81.975845	25.4967	-80.897934	0.016285682	1192.6686642169952
184	292.25778	25.817757	312.11197	255.79405	312.6232	20.134954	328.2784	259.8376	400.0	400.0	202399	80.86604	3.1357994	81.95301	26.165014	-80.87848	0.018570172	1197.8063566684723
185	314.4696	1.9267731	316.3964	312.54285	316.06302	12.01207	327.73825	274.79156	400.0	400.0	203499	80.85229	3.2047133	81.94778	26.72855	-80.864876	0.019715767	1204.669041633606
186	291.87982	21.507355	321.48145	271.02448	310.3927	14.149537	328.1155	279.1212	400.0	400.0	204599	80.85505	3.2256286	81.93964	24.6306	-80.8677	0.01729212	1211.459146976471
187	288.22763	24.010855	307.46	254.37576	310.87198	21.999132	328.36264	264.48672	400.0	400.0	205699	80.829994	3.3364809	81.93766	25.208761	-80.84286	0.017850747	1216.7768738269806
188	306.06168	20.218445	320.45337	277.4687	319.48495	17.01828	328.3101	253.37071	400.0	400.0	206799	80.827354	3.3609037	81.93664	26.698275	-80.840294	0.017349351	1222.246634721756
189	291.80634	28.889603	320.69592	262.91672	319.13483	10.279149	328.2311	288.6855	400.0	400.0	207899	80.83148	3.3844368	81.93348	26.933392	-80.84461	0.01674512	1227.7665255069733
190	315.91794	7.512913	321.52335	305.29855	305.03696	23.090378	328.27792	250.6454	400.0	400.0	208999	80.83617	3.376491	81.93593	26.755188	-80.84949	0.0186462	1233.442004442215
191	294.35843	18.65501	308.362	267.99332	309.55072	18.51759	328.3265	263.12708	400.0	400.0	210099	80.82882	3.407199	81.9369	25.746855	-80.842285	0.018619578	1240.2074000835419
192	314.9657	4.0908875	320.6843	311.34723	315.68802	13.745252	328.01065	276.57275	400.0	400.0	211199	80.82919	3.392791	81.939445	26.2745	-80.84272	0.018248811	1247.1176686286926
193	307.25653	12.968506	320.22504	294.28802	315.27957	13.705011	328.07437	269.80972	400.0	400.0	212299	80.82466	3.4096339	81.93594	27.386465	-80.83811	0.015655944	1253.8794527053833
194	308.946	8.945332	321.469	301.13217	309.87857	20.426466	327.99103	254.10327	400.0	400.0	213399	80.82777	3.4173553	81.94924	27.426836	-80.84128	0.015827155	1259.2406985759735
195	312.53622	5.9639134	320.96744	308.12567	306.015	22.01834	328.17453	261.60156	400.0	400.0	214499	80.83512	3.3949041	81.95839	26.339443	-80.8485	0.018426023	1264.609441280365
196	312.79395	5.422286	316.82996	305.12927	307.0556	18.079819	327.8596	269.6528	400.0	400.0	215599	80.829094	3.3961706	81.938736	27.083817	-80.84256	0.017257653	1270.1559343338013
197	315.997	5.134323	321.13132	310.86267	305.0268	21.137278	328.1201	261.72733	400.0	400.0	216699	80.82913	3.4030912	81.95838	27.151533	-80.842545	0.01596224	1275.7008328437805
198	299.62564	18.496885	316.53622	273.88666	309.0093	18.801298	328.23523	273.15475	400.0	400.0	217799	80.821	3.4302378	81.981926	26.331285	-80.834435	0.017591143	1281.10293841362
199	308.59067	9.375411	320.3336	297.38766	318.55075	9.31484	328.1941	300.1756	400.0	400.0	218899	80.81342	3.433554	82.013794	27.919012	-80.82675	0.0151972715	1287.9045462608337
200	320.3832	0.4660923	320.73044	319.7244	306.08698	22.398245	327.9068	258.9186	400.0	400.0	219999	80.82341	3.423509	82.03732	27.521858	-80.83681	0.016346954	1293.5905091762543
