Epoch	AverageEpRet	StdEpRet	MaxEpRet	MinEpRet	AverageTestEpRet	StdTestEpRet	MaxTestEpRet	MinTestEpRet	EpLen	TestEpLen	TotalEnvInteracts	AverageQVals	StdQVals	MaxQVals	MinQVals	LossPi	LossQ	Time
1	3.6319833	10.61842	14.250402	-6.986436	-142.70976	0.76364934	-142.51192	-146.03778	400.0	400.0	1099	0.2094405	0.44521153	21.388851	-11.614991	-0.23806077	0.18028824	3.0350897312164307
2	0.94459724	23.383247	33.664207	-19.566671	22.126673	53.09899	137.15347	-68.39519	400.0	400.0	2199	0.1994553	0.9070713	20.225092	-10.543579	-0.22675115	0.052473262	9.703233003616333
3	6.1254	8.457944	14.971933	-5.2699075	-16.438166	12.4654665	14.255256	-28.449034	400.0	400.0	3299	0.5018157	2.1624002	30.103235	-14.62258	-0.5959407	0.06349237	16.046716690063477
4	10.691132	21.921688	41.339954	-8.674048	126.866776	27.398983	186.97641	89.044235	400.0	400.0	4399	1.1667365	3.6153035	13.1257925	-13.571242	-1.2950674	0.08013791	21.99636220932007
5	29.244877	13.360146	42.605022	15.88473	109.77423	18.918966	144.04376	80.77805	400.0	400.0	5499	1.9508309	4.93747	24.840652	-6.822302	-2.108333	0.13302943	28.487231016159058
6	45.990784	44.761696	109.17542	11.053266	140.97386	19.601576	188.20314	100.36582	400.0	400.0	6599	2.88867	6.0477138	29.968159	-14.843327	-3.068751	0.20107965	35.21147441864014
7	39.779156	34.616344	88.73392	15.198839	120.13041	18.13356	165.17139	98.30379	400.0	400.0	7699	4.180448	6.9780793	37.881413	-6.49427	-4.3814316	0.27654198	41.97893142700195
8	45.407604	26.187963	74.22596	10.852934	132.82559	17.576942	167.10135	99.399055	400.0	400.0	8799	5.2166877	7.8348937	47.587036	-8.289475	-5.4246526	0.32243806	50.052499294281006
9	9.884023	2.2896833	12.173706	7.5943394	87.34151	39.76897	191.93661	16.068007	400.0	400.0	9899	6.052787	8.734359	40.831875	-7.42859	-6.270946	0.3802761	56.88385462760925
10	31.752884	28.494217	69.30635	0.31979227	83.98115	48.84568	138.6928	-6.544094	400.0	400.0	10999	6.9233203	9.5351095	44.36	-9.249788	-7.148929	0.44705933	64.82692313194275
11	6.7983646	4.79135	13.16086	1.5985677	85.986206	42.06285	127.512886	11.383275	400.0	400.0	12099	7.6631203	10.255744	55.30538	-10.827865	-7.8964434	0.45804447	71.55575561523438
12	33.715584	7.9961877	43.615482	24.032503	92.53477	30.4258	136.44939	41.632435	400.0	400.0	13199	8.323105	10.90631	56.470333	-8.16278	-8.559342	0.5039777	77.75889348983765
13	13.639645	8.213533	21.853178	5.4261103	119.49487	31.893658	190.92146	60.023697	400.0	400.0	14299	8.95643	11.594679	51.261356	-6.3133802	-9.201636	0.47051686	84.49991130828857
14	14.707802	5.989773	19.519335	6.2644095	92.8174	28.848478	138.82724	42.489365	400.0	400.0	15399	9.521056	12.228952	57.57732	-7.694247	-9.766142	0.4786317	91.41673564910889
15	111.73818	6.9309998	120.37706	103.40807	15.250529	40.378735	117.491844	-23.58519	400.0	400.0	16499	10.018515	12.804843	74.600655	-6.255659	-10.254879	0.65724736	98.34131050109863
16	12.615875	10.652664	24.262577	-1.4830202	12.837573	17.54975	54.39799	-7.458102	400.0	400.0	17599	10.357506	14.160634	231.2408	-112.36135	-10.5836735	1.8874376	106.623544216156
17	47.53122	46.166588	93.69781	1.3646312	88.32801	19.711489	126.30966	45.454113	400.0	400.0	18699	9.567131	16.536692	231.22922	-215.97395	-9.768988	2.61674	113.80458116531372
18	112.14042	32.667564	157.73427	82.8894	121.211205	24.865034	179.91536	85.47421	400.0	400.0	19799	10.39318	17.240105	101.99431	-112.37022	-10.607342	1.0775332	120.85013699531555
19	108.71597	23.13501	141.39624	91.0183	21.402605	20.058357	98.35005	1.5236619	400.0	400.0	20899	10.945229	17.632648	170.48868	-115.38019	-11.162718	1.7228498	127.80629539489746
20	56.805454	26.21876	84.84561	21.77473	114.48268	25.481976	166.91353	70.97736	400.0	400.0	21999	11.126592	18.157587	97.89603	-114.75992	-11.33939	1.0294254	135.06441164016724
21	97.255424	15.8050995	113.060524	81.450325	100.18614	14.473932	124.51201	75.56995	400.0	400.0	23099	11.565373	18.619652	97.3996	-120.8516	-11.78202	0.87603307	141.97613072395325
22	107.65223	20.983105	136.4951	87.189064	103.19995	25.542353	162.31401	59.336098	400.0	400.0	24199	12.073147	18.9183	85.95445	-121.27931	-12.291536	0.79698867	148.78188276290894
23	83.19769	11.950939	95.84319	67.16382	75.76622	22.589005	136.21059	47.440617	400.0	400.0	25299	12.406425	19.268726	213.09113	-121.28605	-12.607717	1.4487537	155.69767045974731
24	81.85169	45.059948	145.35359	45.49311	132.3856	33.745216	200.49832	68.244865	400.0	400.0	26399	12.521295	19.659136	88.00915	-124.258125	-12.7199135	1.1983465	162.61187839508057
25	101.499985	21.918308	123.4183	79.58168	128.37956	50.12109	226.8223	47.519257	400.0	400.0	27499	12.938027	20.279222	77.87064	-126.077965	-13.146182	0.7208818	169.61283707618713
26	99.93808	14.739064	120.35008	86.075226	139.19829	43.610455	202.53793	59.182182	400.0	400.0	28599	13.40758	20.61489	79.1758	-135.68646	-13.611791	0.9250528	178.07675552368164
27	85.41212	30.637974	116.716194	43.8165	142.77287	44.94946	234.14038	50.0112	400.0	400.0	29699	13.568062	21.157831	174.8127	-128.69702	-13.77125	1.3059349	186.016916513443
28	103.988655	17.932226	125.001305	81.18605	113.95166	42.647854	189.6737	54.43813	400.0	400.0	30799	14.090462	21.654486	115.66358	-131.8984	-14.303084	1.5066333	192.8476824760437
29	94.19158	10.642822	104.834404	83.54876	149.02998	41.77544	267.49484	105.68362	400.0	400.0	31899	14.551212	22.203794	114.77465	-132.89175	-14.767902	1.3175848	199.69722723960876
30	109.71586	35.423355	143.08577	60.67263	124.88877	25.612228	165.50883	88.83502	400.0	400.0	32999	14.820405	22.593767	110.6888	-136.14197	-15.022262	1.419329	206.53958868980408
31	113.66812	21.027092	141.52266	90.72412	139.51785	48.545746	222.30563	61.642624	400.0	400.0	34099	15.215294	23.159496	89.12368	-137.7182	-15.4302845	1.3171573	214.66540551185608
32	111.98685	30.699116	145.8502	71.52628	124.784996	26.976437	199.04767	86.93455	400.0	400.0	35199	15.604143	23.652763	116.546776	-139.47052	-15.830111	1.5196074	221.7066764831543
33	100.559555	8.810459	109.37002	91.7491	135.81876	36.153423	214.67429	85.015755	400.0	400.0	36299	16.193748	24.18358	166.77406	-140.41147	-16.414581	2.2926297	228.3350944519043
34	153.90686	44.628918	216.88629	118.83895	107.602745	30.846453	172.8756	61.029423	400.0	400.0	37399	16.668934	24.48652	132.51007	-137.84328	-16.887922	1.6509748	234.9109673500061
35	95.6746	26.551714	132.7555	72.0111	127.629555	45.85456	231.35478	74.053894	400.0	400.0	38499	17.00252	24.904076	107.71554	-141.11613	-17.228548	1.8167949	241.37084984779358
36	105.13946	9.844759	117.243416	93.129326	129.57663	32.900566	179.15819	72.2056	400.0	400.0	39599	17.498804	25.200363	93.37237	-141.57571	-17.734028	1.8715203	248.20577836036682
37	166.69714	17.933983	184.63112	148.76315	144.22876	45.026257	279.59256	90.01188	400.0	400.0	40699	18.144354	25.708773	185.67397	-143.17618	-18.372894	2.8504071	255.2185549736023
38	110.062645	12.577555	124.08967	93.57684	132.27432	31.227451	236.94673	100.77999	400.0	400.0	41799	18.634382	26.069265	103.070724	-143.30315	-18.871206	1.9961581	262.02353405952454
39	112.29359	17.946331	134.29774	90.33847	117.88428	32.546703	218.50371	74.524994	400.0	400.0	42899	19.092733	26.43526	126.39437	-141.60315	-19.32777	2.3208652	268.67504382133484
40	111.28112	20.221285	129.13814	83.00847	137.345	25.962963	224.91005	109.57934	400.0	400.0	43999	19.575018	26.819483	122.11762	-142.8637	-19.81699	2.7149282	275.28688168525696
41	165.43137	19.057411	184.48878	146.37396	135.27277	35.95305	226.73297	77.437546	400.0	400.0	45099	20.107285	27.246643	120.332886	-146.49945	-20.378069	3.2751594	283.6587963104248
42	126.53079	49.679874	195.19992	79.32968	125.071976	30.624102	213.47878	76.1476	400.0	400.0	46199	20.694828	27.961039	108.11047	-144.40895	-20.951492	2.545187	292.0591633319855
43	68.13361	27.174894	94.34293	30.6873	137.4843	41.51776	226.39139	48.325905	400.0	400.0	47299	21.003912	28.35605	118.51383	-145.11806	-21.279078	2.8344967	299.09272623062134
44	109.92316	60.760777	191.83887	46.4893	114.97379	39.47349	203.27042	37.38173	400.0	400.0	48399	21.24884	28.842192	147.91623	-142.61882	-21.50272	3.537314	306.981308221817
45	145.16199	9.563744	154.72574	135.59825	91.250565	50.12521	240.46692	20.925581	400.0	400.0	49499	21.571287	29.026644	206.91275	-146.5751	-21.827145	3.7464905	313.5701975822449
46	108.04465	28.725441	141.26225	71.183205	120.95247	49.32397	209.58543	30.01542	400.0	400.0	50599	22.04972	29.428905	145.81047	-144.80556	-22.33317	3.1477344	321.46310901641846
47	126.35981	19.416214	151.89258	104.844574	162.99954	47.56346	234.35367	92.2564	400.0	400.0	51699	22.577164	29.78917	130.9466	-147.0427	-22.859604	3.5746474	328.23242235183716
48	121.725746	38.54185	173.7663	81.66811	154.8539	56.523167	247.31432	79.867485	400.0	400.0	52799	22.978807	30.02904	128.28264	-147.00189	-23.265108	3.2633097	334.79188799858093
49	85.5312	8.99353	94.52473	76.53767	140.41354	49.62217	253.56447	89.630295	400.0	400.0	53899	23.676052	30.557209	127.633095	-147.40741	-23.98464	3.4530325	341.33271861076355
50	157.25609	34.06108	193.90617	111.86051	166.86386	61.652367	257.27756	57.60002	400.0	400.0	54999	23.950613	30.952532	123.13212	-149.20453	-24.234049	3.4082265	348.21603870391846
51	114.26477	39.11978	169.45541	83.348206	130.35991	37.158337	214.25323	74.30852	400.0	400.0	56099	24.589361	31.249754	140.16284	-148.36124	-24.874	3.3847058	355.13534331321716
52	145.96834	43.319237	207.23035	115.09232	116.24351	44.302464	216.74278	48.681526	400.0	400.0	57199	24.978527	31.527327	164.40024	-148.6186	-25.285389	4.5717945	361.961852312088
53	113.61728	12.850636	126.46791	100.76664	125.853165	48.50378	238.70404	46.389942	400.0	400.0	58299	25.692915	31.847239	159.2374	-149.12521	-26.024529	4.2755785	368.42151498794556
54	120.10248	25.681328	155.98886	97.31971	144.49188	55.386368	257.7076	74.59368	400.0	400.0	59399	26.435799	32.620853	130.44824	-148.48296	-26.838121	4.603481	375.3650977611542
55	117.97416	55.12995	195.65671	73.385414	155.49014	39.866554	215.35641	89.83649	400.0	400.0	60499	27.52137	33.433186	167.4686	-149.66547	-27.930809	5.0851216	383.37911200523376
56	149.84416	65.265724	227.81653	68.08352	149.07014	49.66797	264.93518	78.5753	400.0	400.0	61599	28.706377	34.09687	139.24287	-150.29288	-29.150642	5.2537055	391.761013507843
57	108.86226	14.089329	122.95159	94.772934	132.33134	40.160267	186.25076	80.92923	400.0	400.0	62699	29.99919	34.863102	142.46736	-152.61212	-30.453146	6.2868786	400.13958382606506
58	132.77142	37.311893	183.92311	95.97531	115.404175	52.468903	270.13776	46.314922	400.0	400.0	63799	31.408987	35.60555	163.31398	-152.8063	-31.9188	6.105704	406.72594118118286
59	81.92029	40.24494	131.35033	32.771957	139.64693	34.39985	215.18475	80.95026	400.0	400.0	64899	32.37553	36.089706	139.13925	-155.51573	-32.855717	6.312741	413.78403663635254
60	126.08401	31.772865	157.05406	82.404755	127.53823	50.73131	236.84036	68.01092	400.0	400.0	65999	33.858234	36.730934	133.46716	-155.27614	-34.375805	6.415969	420.69305753707886
61	208.62314	67.120056	275.7432	141.50308	108.38552	49.02445	221.01622	41.76	400.0	400.0	67099	35.170815	37.017254	143.67361	-155.27637	-35.685898	6.4744897	427.619793176651
62	111.66158	45.232662	173.90562	67.76264	129.40532	47.509438	224.22955	54.36953	400.0	400.0	68199	36.359253	37.48098	125.417725	-155.12856	-36.854126	5.8202386	434.80516481399536
63	149.07672	5.7419634	156.91998	143.33365	175.62341	52.99072	293.80914	75.04958	400.0	400.0	69299	37.55408	37.741753	169.91435	-153.09937	-38.02731	6.908053	443.2320580482483
64	103.695244	49.0758	172.85861	64.11633	147.35553	53.600327	236.53662	55.412476	400.0	400.0	70399	38.23215	37.788265	231.34787	-157.4638	-38.71809	6.939461	451.34622716903687
65	196.04628	4.354889	200.40117	191.69139	170.6559	53.676193	248.9175	79.61948	400.0	400.0	71499	39.0987	37.718487	184.44035	-157.11371	-39.575577	6.321454	458.47709441185
66	173.53508	54.506954	231.6076	100.598946	148.47488	50.29407	230.80476	63.561028	400.0	400.0	72599	40.500668	37.709164	176.7221	-156.91652	-41.000168	5.5589705	464.60925245285034
67	128.02399	38.088997	181.88884	100.79044	178.31752	36.02247	256.73233	99.038246	400.0	400.0	73699	41.18618	37.716164	220.85242	-157.32349	-41.647797	6.101405	472.978878736496
68	145.53546	33.894836	182.80658	100.79554	187.48663	41.477688	259.7463	95.3454	400.0	400.0	74799	42.003338	37.432457	185.15385	-158.53996	-42.442932	4.9962935	479.44769859313965
69	168.58401	67.33075	235.91476	101.25326	121.790344	52.203884	232.09381	32.842865	400.0	400.0	75899	42.70094	37.21121	186.18481	-158.39688	-43.13704	4.9637012	486.10544657707214
70	155.76425	42.973595	198.47447	96.966225	174.5528	36.721146	233.38509	90.48817	400.0	400.0	76999	43.328323	36.850285	129.68567	-163.92627	-43.75983	4.7811236	492.72346591949463
71	133.046	54.46061	172.51392	56.035084	113.60875	45.45153	179.7285	37.32476	400.0	400.0	78099	43.961033	36.545746	170.1952	-159.41556	-44.424187	5.3902564	499.5559732913971
72	133.41573	21.51717	163.64044	115.24841	143.64323	52.381294	231.65564	23.021479	400.0	400.0	79199	44.938084	36.284	157.89204	-158.64348	-45.365086	5.143683	506.23822569847107
73	173.68945	13.548714	187.23816	160.14073	70.43219	50.655777	150.17809	-7.0434475	400.0	400.0	80299	45.494232	35.98398	173.59726	-158.26207	-45.913364	5.35726	514.3712048530579
74	104.07664	53.32867	168.39587	37.811333	49.16046	50.933292	169.01169	-25.200377	400.0	400.0	81399	45.960747	35.68978	148.75221	-161.3045	-46.351418	4.6975284	521.6437599658966
75	59.236195	8.600299	70.12741	49.101902	126.378525	54.475353	236.02151	35.309364	400.0	400.0	82499	46.280594	35.395824	128.11696	-161.5689	-46.68365	4.4084287	529.779538154602
76	89.41232	52.00381	156.56073	29.859041	130.95029	55.221012	199.44055	24.904222	400.0	400.0	83599	46.47888	35.090515	162.50394	-163.78613	-46.869556	4.7534447	538.1480815410614
77	70.59531	3.0305443	73.62585	67.56476	128.84799	45.514057	202.32365	47.50009	400.0	400.0	84699	46.373657	34.906727	108.63415	-165.39574	-46.736866	3.905795	546.2411913871765
78	109.769066	12.042783	119.69309	92.820465	168.63768	45.506252	226.83394	74.83261	400.0	400.0	85799	46.590767	34.774395	150.71106	-166.13667	-46.98684	4.5239043	553.3055925369263
79	145.43663	13.590517	164.37094	133.11078	138.43088	47.462242	224.88834	66.088684	400.0	400.0	86899	46.9632	34.516617	162.74768	-167.3562	-47.36226	4.650884	560.3645980358124
80	155.43147	20.859411	181.26399	130.17896	184.56558	28.433983	248.41353	138.34782	400.0	400.0	87999	47.405876	34.25726	137.70032	-174.00133	-47.784275	4.049644	567.3284435272217
81	198.07742	31.246109	229.32353	166.83131	155.06046	25.089949	187.93378	90.11119	400.0	400.0	89099	47.2764	34.033512	187.80484	-174.99782	-47.634617	4.2844143	574.1325619220734
82	150.08455	22.778065	171.44777	118.52305	157.22107	22.8106	204.63763	114.20814	400.0	400.0	90199	47.686035	33.89556	122.08545	-178.64128	-48.02858	3.68165	580.9363100528717
83	151.76689	32.187603	195.76521	119.65964	128.48224	21.795574	173.37756	91.80595	400.0	400.0	91299	47.804676	33.799347	163.881	-184.0583	-48.169514	3.4217377	587.9589550495148
84	124.5651	4.858313	130.06285	118.24749	114.206604	14.848139	137.62148	80.10126	400.0	400.0	92399	47.932667	33.641293	111.432816	-186.81999	-48.30071	3.2479832	594.2661130428314
85	139.64839	1.4620361	141.11043	138.18636	171.9372	16.117056	194.59526	124.043816	400.0	400.0	93499	47.90522	33.621582	176.51953	-193.1424	-48.22598	3.0166786	601.1576972007751
86	142.33694	6.1725955	150.59032	135.74799	155.10284	16.465647	181.0213	127.90373	400.0	400.0	94599	48.118095	33.040565	162.22379	-193.67178	-48.418358	3.4734726	608.5191106796265
87	173.53978	9.500281	186.02782	163.00395	177.56244	18.774357	209.58635	132.13605	400.0	400.0	95699	47.86142	32.973583	155.40962	-200.93771	-48.157635	2.9852285	615.596601486206
88	181.54424	25.682133	205.57843	145.94481	172.9419	22.712368	213.44348	135.1964	400.0	400.0	96799	47.678295	32.607513	260.53476	-202.10466	-47.97759	3.5718317	622.7527768611908
89	150.28311	4.9076004	155.1907	145.3755	178.69725	25.26296	226.3928	146.18816	400.0	400.0	97899	47.58646	32.328804	116.437416	-210.37341	-47.883415	2.5104449	629.9798662662506
90	157.29301	29.682026	192.44733	119.849686	129.77493	17.622246	174.68552	97.14076	400.0	400.0	98999	47.213074	32.08374	127.64336	-210.58868	-47.499863	2.6597297	638.2156553268433
91	160.09528	17.416945	183.69061	142.17633	193.58232	34.733116	238.84065	145.32881	400.0	400.0	100099	46.943214	31.845585	119.59128	-215.3856	-47.217182	2.8837829	644.971685886383
92	181.89337	41.701324	239.72728	142.97995	204.1966	36.069923	281.02744	143.99988	400.0	400.0	101199	46.773327	31.26416	133.0133	-214.98776	-47.032345	2.796038	652.5719563961029
93	185.63068	0.19611359	185.82678	185.43456	203.18216	46.933163	300.26743	128.93932	400.0	400.0	102299	46.65512	30.771631	140.22775	-212.24925	-46.904026	2.4349282	659.4539079666138
94	145.35521	26.442263	166.81395	108.103546	169.81836	22.766031	217.822	128.2213	400.0	400.0	103399	46.3967	30.55093	337.2383	-219.84767	-46.66562	3.671948	666.1321649551392
95	122.23051	12.843839	134.79367	104.58797	169.79219	27.264427	250.46474	132.73988	400.0	400.0	104499	46.082767	30.356764	136.72516	-216.43489	-46.351845	2.3139071	672.8128793239594
96	160.79578	27.933426	196.97975	128.97592	138.34328	32.373585	218.22139	87.696266	400.0	400.0	105599	45.977123	30.170385	115.74226	-221.59657	-46.248177	2.3621736	681.0736768245697
97	142.54718	17.45974	160.00693	125.08745	166.52023	33.37604	213.44325	86.42693	400.0	400.0	106699	46.01507	29.832401	113.09843	-219.70746	-46.283268	1.9738337	688.552975654602
98	188.39073	36.646236	238.85942	152.95328	204.67203	31.750212	249.65878	137.14427	400.0	400.0	107799	45.853455	29.549316	118.48192	-218.33916	-46.13058	2.0468729	696.7640688419342
99	201.76404	20.345322	230.30527	184.33955	206.21219	26.645338	247.89935	137.40201	400.0	400.0	108899	45.85249	29.405005	174.20334	-217.93433	-46.133347	2.6318102	703.9837749004364
100	173.15002	41.11285	230.67676	137.07867	204.54861	30.091917	266.09866	154.01617	400.0	400.0	109999	45.973427	28.992067	117.46279	-220.27344	-46.26772	2.1964695	712.510828256607
101	226.84677	5.0622406	231.90901	221.78453	212.74588	25.000034	265.96466	178.21298	400.0	400.0	111099	46.10779	29.082275	163.0867	-217.71983	-46.405365	2.1650343	720.6422965526581
102	198.6656	37.916565	251.84724	166.13474	215.36421	35.085423	305.84375	130.1796	400.0	400.0	112199	46.13998	28.813593	114.95244	-217.35669	-46.438225	2.043302	728.7626740932465
103	183.70569	26.469252	220.65866	160.05325	205.10876	36.02749	283.59073	126.00245	400.0	400.0	113299	46.230377	28.813723	116.62814	-213.22696	-46.53211	2.2286103	735.8119280338287
104	185.86089	33.766544	210.0007	138.10875	201.95988	30.034548	252.92421	134.14688	400.0	400.0	114399	46.102028	28.920828	124.45238	-222.80933	-46.40323	1.8761847	742.0679934024811
105	170.34998	3.2126694	173.56264	167.1373	187.78198	34.395344	257.0501	142.69623	400.0	400.0	115499	46.489933	28.681099	134.49629	-214.09183	-46.779423	1.9652138	750.4886775016785
106	166.41768	6.6240144	174.69437	158.4795	206.9644	21.26768	242.05487	171.97417	400.0	400.0	116599	46.587383	28.58091	112.89616	-215.38698	-46.89568	2.059679	757.360532283783
107	202.00648	7.182945	207.7024	191.87434	199.90079	29.53875	269.66068	160.28133	400.0	400.0	117699	46.7595	28.436409	137.18805	-220.66325	-47.05924	2.1996307	764.0943377017975
108	187.86247	15.014349	203.4018	167.56113	203.24329	31.394968	255.98401	131.21529	400.0	400.0	118799	46.74113	28.359074	98.756615	-220.06999	-47.034702	1.8091427	771.1797487735748
109	228.55994	21.74797	250.3079	206.81197	209.97481	25.929913	244.61772	139.0867	400.0	400.0	119899	46.88853	28.470484	119.524055	-218.72401	-47.167538	2.1149426	778.1973161697388
110	200.65924	15.392977	221.50844	184.81258	198.49564	17.76531	234.13701	160.43251	400.0	400.0	120999	46.99768	28.40126	100.59766	-225.66277	-47.295	1.6579177	785.1208322048187
111	159.77553	25.370092	185.69522	125.33105	190.56593	21.23306	223.44154	155.11754	400.0	400.0	122099	46.986744	28.090508	112.4536	-220.08315	-47.28824	1.6198822	791.9650757312775
112	194.76038	8.122093	202.57382	183.56221	186.53445	23.000256	220.39122	136.48938	400.0	400.0	123199	47.155704	28.162598	138.5285	-225.1581	-47.45838	2.2335477	799.0935299396515
113	174.49757	29.490479	203.98805	145.0071	185.83304	24.604856	235.99655	140.09831	400.0	400.0	124299	47.452576	28.03731	116.29196	-224.5262	-47.72605	1.6969869	806.2409780025482
114	177.01924	26.340137	214.2088	156.57858	173.97356	17.506231	209.07639	135.67209	400.0	400.0	125399	47.45528	28.116266	133.6507	-227.29192	-47.736008	1.6436262	814.1601841449738
115	168.7332	18.523535	194.84908	153.89964	181.88232	17.079208	209.21364	151.35149	400.0	400.0	126499	47.388126	27.684652	114.00479	-226.23672	-47.659153	1.5646873	821.0450940132141
116	184.52588	30.022917	211.71112	142.68817	197.10678	24.16674	260.69476	148.34373	400.0	400.0	127599	47.391106	27.748194	116.61131	-232.46977	-47.67445	2.098754	828.3665175437927
117	182.8865	26.26139	209.14789	156.6251	179.3956	19.083158	213.71675	144.98512	400.0	400.0	128699	47.538258	27.444056	93.87916	-227.19963	-47.81906	1.5118356	836.7276797294617
118	189.84607	10.180853	201.84276	176.95322	184.82674	15.589474	212.14246	158.5516	400.0	400.0	129799	47.643826	27.342667	101.98402	-228.39008	-47.925087	1.5847425	843.7436683177948
119	173.66106	20.950468	202.302	152.7713	204.08878	20.542768	238.12543	158.3027	400.0	400.0	130899	47.770782	27.194065	109.09164	-231.00885	-48.062927	1.6914104	850.8667216300964
120	173.98369	7.994038	185.17097	166.97922	179.4489	22.89076	216.37067	131.67296	400.0	400.0	131999	47.957745	26.92905	126.849464	-225.57454	-48.22445	1.5766017	858.0156548023224
121	187.25758	13.560287	200.81787	173.6973	188.62459	14.098382	208.79854	160.56856	400.0	400.0	133099	47.994587	26.89586	99.93704	-230.91946	-48.261314	1.6462584	865.1404023170471
122	189.72606	10.468529	203.36305	177.91663	192.44206	23.518984	225.32387	141.07913	400.0	400.0	134199	47.834682	26.878832	102.00772	-231.65758	-48.08094	1.4260654	872.2539114952087
123	172.76118	23.111115	196.83188	141.57808	191.99228	26.266731	239.9585	133.04456	400.0	400.0	135299	47.823845	26.530361	125.328964	-223.8079	-48.0671	2.031934	879.3854615688324
124	157.60425	25.874723	187.90642	124.68843	176.8214	12.921129	200.6531	155.73222	400.0	400.0	136399	47.629364	26.501202	130.84076	-229.09637	-47.852222	1.6407202	886.2911884784698
125	192.84497	0.16968536	193.01465	192.67528	168.97366	19.417976	196.0007	131.22034	400.0	400.0	137499	47.525646	26.376625	102.83718	-230.38231	-47.74448	1.5041813	893.5365371704102
126	166.2957	4.661606	171.44414	160.15552	160.00668	22.627762	205.45084	119.466705	400.0	400.0	138599	46.96814	26.578232	104.18193	-236.5974	-47.180744	1.5996928	900.431476354599
127	153.24133	17.338146	177.72359	139.82487	142.98134	17.534605	180.06215	115.10911	400.0	400.0	139699	47.019077	25.983557	109.100235	-238.31976	-47.22456	1.3558172	907.5529396533966
128	125.478966	5.3836837	131.19044	118.263145	139.66908	14.607129	174.73103	118.04828	400.0	400.0	140799	46.677128	25.98628	126.006935	-234.89853	-46.885586	1.7129939	914.2688634395599
129	125.37696	6.294319	131.67128	119.08264	134.59567	15.649957	174.41475	113.0112	400.0	400.0	141899	46.343033	25.852757	91.74524	-237.26987	-46.53659	1.4245754	921.5370020866394
130	119.481606	12.852255	129.50307	101.33891	141.22389	8.869498	155.50143	126.61697	400.0	400.0	142999	46.03128	25.635756	90.518234	-239.63795	-46.214867	1.3693943	928.6804885864258
131	136.11903	29.111853	163.5129	95.805725	136.42029	12.760575	169.33644	113.36421	400.0	400.0	144099	45.604294	25.626347	158.91959	-244.58823	-45.773712	1.749721	937.0217730998993
132	153.0906	31.63988	197.38432	125.45077	148.83267	16.574558	183.77637	119.220535	400.0	400.0	145199	45.11133	25.425655	101.25815	-247.93494	-45.285336	1.3927449	943.9487195014954
133	154.3726	5.7029724	160.07558	148.66963	198.3	28.306677	239.27853	142.48152	400.0	400.0	146299	44.86867	25.23633	131.08601	-248.23225	-45.04667	1.4987258	950.8577148914337
134	160.27397	15.656108	175.29811	138.67726	197.33882	28.926533	243.93658	137.34843	400.0	400.0	147399	44.411076	25.322012	140.71762	-245.29805	-44.599796	1.4615778	957.7466480731964
135	177.03821	34.32954	219.75766	135.70193	213.98686	30.086441	272.173	149.90608	400.0	400.0	148499	44.362476	25.152864	175.34299	-246.98096	-44.556107	1.5774901	965.1597664356232
136	182.82878	25.181694	218.39745	163.51834	203.49217	27.448881	242.75027	139.13705	400.0	400.0	149599	44.174477	25.200298	122.20528	-244.89613	-44.374306	1.4641285	972.0263180732727
137	190.24596	1.6858215	191.93178	188.56013	198.76617	33.694736	268.11136	134.95769	400.0	400.0	150699	44.137615	25.03558	96.564255	-256.6742	-44.334282	1.3259767	978.8870711326599
138	183.0848	32.247887	223.31331	144.36572	197.40923	26.179405	240.87201	151.8583	400.0	400.0	151799	44.04753	25.05911	98.089455	-257.1411	-44.24586	1.5360932	987.2430057525635
139	199.23338	11.963468	213.9472	184.6436	218.95993	23.833813	263.5396	174.10162	400.0	400.0	152899	43.978756	24.771116	141.7024	-256.50705	-44.178528	1.9033185	993.9389214515686
140	195.12555	24.327507	219.581	161.94096	207.28738	32.701023	255.63463	154.83351	400.0	400.0	153999	43.890385	24.880358	125.730995	-248.84795	-44.090733	1.3466771	1002.4746251106262
141	167.41446	3.4484406	170.8629	163.96602	212.29135	27.317806	261.00278	158.62985	400.0	400.0	155099	43.811913	24.760698	112.93571	-250.70326	-44.003983	1.3651661	1009.3403913974762
142	185.93684	5.871603	190.50069	177.64726	192.23038	26.264996	246.96292	154.45476	400.0	400.0	156199	43.69664	24.636639	117.030754	-248.7608	-43.893085	1.4706975	1017.6236777305603
143	214.1269	21.130524	236.77869	185.92142	202.91566	22.826847	236.91953	165.46582	400.0	400.0	157299	43.617664	24.503506	94.64671	-255.15627	-43.813515	1.4620132	1024.750015258789
144	194.60481	26.499647	216.16557	157.2783	206.60205	32.582825	270.05853	149.74883	400.0	400.0	158399	43.6784	24.293224	88.57998	-255.0829	-43.880222	1.4641677	1031.7163481712341
145	212.92606	4.7787247	217.70479	208.14734	191.32861	25.210402	238.95605	139.8204	400.0	400.0	159499	43.65595	24.356607	150.9981	-255.50273	-43.860016	1.8141265	1039.915122270584
146	187.73674	29.851545	210.98643	145.59532	213.22049	27.598303	249.55797	164.2401	400.0	400.0	160599	43.734444	24.10369	191.66048	-252.56992	-43.939133	1.7817035	1046.9347410202026
147	215.6281	18.521702	235.22328	190.7772	196.40726	19.99677	235.65994	158.1329	400.0	400.0	161699	43.670258	23.976313	117.83661	-248.47687	-43.87144	1.497059	1054.1360566616058
148	214.01843	13.008987	229.2708	197.483	213.11386	30.985525	258.65552	135.93556	400.0	400.0	162799	43.69363	23.99928	127.86225	-253.89	-43.90259	1.684883	1061.090751171112
149	183.84293	14.292801	198.13573	169.55013	200.6267	25.94539	238.07463	157.36798	400.0	400.0	163899	43.731697	23.745989	113.47991	-253.092	-43.93268	1.280936	1067.7984130382538
150	226.66267	9.730637	240.2554	218.00717	226.12334	29.505878	273.36273	179.82188	400.0	400.0	164999	43.781715	23.939816	119.7086	-254.95848	-44.000004	1.4677778	1074.925524711609
151	228.08784	34.645447	272.63712	188.15018	194.33884	27.372326	247.45247	143.84601	400.0	400.0	166099	44.010014	23.514442	140.51828	-246.71013	-44.22118	1.5259408	1082.0505702495575
152	198.59937	16.469133	221.75868	184.879	214.26685	29.987364	262.24753	150.58948	400.0	400.0	167199	44.019703	23.681307	114.912186	-248.7117	-44.22594	1.4256389	1089.3285257816315
153	184.4357	31.6083	216.044	152.82741	206.91391	27.934906	252.71654	156.75659	400.0	400.0	168299	44.129826	23.541332	108.62705	-247.16533	-44.341103	1.5277879	1095.7737369537354
154	217.46667	15.134842	234.60724	197.79477	223.70337	27.337421	263.08038	168.69244	400.0	400.0	169399	44.381405	23.221355	99.43656	-247.99103	-44.58478	1.5423326	1102.6877229213715
155	197.02193	3.6719804	201.6055	192.6163	217.86768	18.425623	249.60835	183.36275	400.0	400.0	170499	44.45065	23.035324	108.73032	-250.01369	-44.64944	1.4769115	1109.659029006958
156	218.04242	8.563051	229.49861	208.91498	220.43008	32.547104	268.82388	146.94081	400.0	400.0	171599	44.26673	23.212486	111.39794	-249.28685	-44.468803	1.6754467	1117.2375724315643
157	176.4061	0.1906128	176.59671	176.21548	200.36691	28.073448	247.58565	149.11186	400.0	400.0	172699	44.36079	23.350256	100.04874	-245.6829	-44.553223	1.4920703	1124.3171627521515
158	201.33318	5.9194164	209.39214	195.3418	241.60458	30.55536	299.56586	179.13768	400.0	400.0	173799	44.368565	23.09746	93.70098	-239.67488	-44.571228	1.3915709	1131.699123620987
159	193.12512	38.726086	241.6518	146.8746	205.28232	28.641758	257.36053	156.71043	400.0	400.0	174899	44.68876	22.831745	103.30565	-241.35849	-44.87963	1.4754556	1138.9213962554932
160	215.29639	22.547628	243.83913	188.71335	229.89592	15.600232	253.52974	201.64435	400.0	400.0	175999	44.44665	23.088896	111.5305	-241.80894	-44.63714	1.2933084	1145.8636071681976
161	208.8274	45.6211	254.4485	163.2063	228.29192	25.876657	273.12952	177.55527	400.0	400.0	177099	44.48467	22.947626	112.56324	-221.34076	-44.66201	1.5067186	1152.25581240654
162	226.21239	17.700615	242.26155	201.55092	213.32547	35.379665	293.45444	144.0802	400.0	400.0	178199	44.53009	22.833355	129.22015	-241.40723	-44.709568	1.6021947	1159.4376285076141
163	210.57135	17.173004	234.27548	194.14174	194.0124	23.184334	233.004	143.70757	400.0	400.0	179299	44.467922	22.843603	97.983826	-239.99974	-44.645916	1.3180623	1168.4619789123535
164	241.61119	8.332778	248.42026	229.87718	201.17023	27.39208	240.77725	150.8282	400.0	400.0	180399	44.429413	22.69069	129.77086	-245.23717	-44.606358	1.4164329	1177.3017070293427
165	221.45908	2.9684982	224.42757	218.49057	186.91019	29.889997	253.14905	148.4726	400.0	400.0	181499	44.521877	22.613155	161.25035	-223.58241	-44.704517	1.6081607	1184.384643793106
166	198.60938	38.394356	251.79286	162.53989	187.36461	34.20307	257.53354	114.25234	400.0	400.0	182599	44.35977	22.844305	99.10533	-227.14543	-44.543034	1.4580429	1191.5605823993683
167	188.00494	14.019748	203.35797	169.46365	211.31299	34.627506	282.53656	158.14436	400.0	400.0	183699	44.5904	22.532713	93.24551	-229.70187	-44.774902	1.3083596	1198.3251039981842
168	213.62292	16.411041	229.49904	191.02386	177.35306	23.337934	213.75244	127.02537	400.0	400.0	184799	44.476845	22.603867	121.432335	-222.27953	-44.656994	1.424648	1205.4143607616425
169	200.80457	39.53669	240.34125	161.26787	207.43433	31.495064	247.02754	139.95308	400.0	400.0	185899	44.65604	22.42973	159.14467	-230.16342	-44.842587	1.6674383	1212.415524482727
170	200.52354	44.00839	260.508	156.16098	217.44528	34.940563	266.8675	167.86438	400.0	400.0	186999	44.839165	22.315968	83.80824	-221.13216	-45.01371	1.372651	1219.6349670886993
171	192.95378	29.754196	224.41145	153.02206	201.63692	26.788633	249.85535	160.75691	400.0	400.0	188099	44.694855	22.371944	123.744514	-216.25383	-44.885242	1.7386024	1226.8446829319
172	173.3578	18.655666	188.92613	147.1272	227.34709	28.64845	274.77063	172.53824	400.0	400.0	189199	44.72749	22.292107	84.4852	-214.29314	-44.90799	1.4294884	1233.7924165725708
173	229.72409	28.88211	258.6062	200.84198	213.49307	33.20829	266.63852	145.26237	400.0	400.0	190299	44.734814	22.331009	121.83453	-213.74855	-44.921093	1.5025996	1242.384910583496
174	188.01097	30.238718	212.16829	145.37273	221.29106	29.969692	271.13574	163.19421	400.0	400.0	191399	44.844883	22.346186	110.390976	-214.28769	-45.033478	1.4789976	1251.062609910965
175	177.09784	21.308008	206.17267	155.70204	189.99522	27.811726	256.64786	146.43253	400.0	400.0	192499	44.957054	22.218765	90.86802	-208.9618	-45.136253	1.2792965	1259.2519659996033
176	216.09686	10.176879	226.5168	202.28911	212.78845	24.48855	245.74426	156.95706	400.0	400.0	193599	44.99737	22.142096	91.84322	-206.5149	-45.19655	1.4955217	1267.664532661438
177	176.90637	9.5464325	186.4528	167.35994	226.75363	36.208927	292.98654	171.94388	400.0	400.0	194699	45.093605	22.337812	360.96448	-198.93579	-45.297825	2.5104156	1274.7732639312744
178	194.28804	17.757622	213.59392	170.72604	205.58174	24.22608	262.5384	159.51514	400.0	400.0	195799	45.262463	22.039345	96.32444	-197.73674	-45.455685	1.3927659	1283.3359582424164
179	222.16187	25.386662	256.8407	196.77522	216.19002	22.21371	247.32753	162.85442	400.0	400.0	196899	45.33028	22.136621	144.84706	-200.8897	-45.51612	1.600108	1290.437260389328
180	199.195	18.356562	224.68068	182.17366	206.6818	31.469383	272.0591	155.6211	400.0	400.0	197999	45.36167	21.83378	134.25996	-192.51419	-45.53215	1.4765409	1298.374531030655
181	230.26877	15.272919	245.54169	214.99585	180.71283	18.800097	222.56361	153.8711	400.0	400.0	199099	45.236237	22.054317	85.46645	-196.01631	-45.397453	1.4414555	1305.4037034511566
182	220.75609	12.778251	234.34006	203.64265	218.94414	33.03545	269.4268	165.77113	400.0	400.0	200199	45.163696	21.967684	96.624916	-192.88719	-45.327507	1.3805748	1313.0139272212982
183	236.52588	18.529514	262.41776	220.08388	215.87442	31.023846	257.95056	148.15567	400.0	400.0	201299	45.2653	21.780333	116.13438	-191.56522	-45.436356	1.5601783	1320.359599351883
184	206.32387	12.062632	220.58182	191.08356	215.75859	30.33327	261.51544	155.58618	400.0	400.0	202399	45.008022	22.033342	97.27726	-189.35007	-45.179287	1.5095893	1327.9098148345947
185	196.28282	17.685516	213.96834	178.5973	197.99844	36.758354	257.38974	142.42842	400.0	400.0	203499	45.307423	21.704906	98.98925	-192.50783	-45.491234	1.4850245	1336.3034024238586
186	198.10445	20.517204	217.68277	169.76938	213.0972	34.208626	267.01678	133.98366	400.0	400.0	204599	45.331337	21.665478	121.98616	-191.57199	-45.52083	1.4045964	1343.6216778755188
187	204.59276	21.928532	226.31703	174.5647	226.33797	27.808084	277.26022	160.85681	400.0	400.0	205699	45.44327	21.82981	112.88318	-186.5147	-45.63277	1.4010886	1350.6549332141876
188	206.63933	7.4857554	217.1497	200.28705	210.74411	28.67059	256.81906	154.3844	400.0	400.0	206799	45.639435	21.76006	153.81602	-186.46324	-45.833447	1.7321094	1357.6941366195679
189	210.44153	6.382576	216.8241	204.05894	212.5065	22.635386	249.02832	168.6014	400.0	400.0	207899	45.838394	21.628727	95.420135	-183.12692	-46.03434	1.3509036	1364.7575874328613
190	216.72833	36.267845	244.63496	165.5064	199.93057	28.993093	261.04178	135.82933	400.0	400.0	208999	45.876156	21.85621	97.828094	-182.8345	-46.057896	1.300311	1372.534597158432
191	192.13838	11.610149	208.48563	182.63458	204.2092	28.797197	256.44022	152.31297	400.0	400.0	210099	45.89854	21.908482	113.49622	-175.54921	-46.074913	1.48774	1379.739723443985
192	211.00629	32.23572	247.07721	168.82794	214.00024	35.082016	273.72437	148.818	400.0	400.0	211199	46.063828	21.694252	101.56868	-171.51033	-46.24772	1.4833655	1386.8077528476715
193	221.73106	5.3312073	227.06227	216.39986	219.58975	28.22357	275.46948	145.21051	400.0	400.0	212299	46.15355	21.689856	86.35998	-174.94514	-46.35655	1.3510475	1393.2594728469849
194	189.77446	30.084904	228.02081	154.50928	224.96573	24.101486	273.69052	181.96219	400.0	400.0	213399	46.327534	21.767683	107.899765	-169.87244	-46.52652	1.499343	1400.236267566681
195	202.38985	31.00893	243.02075	167.78531	215.09143	22.98407	257.67316	169.29955	400.0	400.0	214499	46.36292	21.636276	128.1639	-161.75676	-46.55919	1.5274836	1408.2561581134796
196	230.15718	0.83729947	231.19423	229.14368	224.72832	17.177273	251.73965	194.31995	400.0	400.0	215599	46.607265	21.667236	104.60431	-166.8802	-46.80219	1.4281352	1415.3681960105896
197	211.83316	12.9673	224.80046	198.86586	217.21451	33.43804	286.89124	161.38794	400.0	400.0	216699	46.819168	21.318525	204.37364	-163.59439	-47.012882	1.6525224	1422.4487404823303
198	179.32121	23.487833	212.52519	161.91968	230.77017	21.802656	267.95605	179.79999	400.0	400.0	217799	46.655983	21.642826	120.52903	-161.69662	-46.8334	1.3619618	1428.8233766555786
199	214.27966	12.810084	226.81618	196.68558	219.677	19.14869	250.3124	171.51932	400.0	400.0	218899	46.682682	21.563478	89.58274	-167.22505	-46.8546	1.2961931	1435.1898789405823
200	206.57768	14.303892	219.28119	186.59259	202.21709	22.753885	244.43922	144.49234	400.0	400.0	219999	46.84042	21.40805	84.13677	-159.2426	-47.021984	1.1918436	1441.599967956543
201	232.76863	15.836319	248.60495	216.93231	209.05789	17.695288	239.78105	171.43158	400.0	400.0	221099	46.94839	21.219414	89.408134	-138.94812	-47.128315	1.4164728	1448.5862245559692
202	214.24951	12.385237	225.24658	196.94464	209.74995	26.45498	245.95285	148.03714	400.0	400.0	222199	47.08262	21.273167	89.20911	-156.07834	-47.267197	1.2802546	1455.6857888698578
203	231.78723	3.1619823	235.86374	228.1572	232.3588	20.615063	283.35745	202.00246	400.0	400.0	223299	47.09991	21.368675	127.10407	-155.66888	-47.27884	1.4242675	1464.1626300811768
204	232.39612	18.137362	252.73354	208.69087	220.76018	29.583767	269.22437	150.90869	400.0	400.0	224399	47.226097	21.245466	90.7756	-154.30708	-47.415886	1.3808975	1471.3063170909882
205	243.24738	19.124107	262.3715	224.12328	209.08183	27.904032	254.28006	164.84279	400.0	400.0	225499	47.449677	21.191132	118.913994	-148.19234	-47.642693	1.4068025	1478.4579071998596
206	214.7024	8.249508	220.67128	203.0369	225.93137	20.319134	252.43845	170.38896	400.0	400.0	226599	47.366608	21.468918	120.66723	-143.41724	-47.555305	1.4030269	1485.6049308776855
207	223.76428	8.462276	235.73175	217.76881	227.70972	24.74631	265.90695	162.45782	400.0	400.0	227699	47.651455	21.367594	90.5177	-145.29916	-47.849262	1.3770415	1492.8084950447083
208	199.41527	20.794895	219.54301	170.78268	205.90536	23.756697	246.48534	172.0313	400.0	400.0	228799	47.878315	21.388477	153.79623	-138.8813	-48.089012	1.5123228	1500.0166902542114
209	226.06363	24.724358	250.78798	201.33926	224.06125	28.360264	263.8766	164.7161	400.0	400.0	229899	47.889576	21.648207	325.40894	-141.74043	-48.08985	1.9182618	1508.431153535843
210	218.0589	35.86306	252.81732	168.69331	226.84232	23.930477	264.90216	184.35945	400.0	400.0	230999	48.00544	21.72515	114.846306	-144.3592	-48.20009	1.4264697	1516.6047909259796
211	236.01277	5.757526	244.15018	231.69785	230.07304	29.219488	289.56332	189.16173	400.0	400.0	232099	48.26824	21.580833	99.24422	-140.28587	-48.456726	1.4124556	1523.3655292987823
212	178.58801	1.3221079	180.45193	177.52838	213.34148	33.64386	274.20575	149.09943	400.0	400.0	233199	48.204956	21.6347	108.24083	-143.8813	-48.39977	1.5153716	1530.2499659061432
213	223.04688	24.198494	247.24538	198.84839	210.24304	30.19786	270.97473	154.16425	400.0	400.0	234299	48.219467	21.633018	156.84001	-139.28912	-48.416237	1.6439018	1537.3248324394226
214	233.00702	15.453598	252.55153	214.76543	230.38953	24.98665	265.8335	183.82841	400.0	400.0	235399	48.486713	21.566704	85.298515	-134.29382	-48.686783	1.4021778	1544.2278232574463
215	225.92383	6.6234765	234.29633	218.10005	217.04121	29.37251	264.59622	169.54329	400.0	400.0	236499	48.574413	21.584377	110.337685	-137.44223	-48.782394	1.5029373	1550.8958168029785
216	202.87212	24.133482	225.10706	169.33047	203.2775	33.923077	272.438	143.22289	400.0	400.0	237599	48.761715	21.568535	109.68454	-133.29301	-48.944744	1.6101636	1557.7973754405975
217	180.10144	20.842438	200.94388	159.259	223.07846	27.794476	276.74094	174.64476	400.0	400.0	238699	48.706528	21.556211	105.66594	-131.02736	-48.901237	1.3798354	1564.9673635959625
218	168.79997	20.511581	190.74225	141.39746	224.1259	30.083448	269.9049	154.14209	400.0	400.0	239799	48.698708	21.621653	112.863785	-127.13967	-48.889668	1.6300889	1573.7284820079803
219	209.53235	24.584959	232.58995	175.46713	212.59634	34.05426	261.60654	152.37123	400.0	400.0	240899	48.567223	21.790144	120.32611	-134.90115	-48.759888	1.6159437	1580.8908026218414
220	197.9222	12.550856	214.08228	183.4841	226.44038	27.203901	263.4182	170.34492	400.0	400.0	241999	48.762596	21.675043	126.3943	-134.21335	-48.960598	1.4353327	1587.3139793872833
221	193.14792	17.265266	210.4132	175.88266	222.30379	28.227427	267.18265	174.42438	400.0	400.0	243099	48.796585	21.728745	216.26924	-133.40578	-48.9976	2.3373141	1594.207153558731
222	205.11115	29.59645	239.50362	167.25594	225.23083	27.599796	266.9067	156.73558	400.0	400.0	244199	48.770058	21.7236	121.189766	-133.55583	-48.961323	1.3802631	1601.3771448135376
223	198.50842	20.091187	226.88844	183.12898	206.55627	28.44397	247.47812	140.1721	400.0	400.0	245299	48.856678	21.517654	87.31624	-127.778625	-49.03929	1.3725193	1608.0809087753296
224	213.42653	37.04096	242.67831	161.1669	241.25545	22.312943	293.88812	209.45584	400.0	400.0	246399	48.813614	21.54762	97.203835	-132.28043	-48.99429	1.4190141	1616.4464375972748
225	209.77995	28.612473	238.39243	181.16748	218.7067	28.375063	272.42377	155.91345	400.0	400.0	247499	48.828194	21.423454	93.55784	-131.84999	-49.008965	1.3224956	1624.987506866455
226	197.56746	41.420708	256.1165	166.70525	218.38432	25.35449	266.66943	169.51865	400.0	400.0	248599	48.879547	21.416948	86.458725	-127.22272	-49.062004	1.346765	1633.384595632553
227	218.402	11.061221	228.37894	202.97939	223.67522	26.875996	272.4053	164.76222	400.0	400.0	249699	48.98298	21.280073	86.95839	-130.55627	-49.1701	1.2854388	1641.546335220337
228	221.7358	12.335979	234.19925	204.93234	220.29831	29.831812	284.63812	162.85622	400.0	400.0	250799	49.026608	21.145111	96.93211	-132.20723	-49.20835	1.3837384	1648.5664751529694
229	225.11763	2.1745605	227.29219	222.94307	209.53792	25.81683	244.41557	157.64107	400.0	400.0	251899	48.953613	21.15851	97.60832	-127.09539	-49.13885	1.3439617	1655.7554905414581
230	191.0475	21.497793	221.41388	174.58168	210.93098	37.984753	266.5301	140.93515	400.0	400.0	252999	49.02195	20.92803	148.60942	-125.28869	-49.194473	1.384594	1663.0522029399872
231	204.75409	31.156715	246.0161	170.73666	213.47202	28.805248	266.95242	140.23666	400.0	400.0	254099	49.06504	20.754671	93.76894	-129.75348	-49.237007	1.4558898	1670.7385182380676
232	240.769	15.66685	260.2968	221.94012	212.32243	32.06384	261.24457	157.50883	400.0	400.0	255199	48.96099	20.684553	115.47357	-128.68077	-49.13497	1.3825449	1678.896103143692
233	198.98172	2.6380234	201.61975	196.3437	215.38754	28.994028	245.66283	148.13098	400.0	400.0	256299	48.962257	20.579931	116.67223	-126.60027	-49.13405	1.5381949	1687.0256657600403
234	221.0778	6.0919642	227.52533	212.90529	219.21709	21.98523	256.2883	178.75877	400.0	400.0	257399	48.99919	20.438944	84.57699	-131.10895	-49.167362	1.1725729	1695.2270233631134
235	211.76318	23.508667	244.1386	189.0287	218.19722	33.533955	288.6638	146.40608	400.0	400.0	258499	48.90121	20.500187	89.53076	-125.75348	-49.0641	1.0761868	1702.327492237091
236	199.60478	20.55583	228.6585	184.22667	216.79568	18.507225	244.74533	182.04382	400.0	400.0	259599	48.994144	20.302317	127.47445	-122.99084	-49.15437	1.2438669	1710.6846373081207
237	206.85994	9.5902405	216.45018	197.2697	213.52812	25.574373	269.9997	164.74742	400.0	400.0	260699	48.93007	20.350937	128.18704	-122.04594	-49.09343	1.2947084	1718.033136844635
238	221.375	6.713385	230.59409	214.80058	219.52266	23.713575	260.6113	166.92604	400.0	400.0	261799	48.956203	20.338629	95.889915	-122.05807	-49.12637	1.3378469	1725.7310237884521
239	209.81409	12.121634	222.20438	193.35924	222.43965	23.210293	265.8827	183.7839	400.0	400.0	262899	48.926956	20.228214	102.13791	-121.329506	-49.096104	1.3601257	1733.9072585105896
240	221.93535	27.639826	259.1927	193.06667	220.53264	31.271997	274.48044	170.77403	400.0	400.0	263999	49.059303	20.193747	83.55323	-120.30421	-49.236244	1.1894948	1741.1218931674957
241	201.3158	9.908966	211.22476	191.40683	222.9595	23.456863	261.301	170.18199	400.0	400.0	265099	49.056595	20.121214	103.59673	-116.94045	-49.212357	1.160732	1748.394423007965
242	220.72151	39.53526	253.22424	165.07175	229.89108	18.996782	273.72717	188.1592	400.0	400.0	266199	49.05794	20.111233	92.979774	-117.71074	-49.218075	1.2462407	1756.4363417625427
243	225.1982	15.814119	247.40237	211.78088	232.32047	21.199074	270.38724	192.8236	400.0	400.0	267299	48.992844	20.090681	115.57982	-119.58511	-49.148926	1.4497305	1764.9012334346771
244	203.22261	6.4493723	211.45561	195.70686	211.7573	32.674118	266.84552	164.68536	400.0	400.0	268399	49.01881	20.018322	203.57428	-126.41472	-49.174408	1.389489	1771.9039137363434
245	190.13199	3.9607162	194.0927	186.17126	227.9073	29.103165	264.26526	174.53046	400.0	400.0	269499	49.069965	19.845829	107.9591	-118.817726	-49.226883	1.2449987	1780.377053976059
246	222.20726	12.069297	238.06396	208.80849	227.33517	23.231993	268.19073	187.87793	400.0	400.0	270599	48.907726	19.990868	152.6234	-119.48853	-49.070656	1.6381309	1787.3550536632538
247	225.8081	29.407915	248.9515	184.31108	205.74373	26.998589	262.6288	155.04982	400.0	400.0	271699	48.96946	19.923283	109.673225	-117.528244	-49.12535	1.2855077	1794.4577157497406
248	201.67574	22.647009	232.62216	179.0562	215.95769	22.658327	265.33273	173.05185	400.0	400.0	272799	49.059414	19.756413	79.62387	-108.872955	-49.21592	1.137984	1801.6709079742432
249	217.65736	18.06459	235.72195	199.59277	228.2012	22.707037	279.16623	187.36462	400.0	400.0	273899	49.089794	19.794256	107.17526	-111.907265	-49.253075	1.2347976	1808.4805688858032
250	206.18468	24.466808	237.26329	177.47241	211.19035	30.185879	265.3068	158.08778	400.0	400.0	274999	49.041676	19.889442	99.286674	-111.13587	-49.196728	1.1079961	1815.30202293396
