Epoch	AverageEpRet	StdEpRet	MaxEpRet	MinEpRet	AverageTestEpRet	StdTestEpRet	MaxTestEpRet	MinTestEpRet	EpLen	TestEpLen	TotalEnvInteracts	AverageQVals	StdQVals	MaxQVals	MinQVals	LossPi	LossQ	Time
1	44.815796	9.372062	55.384506	32.604675	-2.4404154	8.546512	12.356329	-19.783262	305.66666	91.2	1099	-0.11658309	0.5725042	29.396517	-6.5077195	0.096940935	0.13990523	1.0114245414733887
2	43.787155	6.9885683	51.276844	34.45764	47.957405	29.072447	123.35184	11.786031	320.0	160.1	2199	0.59682626	0.7557816	7.124254	-5.3431993	-0.72868884	0.008716626	5.585484743118286
3	85.79319	16.661959	105.83131	65.036964	102.972435	64.27457	212.95201	20.259068	400.0	263.05	3299	2.587878	1.3622295	9.544271	-5.355036	-2.7647698	0.011543668	10.726346969604492
4	50.60474	14.560396	72.591	32.276226	72.944916	32.75528	174.58879	19.457102	297.0	222.55	4399	4.3916583	1.6649503	15.249825	-3.2997205	-4.5801463	0.029842488	16.046319007873535
5	43.005016	24.505547	70.31582	12.276969	104.18005	55.53769	198.76418	40.041893	285.5	277.35	5499	6.108499	1.9405226	22.000425	-13.622877	-6.3005314	0.054637685	21.2054340839386
6	35.807014	8.272951	46.75806	23.444902	132.8453	48.311172	213.48256	44.592194	234.2	335.2	6599	7.3863783	2.41314	28.280294	-20.981958	-7.5809536	0.07603521	26.698038816452026
7	58.975147	15.651222	77.908676	39.57952	92.910904	52.168495	207.94579	22.188372	287.66666	254.65	7699	8.735517	3.190912	21.7103	-2.3950906	-8.932038	0.07457728	31.55606698989868
8	32.86752	19.554033	62.863457	8.805236	133.43108	62.846962	228.84555	32.551598	264.4	308.5	8799	10.047506	3.753212	25.513027	-11.263908	-10.246845	0.0976461	36.86500406265259
9	46.824947	4.5106797	50.204243	40.449722	81.626724	53.25469	203.08101	20.29148	286.66666	226.15	9899	11.099616	4.482339	28.67202	-13.725212	-11.300117	0.14414838	41.682119369506836
10	51.435234	25.490068	77.46939	15.102186	62.95144	27.701906	138.5824	24.578997	306.0	201.35	10999	12.225324	5.105938	31.498821	-13.832237	-12.427403	0.14600247	46.252150535583496
11	49.75154	14.907265	67.40855	26.11553	53.401512	24.493103	115.38804	24.56534	284.0	182.95	12099	13.208259	5.661947	31.16347	-4.7500334	-13.412637	0.15721846	51.64335799217224
12	52.6494	26.003086	94.75919	26.166153	71.40739	38.434525	175.23927	25.27726	291.75	208.9	13199	14.212533	6.100875	34.293198	-13.608304	-14.4217415	0.19814764	57.21875596046448
13	48.84409	11.487607	61.3051	34.869205	71.5172	41.08633	205.85345	19.110315	285.75	205.1	14299	15.208286	6.6215053	37.058834	-13.177104	-15.417301	0.22077458	61.7524471282959
14	50.010574	13.149908	71.579865	35.958054	61.039124	39.300915	199.1936	17.221296	242.25	201.85	15399	16.034313	7.0847254	35.400356	-16.078884	-16.247204	0.22945428	66.33929467201233
15	45.33187	13.279464	53.378178	13.288168	66.72858	40.582832	172.10696	13.055131	175.14285	210.0	16499	16.644653	7.633294	38.783737	-24.5175	-16.846437	0.30662575	71.33826732635498
16	83.10618	17.159838	106.84674	58.68996	82.97056	49.431137	179.05424	23.258284	257.0	249.05	17599	17.253248	8.186501	36.128452	-22.057789	-17.434061	0.3483358	76.66824245452881
17	35.75494	15.35321	56.619938	16.135536	58.24951	26.845873	133.30417	14.773272	149.83333	195.1	18699	17.877096	8.620483	43.483257	-20.159	-18.04879	0.38314986	81.60101366043091
18	51.088463	32.72776	122.69698	18.165764	100.80921	56.73986	193.66695	20.549517	185.28572	261.0	19799	18.340296	9.138236	41.575	-20.034767	-18.499113	0.40784755	87.05865049362183
19	54.681934	33.862206	107.03585	17.873142	59.618458	42.369034	159.5076	14.671687	219.2	197.25	20899	18.56672	9.632662	50.024704	-19.731474	-18.717361	0.45052415	91.9738118648529
20	57.808174	36.323742	106.04668	16.134983	64.663284	54.421185	176.77852	9.789163	200.2	204.25	21999	19.03506	9.958474	76.48506	-18.860292	-19.182655	0.48125887	96.89848852157593
21	148.35298	25.078135	183.81863	130.52084	118.16069	56.17676	192.26807	8.614829	380.66666	305.05	23099	19.471643	10.397285	46.978336	-18.872171	-19.61959	0.47766486	102.17230153083801
22	156.47787	42.096336	189.91492	97.10229	76.94473	44.77787	197.73209	20.538177	371.33334	228.95	24199	20.146137	10.734571	49.124184	-18.877378	-20.297419	0.4924302	107.10312509536743
23	115.86641	67.14501	192.70345	36.355694	101.79884	46.956913	194.52083	34.62623	295.25	268.5	25299	20.885176	11.0378895	44.7141	-18.392046	-21.042	0.49548495	112.38572072982788
24	120.253685	38.41502	163.18915	69.95923	88.58617	50.675743	197.50948	14.237946	318.0	256.35	26399	21.65667	11.3356	45.8567	-17.471884	-21.821257	0.4976538	117.41495394706726
25	106.834915	38.772163	148.53847	67.48603	96.99012	34.281555	198.6725	56.35758	319.75	273.65	27499	22.347816	11.581338	64.16258	-17.100183	-22.520475	0.53942555	122.78296971321106
26	75.13158	23.037384	111.327156	49.23101	99.88933	41.438023	193.18407	46.438843	229.25	267.15	28599	22.957241	11.769227	57.0618	-16.840982	-23.13434	0.59765446	128.2917137145996
27	76.94388	22.094662	103.066536	52.948784	117.88412	59.085857	213.22299	6.037543	244.25	292.2	29699	23.490246	11.919558	55.578533	-17.147396	-23.677498	0.6333657	134.93634915351868
28	93.6324	46.530922	156.29927	21.76952	90.96389	43.41384	197.7465	27.434786	273.4	268.1	30799	24.087053	12.059491	50.591824	-18.155252	-24.27877	0.6027771	140.27237486839294
29	43.92815	12.318581	60.496887	23.8146	93.52565	49.794773	193.11795	25.154503	180.4	275.15	31899	24.695831	12.091483	103.14162	-37.22489	-24.889294	0.7516382	145.43561506271362
30	174.55377	26.347605	200.47142	138.41087	128.23726	43.804993	198.91385	64.717125	400.0	330.35	32999	25.360693	12.14643	73.24288	-20.076208	-25.551321	0.70372623	151.12366724014282
31	142.54689	57.0717	202.03705	84.81239	124.42747	37.912857	187.46468	58.90798	304.5	323.85	34099	26.105082	12.194293	69.82613	-18.337158	-26.30222	0.72477037	156.7983283996582
32	178.87286	14.208458	193.08133	164.66441	132.05878	37.087193	205.22844	89.98682	400.0	324.2	35199	26.874022	12.207543	68.28012	-18.75262	-27.081244	0.7311136	162.28750801086426
33	129.11707	63.74611	196.13222	33.457516	167.87076	47.66598	214.26186	36.071823	315.0	370.85	36299	27.580975	12.296074	66.237946	-17.91385	-27.793528	0.7289768	168.48115921020508
34	163.93729	18.158064	181.38483	138.89603	144.79048	62.14002	206.78894	12.608779	374.66666	341.0	37399	28.215141	12.403439	58.36309	-17.143772	-28.43519	0.78276557	175.21141743659973
35	147.89662	55.856693	211.13968	75.28495	149.42738	51.994186	210.01796	22.635098	372.66666	353.7	38499	28.903578	12.439474	85.212494	-41.079693	-29.12662	0.84470916	182.00788640975952
36	169.31439	8.235062	180.49149	160.89233	128.7961	57.68668	197.11304	37.02245	400.0	331.1	39599	29.644388	12.506409	59.55547	-16.309603	-29.87053	0.70638126	187.60295510292053
37	169.06618	12.836868	181.90305	156.22931	144.48422	56.39288	209.92784	23.94686	400.0	350.9	40699	30.380186	12.59906	81.04698	-16.332434	-30.608803	0.76114094	193.12541842460632
38	133.46913	69.824295	194.75423	15.636865	166.2747	24.036777	195.83981	91.472595	347.0	387.9	41799	30.960484	12.631359	79.90244	-15.76718	-31.185184	0.7242474	199.38887214660645
39	147.18243	73.34375	199.99644	43.464584	163.74313	40.45613	200.98476	40.556416	316.66666	377.55	42899	31.566797	12.64467	82.177605	-35.021187	-31.790512	0.86700505	205.1135630607605
40	134.23322	48.467243	173.21289	65.91666	168.53017	34.17016	215.45107	89.37364	330.0	386.9	43999	32.149857	12.751299	71.14293	-21.080624	-32.364025	0.8046799	212.19614481925964
41	135.8057	44.971096	170.47345	72.29597	146.0247	52.240623	202.6316	34.098324	372.0	361.4	45099	32.668278	12.857389	85.9098	-32.512547	-32.880444	0.9062209	217.78516268730164
42	159.28482	17.964064	174.7358	134.09474	176.6452	22.081787	209.9063	100.54906	400.0	392.4	46199	33.215202	12.931782	67.41701	-20.630993	-33.42186	0.8136553	224.8732612133026
43	166.98625	22.739325	198.00519	144.12936	174.21599	35.327713	211.82013	47.381435	400.0	387.65	47299	33.818954	13.012145	66.23796	-20.131702	-34.028603	0.7995083	231.8680567741394
44	133.53935	56.143585	179.20482	54.455822	165.48627	19.982563	205.83205	131.95569	332.33334	391.55	48399	34.329132	13.091523	81.85709	-15.427338	-34.53618	0.82454634	239.0629482269287
45	159.76076	20.654112	186.3887	136.04953	134.91069	63.35995	238.18484	39.664494	400.0	330.35	49499	34.789368	13.1791525	87.37002	-26.823215	-35.000515	0.9006775	244.61443328857422
46	98.37801	51.775303	168.19337	44.3553	150.05762	52.705364	225.89014	34.474842	278.66666	358.3	50599	35.18392	13.232063	90.27958	-43.36049	-35.395355	0.9049639	250.3791263103485
47	163.44533	21.47631	184.81274	134.06876	126.653275	46.759438	204.95718	49.45894	357.0	332.0	51699	35.628113	13.231468	92.70482	-18.103735	-35.841747	0.9141408	256.105993270874
48	130.27094	40.84771	182.73245	81.88641	136.72115	44.422073	217.0184	46.945618	360.5	345.5	52799	36.065636	13.285954	77.038	-17.637712	-36.281612	0.8980062	261.7454569339752
49	106.97146	63.24348	196.3698	59.914314	163.88248	35.91829	208.69168	105.41153	284.66666	388.45	53899	36.475525	13.377109	84.609604	-26.2403	-36.68841	0.9889685	267.76377034187317
50	157.59256	40.89773	189.141	99.83669	179.63431	36.249485	221.27129	103.60223	398.0	388.55	54999	36.80551	13.444609	112.27999	-41.625366	-37.011993	1.1071111	274.7587962150574
51	170.69911	34.253292	197.17111	122.329704	139.44376	44.65773	212.13661	26.521585	400.0	348.3	56099	37.120445	13.470256	108.48663	-23.923431	-37.329983	0.98447	281.6882469654083
52	159.82959	22.682495	186.1495	130.78914	142.90086	47.217472	191.18	36.134968	385.33334	348.0	57199	37.49353	13.4992695	115.64638	-16.700342	-37.694103	0.9901081	287.2786862850189
53	199.093	0.3915863	199.48459	198.70142	143.85266	40.40625	210.20642	72.95613	400.0	352.3	58299	37.891735	13.467658	78.89017	-15.684236	-38.089973	0.87479	292.84861040115356
54	138.06335	51.046978	196.79755	61.537773	155.4628	39.188324	206.58574	84.21026	335.5	357.9	59399	38.151604	13.46538	74.966515	-15.946367	-38.346718	0.85423017	298.72946333885193
55	124.1622	40.015793	157.3261	67.86864	166.8273	34.068684	205.97665	68.37163	335.66666	381.95	60499	38.384033	13.480161	76.87654	-21.702173	-38.57657	0.96957743	304.432284116745
56	116.91544	52.151108	173.06248	57.348522	187.8014	14.260847	214.25975	155.80351	312.75	400.0	61599	38.64643	13.478657	86.53467	-15.133223	-38.838173	0.96062875	310.49102306365967
57	182.87105	5.844864	188.71591	177.02618	189.16667	22.629082	231.69812	152.6479	400.0	400.0	62699	38.825474	13.519358	116.18471	-15.993688	-39.019005	0.96523446	316.5616526603699
58	139.45076	30.576231	166.27869	96.667496	194.57193	16.639082	220.5984	160.44221	350.66666	400.0	63799	39.087463	13.543384	80.06113	-20.403585	-39.279266	0.98356843	322.5518159866333
59	178.9323	7.0807476	186.56575	169.50279	181.19315	46.01256	226.21774	68.68657	400.0	373.9	64899	39.38882	13.5049	79.39152	-15.1767845	-39.583138	0.97612506	328.5123145580292
60	170.72401	10.776573	185.15051	159.25531	191.94106	21.81726	221.17569	150.88393	400.0	400.0	65999	39.6608	13.49571	89.854904	-14.799645	-39.854282	0.94384253	334.6330978870392
61	173.98943	26.862751	206.71439	140.9171	180.4487	35.631012	225.89186	50.17253	400.0	387.85	67099	39.924194	13.446748	103.25361	-14.996439	-40.118843	0.97733885	340.3215329647064
62	186.22781	11.058487	197.2863	175.16933	179.64279	13.809123	205.07309	148.89555	400.0	400.0	68199	40.239166	13.400872	85.86397	-40.173534	-40.43988	0.96226853	346.07002234458923
63	201.89227	4.5977144	206.40727	195.58267	177.96725	26.88711	222.40181	94.617294	400.0	391.5	69299	40.572987	13.276512	104.11565	-64.823494	-40.77151	0.95973676	353.38798666000366
64	163.5547	10.966652	172.91147	148.16467	160.72641	46.36875	213.01306	22.5927	400.0	374.2	70399	40.890564	13.214269	83.04338	-15.762866	-41.093956	0.87434083	360.2928900718689
65	185.70677	9.020433	197.7444	176.03093	168.77884	42.142273	223.4287	71.92616	400.0	375.85	71499	41.208168	13.137378	86.81656	-13.057558	-41.412544	0.87806726	365.9661793708801
66	177.78128	28.524773	206.30605	149.2565	161.8353	37.387623	209.5524	50.71172	400.0	379.0	72599	41.498074	13.057912	81.81404	-18.801981	-41.691135	0.9156914	373.06405806541443
67	172.46489	18.728031	195.6471	149.7811	162.48512	41.161484	211.45592	54.101196	400.0	373.1	73699	41.707268	13.001334	132.13405	-12.299078	-41.901917	0.8927279	378.95208263397217
68	170.07387	3.3912568	174.1759	165.8709	184.16318	24.841429	217.26839	102.90242	400.0	394.85	74799	41.92154	12.916073	93.869675	-26.72881	-42.10443	0.82977074	385.8934268951416
69	149.74728	20.047907	167.96361	121.82418	158.62589	36.77224	220.44058	73.67533	369.0	380.7	75899	42.114407	12.907304	97.95547	-13.125899	-42.305225	0.83509195	392.89841532707214
70	161.53069	25.597809	188.00793	126.91244	158.22177	45.80943	210.53001	29.53667	400.0	373.45	76999	42.294033	12.808939	88.11138	-12.826814	-42.47943	0.90235263	398.7857081890106
71	135.63948	23.05478	159.50562	104.46869	166.77644	40.639126	218.35796	55.17698	361.0	371.5	78099	42.491573	12.740362	88.9997	-13.255123	-42.678837	0.89499557	404.57784152030945
72	174.93849	8.859587	183.19409	162.64845	161.90114	32.331135	208.15166	73.18741	400.0	384.4	79199	42.572052	12.691633	107.06843	-13.002397	-42.75605	0.9508972	410.73044514656067
73	152.20877	19.768402	171.97717	132.44037	149.02045	42.185055	207.4067	50.218052	400.0	368.0	80299	42.666557	12.69385	179.14833	-16.666409	-42.847954	0.98124266	416.6256597042084
74	171.0835	18.661549	187.543	144.98776	178.65259	14.72766	210.35472	152.02696	400.0	399.0	81399	42.81548	12.633752	85.51505	-20.52792	-42.996513	0.8662555	422.6601085662842
75	150.42	33.6013	180.7923	103.584	157.7869	40.744877	210.66638	81.617065	356.33334	352.3	82499	42.88456	12.602441	86.232864	-14.410819	-43.059303	0.89173836	428.4549539089203
76	137.65628	54.12834	176.53195	61.110413	173.7861	40.13388	222.72784	90.098145	329.33334	369.35	83599	42.99186	12.582518	92.36481	-21.601301	-43.16433	0.96914685	434.3215124607086
77	118.93914	7.819011	129.8821	112.09136	164.32176	24.114195	199.44579	116.797745	382.33334	387.35	84699	43.005814	12.579302	153.23412	-64.779335	-43.175232	1.1075828	440.0736835002899
78	168.99416	12.00616	185.59068	157.59131	163.78017	21.549776	195.22963	117.12787	400.0	393.45	85799	43.020557	12.630214	113.309654	-15.070133	-43.189846	0.87491566	446.011310338974
79	180.39435	15.541891	200.33968	162.42397	181.05905	22.085463	216.09506	122.86499	400.0	390.75	86899	43.06738	12.590781	98.9463	-15.204643	-43.23191	0.9316406	452.07754850387573
80	169.49152	15.865456	185.35696	153.62605	155.73346	30.97917	193.74979	76.16056	400.0	363.95	87999	43.11157	12.553667	110.969925	-60.824184	-43.282627	0.9745128	458.896431684494
81	134.08115	31.267853	165.24635	93.68125	166.0998	37.72485	209.32335	75.0568	333.25	372.85	89099	43.17237	12.513138	112.77904	-15.341617	-43.346626	0.9073009	464.8028771877289
82	143.82487	48.044376	182.21892	76.0808	158.20647	42.8468	214.80203	85.611115	355.0	353.05	90199	43.171455	12.557396	88.72988	-15.982172	-43.33784	0.8594928	470.6450183391571
83	180.83565	13.648662	200.02066	169.40445	194.90012	8.848368	208.58078	175.61906	400.0	400.0	91299	43.258053	12.52751	123.75926	-54.6666	-43.422806	0.90140855	478.08017444610596
84	188.01503	15.613167	209.79349	173.97449	176.4121	29.453318	204.79343	117.1609	400.0	377.2	92399	43.290367	12.562656	127.027725	-17.210005	-43.453957	0.9702894	483.92697405815125
85	186.6322	4.6162643	191.24847	182.01595	189.03387	15.511052	222.09897	153.32988	400.0	392.95	93499	43.408295	12.556106	82.09982	-16.510025	-43.57181	0.7864285	489.87414360046387
86	163.3276	35.819702	194.31204	113.12876	170.29195	26.233107	205.96861	114.73489	358.66666	378.55	94599	43.54536	12.49973	91.029144	-16.31281	-43.71338	0.90701884	495.59589552879333
87	176.55656	19.674313	193.98338	149.05891	185.97366	23.01988	213.68233	131.95047	400.0	388.45	95699	43.55648	12.469233	97.17276	-16.4846	-43.723248	0.8772769	501.7330424785614
88	187.4731	9.798873	197.16693	174.05011	207.25777	10.879504	232.86275	185.73318	395.0	400.0	96799	43.655323	12.405737	108.7431	-16.018505	-43.823883	0.8635384	507.1713662147522
89	179.93414	14.420514	200.1695	167.61989	192.11644	13.559045	212.90596	159.25423	400.0	394.75	97899	43.73687	12.362506	96.01095	-16.926552	-43.9043	0.84133637	513.8343462944031
90	171.97092	26.805824	198.77675	145.1651	191.00308	28.705334	227.25015	122.09236	389.0	380.05	98999	43.791412	12.340236	105.278984	-16.64523	-43.953743	0.9770489	519.756340265274
91	182.7332	13.016708	199.7979	168.2218	190.40309	26.262367	224.41257	115.22029	400.0	393.4	100099	43.8524	12.306871	98.77612	-17.168243	-44.018524	0.9168802	525.7841989994049
92	203.52295	2.0284607	205.0817	200.65799	194.85439	29.056257	227.42665	105.60718	400.0	389.05	101199	44.008102	12.26878	99.975945	-17.621796	-44.180542	0.86620295	532.9233157634735
93	204.14467	9.1252985	211.75356	191.31331	187.17828	21.910917	222.2525	129.85081	400.0	391.4	102299	44.145267	12.237857	115.94576	-18.021545	-44.304752	0.8483631	540.2545325756073
94	185.71046	4.7885895	190.49905	180.92188	194.88503	22.483421	219.86069	133.59846	400.0	391.75	103399	44.27489	12.200152	109.95655	-16.938044	-44.443363	0.90664136	546.196310043335
95	182.4976	6.145888	188.98106	174.24274	202.29178	11.267603	221.14548	175.00517	400.0	400.0	104499	44.3405	12.211201	101.526	-17.281097	-44.506363	0.9052736	552.0161824226379
96	190.2253	7.6950307	199.86638	181.03355	185.11163	15.026132	213.43182	166.38351	400.0	400.0	105599	44.50217	12.084655	86.27977	-17.229849	-44.665028	0.8219584	558.0625238418579
97	197.59352	2.7799067	201.51643	195.4087	193.05972	15.17804	217.29976	164.63826	400.0	400.0	106699	44.645767	12.027611	101.29433	-17.199211	-44.810078	0.87221223	564.0738236904144
98	193.26553	5.8606796	199.12622	187.40486	212.469	5.946323	221.88655	202.66748	400.0	400.0	107799	44.728363	11.963484	98.23189	-16.714458	-44.891483	0.9017082	571.1779866218567
99	192.38725	1.123164	193.9093	191.23282	193.83049	19.754969	217.01157	131.56967	400.0	392.9	108899	44.84761	11.920608	83.50027	-16.393406	-45.008556	0.8582948	578.4809947013855
100	193.1251	18.382568	206.70682	167.13708	200.35423	12.962856	218.38382	169.02866	400.0	400.0	109999	44.971104	11.854385	85.90371	-15.930925	-45.136314	0.7595448	584.2508416175842
101	203.07806	1.6358505	204.68774	200.83423	188.47644	13.984472	214.12108	170.69841	400.0	400.0	111099	45.06782	11.827298	101.21521	-16.041529	-45.229454	0.8966696	590.2459268569946
102	185.27469	2.3092728	187.58395	182.96541	202.26494	15.262281	231.92078	175.33607	400.0	400.0	112199	45.166805	11.789674	116.53185	-17.07156	-45.31596	0.82844704	596.3126969337463
103	197.94214	10.298399	209.55733	184.52527	206.5549	13.096694	233.21104	176.76654	400.0	400.0	113299	45.27756	11.720756	91.82662	-16.747269	-45.437763	0.76737696	603.6977753639221
104	193.56189	7.8051558	199.30844	182.5269	197.16312	14.300029	226.31401	168.1134	400.0	400.0	114399	45.412495	11.640937	100.78352	-16.94	-45.571846	0.8016994	611.0109832286835
105	182.93336	12.185553	199.47632	170.48102	195.90338	12.116585	216.92557	173.76456	400.0	400.0	115499	45.50004	11.614654	122.47729	-17.103313	-45.65693	0.8592445	616.9523105621338
106	188.22029	3.1250916	191.34538	185.0952	193.4929	12.065365	218.81836	177.11264	400.0	400.0	116599	45.60475	11.618433	141.95143	-16.929922	-45.762253	0.73236173	622.360386133194
107	183.10371	6.791128	192.48544	176.6334	191.20262	29.041891	234.56163	88.1854	400.0	391.0	117699	45.71573	11.55992	101.871765	-18.114376	-45.870888	0.8595232	627.7128999233246
108	188.88159	7.207947	198.49847	181.14595	195.83495	9.290182	211.3027	173.49591	400.0	399.6	118799	45.826107	11.567111	110.11023	-17.648603	-45.98286	0.8627303	633.4524552822113
109	201.38664	3.5396283	204.07254	196.38542	186.23134	22.048561	210.5302	106.624756	400.0	388.95	119899	45.906235	11.590746	108.816246	-17.259808	-46.06161	0.7824631	639.1249074935913
110	184.31178	3.0711517	187.38293	181.24063	194.99394	20.252413	231.85248	142.66907	400.0	395.8	120999	46.02597	11.570043	131.98361	-53.130836	-46.18342	0.8469603	644.8246939182281
111	208.08246	12.279811	217.37592	190.73083	194.87077	19.82615	234.85437	135.78868	400.0	397.95	122099	46.136265	11.559278	116.20171	-19.405499	-46.289764	0.7897486	650.7290139198303
112	193.80127	2.0164506	196.5323	191.72499	200.30525	12.145534	216.24023	171.73737	400.0	400.0	123199	46.234413	11.498368	100.07838	-18.486284	-46.388844	0.73766124	656.8495223522186
113	189.91583	4.1268325	194.41457	184.44666	194.85603	22.388699	226.76129	114.13969	400.0	394.6	124299	46.330612	11.486065	88.15473	-18.695696	-46.481163	0.7893306	662.5294847488403
114	186.12418	14.846222	200.9704	171.27795	198.90387	14.118536	223.4543	164.73776	400.0	397.4	125399	46.40493	11.459977	110.84425	-21.153526	-46.5551	0.8334878	668.4107449054718
115	192.6812	8.090039	200.61238	181.5745	196.39853	19.325312	224.35535	146.22522	400.0	395.6	126499	46.45944	11.455997	99.340965	-19.021852	-46.608536	0.8251543	674.2428522109985
116	170.27539	28.747536	208.9011	139.97743	196.19997	9.512544	217.93825	178.23473	370.0	400.0	127599	46.542587	11.39678	97.77692	-18.79493	-46.691917	0.8366343	680.079017162323
117	197.34619	19.787092	224.82349	179.02032	187.07799	34.620483	225.82172	83.940285	400.0	382.8	128699	46.576454	11.414244	109.697945	-18.57282	-46.72335	0.8172835	686.1505038738251
118	173.30586	39.54012	208.68344	118.114395	195.98209	20.516165	225.33716	151.76218	374.66666	391.9	129799	46.62558	11.386359	141.68253	-39.540157	-46.76729	0.8776008	692.2137999534607
119	183.70708	13.819461	197.85881	164.95805	199.07794	13.508385	220.45737	176.4695	388.33334	400.0	130899	46.646263	11.397825	90.81748	-18.28587	-46.795086	0.7558414	698.1065971851349
120	172.05255	2.2016373	174.25418	169.8509	192.52786	26.695929	219.63521	100.31465	396.5	388.85	131999	46.68681	11.388901	89.24494	-18.46976	-46.8327	0.6990162	704.2069408893585
121	193.8697	9.7662325	207.06181	183.73175	192.89955	16.519201	223.60432	166.35309	400.0	399.6	133099	46.747395	11.388479	97.53729	-18.338633	-46.895027	0.8047715	710.0953915119171
122	182.22748	2.2835574	183.91885	178.99928	200.56909	9.192064	227.87782	182.83011	400.0	400.0	134199	46.80042	11.349807	129.83495	-18.139484	-46.947544	0.8729186	715.9983155727386
123	161.3082	17.396496	184.74986	143.12027	196.40596	15.770586	218.4352	153.69496	363.66666	393.5	135299	46.814632	11.3678055	132.9841	-18.326447	-46.964947	0.76049334	722.2910993099213
124	156.80629	15.2950945	178.39763	144.88354	197.80563	12.64955	218.54044	176.86664	361.0	400.0	136399	46.85617	11.353732	88.51695	-18.030891	-47.005825	0.7538533	729.5329194068909
125	187.74254	11.831282	197.64186	171.11078	184.75758	24.372564	215.54517	129.92844	400.0	384.05	137499	46.92035	11.340805	103.10057	-18.208176	-47.070072	0.7518568	736.9132688045502
126	184.25497	0.574646	184.82962	183.68033	196.23224	8.19696	213.72551	184.73352	400.0	400.0	138599	47.008724	11.340889	99.90807	-17.857513	-47.160713	0.82828254	742.7057745456696
127	161.99294	58.684803	208.20027	61.233818	197.80672	15.947039	234.73653	168.19518	345.75	400.0	139699	47.106415	11.264491	87.807785	-17.986055	-47.257343	0.7919581	748.8589220046997
128	197.60811	19.971249	225.2373	178.71935	197.19795	13.93832	210.55653	150.92407	400.0	396.35	140799	47.16474	11.218146	102.44097	-17.3377	-47.31972	0.78933805	754.8747894763947
129	195.26663	5.288521	200.55515	189.9781	200.44077	18.72785	230.93999	137.46031	400.0	398.05	141899	47.265812	11.166725	140.13177	-16.380743	-47.41623	0.8931882	760.7562870979309
130	196.91756	9.524551	206.4571	183.9123	197.3223	11.966149	224.2331	174.92957	400.0	399.15	142999	47.369816	11.085586	121.32416	-15.72019	-47.510334	0.8543337	766.8903207778931
131	202.79321	10.602741	217.04066	191.62167	202.54861	27.098537	232.7028	98.07766	400.0	392.35	144099	47.423054	11.04857	83.416855	-16.725554	-47.56925	0.71299124	773.2409152984619
132	197.95796	11.558681	210.75142	182.7493	197.48434	15.952365	226.83324	152.97694	400.0	400.0	145199	47.547375	10.968546	115.815605	-25.398407	-47.69529	0.89816004	779.582602262497
133	183.77838	1.7344284	185.51282	182.04396	200.03366	10.821402	222.70076	180.9349	400.0	400.0	146299	47.612286	10.909565	84.97961	-17.56778	-47.75278	0.8286695	785.4956753253937
134	194.9894	11.967072	210.85849	181.96121	184.89188	32.241215	214.50575	82.47745	400.0	385.7	147399	47.628643	10.869388	139.27016	-17.938232	-47.77151	0.8299567	791.4955053329468
135	189.11285	11.891851	202.1684	173.40419	193.26068	28.021467	228.3929	85.20982	400.0	389.6	148499	47.6874	10.832662	92.71786	-18.437893	-47.829453	0.88414615	797.3144643306732
136	186.1905	13.848923	205.56079	173.99875	199.22295	11.482	223.21233	177.55272	400.0	400.0	149599	47.76402	10.787148	105.276245	-28.605108	-47.904736	0.8757604	803.4716119766235
137	182.38887	4.866455	187.25533	177.52242	208.46367	14.253711	231.8002	183.60793	400.0	400.0	150699	47.835003	10.736251	96.04611	-18.505064	-47.98009	0.7353737	809.7642738819122
138	185.60573	17.5988	200.41733	160.8783	193.50998	16.675232	221.456	148.74408	386.33334	398.35	151799	47.92155	10.693057	92.35597	-24.249943	-48.064915	0.7095177	815.9248399734497
139	178.13127	5.363413	185.71059	174.08698	189.09676	9.200547	209.70587	174.84782	400.0	400.0	152899	47.940678	10.709658	128.46976	-19.832645	-48.08161	0.79664314	821.8115465641022
140	169.339	36.73946	197.76077	117.46069	204.17253	16.123592	230.72833	172.43011	352.33334	400.0	153999	48.01846	10.669224	108.72385	-30.226002	-48.162163	0.9381646	829.1514315605164
141	194.99617	7.066037	204.14891	186.9465	192.18771	8.081415	215.35172	175.48364	400.0	400.0	155099	48.125587	10.6221485	94.38389	-17.583113	-48.26555	0.7208109	835.3396987915039
142	186.66962	5.532631	192.20224	181.13698	194.26364	13.388906	212.8762	166.53001	400.0	400.0	156199	48.1839	10.592059	97.0796	-17.002108	-48.323963	0.8420575	841.402425289154
143	192.11963	10.596966	207.03543	183.40366	198.33713	15.041482	221.50133	168.09312	400.0	400.0	157299	48.21138	10.576775	104.9791	-16.55019	-48.351818	0.84789574	847.4853630065918
144	189.1989	8.358241	200.80923	181.4727	189.13412	13.534458	220.59372	169.63695	400.0	400.0	158399	48.2866	10.509607	127.95138	-16.642159	-48.425724	0.812923	853.6164200305939
145	193.2289	6.2410054	200.19165	185.05016	197.05963	12.513234	221.72537	174.90482	400.0	400.0	159499	48.364864	10.520367	155.04468	-18.385843	-48.499092	1.0552311	859.9669206142426
146	195.21407	14.325836	209.5399	180.88823	196.44641	12.66066	219.08533	175.91982	400.0	400.0	160599	48.408607	10.473373	97.34483	-20.20677	-48.540947	0.70321673	866.8405337333679
147	182.32304	19.61193	205.01767	157.16786	198.59122	15.439526	227.60692	175.49335	400.0	400.0	161699	48.386124	10.381293	130.50183	-20.422903	-48.516483	0.9768316	873.098534822464
148	183.35022	10.265652	195.5266	170.41533	188.55823	15.038634	210.09723	160.88005	400.0	400.0	162799	48.40325	10.309726	98.70252	-15.128927	-48.534134	0.7485739	879.0850336551666
149	186.0349	4.0506854	190.14206	180.52292	195.0704	11.526655	212.40164	168.10893	400.0	397.6	163899	48.420647	10.282556	107.54111	-27.048073	-48.552906	0.8838081	886.459234714508
150	187.11734	4.811371	191.92871	182.30597	197.20134	11.435335	217.28406	169.21388	400.0	400.0	164999	48.406227	10.20732	89.813194	-15.333363	-48.538727	0.8170135	892.5576944351196
151	190.57703	9.023563	203.25446	182.97374	195.85947	15.254079	223.06516	166.13036	400.0	400.0	166099	48.424927	10.126822	120.67056	-17.37649	-48.556606	0.780039	898.7940034866333
152	184.50232	11.983018	198.65067	169.34995	195.12494	13.134426	231.4408	176.59161	400.0	400.0	167199	48.42513	10.089974	118.37379	-15.04795	-48.55544	0.85812664	906.2106862068176
153	183.96802	15.843881	205.75763	168.5508	195.10486	18.446009	224.29442	153.98561	400.0	400.0	168299	48.36894	10.100795	154.93373	-41.948257	-48.493267	0.9511183	911.9703514575958
154	185.51384	5.3642883	190.87813	180.14955	195.1658	16.473955	217.89447	136.25864	400.0	395.7	169399	48.378643	10.128918	91.69896	-15.966737	-48.501457	0.8147001	919.2533433437347
155	162.452	44.43042	198.91943	86.43983	195.53041	9.267361	212.5372	181.16354	356.25	400.0	170499	48.38405	10.098629	105.35517	-17.040592	-48.51443	0.8326605	925.4702060222626
156	190.26758	4.051903	194.31947	186.21567	194.8364	10.25841	210.40337	170.96217	400.0	400.0	171599	48.412075	10.038042	105.936134	-16.694145	-48.541363	0.73640966	931.7435648441315
157	195.54297	5.390128	200.77293	188.12529	185.83311	26.279402	215.2877	112.32395	400.0	386.4	172699	48.381077	10.048633	101.54862	-15.993898	-48.502872	0.8885946	937.721479177475
158	179.3532	4.597224	185.45386	174.35655	190.62523	15.6521015	211.78146	163.13852	400.0	400.0	173799	48.376907	10.046617	118.147964	-15.40206	-48.498886	0.8608995	943.6033263206482
159	174.67102	10.4664135	189.45694	166.68529	197.46017	19.503122	229.48862	168.24329	400.0	400.0	174899	48.350792	9.994859	99.24016	-15.569851	-48.475994	0.7154711	949.3841853141785
160	179.44913	2.4505234	181.89964	176.9986	197.15022	12.820071	226.73781	158.78954	400.0	400.0	175999	48.34977	10.017195	110.328445	-16.963251	-48.474636	0.8006981	956.7189605236053
161	190.75456	9.343904	203.42061	181.15945	198.62572	14.498753	224.57932	176.63829	400.0	400.0	177099	48.3573	9.999647	105.27235	-15.348685	-48.483578	0.9240983	964.1175675392151
162	192.49297	14.737055	211.62718	175.77167	191.8696	21.44446	221.33058	121.515755	400.0	394.65	178199	48.391945	9.9790945	134.67827	-62.014263	-48.51516	0.89473337	970.3396036624908
163	207.7758	9.896926	221.03645	197.26733	192.14047	12.65884	226.11162	173.54604	400.0	400.0	179299	48.421265	9.934021	96.37457	-15.424362	-48.54887	0.7318239	976.5334186553955
164	176.50832	9.283066	185.79138	167.22525	200.68393	16.061546	232.67366	174.54822	400.0	400.0	180399	48.429264	9.926383	113.44922	-25.802774	-48.554977	0.9045318	983.6916763782501
165	197.50587	1.2603085	198.65584	195.7516	195.67726	13.181502	219.5024	171.534	400.0	400.0	181499	48.507977	9.875287	85.83979	-13.830301	-48.635506	0.75853306	991.00705909729
166	198.83551	4.963759	205.80444	194.6204	197.66028	11.524888	217.45555	178.89255	400.0	400.0	182599	48.51252	9.88126	109.59253	-44.80313	-48.637253	0.86796695	996.9393625259399
167	193.16994	8.879983	205.64645	185.69331	201.25247	13.7799225	230.85423	171.53807	400.0	400.0	183699	48.53792	9.866581	127.30055	-17.807877	-48.6661	0.9155263	1002.6331517696381
168	196.99927	1.3219376	198.32121	195.67734	197.91273	22.835836	226.75536	141.29657	400.0	394.75	184799	48.58887	9.823841	130.46967	-22.110514	-48.717075	0.869042	1008.6414575576782
169	193.63678	17.483482	218.06935	178.13483	199.94685	10.5762205	226.2496	179.86693	400.0	400.0	185899	48.64104	9.785914	99.45978	-16.652407	-48.763206	0.74949485	1015.9960346221924
170	197.93562	12.7126665	215.91176	188.699	195.1172	8.836948	213.83884	181.79576	400.0	400.0	186999	48.650223	9.829451	101.45187	-15.980679	-48.773926	0.8014942	1021.8144528865814
171	189.51259	13.739991	202.07263	170.3926	206.87866	14.141119	235.52567	189.79527	400.0	400.0	188099	48.68297	9.776871	90.83858	-15.730599	-48.80949	0.6760354	1027.5651981830597
172	167.13722	20.620705	186.11017	138.47157	202.81776	13.247717	224.86414	177.49078	373.0	400.0	189199	48.701538	9.796477	100.090904	-15.350178	-48.825176	0.8114951	1034.8827829360962
173	186.71591	15.160988	201.87689	171.55492	200.89015	15.458548	232.10175	182.20248	400.0	400.0	190299	48.71657	9.758196	108.99105	-15.102395	-48.839523	0.7567159	1040.8623263835907
174	195.52435	9.03864	203.82817	182.95636	196.26306	8.581493	207.40752	178.40361	400.0	400.0	191399	48.73213	9.717114	92.388954	-16.101591	-48.854595	0.7254129	1046.6374061107635
175	189.69414	9.274978	197.14896	176.62021	194.61612	18.953577	221.41397	151.93929	400.0	396.85	192499	48.757263	9.667835	95.34103	-16.337786	-48.88253	0.83527094	1052.3991272449493
176	191.40459	0.02442433	191.43333	191.37363	205.69638	10.863174	223.86836	179.73349	400.0	400.0	193599	48.77542	9.680761	105.25676	-16.40476	-48.896427	0.7544429	1058.5331664085388
177	174.89868	7.115143	182.01382	167.78354	214.74045	11.264782	237.2593	188.75243	400.0	400.0	194699	48.79388	9.642595	99.244965	-17.189243	-48.916965	0.78906006	1064.6927683353424
178	189.62288	13.216581	199.25906	170.93486	197.39645	15.5687275	225.66286	174.39941	391.66666	400.0	195799	48.814495	9.652515	131.87135	-16.62497	-48.938717	0.77432907	1070.7950541973114
179	179.48283	21.093626	208.07597	157.82175	200.77625	15.363166	233.02818	175.89696	400.0	400.0	196899	48.88145	9.608031	118.58932	-16.1589	-49.00791	0.8614427	1076.8353190422058
180	207.92354	11.334299	223.79102	198.02336	197.22517	24.580963	232.39737	107.553246	400.0	395.2	197999	48.91366	9.599492	106.463905	-15.916943	-49.039204	0.7718993	1082.8846228122711
181	203.91557	12.026886	215.94246	191.88869	200.35094	13.79871	229.37752	176.67896	400.0	400.0	199099	48.928608	9.615297	93.21574	-15.175909	-49.049374	0.70748425	1088.9665949344635
182	183.48787	6.354032	192.0325	176.8067	192.77695	14.902715	217.05296	165.92351	400.0	400.0	200199	48.973923	9.551426	117.42632	-15.946038	-49.097416	0.857322	1095.2112464904785
183	176.39941	13.389603	195.0904	164.42572	196.54617	12.867815	223.0319	180.3446	400.0	399.75	201299	48.959774	9.546685	107.71161	-15.785389	-49.078007	0.8592466	1101.367763519287
184	194.40678	15.6897955	211.78986	173.77263	193.02728	15.808181	217.00366	166.16153	400.0	400.0	202399	48.97358	9.497778	118.5112	-15.619654	-49.09064	0.84952056	1108.4182291030884
185	184.12794	6.542099	190.67004	177.58585	199.28404	19.037264	231.88478	167.0061	400.0	400.0	203499	49.00961	9.407763	92.20101	-15.032747	-49.12519	0.7302923	1114.2023894786835
186	202.01384	10.54037	214.0523	188.38174	205.01009	15.646028	230.81084	169.18689	400.0	400.0	204599	48.9839	9.402259	147.3457	-14.847337	-49.098675	0.7706993	1121.5674815177917
187	171.04817	8.208646	180.91371	160.81671	193.40967	15.986151	217.70062	155.96338	400.0	397.75	205699	49.001575	9.356565	116.31774	-15.310636	-49.11907	0.8003231	1128.9143469333649
188	191.6202	14.395042	210.07388	174.94876	196.03557	16.300846	228.00948	168.94249	400.0	400.0	206799	48.98686	9.387982	113.65339	-14.744094	-49.103848	0.7646954	1134.9207706451416
189	206.77063	7.5458603	214.31648	199.22476	185.4125	24.959328	218.82468	152.95728	400.0	400.0	207899	49.04129	9.338003	121.87297	-13.958586	-49.15875	0.7901852	1140.6547329425812
190	185.19344	3.242437	189.01988	181.09187	178.43282	22.387217	222.55553	121.71837	400.0	386.95	208999	48.968204	9.3471775	156.96985	-14.107765	-49.074154	0.89538217	1147.5174233913422
191	188.95337	12.339059	206.40262	180.08176	195.03078	14.871457	220.5318	166.21927	400.0	400.0	210099	48.97059	9.29018	86.27031	-13.939613	-49.084774	0.6371075	1153.6090197563171
192	186.95164	9.577825	199.46678	176.20737	186.33675	12.419331	211.97574	161.65755	400.0	400.0	211199	48.996063	9.2602	113.68533	-14.000454	-49.114452	0.71140903	1160.8835117816925
193	169.36234	3.2694092	172.63174	166.09293	196.00677	16.247532	217.18254	158.7752	400.0	400.0	212299	49.041172	9.217887	106.009605	-13.919056	-49.157047	0.81682456	1167.9767966270447
194	190.48303	32.26007	226.12648	147.99905	200.07104	17.209343	226.03784	161.00224	400.0	400.0	213399	49.01489	9.194626	146.03629	-13.109975	-49.123047	0.82178724	1175.0185768604279
195	189.75227	8.307761	201.07051	181.36343	196.21082	19.616144	224.20822	163.32076	400.0	400.0	214499	49.015747	9.186036	100.323616	-11.966133	-49.13321	0.6740643	1181.185272693634
196	196.11768	20.745428	224.73413	176.20735	201.72897	14.1723585	221.1968	172.69992	400.0	400.0	215599	49.09575	9.122607	116.49341	-12.676538	-49.21454	0.7364705	1186.5794456005096
197	183.36368	11.627693	194.99136	171.73598	196.41362	12.456014	234.16254	177.15938	400.0	400.0	216699	49.09839	9.097775	119.54352	-13.49834	-49.218983	0.81893724	1192.3316447734833
198	185.78444	15.297628	200.3835	164.65825	203.88951	8.974469	216.45073	180.61096	400.0	400.0	217799	49.149303	9.04194	92.36126	-12.832166	-49.270756	0.6957217	1198.3321869373322
199	193.99553	6.2155433	201.86684	186.67146	206.13135	15.470098	238.75035	178.5129	400.0	400.0	218899	49.202354	9.019656	102.62492	-12.263411	-49.32549	0.68906116	1204.2130699157715
200	172.04187	11.98514	187.54126	158.35147	205.88467	13.691821	228.08665	181.87881	400.0	400.0	219999	49.254066	8.993222	156.55708	-17.973318	-49.375107	0.9026324	1210.3274929523468
201	185.21393	1.3484955	186.56242	183.86543	202.24815	16.22057	218.32529	167.6922	400.0	400.0	221099	49.27261	8.985331	89.23195	-13.539096	-49.393562	0.73538166	1217.7273778915405
202	181.71863	26.013102	207.92331	146.25542	203.19641	14.062224	230.84529	175.86028	400.0	400.0	222199	49.270645	8.960071	154.61467	-36.01332	-49.35333	1.0405811	1224.9498174190521
203	182.43974	29.285263	214.07506	143.47375	203.71683	11.752669	232.1833	185.86844	400.0	400.0	223299	49.163418	8.919079	90.6103	-13.524366	-49.285347	0.6691628	1232.2749536037445
204	193.29768	14.912061	209.10669	173.30556	205.62448	15.127228	242.18106	175.54535	400.0	400.0	224399	49.210865	8.863699	104.60672	-12.919264	-49.33725	0.80913603	1238.2802157402039
205	196.08606	6.668213	202.75427	189.41785	206.66707	13.212627	222.65547	180.41118	400.0	400.0	225499	49.281826	8.844452	124.9324	-12.422446	-49.40817	0.85616225	1244.166372537613
206	204.65776	6.440711	213.66904	199.00244	206.72868	12.162015	233.51675	189.21637	400.0	400.0	226599	49.373306	8.821288	109.6717	-12.330387	-49.50299	0.7523008	1250.5536658763885
207	186.91241	19.578892	208.27164	160.9738	191.72401	17.976736	221.31175	162.93639	400.0	400.0	227699	49.46306	8.74779	153.42474	-44.925053	-49.589035	0.813728	1256.5937507152557
208	187.46568	4.0684156	192.51274	182.54979	198.25156	11.990164	221.38408	170.39305	400.0	400.0	228799	49.506355	8.713364	89.7595	-12.749444	-49.626778	0.7279376	1262.6492207050323
209	201.06255	5.865967	206.92851	195.19658	207.2024	12.187379	235.36589	180.63432	400.0	400.0	229899	49.555367	8.72392	105.84441	-14.37381	-49.678577	0.7385012	1268.139541387558
210	192.02971	10.052447	203.21877	178.84036	204.37094	7.18321	216.81567	182.9609	400.0	400.0	230999	49.615917	8.684556	94.787125	-13.710392	-49.744595	0.71935016	1273.9373095035553
211	178.01233	2.3847508	180.50987	174.80084	210.01053	12.723476	228.29326	173.51035	400.0	400.0	232099	49.656574	8.68246	132.12059	-23.873837	-49.780724	0.90598696	1279.7084562778473
212	196.64204	11.415051	212.69188	187.1146	198.44199	9.860175	228.82616	181.46088	400.0	400.0	233199	49.744835	8.625596	94.73998	-14.955135	-49.87311	0.74068457	1285.4821627140045
213	204.15909	8.564346	212.72343	195.59474	205.01999	11.126532	225.08301	179.20665	400.0	400.0	234299	49.80537	8.588762	107.726555	-15.022463	-49.931656	0.8867478	1291.2418246269226
214	196.84619	2.464413	199.03937	193.40385	203.87482	13.789375	229.8801	168.3247	400.0	400.0	235399	49.87729	8.539434	145.03647	-29.69994	-49.99814	0.95517755	1296.986890554428
215	207.2528	7.1366844	215.71786	198.2605	209.66658	8.4308	224.24686	193.15097	400.0	400.0	236499	49.921574	8.530387	92.37359	-14.633771	-50.051914	0.66966975	1303.1287183761597
216	179.68176	16.888067	199.77065	158.45082	203.46559	14.767645	235.50755	179.98766	400.0	400.0	237599	50.001434	8.46899	102.962524	-15.413	-50.127483	0.673584	1309.282481431961
217	178.86935	8.650452	187.5198	170.2189	206.56856	14.724413	229.12265	179.15685	400.0	400.0	238699	50.011585	8.447017	168.94058	-54.848675	-50.128777	0.9389826	1315.3001692295074
218	191.64807	5.872387	197.373	183.5754	199.53217	11.964737	221.03886	173.5263	400.0	400.0	239799	50.042618	8.462816	100.53153	-14.955996	-50.16351	0.74024194	1321.2027008533478
219	197.76253	8.573854	209.77493	190.327	200.71713	9.350229	221.16515	189.50023	400.0	400.0	240899	50.101635	8.405366	119.51066	-17.836437	-50.222073	0.74004745	1327.02792429924
220	184.11975	7.2682066	191.73027	174.33116	200.72446	12.632884	226.46786	176.28212	400.0	400.0	241999	50.139187	8.395385	107.32032	-14.354019	-50.268715	0.77876955	1332.8530118465424
221	177.39343	18.344025	195.73746	159.04941	206.61711	10.780717	227.92566	193.256	400.0	400.0	243099	50.19959	8.377666	93.213974	-14.207349	-50.324978	0.74145406	1338.670298576355
222	188.90892	21.43828	217.42168	165.72693	200.20975	8.470178	213.86523	186.37297	400.0	400.0	244199	50.274155	8.346258	127.05759	-39.902798	-50.39519	0.9674394	1344.8881072998047
223	184.16498	6.9108925	193.4423	176.86378	192.00827	12.416662	215.17653	167.34322	400.0	400.0	245299	50.315357	8.299229	93.25169	-14.975246	-50.444927	0.67745614	1350.995632648468
224	181.54352	18.445005	204.21184	159.0318	205.25479	10.222504	221.6214	180.42305	400.0	400.0	246399	50.391003	8.277564	143.57127	-14.199275	-50.5297	0.9057256	1356.903920173645
225	183.8945	7.55896	191.45346	176.33554	196.33339	12.031999	221.29362	174.01634	400.0	400.0	247499	50.46022	8.21119	101.00732	-18.807795	-50.583084	0.8181038	1362.9000475406647
226	203.3246	8.736665	211.5389	191.22446	199.13258	9.55736	219.20012	174.54419	400.0	400.0	248599	50.49269	8.18709	97.14167	-21.041801	-50.618515	0.78480655	1368.8662948608398
227	170.1053	6.358175	177.34982	161.87032	205.49731	14.70525	236.74706	182.10426	400.0	400.0	249699	50.536964	8.190779	102.833496	-14.482132	-50.657665	0.7712298	1376.400236606598
228	184.79485	10.055373	198.85658	175.92923	196.23009	11.205576	212.58173	171.85529	400.0	400.0	250799	50.541317	8.212577	115.891235	-15.930217	-50.662094	0.75038475	1382.5802338123322
229	204.4931	0.2668152	204.75992	204.22629	208.80913	11.714143	227.74486	175.97652	400.0	400.0	251899	50.582924	8.188269	96.99078	-12.723576	-50.707157	0.7641668	1388.6648287773132
230	196.97284	10.2876625	207.36275	182.95795	208.8709	14.105413	233.82938	178.90915	400.0	400.0	252999	50.626205	8.165727	116.84236	-13.017096	-50.7506	0.74792516	1394.9103302955627
231	188.73796	8.995815	198.1675	176.62724	214.19951	12.564734	238.88245	192.34221	400.0	400.0	254099	50.685524	8.186775	130.36188	-13.27429	-50.81804	0.8289435	1400.3356008529663
232	198.73763	11.490679	209.92749	182.9376	201.57455	13.079645	227.76234	176.38097	400.0	400.0	255199	50.769756	8.146252	99.81982	-12.629722	-50.902565	0.73475087	1407.3351941108704
233	184.71402	0.41828156	185.13231	184.29575	169.28297	10.997308	204.0645	150.85289	400.0	400.0	256299	50.794006	8.103505	114.84392	-22.678728	-50.91167	0.8798942	1413.3977327346802
234	194.04639	13.53231	206.0393	175.13434	201.91464	10.9537325	216.89182	172.04985	400.0	400.0	257399	50.779583	8.090498	116.31275	-12.888109	-50.88854	0.82375985	1419.4394426345825
235	185.95131	7.0629296	191.25734	175.96945	203.1146	10.997692	221.24666	186.46362	400.0	400.0	258499	50.768898	8.065715	118.04112	-13.215493	-50.889553	0.78439176	1425.6428716182709
236	189.7241	12.687955	207.5223	178.85156	201.20067	9.960606	220.07967	173.83478	400.0	400.0	259599	50.75414	8.002976	106.598206	-11.671021	-50.868023	0.78923744	1433.002466917038
237	170.04767	42.985634	202.26312	109.293884	200.94551	11.495174	220.3063	173.08066	352.0	400.0	260699	50.728367	8.007068	101.88988	-12.088959	-50.843906	0.7426538	1438.7137351036072
238	188.5158	16.319733	201.95001	165.54623	201.77522	10.453263	217.41528	180.04875	400.0	400.0	261799	50.724514	7.9841146	92.23587	-10.969726	-50.8413	0.7255114	1444.8065283298492
239	186.34967	4.5050125	190.85468	181.84465	202.92549	10.368674	215.71985	173.73625	400.0	400.0	262899	50.727493	7.931828	111.04271	-25.667162	-50.842686	0.82468104	1450.8689975738525
240	185.66913	17.223598	200.92517	161.59671	212.42392	13.34303	237.30408	193.78778	400.0	400.0	263999	50.7482	7.877166	94.08772	-8.097115	-50.869976	0.6893192	1456.9234373569489
241	174.7011	17.06025	187.26247	150.5812	188.29872	13.200857	217.56827	170.65195	400.0	400.0	265099	50.779903	7.820806	104.72217	-8.727549	-50.895947	0.77680314	1463.2241792678833
242	196.44139	4.3825216	202.62703	193.01231	205.33882	15.06831	233.157	183.079	400.0	400.0	266199	50.785984	7.8014703	111.930695	-6.7283955	-50.900467	0.78628373	1468.7316932678223
243	193.0805	2.2671661	195.34767	190.81334	202.23378	18.440956	229.908	149.69302	400.0	400.0	267299	50.786896	7.776562	101.58035	-8.133549	-50.903004	0.8600437	1474.7994179725647
244	191.29967	10.5737915	206.19868	182.74474	204.48724	15.963416	236.95001	185.04474	400.0	400.0	268399	50.794983	7.815979	106.40558	-7.3647995	-50.909332	0.6982244	1480.8897490501404
245	172.5738	14.0628195	192.36847	161.01132	202.28336	13.2565365	228.17415	180.15315	400.0	400.0	269499	50.7906	7.8255134	131.31781	-6.7619	-50.90891	0.80123746	1486.711615562439
246	187.4056	17.071249	211.20952	172.01492	193.12292	14.960312	222.98909	172.70615	400.0	400.0	270599	50.818317	7.8112674	120.186104	-7.4872413	-50.93671	0.8467735	1493.1251673698425
247	196.72064	5.802994	202.52364	190.91765	202.18784	12.729939	230.36667	175.6139	400.0	400.0	271699	50.837936	7.7726874	141.67886	-8.437798	-50.95197	0.7877365	1499.2751824855804
248	200.22859	6.095971	207.68922	192.75722	201.22353	12.4791765	240.0138	181.49374	400.0	400.0	272799	50.844078	7.7931476	110.435814	-8.212538	-50.960564	0.7631936	1506.609227180481
249	194.5298	6.4685497	201.28369	185.80946	209.87402	10.81278	228.58727	193.17393	400.0	400.0	273899	50.87339	7.7526875	128.5147	-8.132562	-50.992725	0.72269434	1514.0119659900665
250	187.76726	25.359077	217.97932	155.9266	194.49283	17.164907	216.84079	140.63208	400.0	400.0	274999	50.912304	7.676942	107.09186	-11.0583515	-51.024757	0.75380564	1520.18794465065
