Epoch	AverageEpRet	StdEpRet	MaxEpRet	MinEpRet	AverageTestEpRet	StdTestEpRet	MaxTestEpRet	MinTestEpRet	EpLen	TestEpLen	TotalEnvInteracts	AverageQVals	StdQVals	MaxQVals	MinQVals	LossPi	LossQ	Time
1	223.34639	9.790924	233.13731	213.55547	227.66342	142.07056	352.32828	12.591124	400.0	316.2	1099	0.37824532	0.29912108	12.069026	-11.47241	-0.5313716	0.09947417	2.3603127002716064
2	283.0056	12.284289	298.92648	269.02438	79.96917	58.79609	193.10359	10.518987	400.0	147.0	2199	2.6923096	1.2638099	8.442413	-9.936932	-2.8722682	0.020275889	8.050971031188965
3	277.20224	21.094074	293.59155	247.42096	163.62132	108.14972	313.5422	32.442772	400.0	237.85	3299	6.88786	1.6428849	46.095665	-22.815353	-7.102286	0.042760413	14.63033652305603
4	259.96326	25.370483	279.82504	224.15527	162.35202	101.5275	302.44153	12.982807	400.0	267.2	4399	11.163743	1.9066858	23.111242	-14.946152	-11.383221	0.019177614	20.282409191131592
5	312.4803	10.803238	323.28354	301.67706	181.2939	84.480865	335.51898	30.326368	400.0	284.35	5499	15.317502	2.273537	23.683924	-19.070967	-15.525898	0.030019881	26.154378652572632
6	261.62485	47.894962	329.33725	226.29802	142.49504	79.77127	256.4695	16.181728	400.0	273.2	6599	19.168	2.6577222	26.256079	-3.2315748	-19.340984	0.041718796	32.20748448371887
7	241.94739	31.704561	275.4002	199.36656	162.47427	71.60585	276.17432	1.7450982	400.0	286.15	7699	22.624634	2.9828448	26.783714	-10.527637	-22.774673	0.056942426	38.5325391292572
8	308.91757	26.24367	331.66635	272.147	155.45825	81.60795	293.78616	29.784065	400.0	263.6	8799	25.877615	3.3079834	30.179325	-2.9622583	-26.01663	0.06300833	44.308852672576904
9	270.48938	0.27783203	270.7672	270.21155	110.52798	56.6892	286.92947	21.741734	400.0	183.3	9899	28.991127	3.5457015	35.09003	-1.152383	-29.114439	0.078343436	50.06063365936279
10	277.0271	32.153137	322.38434	251.55963	82.789604	66.66463	234.35765	18.471563	400.0	143.45	10999	31.776426	3.8444157	36.648144	1.8458054	-31.89245	0.07347232	54.62954497337341
11	289.60788	32.037697	334.5873	262.40033	51.084496	40.871845	192.6272	19.160803	400.0	106.1	12099	34.541946	3.9440725	39.433598	-9.2335	-34.673767	0.09488803	59.32353925704956
12	285.86972	39.744522	341.1902	249.59703	60.668507	72.30369	340.25592	5.772872	400.0	146.35	13199	37.354424	3.9551399	46.38952	7.535906	-37.550156	0.095027134	64.73402261734009
13	327.38293	6.3361664	333.7191	321.04675	49.248604	72.45987	350.85593	-0.36684126	400.0	121.55	14299	40.355125	3.8767436	57.3317	-2.907674	-40.558685	0.085885055	69.51257085800171
14	208.38478	116.96829	285.66458	6.3173165	63.835815	76.27646	336.86655	10.164403	317.0	123.0	15399	43.10825	3.806682	54.687336	14.76496	-43.317577	0.092635475	75.27621412277222
15	63.482006	68.932365	197.69908	11.877264	137.81068	89.14516	308.03265	23.99761	185.8	296.75	16499	45.181797	4.3622274	78.05403	3.2941928	-45.391613	0.36412176	81.35978078842163
16	181.58574	136.13318	322.17184	13.059965	129.7303	107.15579	352.00833	2.5843608	275.6	230.7	17599	47.362083	4.6822906	70.6804	11.131213	-47.588673	0.4164178	88.09412145614624
17	125.17859	102.794876	260.98343	15.985129	129.40295	107.87418	348.43774	12.385025	240.5	230.8	18699	49.188988	5.469262	76.867195	9.806985	-49.43069	0.5654052	93.7560544013977
18	88.0289	78.45554	242.2438	3.216326	138.8855	96.56353	293.3833	14.98945	203.33333	287.0	19799	50.95107	6.3063545	71.1485	3.1242976	-51.194668	0.6756815	100.67925882339478
19	85.910805	95.93202	250.80186	15.418166	237.1377	100.50045	337.00937	16.571703	235.5	351.4	20899	52.40687	7.285885	70.919334	-0.29050863	-52.653084	0.7694244	107.02683758735657
20	284.13034	32.41728	318.57312	240.70607	219.40405	95.92356	338.30225	13.623354	400.0	346.15	21999	53.92135	7.9833016	73.401985	-3.6777797	-54.182068	0.6820212	113.48754024505615
21	256.47202	39.664898	303.47687	206.45801	216.71634	96.84607	337.02072	32.90149	400.0	360.95	23099	55.639503	8.315325	73.037605	-4.839082	-55.90316	0.7163263	121.10914134979248
22	271.98077	30.87893	302.8597	241.10185	250.21301	67.94353	349.82883	29.221827	400.0	384.9	24199	57.35079	8.525143	78.90489	-5.9363503	-57.602512	0.7051002	127.5989043712616
23	209.77325	42.350243	258.57184	155.30174	244.24773	65.86733	336.91473	1.6900378	400.0	384.4	25299	58.752056	8.906733	86.11463	-6.436365	-59.020123	0.6899017	133.7958755493164
24	249.38972	61.116802	327.9188	178.85564	270.75937	27.565416	332.27927	229.75903	400.0	400.0	26399	60.271347	9.148779	78.68661	-5.434402	-60.545498	0.8007538	140.44320106506348
25	249.13191	13.635446	260.72006	229.98964	277.94464	33.690266	324.90826	193.25642	400.0	400.0	27499	61.759506	9.313255	92.44033	-4.0469575	-62.04643	0.7529551	147.08975982666016
26	270.6976	12.463593	283.1612	258.234	255.9957	43.643604	332.14435	185.91377	400.0	400.0	28599	63.227802	9.433063	90.30587	-3.4011643	-63.51309	0.7573465	153.74575185775757
27	270.402	11.6142	285.4446	257.1689	284.2255	31.545898	331.17557	215.3433	400.0	400.0	29699	64.67564	9.498101	89.090996	-2.1594372	-64.957375	0.72028095	160.3413224220276
28	285.03568	30.418999	307.89133	242.04541	279.09555	43.293064	333.20917	195.23616	400.0	400.0	30799	66.036026	9.532678	104.14385	-1.7530763	-66.311844	0.69692725	166.95154929161072
29	209.36763	77.7762	297.29004	108.17057	242.95354	76.515724	340.45398	33.703445	400.0	387.1	31899	67.33633	9.588483	93.687614	-1.2468624	-67.62122	0.7680728	175.1461009979248
30	185.98181	117.280365	300.85834	24.935802	261.32922	72.428764	341.13663	-2.0022755	315.66666	383.55	32999	68.41825	9.655213	94.12622	-0.7485776	-68.70535	0.78411746	181.716881275177
31	268.66116	27.181807	300.01746	233.7252	286.5426	44.006775	351.635	194.10301	400.0	400.0	34099	69.490486	9.688502	104.19136	0.2036283	-69.774765	0.79134315	187.6781520843506
32	263.03088	9.51506	272.54593	253.51581	311.21826	27.557762	351.2408	252.24403	400.0	400.0	35199	70.623474	9.6825485	94.656654	1.4857974	-70.91716	0.76337075	194.0257043838501
33	315.1391	38.124737	350.65738	262.25046	288.87024	71.2852	352.0308	0.87695813	400.0	383.1	36299	71.81913	9.682415	90.704346	2.0105224	-72.11439	0.729643	200.26365494728088
34	297.3901	13.953586	316.41284	283.3339	297.17554	71.76608	350.71277	2.445987	400.0	383.25	37399	72.9545	9.607836	114.06599	3.0777385	-73.246735	0.7913522	206.51205229759216
35	294.92163	30.169968	337.5446	271.9357	293.84595	33.474632	348.88428	203.8767	400.0	400.0	38499	74.001396	9.607267	95.56686	4.391858	-74.29676	0.74672943	213.90081071853638
36	305.75668	9.327362	315.08405	296.42932	292.76254	24.421297	340.99088	237.71643	400.0	400.0	39599	75.08929	9.457146	100.09069	5.901664	-75.38973	0.75237536	220.82188844680786
37	256.42416	24.987532	285.6391	224.59953	292.7834	22.196075	323.49594	244.23837	400.0	400.0	40699	75.98956	9.444293	99.79926	6.116514	-76.30035	0.8063124	227.7379069328308
38	290.6854	20.037733	313.88815	264.99536	305.6637	18.6782	348.36234	274.5358	400.0	400.0	41799	77.03415	9.283875	104.48804	4.902669	-77.34066	0.76689035	234.14272046089172
39	275.2899	45.276554	315.08957	211.95114	313.84088	21.324135	350.7848	263.49405	400.0	400.0	42899	77.95978	9.076747	101.3897	4.655491	-78.258354	0.7266207	242.1652853488922
40	285.45358	3.684143	289.13773	281.76944	286.96478	56.906723	352.21664	61.943443	400.0	386.3	43999	78.8094	8.888218	103.68705	3.6453726	-79.10723	0.72503304	250.3727309703827
41	283.16092	26.669939	319.7928	257.06628	282.65274	64.226944	342.9724	44.673004	400.0	385.05	45099	79.627045	8.806411	103.955315	4.6104393	-79.92848	0.791954	256.96383118629456
42	281.86963	27.107567	317.96915	252.64629	305.66998	25.765123	347.5399	242.25966	400.0	400.0	46199	80.38492	8.693742	100.409996	5.226833	-80.68198	0.79256916	263.48826265335083
43	290.85645	31.01075	331.82504	256.81927	279.02252	81.273476	330.71527	38.681793	400.0	369.6	47299	81.13823	8.608316	100.93679	4.69952	-81.42811	0.75415474	269.9274342060089
44	282.21246	18.083694	300.29617	264.12878	273.48117	64.86216	341.6385	40.815994	400.0	384.05	48399	81.80998	8.52234	99.66622	5.6037364	-82.08669	0.7087892	276.66296911239624
45	281.44934	32.388836	313.84045	237.2062	275.04257	49.20463	319.83386	85.69045	400.0	393.65	49499	82.4054	8.552139	103.512054	4.519975	-82.67523	0.88027763	283.4000654220581
46	270.0589	11.403845	278.6441	253.94292	239.7039	55.358906	336.87357	101.88643	400.0	395.4	50599	82.88936	8.570421	100.8255	5.2464905	-83.16278	0.89862657	292.08363795280457
47	227.26476	34.07477	275.22382	199.21327	285.83014	32.10947	341.65262	216.80815	400.0	400.0	51699	83.38736	8.634267	108.8314	4.066989	-83.69195	0.7808658	301.1213402748108
48	287.66336	3.774475	291.43784	283.8889	254.20605	75.02913	321.36697	4.9262147	400.0	384.25	52799	84.10111	8.653645	110.50766	3.8770053	-84.4225	0.8660004	309.14485001564026
49	258.9553	30.488068	284.9043	216.16014	239.73892	83.87425	312.2738	6.0442286	400.0	371.55	53899	84.812225	8.634912	98.51091	3.7638824	-85.11633	0.76050526	315.8662180900574
50	251.12074	33.96437	276.70312	203.12268	274.12823	63.667976	324.68066	12.646815	400.0	384.45	54999	85.34099	8.662982	104.181946	2.7572935	-85.622894	0.8283236	322.1163640022278
51	297.95096	6.4650865	305.56848	289.76315	296.1382	34.571663	347.82513	225.01619	400.0	400.0	56099	85.8305	8.65564	110.967285	1.2704144	-86.10838	0.85848856	329.0222415924072
52	229.57043	63.612343	293.18277	165.95808	290.12555	30.300274	351.59912	229.08325	400.0	400.0	57199	86.24403	8.677031	114.92632	2.3973103	-86.522995	0.85926074	337.2315745353699
53	292.26566	18.909296	313.80807	267.77274	292.3608	39.61012	352.55167	230.44783	400.0	400.0	58299	86.62452	8.731715	104.84621	2.059923	-86.890076	0.787696	343.53285455703735
54	262.22678	29.374638	297.5809	225.65875	278.91547	31.005344	346.1461	223.67789	400.0	400.0	59399	86.914314	8.785078	111.60384	0.95036554	-87.17152	0.83155984	349.89386534690857
55	269.5523	36.868683	321.30914	238.20833	283.85272	36.89004	338.8592	195.97267	400.0	400.0	60499	87.19249	8.817018	120.26701	2.7576418	-87.45001	0.787353	356.6733241081238
56	305.50638	20.69989	326.20627	284.8065	309.4183	26.87533	343.84528	256.4597	400.0	400.0	61599	87.371994	8.884088	117.08255	2.853362	-87.616264	0.84919286	364.6852123737335
57	305.95172	11.313849	319.4983	291.80466	298.1846	54.387203	350.09045	99.5778	400.0	400.0	62699	87.5397	8.807197	114.05874	4.7004185	-87.77565	0.85694194	372.7999129295349
58	265.45468	26.956285	292.7183	228.74727	309.48712	25.92947	342.7193	229.4925	400.0	400.0	63799	87.64685	8.760634	120.605835	5.040392	-87.886604	0.8004332	379.44827580451965
59	297.53082	42.101334	345.51672	243.0125	299.92987	62.31101	343.49338	48.640114	400.0	386.25	64899	87.882195	8.665682	109.910736	6.6744704	-88.13034	0.74861664	385.7171080112457
60	307.48068	6.5773926	314.05807	300.9033	295.22766	32.00719	330.65076	222.21031	400.0	400.0	65999	88.058846	8.618059	109.92346	6.661616	-88.30734	0.7483827	392.4045102596283
61	256.52805	32.418472	295.71997	216.33037	296.39642	72.35577	351.88284	0.94353694	400.0	384.15	67099	88.27954	8.522099	124.78819	6.976761	-88.53443	0.8003943	399.3205256462097
62	277.34467	6.08671	283.55252	269.07654	307.34946	16.016825	338.3751	264.0071	400.0	400.0	68199	88.469574	8.39671	108.10456	5.6846085	-88.72196	0.76474035	406.0675358772278
63	274.2494	35.404404	305.0771	224.6676	305.78452	26.382761	341.92377	216.98328	400.0	400.0	69299	88.63175	8.335695	119.145935	7.026535	-88.88103	0.8360823	412.71335315704346
64	273.51883	19.80185	293.32068	253.71698	285.45328	36.11432	350.59955	189.03653	400.0	400.0	70399	88.811806	8.203205	121.14061	3.827839	-89.06224	0.7572089	419.57427167892456
65	286.19763	20.70792	301.41006	256.9197	276.42612	64.449615	334.9861	29.348957	400.0	384.45	71499	89.01705	8.018944	108.61431	3.7701929	-89.25674	0.68242395	425.88940811157227
66	289.98666	13.018212	308.1003	278.07806	304.63522	23.379078	347.45782	262.62476	400.0	400.0	72599	89.15035	7.8479333	106.52023	5.2050276	-89.38549	0.7787115	432.2582302093506
67	291.77933	16.954302	307.11444	268.14935	285.34943	65.5053	353.75757	44.965843	400.0	385.4	73699	89.2195	7.7562814	111.07904	5.1662245	-89.4541	0.75312626	438.56427788734436
68	196.30388	140.33879	310.49854	-1.3713665	278.4181	79.438034	346.65887	18.69336	288.66666	384.15	74799	89.29295	7.6682434	117.11903	3.4354265	-89.522156	0.8096178	445.59411120414734
69	293.64905	16.280588	305.78668	270.63638	307.30585	33.475773	351.29678	233.59978	400.0	400.0	75899	89.38115	7.695555	126.25727	2.4779143	-89.62145	0.77713245	452.52595925331116
70	317.8609	32.710884	347.94427	272.38492	313.86896	22.973513	350.02374	274.40558	400.0	400.0	76999	89.56559	7.7078714	109.04058	1.2139666	-89.816154	0.80414337	458.97199630737305
71	293.00793	4.2039185	297.21185	288.80402	292.58484	31.05134	349.4127	222.461	400.0	400.0	78099	89.73216	7.684952	116.393074	0.6574905	-89.97287	0.8369811	465.7640585899353
72	272.93057	27.74605	295.5282	233.85092	278.71454	35.129993	331.78406	190.43619	400.0	400.0	79199	89.84842	7.6773744	109.739975	0.33694124	-90.07939	0.79040724	472.21249294281006
73	307.55823	32.819996	333.74973	261.27765	303.63348	21.055212	334.52765	265.63373	400.0	400.0	80299	89.95089	7.634971	113.33512	2.196428	-90.18117	0.7456488	479.11329340934753
74	309.8923	22.056076	340.60928	289.8375	288.61835	64.13017	336.0053	24.406456	400.0	384.35	81399	90.04793	7.6082225	111.46271	1.557972	-90.27058	0.7477971	485.8493893146515
75	275.29453	5.5615845	280.8561	269.73294	315.64435	24.104721	352.50018	273.78497	400.0	400.0	82499	90.09996	7.598257	117.45599	1.5654471	-90.31784	0.7216512	492.60407161712646
76	297.59525	33.653397	344.8182	268.8533	294.59198	64.429436	347.0415	38.383728	400.0	384.85	83599	90.142166	7.5934677	109.455086	2.6151035	-90.358284	0.7335853	499.34668350219727
77	319.95963	10.218813	334.2553	310.97845	310.6894	26.861729	350.92828	232.6798	400.0	400.0	84699	90.20203	7.5507326	110.487335	2.091696	-90.41943	0.698041	506.2347114086151
78	299.1284	27.253357	329.49637	263.39062	317.87775	23.404596	352.66028	275.5919	400.0	400.0	85799	90.284615	7.459455	106.17642	2.1558213	-90.4976	0.7166043	513.1112446784973
79	292.3385	19.423721	311.7622	272.91476	304.48022	28.530197	353.25177	238.45145	400.0	400.0	86899	90.30122	7.4802732	133.42493	1.7840946	-90.50796	0.7834108	520.440527677536
80	305.4685	22.219044	322.21613	274.06934	302.81564	48.42223	352.31165	127.76233	400.0	400.0	87999	90.33358	7.47916	109.413155	6.9306436	-90.546684	0.6897923	526.9834299087524
81	287.16064	16.73683	306.68695	265.81195	300.83603	25.766685	341.70898	249.76134	400.0	400.0	89099	90.35392	7.428105	117.074234	7.277865	-90.55982	0.65103894	533.6955955028534
82	306.95685	13.436928	325.65576	294.67657	298.98837	23.875525	339.50952	231.15327	400.0	400.0	90199	90.379364	7.372471	107.38798	7.4614935	-90.581055	0.6258611	540.4421172142029
83	299.99222	18.850159	318.84238	281.14206	297.8818	29.035503	343.52557	233.30182	400.0	400.0	91299	90.319115	7.346367	121.42779	6.4467826	-90.507355	0.6853058	546.8241095542908
84	251.31287	49.103405	298.37872	183.56094	292.2151	70.67037	340.35397	20.667006	400.0	384.95	92399	90.22761	7.3527765	104.52376	7.863186	-90.41921	0.60866123	553.1515264511108
85	298.58463	21.787273	322.4406	269.76886	299.6662	31.899868	347.54178	234.16272	400.0	400.0	93499	90.132996	7.282774	113.12303	6.6670036	-90.32068	0.6750618	560.1842968463898
86	276.29135	7.6244626	281.93668	265.5128	317.9488	20.828144	352.80505	278.4203	400.0	400.0	94599	90.05061	7.17753	123.97933	7.565281	-90.227295	0.6420378	567.2417552471161
87	303.62393	9.49234	313.11627	294.1316	305.34277	30.188953	347.75253	231.91098	400.0	400.0	95699	89.889046	7.1277275	123.102715	6.1096315	-90.06105	0.63070846	574.0831785202026
88	301.90598	46.41063	351.67477	239.96458	290.25885	72.99057	351.29218	14.819569	400.0	385.4	96799	89.74776	7.059031	120.13691	7.676262	-89.91974	0.6453959	580.709712266922
89	302.31787	29.236866	324.09875	260.9908	263.21722	108.75794	351.767	2.4779148	400.0	353.6	97899	89.64992	6.9209704	119.267	8.296943	-89.82216	0.67593396	587.1409893035889
90	301.17062	21.53641	316.90863	270.71927	280.44257	94.04891	353.09763	7.654377	400.0	369.6	98999	89.52145	6.801402	115.31393	7.741519	-89.693634	0.64197356	595.1840867996216
91	314.6445	16.391144	331.03564	298.25336	281.34033	48.038696	344.5204	198.14171	400.0	400.0	100099	89.43434	6.677618	105.4755	7.093543	-89.609344	0.62079483	602.2289843559265
92	314.23758	7.806598	321.5489	303.4179	284.12866	42.06506	347.64554	183.98344	400.0	400.0	101199	89.35857	6.6322494	109.320244	7.8641357	-89.53697	0.5554459	609.0286877155304
93	306.69095	28.59043	331.12476	266.57492	284.72974	45.387287	345.92084	195.00906	400.0	400.0	102299	89.31316	6.5924535	106.8444	7.056245	-89.5	0.66846806	615.7353670597076
94	299.8353	40.991447	337.1626	242.76004	305.22815	27.444101	347.86096	254.83737	400.0	400.0	103399	89.30897	6.5396743	107.63168	4.4528065	-89.49985	0.6279364	622.499657869339
95	301.59708	25.707672	327.30475	275.8894	328.04874	14.868829	351.77466	298.54672	400.0	400.0	104499	89.345375	6.465084	117.74673	6.2476916	-89.5346	0.6112528	629.3318490982056
96	296.12637	23.824118	316.13428	262.64594	327.25714	15.0451565	349.38095	286.93942	400.0	400.0	105599	89.31183	6.445177	113.01502	5.2932653	-89.49121	0.5899441	636.0924739837646
97	283.39282	42.031254	337.45087	234.95737	316.2181	20.4949	350.04016	273.76157	400.0	400.0	106699	89.29379	6.388194	108.423935	3.7321768	-89.47121	0.6049127	643.260929107666
98	305.8249	9.523893	319.28915	298.78912	311.04358	24.122372	348.85443	276.64392	400.0	400.0	107799	89.22412	6.3499703	105.58458	5.833082	-89.40175	0.6062345	651.6643359661102
99	292.0345	4.5623627	296.59683	287.4721	302.0896	73.23663	351.59683	-8.015387	400.0	383.4	108899	89.20679	6.3375587	104.41926	4.9247384	-89.388084	0.6250309	658.2321736812592
100	297.23434	16.56684	320.48663	283.12064	309.32837	28.252449	348.7981	247.13435	400.0	400.0	109999	89.18128	6.3214493	118.457146	4.819989	-89.360085	0.62175363	664.6260325908661
101	293.44675	21.616138	320.2512	267.31552	317.11877	25.156935	351.2805	274.2165	400.0	400.0	111099	89.14001	6.282189	125.512276	4.6570697	-89.31535	0.65471375	672.9032237529755
102	280.59488	21.664427	311.1646	263.53796	320.1699	16.768167	347.10645	279.45068	400.0	400.0	112199	89.06553	6.2069693	114.555756	5.839863	-89.237	0.6320418	679.7743842601776
103	286.1026	7.401474	293.5041	278.70114	307.00412	20.047754	344.6431	266.23865	400.0	400.0	113299	88.99575	6.156532	105.959785	3.6121285	-89.16889	0.5627047	686.2109320163727
104	275.81564	19.111122	290.62546	248.83128	310.3148	24.674541	345.9994	261.78613	400.0	400.0	114399	88.947975	6.053442	111.95333	5.195373	-89.11314	0.58626795	692.57945728302
105	284.52005	19.566242	311.2332	264.91342	313.20056	16.835825	345.7191	271.44147	400.0	400.0	115499	88.85509	6.0152507	115.74569	6.255326	-89.01986	0.5745194	699.2080702781677
106	303.9432	20.547117	332.3361	284.3933	315.20087	32.207554	351.7103	248.16849	400.0	400.0	116599	88.750404	6.0390058	113.73871	4.9365005	-88.90869	0.6206813	706.0709164142609
107	301.98486	31.114014	333.09888	270.87085	299.87668	34.183796	347.40518	220.66956	400.0	400.0	117699	88.62881	6.0349274	104.29524	5.667351	-88.78842	0.583921	712.9463429450989
108	280.66016	22.219805	302.1512	250.06065	314.07996	26.868479	351.8736	264.49146	400.0	400.0	118799	88.5362	6.0098724	119.326546	6.1345353	-88.69513	0.6458073	720.9619636535645
109	331.92688	10.31839	342.76215	318.04453	312.8617	23.63084	346.86435	262.9748	400.0	400.0	119899	88.42872	5.946186	116.00224	6.737236	-88.57713	0.5529145	728.8469550609589
110	306.6733	21.984797	328.11798	276.45505	314.32767	31.460243	352.42343	236.85332	400.0	400.0	120999	88.2833	5.8993306	127.5972	6.9763603	-88.4283	0.63392967	737.0635561943054
111	292.3084	7.2362213	299.54465	285.0722	312.72894	22.674791	350.94687	273.227	400.0	400.0	122099	88.11473	5.8277497	106.04073	6.2386246	-88.255135	0.55648994	745.2225294113159
112	305.655	4.98585	312.64795	301.37625	320.075	17.346575	346.10068	275.41708	400.0	400.0	123199	87.938446	5.8184285	126.89255	5.3895116	-88.07895	0.6017541	753.3437469005585
113	295.14685	4.6538143	300.78333	289.3859	317.41037	11.72405	336.75226	288.52487	400.0	400.0	124299	87.78227	5.7544045	113.208084	4.058043	-87.92106	0.57403684	761.5495407581329
114	301.9329	14.064974	321.30264	288.33075	316.90073	18.656261	344.37457	281.72415	400.0	400.0	125399	87.62204	5.6964784	109.090935	5.118906	-87.76362	0.5517558	769.2402989864349
115	306.29507	0.80496216	307.10004	305.4901	320.65112	18.849411	345.0999	283.7853	400.0	400.0	126499	87.475716	5.651803	106.0673	8.640961	-87.618576	0.4830245	775.8690977096558
116	312.0325	17.700098	328.2672	287.41467	325.27863	16.81684	343.66034	267.98514	400.0	400.0	127599	87.384254	5.6173387	107.95688	6.29115	-87.52636	0.5747762	782.5405511856079
117	290.4133	26.134634	323.2951	259.3567	311.63913	30.056423	347.53552	219.34436	400.0	400.0	128699	87.27644	5.6470246	128.52449	-4.7178855	-87.425285	0.57007295	790.5630986690521
118	277.3839	23.953745	303.09848	245.42836	306.80984	44.38571	350.63223	154.3506	400.0	400.0	129799	87.194756	5.6611056	101.906876	3.8426013	-87.336815	0.5448028	797.5718016624451
119	283.27637	24.047989	307.32437	259.2284	303.83435	53.90356	351.99796	144.93321	400.0	400.0	130899	87.089096	5.6312394	101.82545	3.5578785	-87.228424	0.45424554	805.3109548091888
120	285.03775	25.678938	318.50146	256.08923	301.85254	58.062572	352.71655	100.40359	400.0	400.0	131999	86.978	5.6558933	112.58384	1.2945249	-87.12372	0.5343208	812.9852240085602
121	249.16017	66.498634	335.0885	173.10004	299.61597	40.711864	347.64594	209.49362	400.0	400.0	133099	86.941505	5.6859713	117.688965	2.1320674	-87.090645	0.49374744	819.6057488918304
122	286.94254	33.45386	326.37332	244.58534	300.48322	35.59139	351.5091	220.24841	400.0	400.0	134199	86.86941	5.7507415	109.677246	2.791925	-87.01401	0.48288652	826.1227748394012
123	264.40448	10.493683	274.89816	253.9108	309.81882	26.29897	343.93887	252.42143	400.0	400.0	135299	86.78852	5.8036647	103.78096	0.6498487	-86.92928	0.47795808	832.6036047935486
124	308.46817	11.613372	318.58792	292.2057	314.57416	24.75262	351.01175	266.98627	400.0	400.0	136399	86.66338	5.880013	112.282036	-1.1471124	-86.80078	0.520509	840.6812288761139
125	265.64584	36.29182	316.30045	233.16122	299.94302	33.280807	353.31042	214.73857	400.0	400.0	137499	86.55519	5.950872	108.720314	-0.8167584	-86.693306	0.53481466	846.8945620059967
126	317.8066	7.3534374	324.14407	307.49734	306.62686	26.768797	344.09586	238.70793	400.0	400.0	138599	86.49476	5.9657426	107.437675	-0.08381438	-86.63151	0.44666976	853.5831184387207
127	278.52426	33.406708	311.93097	245.11755	316.23602	17.076118	347.4467	274.24814	400.0	400.0	139699	86.38936	6.004255	122.364395	-0.7312126	-86.51872	0.45620412	860.4216511249542
128	183.7387	123.15186	307.92242	20.29024	256.24567	107.331985	348.27777	66.59687	289.6	337.6	140799	86.28589	6.0603023	111.76787	-0.8864863	-86.42152	0.5315319	867.8111062049866
129	310.48007	6.247223	316.7273	304.23285	263.22598	99.17956	344.43225	62.183334	400.0	359.55	141899	86.21066	6.0963616	105.965866	0.51989317	-86.345795	0.47897306	874.7325954437256
130	280.85837	20.24829	309.49368	266.48584	270.44772	90.62247	352.40622	68.0767	400.0	361.7	142999	86.14983	6.0568943	112.9266	2.0149312	-86.27837	0.46437344	880.5054261684418
131	296.36966	8.344854	307.80615	288.12958	287.1811	68.96886	347.74292	74.04635	400.0	386.1	144099	86.06044	6.061241	99.827835	2.4216614	-86.189766	0.4510063	888.4172852039337
132	225.33289	31.708082	265.71573	188.25883	321.2143	21.765392	352.18484	268.30432	400.0	400.0	145199	85.97391	6.0928783	103.22336	1.5508192	-86.10504	0.6092247	894.7301123142242
133	266.77557	24.086136	290.8617	242.68942	304.3981	20.906727	338.6472	248.10475	400.0	400.0	146299	85.86554	6.1601133	108.87752	0.28226066	-85.99907	0.54363394	901.0650222301483
134	261.18958	28.092512	284.2441	221.64178	312.61847	18.865305	351.38712	277.56958	400.0	400.0	147399	85.81899	6.1402555	107.50501	2.0069058	-85.9524	0.5140204	907.4021782875061
135	284.712	4.667712	289.69333	278.47018	291.37326	29.837666	343.38788	234.43938	400.0	400.0	148499	85.757324	6.13641	102.80446	0.8349142	-85.88909	0.5339663	914.1878147125244
136	301.46475	31.980768	341.4618	263.1815	296.329	29.401213	341.53607	215.46678	400.0	400.0	149599	85.691246	6.104887	107.25926	2.5371299	-85.81954	0.50274646	920.9764144420624
137	281.83704	9.766403	291.60345	272.07065	314.42566	26.580002	344.26126	251.82889	400.0	400.0	150699	85.62141	6.1019554	104.57329	3.1411364	-85.743385	0.47952858	927.8315978050232
138	278.3268	29.963207	311.87537	239.13466	298.04065	65.85434	352.96204	28.171772	400.0	384.4	151799	85.51461	6.122634	108.42556	1.0642555	-85.63619	0.58540934	934.5823066234589
139	281.06412	15.505814	298.55148	260.86227	314.6164	18.242338	344.00665	273.01053	400.0	400.0	152899	85.396614	6.1026254	115.35263	2.027419	-85.51815	0.56525743	941.3726272583008
140	285.92133	14.20535	303.49	268.6993	303.1534	29.936478	336.706	218.84729	400.0	400.0	153999	85.33475	6.0608883	98.77704	5.1767488	-85.461464	0.533853	948.7312722206116
141	296.32153	0.7193451	297.0409	295.6022	309.57516	33.89308	344.6997	203.68053	400.0	400.0	155099	85.26709	6.008041	104.26426	5.4039154	-85.38935	0.47784108	955.4475634098053
142	285.14478	31.825	329.66046	257.14136	300.19473	32.25897	340.72885	222.6147	400.0	400.0	156199	85.17952	6.002494	108.11693	4.8564806	-85.29651	0.50088423	962.1508100032806
143	316.21365	18.030079	340.53156	297.4135	314.20837	24.491941	351.64368	254.3255	400.0	400.0	157299	85.08759	6.013325	105.428635	2.3823848	-85.208435	0.5306838	968.7581422328949
144	297.45886	13.31817	311.66647	279.64673	307.21893	35.86591	337.00424	204.23611	400.0	400.0	158399	85.02778	5.964968	101.3865	3.5248232	-85.14834	0.41172495	975.4456446170807
145	280.4998	6.8612366	287.36102	273.63855	316.48236	27.304813	351.832	240.83855	400.0	400.0	159499	84.986115	5.904064	118.98205	6.8835487	-85.11375	0.4956446	982.21124792099
146	297.56708	9.776102	311.0495	288.17514	304.47467	29.68149	350.4239	245.41335	400.0	400.0	160599	84.961334	5.8841414	104.23231	6.92827	-85.09239	0.45199406	990.1950492858887
147	298.66537	9.694844	308.9312	285.662	320.39838	16.874432	347.53677	283.8663	400.0	400.0	161699	84.99271	5.8137236	102.34312	5.784535	-85.12872	0.51503587	997.0299384593964
148	294.09146	24.087776	327.70993	272.51984	313.13458	20.981363	335.65085	265.04794	400.0	400.0	162799	85.006645	5.8324804	112.23091	5.1794877	-85.14516	0.6009802	1005.1657869815826
149	303.87503	15.0295105	318.90454	288.84552	324.72443	17.766752	346.93967	283.53183	400.0	400.0	163899	85.0421	5.802858	110.2663	3.2128327	-85.188774	0.5269069	1013.1225090026855
150	303.10452	8.316768	314.81158	296.27045	324.3136	28.12521	351.73636	225.29866	400.0	400.0	164999	85.09948	5.7796755	106.76774	4.775574	-85.248695	0.5349875	1021.2090933322906
151	284.1402	18.647232	299.50446	257.89645	316.21655	14.773163	344.4279	285.39923	400.0	400.0	166099	85.17963	5.744893	128.36621	6.220976	-85.33139	0.5330361	1027.5275678634644
152	305.61084	11.805194	318.3844	289.91434	328.04913	21.978579	352.82043	263.92975	400.0	400.0	167199	85.248726	5.7948833	112.926506	4.070396	-85.3959	0.49882403	1033.8388311862946
153	309.50397	1.9641571	311.46814	307.53983	323.7239	13.9826355	347.27365	298.57465	400.0	400.0	168299	85.32506	5.8014045	114.45948	7.1413403	-85.47034	0.52126545	1040.176257610321
154	231.76982	7.181249	241.92549	226.64589	314.61618	30.757103	352.7989	222.38777	400.0	400.0	169399	85.317505	5.820633	107.657425	6.9031477	-85.4633	0.5756969	1046.8843667507172
155	292.1365	18.779562	314.92856	268.93372	327.70935	16.435377	350.6835	282.73434	400.0	400.0	170499	85.32443	5.813927	110.29766	6.4460406	-85.46611	0.5217714	1053.549647808075
156	302.91794	15.529385	324.3485	288.04443	322.3709	16.30401	349.1641	286.92297	400.0	400.0	171599	85.32926	5.860118	108.973366	5.3344393	-85.46773	0.599916	1060.2034494876862
157	263.024	26.409554	289.43353	236.61443	311.04663	23.171396	345.57825	245.4324	400.0	400.0	172699	85.30273	5.856714	104.85838	4.547192	-85.433754	0.5482368	1067.167902469635
158	298.8539	22.137806	324.63474	270.58054	326.53607	16.850452	350.09848	277.9623	400.0	400.0	173799	85.26584	5.829686	105.61486	7.2871056	-85.397285	0.54265934	1075.091798067093
159	282.95187	28.213726	308.99435	243.75117	322.5928	18.165041	353.16986	284.66095	400.0	400.0	174899	85.2328	5.759234	104.01012	8.541097	-85.36161	0.5063997	1083.0786542892456
160	300.7003	22.366737	318.5097	269.1566	318.7524	23.248787	351.01382	260.11914	400.0	400.0	175999	85.174095	5.779024	110.01719	4.729893	-85.30027	0.50603825	1091.1714069843292
161	290.84494	28.574982	319.41992	262.26996	308.72708	31.648293	351.72372	233.67203	400.0	400.0	177099	85.08738	5.8109717	102.99217	5.243841	-85.21303	0.46305847	1098.1186928749084
162	242.4817	36.369755	274.51572	191.61494	293.21198	33.305832	345.48883	205.55434	400.0	400.0	178199	85.01113	5.8447704	110.22215	3.3063548	-85.13042	0.53065556	1106.1718158721924
163	252.13692	63.660225	310.05264	163.486	313.31915	32.82601	352.8629	226.30586	400.0	400.0	179299	84.91457	5.8806043	102.5753	2.8561082	-85.02666	0.5117851	1112.7725276947021
164	266.788	6.077936	274.22018	259.3324	297.1761	40.483486	340.95703	165.26215	400.0	400.0	180399	84.78843	5.968352	106.778725	-0.089944124	-84.89393	0.48946023	1118.9796905517578
165	230.75986	12.731735	243.4916	218.02812	308.26422	31.743292	348.419	223.84966	400.0	400.0	181499	84.63947	6.0049415	108.29403	-0.57102966	-84.7426	0.55373913	1125.7810728549957
166	279.69595	14.197884	298.37997	263.98602	301.19446	42.476963	344.04245	179.12022	400.0	400.0	182599	84.480034	6.0492406	103.07893	-1.9070735	-84.57956	0.48753822	1133.6581480503082
167	302.69217	19.163355	323.64374	277.3293	291.53464	70.45695	348.71503	99.055626	400.0	400.0	183699	84.34404	6.049321	100.739204	0.14738369	-84.44293	0.4540488	1140.3380045890808
168	279.4623	18.574577	294.22018	253.26381	305.10114	45.951206	352.42566	167.29501	400.0	400.0	184799	84.18701	6.124992	100.77041	-3.2311661	-84.29179	0.50132936	1147.0737414360046
169	305.36	33.588715	338.9487	271.77127	312.20636	40.310623	347.3534	182.06073	400.0	400.0	185899	84.08598	6.110653	108.578156	-2.6104047	-84.18841	0.47471347	1153.8611562252045
170	294.18552	46.754242	341.08563	230.37181	318.7965	23.717003	346.3615	241.04869	400.0	400.0	186999	83.9944	6.2074833	110.5226	-4.942212	-84.097725	0.51519954	1161.950440645218
171	215.4292	100.603485	297.7038	73.769455	297.8427	53.71469	350.57404	168.78447	336.66666	394.0	188099	83.86936	6.2572765	103.08353	-4.9930906	-83.97219	0.44857866	1168.8015723228455
172	298.60147	34.65884	343.16998	258.65118	283.14154	60.584377	347.72595	105.22851	400.0	400.0	189199	83.7819	6.362127	110.847984	-7.306239	-83.88749	0.5094628	1176.989048242569
173	307.69943	27.752262	328.87646	268.49393	300.28024	32.098763	347.46964	212.33092	400.0	400.0	190299	83.72041	6.408182	106.51816	-9.830996	-83.82758	0.5156068	1183.4768755435944
174	285.7278	19.671736	309.20465	261.0629	308.24066	23.003334	344.6889	254.05032	400.0	400.0	191399	83.663666	6.456667	105.42611	-11.348554	-83.77057	0.49636462	1190.395221710205
175	235.90218	3.2388458	239.14102	232.66333	321.29645	27.785936	352.22314	234.16823	400.0	400.0	192499	83.598885	6.5389743	99.485115	-9.063793	-83.71018	0.49689263	1196.885710477829
176	281.78772	25.14036	308.28012	248.00688	322.45206	19.360193	348.199	269.45233	400.0	400.0	193599	83.607735	6.5828447	112.64058	-11.025189	-83.72613	0.47855845	1205.0531840324402
177	252.68805	8.961295	264.21237	242.35974	292.4018	75.66793	342.35623	0.74738795	400.0	383.0	194699	83.63343	6.6832285	104.999054	-10.830935	-83.75817	0.5187111	1212.9833703041077
178	310.17166	8.687148	317.97522	298.05234	285.16574	45.8084	349.66595	194.74669	400.0	400.0	195799	83.67099	6.7693863	113.24645	-9.371252	-83.80375	0.5525036	1218.879640340805
179	301.0825	17.990204	319.0727	283.0923	305.6526	42.806206	352.9199	208.4785	400.0	400.0	196899	83.79033	6.8493834	99.83808	-7.610511	-83.92501	0.46184066	1225.1489992141724
180	307.4177	17.550676	328.7777	285.79	307.7977	35.73993	348.42493	204.50458	400.0	400.0	197999	83.92408	6.9193716	102.658646	-7.1654806	-84.063644	0.49520442	1231.7285392284393
181	291.8602	17.49462	312.88522	270.0537	323.17755	20.16804	347.23154	274.323	400.0	400.0	199099	84.07052	6.9840164	96.080635	-6.3284	-84.21642	0.5517084	1238.5319964885712
182	303.1019	26.942665	329.13327	265.9898	314.8187	27.18701	344.08273	240.33504	400.0	400.0	200199	84.22346	7.069614	111.640854	-4.065299	-84.37769	0.5308831	1244.8793346881866
183	293.73566	35.213745	328.9494	258.5219	320.91364	20.685616	342.08807	269.24677	400.0	400.0	201299	84.38751	7.158654	98.95038	-3.0395224	-84.53733	0.56194055	1251.7322499752045
184	284.746	16.683361	304.9374	264.07996	319.3777	31.07262	346.0345	226.23949	400.0	400.0	202399	84.56805	7.216947	98.45653	-4.170871	-84.728455	0.60299706	1258.5018436908722
185	296.85367	35.551117	327.07648	246.94629	313.05197	29.38544	343.1144	247.55566	400.0	400.0	203499	84.78351	7.2217116	105.010895	-5.0190206	-84.93923	0.5607578	1264.9475288391113
186	233.74467	73.14147	289.97757	130.4424	307.32806	28.269363	346.2263	255.40297	400.0	400.0	204599	84.92943	7.2842717	101.92232	-1.6229718	-85.08238	0.56402683	1270.8705825805664
187	311.4008	11.536743	322.93753	299.86404	313.4846	30.024998	341.264	242.416	400.0	400.0	205699	85.06766	7.2595677	114.11849	0.043042183	-85.2226	0.54585224	1279.15558385849
188	313.90274	19.482718	330.47617	286.55414	314.68832	29.223104	343.25104	206.09377	400.0	400.0	206799	85.20482	7.2400365	103.50593	2.0838296	-85.36088	0.50752896	1286.0347623825073
189	303.83057	11.936014	318.91663	289.72928	319.99872	29.546394	348.35263	250.21603	400.0	398.95	207899	85.38651	7.153073	103.90919	5.3172436	-85.5448	0.5857838	1292.8944644927979
190	297.98572	22.716919	326.34442	270.7325	307.51993	32.14614	349.5459	227.3318	400.0	400.0	208999	85.544266	7.0657263	105.47944	4.155745	-85.700485	0.5043105	1299.6561579704285
191	317.0928	13.982513	331.07532	303.1103	318.555	14.286333	346.46054	295.50653	400.0	400.0	210099	85.700516	7.016142	103.91142	1.6673193	-85.865074	0.5655747	1306.3928468227386
192	305.1571	23.564146	335.77267	278.45114	318.56808	23.022701	349.86005	246.3914	400.0	400.0	211199	85.92028	6.941448	115.67545	3.7694476	-86.09103	0.58042026	1313.2925024032593
193	306.10278	26.782242	343.22058	281.0143	321.87714	18.70742	349.7469	278.95602	400.0	400.0	212299	86.13448	6.83286	112.5428	-11.257036	-86.30436	0.55195177	1319.7954626083374
194	300.4763	26.166727	337.1041	277.59644	317.631	21.06394	350.24716	270.11633	400.0	400.0	213399	86.316696	6.7341485	112.0497	6.257347	-86.48269	0.5664636	1326.4837069511414
195	290.5469	29.694458	320.24136	260.85245	323.53433	9.758669	338.61914	306.2903	400.0	400.0	214499	86.45647	6.655235	106.393166	7.8173223	-86.62146	0.5499756	1332.828104019165
196	316.10867	8.41912	323.9224	304.4216	322.66046	24.456232	349.46402	264.64337	400.0	400.0	215599	86.577255	6.5393176	107.77748	11.985386	-86.73186	0.54787666	1339.5718092918396
197	294.37976	6.3205085	298.93143	285.4417	328.86505	10.761932	348.4221	301.284	400.0	400.0	216699	86.63191	6.476691	105.73701	-7.583107	-86.78446	0.62041605	1346.4256372451782
198	302.98596	4.6172285	306.9736	296.51416	322.45862	13.779659	345.46533	289.12085	400.0	400.0	217799	86.66967	6.41236	110.62003	13.193327	-86.816956	0.5951317	1353.270921945572
199	293.2015	29.609528	322.81104	263.59198	317.48334	16.165861	348.17233	281.3226	400.0	400.0	218899	86.69804	6.349768	104.11457	13.448315	-86.84555	0.56885874	1360.5040001869202
200	293.92807	12.154209	304.11362	276.84454	324.58228	17.978477	348.79974	287.09756	400.0	400.0	219999	86.651794	6.318473	108.14469	12.427219	-86.78412	0.55442816	1367.461339712143
201	296.70065	14.574599	312.6614	277.42563	321.3393	15.915655	336.8629	278.2003	400.0	400.0	221099	86.59026	6.2525687	113.047226	13.412722	-86.718605	0.5379873	1374.2854452133179
202	289.7452	31.645412	323.4649	247.40233	326.7629	15.385779	346.82336	282.25723	400.0	400.0	222199	86.47876	6.2143683	106.88969	16.556454	-86.59741	0.5401195	1380.238305568695
203	294.7143	2.0034943	296.7178	292.71082	323.8279	14.314712	343.66635	292.99753	400.0	400.0	223299	86.33254	6.159527	103.13472	17.648848	-86.44665	0.5546799	1386.289870262146
204	300.82602	14.0694	310.82416	280.92896	314.0798	17.63027	339.17548	271.48975	400.0	400.0	224399	86.16442	6.1232433	110.64187	18.024828	-86.27575	0.5561791	1392.7197952270508
205	283.89838	17.941431	300.97064	259.1066	325.25232	14.502919	347.80588	292.381	400.0	400.0	225499	86.02291	6.0568604	107.76658	19.980345	-86.13196	0.53772295	1400.759669303894
206	303.72217	17.386477	316.77817	279.15005	318.56418	19.33096	339.11304	272.32834	400.0	400.0	226599	85.878235	6.02411	110.91638	19.241276	-85.98895	0.54698133	1407.125943660736
207	304.84082	8.820084	313.66092	296.02075	323.007	19.154821	346.1564	266.2536	400.0	400.0	227699	85.764854	6.004673	104.66563	15.608276	-85.881065	0.5229294	1413.969880104065
208	319.56882	23.782448	337.33438	285.95355	318.73138	23.895	342.09875	255.17583	400.0	400.0	228799	85.68659	6.0402293	101.34273	19.261978	-85.808	0.5642629	1420.8432490825653
209	299.07782	25.30318	324.58405	264.58878	321.87048	18.743046	348.81055	288.87518	400.0	400.0	229899	85.64558	6.0263853	105.46159	19.211449	-85.77032	0.5694338	1427.7143540382385
210	306.1589	1.1955924	307.07993	304.4704	310.62595	25.619255	349.21884	251.92918	400.0	400.0	230999	85.62422	6.0421724	105.98241	18.468151	-85.75627	0.5441062	1434.5933496952057
211	317.63794	17.277145	334.91507	300.36078	326.87192	12.454777	345.46936	292.70212	400.0	400.0	232099	85.65801	6.052221	107.44758	17.93511	-85.79235	0.51745915	1441.4996919631958
212	286.00308	47.340973	324.3786	219.30489	318.232	18.073275	348.74945	270.2167	400.0	400.0	233199	85.6707	6.057632	106.48135	15.339568	-85.804085	0.5208192	1447.9962334632874
213	301.76978	15.668444	318.7369	280.9437	319.43573	24.751667	347.25583	259.48428	400.0	400.0	234299	85.68033	6.0982785	105.76119	19.07877	-85.81331	0.48859286	1454.7121698856354
214	290.5831	5.559159	297.12653	283.53726	326.0266	22.147936	349.6267	260.34106	400.0	400.0	235399	85.68164	6.1577654	101.69314	20.799246	-85.817894	0.5150715	1461.9365592002869
215	285.6361	12.101456	297.73755	273.53464	318.2407	22.244184	344.71848	246.49248	400.0	400.0	236499	85.70778	6.2609296	105.39642	19.668375	-85.84968	0.51425135	1470.2741029262543
216	303.92172	16.15782	324.64975	285.22858	317.04193	26.917955	347.68866	231.48804	400.0	400.0	237599	85.767815	6.332084	112.67615	18.99271	-85.91224	0.5311953	1477.4674544334412
217	295.3253	18.420294	313.14066	269.95795	318.05258	21.251316	346.86493	271.99	400.0	400.0	238699	85.84109	6.4357123	109.00036	17.895191	-85.99425	0.49861988	1484.497397184372
218	314.34128	9.117264	323.33832	301.8442	322.64218	16.440832	345.01324	283.45752	400.0	400.0	239799	85.94312	6.589648	107.24995	15.991765	-86.09176	0.56764823	1491.3797845840454
219	335.23148	4.5542297	339.7857	330.67725	315.144	19.460432	349.14355	274.27884	400.0	400.0	240899	86.04474	6.692728	112.76363	15.937449	-86.18783	0.51842964	1497.9454250335693
220	295.39026	22.323408	326.95242	278.9975	299.30222	70.89982	345.98386	2.017639	400.0	383.75	241999	86.09046	6.7849917	113.66781	15.010288	-86.228775	0.52297074	1505.9231424331665
221	310.5236	16.875296	325.16122	286.88092	321.09076	17.838978	346.81573	288.8854	400.0	400.0	243099	86.122444	6.85331	104.19748	14.827312	-86.262115	0.55274516	1513.7234020233154
222	300.49277	32.50627	337.43793	258.3289	324.33774	20.756365	348.4061	254.80153	400.0	400.0	244199	86.11893	6.9030995	105.43797	11.185251	-86.25425	0.59034693	1520.1438777446747
223	289.11835	8.64447	297.76282	280.47388	320.89322	19.852982	350.2578	278.97223	400.0	400.0	245299	86.10108	6.9342594	119.28792	11.970953	-86.232895	0.5803308	1526.933382511139
224	296.06064	5.9797745	304.29373	290.2712	320.00153	22.147312	349.45062	250.30942	400.0	400.0	246399	86.05179	6.9387436	108.0512	9.549617	-86.17828	0.51283056	1533.7422540187836
225	317.05188	17.556715	333.47287	292.71313	318.76495	14.022758	348.06833	295.8587	400.0	400.0	247499	86.039635	6.8807616	111.33309	11.354061	-86.16688	0.50160116	1541.775330066681
226	325.3121	15.219964	339.94876	304.3264	315.7625	13.447279	344.76517	291.03632	400.0	400.0	248599	85.98849	6.858933	106.280075	12.071747	-86.10837	0.57180107	1548.5900769233704
227	302.06262	18.078583	320.1412	283.98404	321.71545	12.403547	347.4255	295.8267	400.0	400.0	249699	85.922104	6.800078	114.51405	12.4147415	-86.04068	0.5118115	1555.6204454898834
228	311.42612	20.844074	329.95477	282.30655	323.72717	28.825747	347.2997	207.59152	400.0	400.0	250799	85.86042	6.732919	109.999245	12.152397	-85.980896	0.5412758	1562.3904166221619
229	298.67883	4.019071	303.20444	293.43802	324.92502	21.234257	350.4418	249.15472	400.0	400.0	251899	85.79133	6.6860323	115.5278	10.667738	-85.90985	0.5350031	1569.0629343986511
230	278.19302	39.21595	310.70642	223.02623	324.62466	18.12579	347.00095	275.38797	400.0	400.0	252999	85.7224	6.6845474	108.95497	11.871174	-85.845566	0.53606266	1577.3580393791199
231	304.9474	8.693024	313.6404	296.25436	319.4721	12.111826	342.28662	302.16434	400.0	400.0	254099	85.668106	6.6674366	108.36229	11.6601715	-85.79311	0.5630046	1584.362720489502
232	297.57913	4.53091	303.97833	294.09424	326.38535	17.041248	350.5884	299.7538	400.0	400.0	255199	85.67028	6.668805	117.93195	11.819892	-85.802185	0.49919954	1591.008401632309
233	316.19775	19.755777	343.7353	298.34256	313.1149	21.131811	347.7654	260.34882	400.0	400.0	256299	85.749596	6.6848865	109.15731	13.1280365	-85.884285	0.5489281	1598.0118987560272
234	306.79114	22.61931	338.6239	288.14407	311.68304	23.13681	340.04416	257.61282	400.0	400.0	257399	85.78345	6.7141395	108.066	10.4226465	-85.918365	0.49692672	1604.7858023643494
235	291.23935	11.554199	302.79355	279.68515	312.96613	17.124702	343.10242	284.3596	400.0	400.0	258499	85.8485	6.7390556	107.39241	9.868182	-85.98898	0.5220979	1612.5430600643158
236	303.80698	13.67365	320.37738	286.8893	312.18488	16.525492	342.77747	267.82242	400.0	400.0	259599	85.92407	6.7692018	111.69637	10.510117	-86.065346	0.52567005	1619.0702772140503
237	310.3562	10.200973	323.9979	299.47113	315.13388	23.102905	349.65723	257.94235	400.0	400.0	260699	86.05509	6.7761374	101.88603	12.769739	-86.19968	0.52214485	1625.6040768623352
238	309.81937	25.861454	329.46704	273.2804	310.5435	24.955622	347.73416	251.58653	400.0	400.0	261799	86.197296	6.8133383	107.81146	14.214721	-86.35268	0.5620112	1632.4056787490845
239	297.30267	15.8211975	313.12387	281.48148	298.16675	70.735954	342.45712	-0.69339633	400.0	382.85	262899	86.38461	6.8451076	106.28431	13.300289	-86.54638	0.56011945	1638.7712783813477
240	325.9393	4.020241	331.57086	322.44693	309.99625	18.82024	335.4671	266.658	400.0	400.0	263999	86.59723	6.9085517	102.7505	14.756538	-86.76103	0.5437658	1645.8676471710205
241	293.08017	5.856507	299.4086	285.28873	301.92456	70.89804	340.5535	1.4551109	400.0	383.0	265099	86.78354	6.939586	106.17043	17.76597	-86.94175	0.56573397	1653.6757578849792
242	303.89297	21.229836	319.76437	273.8862	290.62582	32.05873	345.90045	214.82991	400.0	400.0	266199	86.90954	6.946688	115.05701	23.062473	-87.068085	0.59796697	1662.0216987133026
243	299.20343	5.4240265	304.62744	293.7794	307.9353	28.379484	344.21024	221.02042	400.0	400.0	267299	87.11085	6.983595	106.36927	16.765232	-87.290344	0.57448506	1670.2669739723206
244	284.14804	10.448909	295.0905	270.07645	312.23764	21.511942	349.66397	277.27588	400.0	400.0	268399	87.41795	7.025652	105.85564	18.40492	-87.615326	0.57388127	1678.1467006206512
245	283.3092	37.38839	329.38364	237.80652	285.4915	71.72104	338.8576	-1.0968328	400.0	383.1	269499	87.72815	7.1308293	111.790634	16.72895	-87.92922	0.5843117	1684.835770368576
246	303.12552	11.115476	313.17715	287.6329	301.50235	20.143332	338.06775	252.11241	400.0	400.0	270599	88.058136	7.1996617	109.03198	1.9703131	-88.25446	0.616956	1691.5644178390503
247	278.82285	7.382599	286.20544	271.44025	302.2386	40.224197	350.47333	190.59807	400.0	400.0	271699	88.30455	7.25397	104.31381	18.103739	-88.491455	0.5230235	1698.406811952591
248	305.02228	12.007568	319.73138	290.31897	304.58905	23.990038	350.4243	252.68079	400.0	400.0	272799	88.546196	7.308673	114.18885	18.850868	-88.73549	0.5772032	1704.8365712165833
249	287.221	20.166466	302.86572	258.7477	318.97327	20.854843	347.08423	273.4786	400.0	400.0	273899	88.75867	7.319181	120.192604	15.73335	-88.93899	0.62587935	1711.150928735733
250	286.7367	10.798329	298.84125	272.6212	281.91016	69.98513	330.03732	-5.5825205	400.0	383.35	274999	88.91056	7.316713	116.93702	18.720966	-89.07956	0.60515875	1719.5174624919891
