Epoch	AverageEpRet	StdEpRet	MaxEpRet	MinEpRet	AverageTestEpRet	StdTestEpRet	MaxTestEpRet	MinTestEpRet	EpLen	TestEpLen	TotalEnvInteracts	AverageQVals	StdQVals	MaxQVals	MinQVals	LossPi	LossQ	Time
1	68.79572	45.153557	113.94928	23.642166	-171.37886	6.1897664	-156.12352	-178.34705	400.0	400.0	1099	1.1201147	0.069001384	1.4589285	0.86559314	-1.1259885	0.041811414	2.9669241905212402
2	43.14822	103.45678	188.6439	-42.94929	191.02759	85.542915	332.62323	54.89981	400.0	400.0	2199	1.6130803	0.8604008	4.381312	0.064389125	-1.6710546	0.017375456	12.588197469711304
3	-18.852587	35.497547	25.04348	-61.89482	184.97183	94.492836	336.37753	51.941833	400.0	400.0	3299	2.4279072	1.9746162	7.914828	-0.54508173	-2.6194627	0.0026749615	21.844760417938232
4	-5.9941177	43.79064	50.858646	-55.686737	234.06058	101.0758	335.0007	50.109074	400.0	400.0	4399	3.5170317	2.8085337	11.036575	-0.68969226	-3.7129214	0.003614766	31.102692127227783
5	-2.2388687	22.627394	20.388525	-24.866262	212.9676	94.66852	322.17853	48.273506	400.0	400.0	5499	4.2306757	3.5860162	13.972844	-0.73915124	-4.432616	0.0052054427	40.982460737228394
6	124.131905	19.209963	145.5011	98.91967	218.11096	88.583984	326.16675	54.676216	400.0	400.0	6599	6.016806	4.5917544	16.662569	-0.71687376	-6.22553	0.006601657	49.99200415611267
7	64.21053	85.126915	132.07973	-55.835724	231.60559	84.385826	322.59897	43.395287	400.0	400.0	7699	7.774913	5.575035	19.110596	-0.6152782	-7.9921203	0.009020011	59.53934693336487
8	-17.367878	53.93886	58.90992	-56.11826	281.8283	38.01667	327.23276	161.84259	400.0	400.0	8799	9.000514	6.3637633	21.382729	-0.47449678	-9.226624	0.01069718	68.7891948223114
9	-32.08681	0.12457752	-31.962233	-32.211388	251.70718	66.9585	323.9532	92.66232	400.0	400.0	9899	9.471723	7.0569634	23.513638	-0.33899182	-9.706266	0.012222799	79.6063482761383
10	82.45273	33.48433	129.80661	58.686134	235.31145	75.85915	326.81406	59.7972	400.0	400.0	10999	10.883832	7.7990837	25.588741	-0.2339411	-11.126319	0.013855165	89.31721329689026
11	-12.411865	62.588413	74.9355	-68.48684	263.2093	65.3074	340.93936	76.59092	400.0	400.0	12099	11.653018	8.490403	27.452639	-0.3459099	-11.903565	0.016027024	99.08441138267517
12	152.71889	19.139627	169.92615	126.020485	222.8248	58.59753	299.96344	77.912895	400.0	400.0	13199	13.388907	9.364374	29.337097	-0.30804205	-13.651027	0.022848763	109.83766055107117
13	60.828163	74.12351	134.95168	-13.295352	267.5309	33.31829	311.0833	204.23143	400.0	400.0	14299	15.035655	10.063567	31.162598	-0.3057664	-15.298974	0.020559551	118.91546535491943
14	10.831063	43.654606	69.03725	-36.09385	263.5492	54.839554	315.62503	82.776924	400.0	400.0	15399	15.9889145	10.514101	32.91308	-0.2283853	-16.250399	0.025547218	128.05237817764282
15	302.06277	13.396827	316.88025	284.42935	280.78195	39.61466	323.75378	180.04927	400.0	400.0	16499	17.628712	11.323915	34.988136	-0.18135563	-17.881832	0.027621804	136.71183252334595
16	271.7604	57.312614	317.48688	190.94098	242.55405	78.20373	331.69214	33.681786	400.0	400.0	17599	19.736368	12.238305	37.29303	-0.04422918	-19.981056	0.02707448	145.9776840209961
17	290.0802	6.6431274	296.72333	283.43707	283.91342	46.135406	335.92007	138.63916	400.0	400.0	18699	21.726395	13.070822	39.50208	0.019862473	-21.962421	0.029897207	155.1009123325348
18	232.63135	83.52642	293.86273	114.53405	259.40363	56.211166	318.38397	122.10101	400.0	400.0	19799	23.420544	13.844014	41.762817	0.16020244	-23.650383	0.032740694	165.0041332244873
19	198.08058	113.68752	322.39246	47.622917	277.59613	52.58681	334.96436	167.1108	400.0	400.0	20899	25.037754	14.603217	43.84769	0.33029085	-25.260912	0.033541586	175.0117588043213
20	259.71506	57.005344	324.24713	185.6026	277.14685	52.423897	332.36575	141.76405	400.0	400.0	21999	26.836134	15.346307	45.88843	0.514972	-27.055231	0.035997696	184.03685688972473
21	311.80618	9.258972	321.06516	302.5472	274.5712	53.21814	333.16806	132.86263	400.0	400.0	23099	28.657835	16.021055	47.898922	0.7378228	-28.872494	0.03747802	193.84583449363708
22	286.63516	33.560005	324.3009	242.7947	275.6797	53.840717	327.82596	142.79378	400.0	400.0	24199	30.65044	16.650793	49.67381	0.90588355	-30.861015	0.038718086	202.49093985557556
23	315.47754	4.8637943	320.17523	308.77744	257.9937	55.367435	327.63104	149.48633	400.0	400.0	25299	32.587997	17.230804	51.34473	1.1415834	-32.7933	0.042778492	211.86247277259827
24	277.46762	48.07842	316.37985	209.72401	266.55878	38.167664	328.25385	176.11766	400.0	400.0	26399	34.397564	17.732025	52.977127	1.3854234	-34.59938	0.044404536	221.29130053520203
25	261.82562	54.534004	316.35962	207.29161	259.8878	57.524788	328.4823	134.0375	400.0	400.0	27499	36.047325	18.182083	54.429523	1.6518381	-36.24535	0.0473229	231.3237109184265
26	289.24176	36.850597	317.97562	237.22217	284.58197	38.133274	330.74496	159.47745	400.0	400.0	28599	37.690605	18.55772	55.83447	1.864539	-37.884007	0.050602585	241.36030507087708
27	219.60942	19.903507	246.35327	198.63493	264.44293	45.94622	327.84656	182.86732	400.0	400.0	29699	39.067486	18.904451	57.200153	2.0768023	-39.257896	0.05147381	251.03753519058228
28	224.86072	53.42923	284.63092	154.9423	259.99115	58.632355	335.92123	122.342995	400.0	400.0	30799	40.349857	19.225368	58.45186	2.2415206	-40.535046	0.050412793	260.4080545902252
29	300.0125	5.783951	305.79645	294.22855	267.15976	50.658054	333.74377	162.32852	400.0	400.0	31899	41.85297	19.456308	59.63852	2.354653	-42.03478	0.05195413	269.8431875705719
30	296.6253	10.774201	310.41992	284.12384	267.0771	54.012596	330.74887	141.38057	400.0	400.0	32999	43.32014	19.697432	60.723732	2.420664	-43.498425	0.05039013	279.26345682144165
31	287.8899	19.681686	314.25516	266.9802	248.71793	64.625916	329.00522	105.111755	400.0	400.0	34099	44.81328	19.835733	61.85248	2.4497612	-44.98742	0.053562243	288.5537350177765
32	280.3157	48.2343	314.51117	212.10219	268.5335	49.63916	328.86218	172.70714	400.0	400.0	35199	46.01929	20.032145	62.872875	2.4220686	-46.188454	0.05417719	299.6430330276489
33	259.2219	9.79435	269.01624	249.42754	283.44623	49.074696	333.5684	178.43849	400.0	400.0	36299	47.33843	20.127188	63.85231	2.423751	-47.50226	0.05357653	308.55467104911804
34	238.25627	17.681376	253.43776	213.4583	285.06287	44.278866	342.13245	179.52663	400.0	400.0	37399	48.34365	20.243853	64.81432	2.500927	-48.50468	0.05569812	319.6651895046234
35	283.68262	4.8797913	289.98096	278.09076	263.4853	46.922543	331.44705	159.58438	400.0	400.0	38499	49.45362	20.333212	65.744026	2.5598233	-49.61062	0.053837184	329.305810213089
36	267.8967	38.62631	296.92877	213.30771	283.61548	40.298218	336.87573	206.28442	400.0	400.0	39599	50.57239	20.383343	66.61745	2.5193303	-50.727486	0.055724077	340.2617208957672
37	290.41153	11.926056	302.3376	278.48547	283.74768	46.031616	336.51508	186.56776	400.0	400.0	40699	51.594482	20.442253	67.42259	2.5325875	-51.747208	0.05593186	349.7185056209564
38	229.11128	24.121502	258.96793	199.8929	297.08945	34.672085	341.49255	222.58928	400.0	400.0	41799	52.503212	20.492258	68.23509	2.585046	-52.653557	0.05796681	358.93679666519165
39	257.26865	16.091082	273.88107	235.49377	289.32617	46.4956	337.06998	174.74057	400.0	400.0	42899	53.390484	20.528334	69.010864	2.5521202	-53.537918	0.05104741	368.2638568878174
40	287.8016	22.724918	317.4593	262.25134	271.89496	46.820557	334.98077	177.17928	400.0	400.0	43999	54.385674	20.47194	69.68765	2.5791924	-54.532444	0.049984943	378.0568993091583
41	260.7633	46.016678	306.77997	214.74661	286.49872	46.85266	340.40244	175.70708	400.0	400.0	45099	55.23061	20.447712	70.382484	2.5384984	-55.37527	0.051884443	388.0902690887451
42	259.00473	42.226757	290.99802	199.33919	301.59082	22.507282	337.1992	271.13046	400.0	400.0	46199	55.95098	20.48125	71.04007	2.6434944	-56.09548	0.05538186	398.90464520454407
43	228.63982	66.46535	307.9782	145.31827	292.1561	37.290367	342.34622	209.39006	400.0	400.0	47299	56.62984	20.525452	71.62362	2.625633	-56.77381	0.054479904	409.3179519176483
44	296.51767	11.088081	306.26483	281.00626	285.56683	46.724426	342.1893	189.58916	400.0	400.0	48399	57.43474	20.445398	72.20106	2.6880765	-57.57929	0.0563688	419.3935739994049
45	271.40027	16.750755	288.15103	254.64952	291.4505	46.674606	335.5907	181.01501	400.0	400.0	49499	58.2145	20.320864	72.741196	2.6880686	-58.359547	0.05432797	428.8640158176422
46	269.0353	36.039726	319.9624	241.8067	298.85632	33.046906	331.74274	222.92607	400.0	400.0	50599	59.01321	20.144331	73.26659	2.6789122	-59.1564	0.052022435	438.59026741981506
47	284.63773	3.272632	289.0021	281.12164	293.41583	32.169205	333.7668	210.09184	400.0	400.0	51699	59.813755	19.925741	73.75176	2.671485	-59.957928	0.051181596	449.61909317970276
48	298.38974	23.709757	329.15402	271.4578	277.7798	49.904385	334.00195	174.25496	400.0	400.0	52799	60.54287	19.74361	74.258224	2.5717762	-60.684418	0.054097395	458.964154958725
49	281.83438	30.32418	312.15857	251.51021	286.75296	41.758503	327.00336	168.86621	400.0	400.0	53899	61.19315	19.594261	74.73305	2.5150187	-61.331093	0.054076992	469.74975061416626
50	268.178	4.8532743	273.01074	261.54086	288.24847	27.35116	329.5507	225.42934	400.0	400.0	54999	61.82759	19.436314	75.159996	2.5224977	-61.96487	0.052360952	479.36210584640503
51	284.86526	34.204327	310.47253	236.52145	275.87247	34.6827	331.0308	195.30927	400.0	400.0	56099	62.433002	19.291939	75.58237	2.5024743	-62.567913	0.048879	489.52662467956543
52	274.65662	32.890488	314.9818	234.41704	288.32916	45.80466	343.50317	182.37668	400.0	400.0	57199	62.98243	19.131943	75.97288	2.4821882	-63.115013	0.051238686	500.3767056465149
53	272.57272	33.525963	306.0987	239.04677	287.8306	45.53622	331.88437	182.70819	400.0	400.0	58299	63.54126	18.978306	76.3495	2.5182953	-63.67037	0.049646877	510.01151990890503
54	281.4646	18.9253	301.5482	256.10165	279.5941	34.9412	332.74945	200.70976	400.0	400.0	59399	64.0607	18.844711	76.721756	2.5798578	-64.18752	0.04801849	520.8487095832825
55	295.49496	20.018509	312.90613	267.4568	287.43536	34.412502	331.6041	229.31375	400.0	400.0	60499	64.57421	18.724056	77.07758	2.7157605	-64.70006	0.050329983	530.6654813289642
56	294.13278	29.669767	319.32788	252.47755	302.75186	43.10163	341.95612	168.15778	400.0	400.0	61599	65.063896	18.576488	77.41528	2.8355923	-65.18849	0.05035851	540.3459544181824
57	269.09293	22.282784	291.3757	246.81013	286.403	30.49243	322.888	212.7731	400.0	400.0	62699	65.51156	18.504221	77.74685	2.8951273	-65.63342	0.05279459	548.867297410965
58	287.8781	22.034979	316.30188	262.6038	280.25616	47.865902	331.1572	179.90746	400.0	400.0	63799	65.9099	18.42882	78.03326	3.0352175	-66.028725	0.04884484	559.6925821304321
59	276.9376	27.52376	315.49466	253.03844	298.8628	40.812202	336.45615	202.25246	400.0	400.0	64899	66.351555	18.300806	78.32203	3.2090185	-66.4696	0.049710415	568.9872226715088
60	311.30774	16.025763	325.86462	288.9857	294.60794	42.95293	342.3432	170.15788	400.0	400.0	65999	66.78043	18.20473	78.63101	3.2863665	-66.897545	0.04706707	578.274576663971
61	221.19409	35.17742	256.37152	186.01668	296.24033	37.342014	340.57477	197.01279	400.0	400.0	67099	67.149536	18.135557	78.866936	3.4583583	-67.26441	0.04881607	587.674955368042
62	274.39047	46.643715	314.14764	208.92703	299.83536	35.679348	336.96323	188.54878	400.0	400.0	68199	67.36433	18.164465	79.152214	3.5900555	-67.47768	0.050426185	596.8985884189606
63	282.2939	23.925219	307.87482	250.32437	276.88028	51.90732	339.46536	170.33775	400.0	400.0	69299	67.74246	18.06908	79.3838	3.752987	-67.85516	0.050278828	606.0689401626587
64	276.04477	49.677166	317.02975	206.13664	300.6944	32.761036	338.04916	188.12564	400.0	400.0	70399	68.08178	17.998121	79.626755	3.9433682	-68.19385	0.04681563	615.5025775432587
65	286.14734	4.0292664	290.1766	282.11807	291.66595	40.70949	339.792	163.23647	400.0	400.0	71499	68.34544	17.975187	79.86391	4.1316147	-68.456764	0.054336194	625.5592920780182
66	297.51172	18.946177	322.56702	276.7615	297.34747	30.156118	339.29285	228.56477	400.0	400.0	72599	68.68987	17.898672	80.07358	4.318893	-68.797035	0.04458938	635.4872848987579
67	269.63043	50.044876	320.8175	201.70905	291.89505	40.83513	337.11044	195.30298	400.0	400.0	73699	68.90129	17.912617	80.2648	4.437305	-69.00918	0.050773527	645.157233953476
68	296.02988	33.40435	320.48965	248.79904	284.7298	36.44299	327.09283	200.939	400.0	400.0	74799	69.26435	17.758884	80.472145	4.5798903	-69.3706	0.046109315	656.1327624320984
69	286.45685	4.6087646	291.0656	281.84808	273.2702	52.308903	326.9259	155.8472	400.0	400.0	75899	69.586586	17.682043	80.64979	4.6993	-69.689896	0.046383426	666.9649662971497
70	239.32716	53.718098	308.15683	177.06795	283.91354	49.637566	345.25504	191.68066	400.0	400.0	76999	69.97509	17.60738	80.832954	4.8032746	-70.07277	0.045734014	677.132570028305
71	301.30655	15.819842	323.20944	286.40555	276.54996	47.275295	335.1815	162.43999	400.0	400.0	78099	70.65921	17.116888	81.002304	4.903562	-70.75149	0.048519906	686.9290597438812
72	300.06348	20.027397	324.96585	275.92688	275.9134	38.52012	338.8747	217.59753	400.0	400.0	79199	71.324615	16.663616	81.16632	4.879686	-71.41117	0.050734095	697.6718318462372
73	283.19214	0.18070984	283.37286	283.01144	292.4739	39.18997	342.50244	201.3259	400.0	400.0	80299	72.11389	15.946327	81.29031	4.944848	-72.193054	0.04580728	707.2778182029724
74	307.84067	11.109669	323.42236	298.30472	281.83313	50.11013	338.25116	177.1141	400.0	400.0	81399	72.57915	15.706798	81.437195	5.0291185	-72.65234	0.041900802	716.534197807312
75	284.73965	29.300278	324.39777	254.5094	303.6447	25.7059	340.84604	247.54285	400.0	400.0	82499	72.90114	15.60013	81.548416	4.9624896	-72.968864	0.044925172	727.3324012756348
76	279.16043	51.013283	316.3988	207.02946	291.69684	43.56688	343.0146	177.87366	400.0	400.0	83599	73.420494	15.147352	81.6614	5.103825	-73.482704	0.0455837	738.1368470191956
77	314.88376	4.1039734	318.98773	310.7798	289.95532	38.8661	343.34915	201.25299	400.0	400.0	84699	74.25882	14.111848	81.78283	5.2012544	-74.31503	0.044333242	748.8021850585938
78	265.08533	31.967527	287.93524	219.87732	271.95328	58.817326	345.32452	159.68556	400.0	400.0	85799	74.73866	13.751857	81.92427	5.218026	-74.7887	0.040973235	759.4325342178345
79	270.46704	23.054426	295.49887	239.85927	276.5026	46.72096	338.33722	177.98457	400.0	400.0	86899	75.31517	12.932648	82.00171	5.311891	-75.36084	0.044349093	768.6613078117371
80	272.4326	51.165287	320.2662	201.49675	286.2277	54.394768	343.47726	157.37706	400.0	400.0	87999	75.78038	12.354756	82.122925	10.214004	-75.82089	0.045752104	778.8870570659637
81	278.53806	50.301353	328.83942	228.23671	288.7574	38.726673	340.18784	221.13994	400.0	400.0	89099	76.01667	12.334976	82.21801	9.943231	-76.05371	0.04364134	789.7480621337891
82	299.55112	16.215206	322.06158	284.50656	293.52914	41.96073	344.03577	172.42073	400.0	400.0	90199	76.508995	11.863531	82.347565	9.8397045	-76.54127	0.041733153	798.4685668945312
83	226.85352	33.34244	265.4512	184.09744	303.88278	40.11367	345.1595	203.57224	400.0	400.0	91299	76.79661	11.588599	82.475006	10.250225	-76.82643	0.04177996	807.4730288982391
84	295.0005	23.229588	320.77017	264.47015	282.18546	43.23466	340.73846	206.30136	400.0	400.0	92399	76.86312	11.662055	82.59078	10.36385	-76.893425	0.043865364	816.7936930656433
85	258.72305	49.24527	307.96832	209.47778	280.82974	55.612396	345.19122	149.43388	400.0	400.0	93499	76.95156	11.702904	82.7544	10.347374	-76.98284	0.042309467	827.691424369812
86	280.43613	54.445934	332.18542	205.18489	284.43375	44.737244	336.1017	164.47455	400.0	400.0	94599	77.14247	11.589816	82.874176	10.314485	-77.17334	0.043392148	837.3385767936707
87	272.72156	37.25564	315.5759	224.75003	290.87347	46.002724	343.54346	204.9757	400.0	400.0	95699	77.334785	11.398171	82.98923	10.942231	-77.365906	0.04031538	847.29612159729
88	313.82425	5.65746	320.88293	307.03278	297.14	42.721615	345.8957	193.02293	400.0	400.0	96799	77.605446	11.096522	83.11598	10.204357	-77.636505	0.04201731	858.1061804294586
89	263.38638	8.565575	271.95197	254.82082	296.12723	40.032505	343.4204	210.33963	400.0	400.0	97899	77.7764	10.976203	83.24047	11.193199	-77.8086	0.041786727	867.3290538787842
90	268.26004	59.47787	328.98895	187.49295	293.23383	35.098003	345.22446	231.72937	400.0	400.0	98999	77.777115	11.179251	83.3648	11.063495	-77.80976	0.04202308	876.9940266609192
91	307.99258	18.282976	323.08133	282.2645	281.21713	53.049812	342.8635	163.16887	400.0	400.0	100099	77.879456	11.186405	83.481735	10.673766	-77.912315	0.041425213	886.1195492744446
92	310.62668	17.269222	324.83087	286.31937	315.0534	28.377932	343.328	237.17874	400.0	400.0	101199	77.98542	11.160219	83.60533	10.959148	-78.01882	0.03847933	895.7263197898865
93	218.27124	21.320793	239.59204	196.95045	294.928	40.3455	339.34338	205.81656	400.0	400.0	102299	78.03567	11.26204	83.708755	11.264268	-78.06889	0.03861569	906.6514930725098
94	305.52643	7.9448237	316.13605	297.01892	296.1924	34.313637	336.75198	211.76079	400.0	400.0	103399	78.141846	11.265503	83.82097	11.206144	-78.17471	0.042086996	916.2362489700317
95	286.7599	32.5263	311.50424	240.80606	290.91632	40.07438	344.58643	199.53497	400.0	400.0	104499	78.301056	11.16103	83.918236	11.155611	-78.334015	0.040928163	925.486653804779
96	271.3913	30.435764	301.19836	229.59618	292.0362	39.277706	344.20407	184.89273	400.0	400.0	105599	78.49533	11.017427	84.00356	10.89341	-78.528076	0.04150674	935.5038044452667
97	225.33357	6.8418427	232.17542	218.49173	284.5106	52.27728	342.10086	157.0908	400.0	400.0	106699	78.58593	11.053751	84.095924	11.035892	-78.61826	0.04376253	946.4172458648682
98	297.0836	15.1903305	318.5579	285.836	306.298	24.068619	342.12537	265.99548	400.0	400.0	107799	78.62214	11.117663	84.17858	11.201127	-78.654655	0.042541027	955.4149837493896
99	294.69586	20.90344	319.10278	268.04742	287.12198	45.591965	339.8703	184.72444	400.0	400.0	108899	78.67692	11.184191	84.2533	10.965446	-78.70919	0.041004755	964.7870662212372
100	262.24545	32.646027	305.3444	226.3605	298.31598	35.244762	338.7074	216.70317	400.0	400.0	109999	78.78206	11.160809	84.32007	11.088228	-78.81446	0.04105121	974.5234396457672
101	269.42548	42.212334	311.63782	227.21315	290.91974	45.434937	342.3829	199.42035	400.0	400.0	111099	78.82615	11.225738	84.39704	11.58095	-78.85805	0.038357984	984.0469200611115
102	301.09317	15.319006	321.84418	285.32745	281.21786	34.269615	337.81595	207.75507	400.0	400.0	112199	78.95107	11.2169695	84.452	11.7268915	-78.98263	0.04042443	993.4937484264374
103	306.04166	22.85398	330.01614	275.28278	314.68744	23.308912	344.21933	237.49953	400.0	400.0	113299	79.081055	11.1697445	84.52455	10.944995	-79.11259	0.041472707	1002.7454211711884
104	322.0701	4.2265234	325.91928	316.1853	309.2488	30.504116	342.98145	228.39435	400.0	400.0	114399	79.19665	11.115071	84.56612	11.651586	-79.228	0.03998242	1011.345771074295
105	278.34427	22.913063	301.25732	255.4312	294.86594	36.655853	341.06876	204.57875	400.0	400.0	115499	79.289375	11.115229	84.6203	11.967598	-79.32087	0.040602256	1020.2561013698578
106	230.71413	25.60616	260.307	197.84259	290.74884	48.819286	342.51724	200.71185	400.0	400.0	116599	79.33279	11.182361	84.69298	11.809588	-79.36386	0.042129036	1029.412180185318
107	290.41275	40.675907	328.96436	234.16231	288.74396	44.293602	341.15222	198.88875	400.0	400.0	117699	79.44016	11.169956	84.74877	12.140324	-79.47192	0.04364576	1040.4883835315704
108	280.7344	40.430714	319.7994	225.04382	292.38516	39.00222	342.7932	224.92369	400.0	400.0	118799	79.47069	11.252502	84.79277	12.004036	-79.502335	0.041292977	1049.823860168457
109	273.07465	27.051033	300.12567	246.0236	297.53644	39.678394	341.95746	215.07236	400.0	400.0	119899	79.56452	11.182627	84.82566	12.201122	-79.597244	0.04397816	1058.132580280304
110	320.3844	6.328339	328.76633	313.47696	267.2122	44.71519	329.45697	188.60458	400.0	400.0	120999	79.74759	11.009799	84.88747	12.489526	-79.779305	0.042952944	1069.0250329971313
111	274.15686	29.049461	298.7605	233.36288	276.05292	40.633667	338.34128	197.45639	400.0	400.0	122099	79.95176	10.707475	84.91502	13.783419	-79.98264	0.040322646	1078.7068316936493
112	260.20175	21.42883	287.78162	235.53499	299.6829	32.533485	339.93945	198.94197	400.0	400.0	123199	79.96519	10.752888	84.959076	15.588196	-79.995186	0.04233576	1088.1687743663788
113	265.1194	50.824883	315.94427	214.29451	294.64642	34.503426	340.8352	234.33253	400.0	400.0	124299	79.90027	10.935422	84.97671	16.121094	-79.93017	0.04009609	1097.9464251995087
114	256.53128	28.575844	287.3126	218.46352	302.9959	35.230785	342.85422	231.32652	400.0	400.0	125399	79.9632	10.925573	85.00357	16.537418	-79.99214	0.039386183	1109.008853673935
115	275.8127	34.288456	317.23416	233.2675	292.3908	39.41474	341.69913	197.24132	400.0	400.0	126499	79.95678	11.007141	85.02635	16.66933	-79.985146	0.04195173	1119.9176030158997
116	296.9916	32.47494	324.48196	251.38515	300.4823	36.145912	346.28012	204.5831	400.0	400.0	127599	79.972565	11.036426	85.054665	16.899263	-80.00098	0.039914157	1130.7531962394714
117	275.1315	43.39685	318.52835	231.73465	294.60065	43.068428	342.5439	206.77527	400.0	400.0	128699	80.027885	11.016249	85.08754	16.9527	-80.05696	0.040508464	1139.9443995952606
118	252.0611	27.668764	289.90582	224.52635	285.40848	39.67324	342.58124	210.63826	400.0	400.0	129799	80.01976	11.105518	85.10688	17.513536	-80.04855	0.037637454	1148.5764980316162
119	305.83337	18.12249	322.5499	280.65085	299.27786	37.29433	344.84863	224.84142	400.0	400.0	130899	80.05396	11.109622	85.12026	17.318138	-80.08315	0.040397692	1158.0514783859253
120	282.95615	50.71302	323.07376	211.41287	297.14716	37.78114	344.73	223.89046	400.0	400.0	131999	80.126114	11.085528	85.154236	17.706945	-80.155045	0.040478196	1167.3890464305878
121	263.11703	62.090187	325.2072	201.02684	291.6479	40.372948	342.31412	217.55772	400.0	400.0	133099	80.0662	11.293448	85.185585	18.084877	-80.095184	0.041263357	1177.0696489810944
122	247.43933	39.91009	303.35022	212.79782	294.4615	33.089527	341.43933	231.73041	400.0	400.0	134199	80.04039	11.386391	85.188644	18.13821	-80.06872	0.034753196	1186.424503326416
123	306.16336	6.802186	311.6604	296.57806	300.48737	46.001217	342.26312	195.59341	400.0	400.0	135299	80.07045	11.402437	85.223366	18.224234	-80.09866	0.035124525	1195.8107130527496
124	284.06067	20.43495	298.63974	255.16168	297.33655	33.979378	343.03775	233.33707	400.0	400.0	136399	80.089325	11.432128	85.225685	18.135138	-80.11749	0.036558814	1204.6277484893799
125	311.0559	4.515045	315.57095	306.54086	290.2279	38.889732	338.527	211.85681	400.0	400.0	137499	80.13107	11.429057	85.248405	17.329395	-80.15937	0.039267667	1214.1406562328339
126	273.13705	37.14255	322.57455	233.04613	297.47412	35.26651	343.69064	199.92749	400.0	400.0	138599	80.17862	11.408591	85.25667	18.179237	-80.20637	0.03598555	1223.493681192398
127	268.53525	36.08081	310.40988	222.34673	298.69858	33.14989	342.31424	217.24489	400.0	400.0	139699	80.10372	11.56863	85.326866	18.137936	-80.13092	0.03577671	1233.639165878296
128	246.74376	20.867529	273.8988	223.15958	310.248	34.89939	346.49048	234.73021	400.0	400.0	140799	80.089645	11.631577	85.30073	18.213282	-80.11707	0.037139308	1242.9670124053955
129	277.49826	5.2176514	282.7159	272.2806	309.7884	32.563923	345.3526	235.58904	400.0	400.0	141899	80.09725	11.607289	85.302216	18.194965	-80.124535	0.03592775	1252.7403066158295
130	291.98148	45.749836	328.91348	227.50906	307.69766	25.651937	343.56857	247.38315	400.0	400.0	142999	80.247795	11.431657	85.31777	18.083424	-80.27466	0.032846183	1262.2430157661438
131	241.85542	38.65481	295.4386	205.687	308.11285	27.107979	340.81284	245.42024	400.0	400.0	144099	80.10554	11.6906185	85.31893	17.88577	-80.1323	0.033778753	1272.0595333576202
132	299.04483	33.805763	328.7825	251.75691	293.93884	33.032784	346.28067	246.30109	400.0	400.0	145199	80.134415	11.666319	85.33084	17.946499	-80.1611	0.03570216	1283.3126611709595
133	235.5909	46.049118	281.64	189.54178	298.43152	26.723764	347.15536	237.0713	400.0	400.0	146299	80.12907	11.753912	85.331474	17.49486	-80.15534	0.03539968	1293.2234756946564
134	301.3895	4.849818	306.01614	294.69135	297.31772	43.25875	346.69	191.2974	400.0	400.0	147399	80.1501	11.766896	85.34088	17.107056	-80.17566	0.031430285	1302.8686184883118
135	297.30106	28.728302	320.83725	256.85355	285.55136	50.2409	344.0117	195.94795	400.0	400.0	148499	80.20716	11.71871	85.359795	17.6945	-80.23311	0.0347863	1311.490086555481
136	304.21756	23.349707	326.27448	271.9069	304.42728	29.71216	336.76257	234.30135	400.0	400.0	149599	80.22004	11.711713	85.37923	16.989132	-80.245865	0.035551745	1320.1835842132568
137	215.5877	23.25808	238.84578	192.32962	299.77103	37.785355	345.09152	201.74216	400.0	400.0	150699	80.135635	11.900216	85.38853	16.856085	-80.160965	0.035780672	1329.7336628437042
138	288.00134	23.113415	318.6277	262.7955	308.64944	41.615047	342.99557	195.86345	400.0	400.0	151799	80.19575	11.830389	85.38778	16.845547	-80.22149	0.03629825	1339.7215268611908
139	306.95328	1.6291155	309.2563	305.74576	302.10797	36.268776	347.11884	223.00452	400.0	400.0	152899	80.30047	11.688001	85.39559	16.94737	-80.32562	0.03270442	1351.346792936325
140	248.82051	37.805733	290.80447	199.15938	291.13177	68.56074	345.61978	33.880074	400.0	400.0	153999	80.192764	11.9087105	85.41317	16.55994	-80.21787	0.033517886	1361.4576885700226
141	249.12775	42.417633	291.54538	206.71011	301.27075	31.824932	344.2387	240.69508	400.0	400.0	155099	80.16002	11.968291	85.422005	15.668885	-80.18472	0.03605242	1371.244552373886
142	258.9927	18.047155	281.96298	237.87302	280.50723	44.466866	345.7328	203.32567	400.0	400.0	156199	80.07923	12.117857	85.44285	16.118916	-80.103485	0.037324518	1382.6698751449585
143	289.184	36.229412	327.7451	240.68637	287.00266	46.23276	345.21872	158.66495	400.0	400.0	157299	80.03146	12.203231	85.46229	15.92926	-80.056076	0.03825316	1393.7470495700836
144	264.21042	54.552227	309.8284	187.52037	309.94977	25.21444	340.78983	255.90999	400.0	400.0	158399	80.050064	12.187082	85.47047	16.140295	-80.07488	0.038156986	1404.0770564079285
145	293.60443	1.196579	294.801	292.40784	314.34872	25.528486	347.13065	244.72586	400.0	400.0	159499	80.030365	12.240834	85.48553	16.241262	-80.05515	0.040826585	1413.6439974308014
146	268.56744	25.999866	295.4197	233.388	310.67365	36.49587	345.6024	212.92596	400.0	400.0	160599	80.10594	12.160465	85.498726	16.206057	-80.13047	0.040110804	1423.252510547638
147	283.4158	26.086327	320.30685	264.78903	301.10156	31.05481	339.4838	221.86913	400.0	400.0	161699	80.11908	12.178541	85.5169	15.47772	-80.14341	0.03589636	1433.0264945030212
148	265.20587	45.29101	298.49982	201.17168	295.2729	43.380608	343.77988	191.78958	400.0	400.0	162799	80.040306	12.324504	85.52692	15.15305	-80.0645	0.0384871	1443.1743621826172
149	304.82385	13.973618	318.7975	290.85025	303.51947	25.43514	346.34735	230.06274	400.0	400.0	163899	80.14445	12.203895	85.54767	15.67205	-80.16908	0.035444494	1453.058414697647
150	255.9679	47.15597	317.80435	203.42287	297.579	32.298958	343.4336	240.70198	400.0	400.0	164999	80.06276	12.35164	85.54996	14.110939	-80.087074	0.03875503	1462.9818522930145
151	268.66068	32.973534	307.97592	227.28636	300.30035	29.996119	346.9146	227.33366	400.0	400.0	166099	80.10475	12.301205	85.551025	14.433527	-80.12904	0.03755946	1472.907884836197
152	304.4785	9.526647	316.0408	292.70816	289.98615	46.773067	341.99136	203.92274	400.0	400.0	167199	80.20839	12.166644	85.57038	15.29686	-80.23238	0.03733491	1483.218760251999
153	294.40607	16.589203	310.99527	277.81686	309.6654	28.698864	340.31107	226.0515	400.0	400.0	168299	80.25688	12.11553	85.55679	15.490899	-80.2811	0.037059657	1493.3127796649933
154	292.87476	36.47217	321.63467	241.41408	285.35013	44.95756	339.95978	194.93614	400.0	400.0	169399	80.32615	12.022176	85.58787	14.869471	-80.35065	0.036593918	1504.9262390136719
155	280.15024	32.47633	316.24042	237.50449	305.3544	31.958166	343.50858	230.39479	400.0	400.0	170499	80.383125	11.967707	85.577866	16.014805	-80.40755	0.035987634	1515.5014317035675
156	265.13882	42.69467	320.34375	216.35701	295.85925	23.193491	325.84506	252.97911	400.0	400.0	171599	80.30826	12.059014	85.583176	15.754204	-80.33253	0.037868217	1524.8380377292633
157	225.71054	47.02903	272.73956	178.6815	302.132	41.345867	343.8848	185.33853	400.0	400.0	172699	80.27954	12.140268	85.58843	14.418899	-80.303894	0.040024888	1536.5952787399292
158	290.11542	44.454536	325.7698	227.44536	304.8128	34.32324	343.23087	210.20859	400.0	400.0	173799	80.248795	12.206978	85.59858	14.70781	-80.27287	0.038568158	1546.7088091373444
159	270.81137	33.103527	298.89474	224.33115	288.4646	38.208755	326.69028	183.8986	400.0	400.0	174899	80.24461	12.229468	85.60653	14.982517	-80.26923	0.036378216	1557.0003180503845
160	313.88412	7.7530923	320.05753	302.94998	295.43106	32.7334	336.4926	219.72266	400.0	400.0	175999	80.19699	12.302201	85.599525	15.548161	-80.22117	0.035141386	1567.2439591884613
161	279.4595	46.750343	326.20984	232.70915	299.71564	34.74965	340.1501	214.27353	400.0	400.0	177099	80.29722	12.16281	85.61642	15.43383	-80.32203	0.035657786	1577.403166770935
162	309.73203	1.9075114	312.3233	307.78687	296.86313	30.87732	342.0799	232.2778	400.0	400.0	178199	80.33248	12.136431	85.600746	15.95874	-80.35738	0.039027456	1587.425752401352
163	294.86954	23.65207	312.6839	261.44467	301.3917	38.08889	341.68774	220.04051	400.0	400.0	179299	80.38145	12.037781	85.603294	15.539994	-80.40594	0.036920436	1597.424643278122
164	255.97932	36.747547	306.77292	221.0651	290.5934	40.50394	343.88318	182.38913	400.0	400.0	180399	80.38654	12.035552	85.597404	16.57531	-80.411385	0.034029383	1608.9174239635468
165	264.95764	31.538841	296.4965	233.41881	274.6834	70.29413	342.28848	16.955433	400.0	400.0	181499	80.3544	12.086502	85.60842	16.803757	-80.37925	0.035252877	1619.2542176246643
166	280.36282	31.976719	311.47833	236.38617	291.36655	68.89216	341.20117	10.739785	400.0	400.0	182599	80.38351	12.047167	85.618416	17.279276	-80.40869	0.03690288	1629.2274708747864
167	266.4713	20.70806	283.60873	237.33644	296.01294	37.27765	343.27884	219.56212	400.0	400.0	183699	80.36108	12.075288	85.60299	17.793274	-80.38626	0.035009474	1639.2399716377258
168	299.66165	18.369293	325.10196	282.38736	275.26874	94.792114	342.84982	-5.5271688	400.0	400.0	184799	80.3721	12.062286	85.60761	18.123207	-80.39699	0.040937435	1648.8957018852234
169	290.71887	8.000977	298.71985	282.7179	288.36377	93.57111	343.84665	-6.1626673	400.0	400.0	185899	80.42501	11.981767	85.61395	19.243408	-80.450356	0.0387976	1658.8831593990326
170	296.1168	12.524619	313.23886	283.62823	298.83887	27.751217	341.4939	249.38055	400.0	400.0	186999	80.456436	11.931753	85.61385	18.497328	-80.48227	0.035655517	1668.8237059116364
171	283.74948	23.943047	317.05942	261.82767	284.70792	82.12071	343.82727	1.9142406	400.0	400.0	188099	80.47283	11.8742485	85.60374	17.944132	-80.49921	0.03548158	1678.585331916809
172	278.9929	62.347435	329.82422	191.18384	287.12012	71.14403	341.7303	0.5941768	400.0	400.0	189199	80.41617	11.961911	85.62166	20.175785	-80.44269	0.034592986	1688.0363805294037
173	269.38287	15.056343	284.4392	254.32652	287.20853	64.40217	343.1567	28.770958	400.0	400.0	190299	80.38734	12.001265	85.621445	19.66008	-80.41283	0.03626929	1697.4642870426178
174	308.70462	12.251572	318.09497	291.39923	301.40485	35.08923	337.47842	195.7604	400.0	400.0	191399	80.423515	11.956668	85.6209	19.55701	-80.44896	0.03668601	1708.6877245903015
175	315.0308	21.622725	330.97076	284.461	288.90936	67.21061	342.64975	43.655014	400.0	400.0	192499	80.54764	11.775547	85.638145	20.626009	-80.57362	0.03494958	1719.3148670196533
176	262.9252	37.888046	292.01782	209.41133	295.9767	29.715725	339.81705	246.29182	400.0	400.0	193599	80.561165	11.773097	85.62844	19.841854	-80.58734	0.035460684	1729.8210253715515
177	207.8825	59.341927	267.22443	148.54057	288.80682	28.493187	331.96408	232.41974	400.0	400.0	194699	80.46059	11.979514	85.63749	19.108545	-80.486694	0.03590561	1738.8738095760345
178	201.53252	142.93404	316.7533	0.08770489	297.95865	46.507156	339.4298	157.3555	400.0	400.0	195799	80.19781	12.57413	85.63581	16.06868	-80.2241	0.0342213	1748.3363828659058
179	305.51028	14.082662	320.84073	286.8353	310.70367	28.19858	346.08484	263.27744	400.0	400.0	196899	80.0963	12.8103695	85.65614	17.367805	-80.12337	0.034494497	1759.098370552063
180	275.3281	11.992403	287.22302	258.91116	287.4463	45.384075	336.92838	145.18558	400.0	400.0	197999	80.13615	12.752652	85.650345	17.960789	-80.16299	0.03551108	1769.4745440483093
181	282.4846	29.091614	311.5762	253.39297	300.68423	29.57857	337.82138	229.17348	400.0	400.0	199099	80.17629	12.749857	85.65676	17.441572	-80.203064	0.03736872	1779.0614867210388
182	306.39954	29.426363	330.4109	264.95822	304.68387	32.291214	344.99088	224.29971	400.0	400.0	200199	80.271286	12.606482	85.63488	17.580696	-80.29813	0.034335215	1788.4704506397247
183	301.38116	6.7741776	310.67563	294.72296	300.5508	41.545353	347.24124	192.05989	400.0	400.0	201299	80.33101	12.569773	85.63762	17.124657	-80.35738	0.03602963	1798.6914706230164
184	302.06436	20.948103	330.5284	280.72018	303.1023	46.276638	343.42	114.24267	400.0	400.0	202399	80.36749	12.553414	85.659805	16.601557	-80.39372	0.03783188	1808.4565868377686
185	281.89215	35.528732	317.42087	246.3634	295.60754	44.73301	340.70816	166.43394	400.0	400.0	203499	80.39496	12.505793	85.65509	16.364697	-80.420906	0.03848331	1817.6358563899994
186	283.58237	39.871292	324.3667	229.46991	311.75153	31.542725	345.16214	234.41763	400.0	400.0	204599	80.42276	12.510965	85.66658	16.0988	-80.448685	0.035385333	1826.93807721138
187	252.77196	56.950733	328.7826	191.70442	318.85376	24.674969	346.87616	261.59195	400.0	400.0	205699	80.374115	12.562039	85.65854	15.811102	-80.400154	0.038571995	1836.2297768592834
188	312.99966	11.682969	325.13782	297.22305	297.49274	42.24797	347.39957	191.91481	400.0	400.0	206799	80.30792	12.712264	85.66946	15.444931	-80.33404	0.032836135	1845.8564231395721
189	281.3152	30.134575	311.44977	251.18062	277.43433	50.232464	336.18088	108.08102	400.0	400.0	207899	80.40098	12.59693	85.68137	14.905644	-80.42753	0.03632076	1854.9048657417297
190	297.62454	23.721424	330.41998	275.11102	309.38943	30.616291	344.20544	230.43683	400.0	400.0	208999	80.483505	12.463418	85.68573	14.580661	-80.50996	0.038960595	1864.2671751976013
191	294.96826	7.97007	306.1198	287.973	311.76828	31.525253	346.53885	229.28986	400.0	400.0	210099	80.52185	12.421781	85.68231	14.117526	-80.54824	0.035493862	1875.5619897842407
192	287.41415	27.497435	313.77563	249.47523	304.159	26.557764	335.72424	243.4918	400.0	400.0	211199	80.530945	12.422524	85.686935	13.722466	-80.55767	0.03769927	1884.842839717865
193	303.66418	15.280746	318.94495	288.38345	289.06604	47.620304	344.50818	161.12834	400.0	400.0	212299	80.524666	12.438857	85.86185	13.364899	-80.55186	0.037423242	1894.1328434944153
194	295.49252	24.06752	317.69876	262.0504	299.7364	25.630188	345.352	246.03125	400.0	400.0	213399	80.54498	12.410364	85.72209	12.894618	-80.57229	0.036997654	1904.0406470298767
195	277.7446	31.277763	321.00827	248.13536	306.25198	40.631092	347.20093	196.13591	400.0	400.0	214499	80.587494	12.383107	85.71375	12.743979	-80.614815	0.039356746	1913.5194211006165
196	265.78018	39.472263	316.62506	220.40309	305.90558	30.731089	346.6135	220.26901	400.0	400.0	215599	80.55247	12.4519205	85.726074	12.481969	-80.57997	0.0375626	1923.0800247192383
197	312.5346	1.5594482	314.09406	310.97516	294.2978	33.81322	336.16214	203.05733	400.0	400.0	216699	80.672806	12.313166	85.73783	12.432386	-80.700294	0.038725127	1932.4323997497559
198	294.4586	11.149656	303.01453	278.71027	306.90353	37.13373	343.33075	217.10858	400.0	400.0	217799	80.667206	12.355225	85.75764	12.518062	-80.69483	0.04018164	1943.0887894630432
199	289.20126	21.412106	314.9742	262.54767	308.84702	28.144674	347.37546	231.94525	400.0	400.0	218899	80.81012	12.122459	85.767265	12.366876	-80.837585	0.037523814	1956.5494225025177
200	288.1053	27.954903	314.68893	249.47186	307.54776	36.52151	347.37045	217.85513	400.0	400.0	219999	80.83471	12.128082	85.77282	12.17778	-80.86284	0.037980508	1966.3571071624756
