Epoch	AverageEpRet	StdEpRet	MaxEpRet	MinEpRet	AverageTestEpRet	StdTestEpRet	MaxTestEpRet	MinTestEpRet	EpLen	TestEpLen	TotalEnvInteracts	AverageQVals	StdQVals	MaxQVals	MinQVals	LossPi	LossQ	Time
1	13.114464	82.106384	170.91574	-65.9407	-14.223669	14.569442	9.260539	-37.24886	202.6	48.5	1099	0.062377565	0.5701015	11.86377	-3.9480772	-0.11099077	0.15965018	1.0177438259124756
2	-100.98784	117.947945	50.483967	-251.2828	-9.970308	18.20073	23.973389	-43.09611	255.0	48.6	2199	-0.08929385	2.066664	13.249867	-11.056399	0.034717284	0.058805086	7.5047361850738525
3	34.844013	49.205803	89.93499	-32.11657	-1.2695414	18.1447	22.644278	-30.152327	247.25	48.35	3299	-0.27263466	4.429994	12.064607	-10.417062	0.21926105	0.1762438	14.12135362625122
4	-76.722534	155.81718	104.203705	-318.07684	4.341004	22.491064	29.30717	-38.231647	335.5	61.55	4399	-0.08865697	6.798934	24.698036	-14.858972	0.0010200917	0.32194757	20.8259596824646
5	-10.590367	39.67449	25.926098	-82.655846	9.85491	18.627768	29.53373	-40.62819	204.0	60.4	5499	-0.32487482	8.938653	31.661913	-18.123598	0.2080242	0.4860214	27.439234495162964
6	79.02632	55.467495	152.11314	-3.3673594	-1.234264	17.458393	27.56275	-40.15431	290.75	57.2	6599	0.04984033	11.246603	26.705744	-22.317327	-0.17489065	0.72019327	33.87209105491638
7	-35.38458	64.74392	30.269949	-124.86917	-6.891909	20.925905	31.781534	-51.739105	186.5	59.4	7699	0.50332946	13.555497	30.45167	-32.61868	-0.650628	1.0485291	40.60017991065979
8	-5.77699	41.98005	58.227413	-69.12752	0.9079062	25.667763	42.39059	-35.08249	218.0	65.7	8799	0.59371066	15.500669	38.23985	-33.314728	-0.7811239	1.3072138	47.34404110908508
9	43.663143	41.30181	68.892784	-38.75637	0.7290468	21.069195	38.959522	-42.43574	220.4	59.5	9899	1.4333516	17.223032	42.217793	-36.051025	-1.6174598	1.3462517	54.213868618011475
10	-75.98543	92.04426	29.789898	-175.66391	3.7850819	20.707659	34.50124	-44.750484	225.5	63.3	10999	1.9260118	18.739828	56.095684	-39.585083	-2.1106462	1.5559014	60.83084583282471
11	12.514234	95.384796	166.20097	-86.574356	0.3003438	18.65086	39.371883	-38.521027	277.0	63.5	12099	1.6514121	19.976036	53.200405	-43.128967	-1.8621422	1.8491211	67.71149778366089
12	21.25933	78.51748	87.37717	-111.976585	5.8465524	19.937906	23.353855	-45.410572	302.0	57.0	13199	2.4501553	21.12724	99.44652	-47.719543	-2.6537094	1.9642138	73.89084029197693
13	3.1513345	46.123558	45.666855	-85.73164	1.472108	13.905413	21.686989	-24.846882	197.33333	57.95	14299	2.4628563	22.410688	65.66953	-53.58147	-2.6574671	2.2032092	80.98952293395996
14	13.105308	46.880253	95.89876	-75.38077	-5.124538	21.914968	22.137428	-48.025066	160.71428	59.2	15399	3.0328615	23.613907	62.53448	-54.207714	-3.266638	2.4638224	88.98095607757568
15	12.569698	30.993303	89.053276	-59.315777	4.1894975	40.033463	116.065605	-60.094334	82.15385	86.8	16499	3.9361882	24.603306	75.08019	-53.935677	-4.20508	3.1307182	95.17139983177185
16	-0.96568865	25.160343	42.86813	-48.27691	-10.204432	32.178017	33.49498	-71.77475	93.083336	74.4	17599	5.028256	25.4082	67.425896	-53.49753	-5.369305	3.228319	101.89801239967346
17	-10.034521	37.685364	99.17926	-45.860188	1.0040805	35.49112	53.645844	-64.14312	76.61539	89.85	18699	5.7482104	25.862331	71.375626	-53.049557	-6.104919	4.1221333	108.97889399528503
18	10.944916	47.714085	111.1534	-60.95902	50.410114	65.28625	212.47685	-40.350838	109.36364	203.45	19799	7.1090956	26.322296	68.79029	-52.7933	-7.539424	4.3918447	116.56594443321228
19	78.92229	124.21326	265.4631	-58.353683	71.23546	101.913376	241.55608	-130.1098	187.83333	261.35	20899	9.141884	27.484394	67.74836	-53.531612	-9.657342	5.0397177	124.41642451286316
20	102.17759	114.57686	285.65573	-10.970415	150.17136	126.4143	298.0126	-49.04934	199.2	263.45	21999	11.826112	28.73799	77.19744	-53.75139	-12.383304	5.1678143	133.2836377620697
21	99.96578	132.91364	291.6245	-30.078722	172.81819	125.21171	302.76602	0.46913138	235.5	268.0	23099	14.863158	30.07878	85.94717	-53.320538	-15.469279	5.2833457	141.2636911869049
22	171.6152	114.88562	290.84567	30.510614	169.88646	119.42549	302.8091	6.8210044	259.75	264.2	24199	18.05155	31.460281	90.190994	-52.11302	-18.67201	5.156692	148.95531249046326
23	249.52351	27.60953	288.20117	225.55238	267.12378	61.608578	303.16135	27.82081	393.66666	384.7	25299	21.409552	32.93744	95.53031	-51.091022	-22.069258	5.0508976	157.68195390701294
24	291.61896	5.066322	296.40207	284.60757	245.5668	88.71988	302.46628	-29.74095	400.0	361.8	26399	25.209204	34.341385	98.81132	-48.989742	-25.93234	5.125421	167.604350566864
25	273.52026	33.88339	298.946	225.63248	261.2555	61.250324	297.98038	75.4303	400.0	388.5	27499	28.919552	35.481964	105.89436	-48.47206	-29.665318	5.188451	176.59694075584412
26	254.78748	35.04138	289.82886	219.7461	257.65912	57.181076	297.35867	73.90643	400.0	392.2	28599	32.464783	36.120934	117.538574	-47.933918	-33.231945	5.0441318	185.6564118862152
27	220.41852	79.14706	295.7638	87.33359	212.74094	93.88009	300.95004	-64.694336	350.25	361.8	29699	35.861588	36.423504	111.521805	-49.78222	-36.632984	5.071084	194.0459885597229
28	273.07217	12.539185	285.61136	260.533	247.18225	34.5409	295.95825	165.92032	400.0	400.0	30799	38.829117	36.614883	113.65981	-50.316082	-39.5787	4.576823	203.0507607460022
29	260.1012	31.463486	294.0714	218.22745	260.6503	74.34657	297.73022	-52.202843	400.0	383.95	31899	41.702534	36.86017	113.198616	-47.868317	-42.425163	4.5335183	213.31546306610107
30	240.98872	54.70717	286.7703	164.08546	277.7563	18.996538	303.45874	229.7562	400.0	400.0	32999	44.177517	36.824615	115.794975	-46.204353	-44.883083	3.9905238	222.2458438873291
31	144.59946	109.49104	234.7984	-9.49792	261.10507	37.34255	301.86243	144.62564	289.33334	400.0	34099	46.392345	36.90679	115.810326	-46.882282	-47.06868	3.9115763	231.05679368972778
32	243.2524	22.256374	261.7297	211.94655	266.08096	53.277485	294.51804	41.895794	400.0	388.95	35199	48.466846	37.076614	112.25789	-48.019222	-49.137913	3.8146005	240.09446358680725
33	262.32135	10.1382675	276.48065	253.28918	273.08286	14.148539	289.41312	237.15103	400.0	400.0	36299	50.628983	37.219933	119.262375	-48.854874	-51.26589	3.7823863	249.08982133865356
34	255.00237	10.663897	270.06418	246.81247	234.14465	104.42225	301.85724	-43.76825	400.0	349.9	37399	52.17508	37.54129	114.83913	-48.99589	-52.788574	3.7383018	256.9760899543762
35	235.84323	55.24048	291.0837	180.60275	257.19247	42.396103	294.79163	87.07419	400.0	389.6	38499	53.887695	37.701305	138.12573	-50.75946	-54.47079	3.7307115	265.51153802871704
36	272.49625	20.540194	287.08417	243.44812	205.78987	101.28211	294.06006	18.404022	400.0	310.8	39599	55.41758	37.91091	116.42861	-50.439312	-55.987713	3.560892	273.64548325538635
37	202.71321	106.97424	278.73242	51.42941	253.9595	61.189808	293.95642	64.5174	331.66666	376.3	40699	56.627445	38.14584	122.384796	-50.761246	-57.194557	3.5050955	283.72123169898987
38	253.7378	25.767117	274.80167	217.45413	245.25134	64.5054	297.14935	71.50168	400.0	375.55	41799	57.85996	38.223915	126.84568	-48.942623	-58.436478	3.433607	292.4162485599518
39	267.19644	19.50651	290.60065	242.84767	254.33794	51.37313	288.30112	46.442623	400.0	389.0	42899	59.277576	38.327713	140.87924	-45.315773	-59.88706	3.4950862	301.1167812347412
40	271.8567	6.998535	278.51666	262.18613	254.24812	73.87969	292.1322	-55.859653	400.0	383.35	43999	60.794502	38.42772	130.30147	-42.977425	-61.41604	3.4135897	309.89445972442627
41	230.07274	54.14644	284.21918	175.9263	266.22894	26.198372	293.94284	200.71277	400.0	400.0	45099	62.196583	38.58124	137.17647	-43.392963	-62.8298	3.4314303	318.5933036804199
42	274.74908	8.000409	285.39746	266.11298	265.84134	25.27728	292.2571	195.41313	400.0	400.0	46199	63.756184	38.70042	137.43869	-43.805435	-64.39344	3.4716744	327.0095615386963
43	281.4	4.439041	287.62033	277.5562	274.62726	13.254183	291.062	237.5424	400.0	400.0	47299	65.311676	38.76969	133.85712	-44.66707	-65.95402	3.7069156	335.7624237537384
44	256.67725	32.935863	287.0292	210.90347	270.98715	19.724457	302.969	227.99046	400.0	400.0	48399	66.811455	39.01322	134.68152	-42.79649	-67.45099	3.4597318	346.2129249572754
45	271.2478	14.3528595	285.60065	256.89493	273.0135	33.942375	299.06323	135.30305	400.0	400.0	49499	68.17101	38.88052	169.04707	-40.058067	-68.795395	3.489512	356.3660304546356
46	276.1451	25.638237	302.18082	241.27353	252.11862	58.70117	299.74594	118.6652	400.0	379.1	50599	69.52064	38.697926	141.25438	-39.944958	-70.1364	3.5683641	365.38110399246216
47	264.69553	20.71426	281.2182	235.48492	272.25836	24.709793	302.44043	220.35672	400.0	400.0	51699	70.634865	38.34274	138.60999	-40.760014	-71.2335	3.561518	374.21979784965515
48	208.68001	50.549072	277.91998	158.65926	282.13596	13.094145	300.73236	261.13474	369.0	400.0	52799	71.62028	38.058823	141.19052	-40.190514	-72.21212	3.694033	383.4105188846588
49	281.93344	13.066871	298.39053	266.42563	277.28476	24.374712	302.15945	209.7709	400.0	400.0	53899	72.61932	37.71446	143.03076	-40.542736	-73.19387	3.4373846	392.4586284160614
50	293.26318	5.027664	298.29083	288.2355	268.8117	30.837746	302.35	190.46454	400.0	400.0	54999	73.66156	37.26538	142.42374	-39.028603	-74.232285	3.4443583	400.6506679058075
51	215.0688	114.029	292.6494	18.619434	253.39604	74.06441	298.16776	29.970053	326.5	368.4	56099	74.376816	36.81195	141.49306	-38.57193	-74.92984	3.3622518	409.4229040145874
52	271.55124	17.893927	296.66238	256.2824	263.81537	40.058674	299.32404	133.58801	400.0	400.0	57199	74.96515	36.44175	139.56137	-37.523666	-75.50794	3.5023873	419.90106558799744
53	285.92264	13.1666565	299.0893	272.75598	239.6915	74.78233	300.01904	21.586609	400.0	368.6	58299	75.66025	36.17446	136.9011	-38.69107	-76.18899	3.2566988	428.0971977710724
54	278.76898	7.543816	285.31122	268.1997	266.75342	27.35865	295.23047	191.9271	400.0	400.0	59399	76.3798	35.964046	136.46611	-40.221592	-76.91563	3.0927944	436.5147793292999
55	283.86392	18.860855	298.68524	257.24796	266.60895	23.796944	300.10242	216.99202	400.0	400.0	60499	77.01748	35.925514	132.31552	-41.343555	-77.55464	2.9776528	445.448406457901
56	276.9467	17.095589	298.7896	257.05005	265.55774	19.007565	293.86047	225.7064	400.0	400.0	61599	77.7782	35.85056	138.07918	-42.52945	-78.30973	3.0276852	454.8174455165863
57	261.73093	34.573128	296.30405	227.15779	260.31274	31.419432	298.1578	179.79941	400.0	400.0	62699	78.263306	35.786522	138.09074	-43.726402	-78.79206	2.9025545	463.4480667114258
58	260.3336	23.38277	290.48428	233.49677	256.91504	27.711054	295.92633	196.60838	400.0	400.0	63799	78.797386	35.689667	142.34848	-43.444313	-79.312386	2.884975	472.57305932044983
59	268.57648	11.290132	281.39832	253.92535	267.37665	28.090885	299.83398	213.5968	400.0	400.0	64899	79.268875	35.73492	142.9022	-43.25437	-79.780266	2.8926826	481.5308244228363
60	253.32024	12.133218	270.19855	242.20442	260.9555	22.11526	290.45383	209.62924	400.0	400.0	65999	79.77456	35.64533	130.85124	-43.226242	-80.29294	3.0130873	490.26882886886597
61	231.87784	7.202507	239.08034	224.67532	253.72612	27.249187	292.96198	192.54507	400.0	400.0	67099	80.11663	35.65802	149.1133	-44.043606	-80.62764	2.7240741	499.4290075302124
62	245.00069	48.68781	287.4794	176.83134	246.06868	37.99105	302.20374	165.7214	400.0	400.0	68199	80.479126	35.56768	144.07492	-44.9623	-80.97722	2.910313	508.57617259025574
63	251.18791	32.727913	275.4734	204.92279	244.12936	28.051704	280.8312	182.68407	400.0	400.0	69299	80.64861	35.697563	152.45546	-43.19672	-81.12922	3.1261036	518.8528974056244
64	277.7501	10.3631315	292.27066	268.7703	262.5311	40.60406	300.82648	117.576675	400.0	400.0	70399	80.8501	35.750893	138.61967	-41.366768	-81.31734	2.927122	527.8559193611145
65	266.81674	24.388252	291.205	242.42848	264.16156	46.6385	296.88916	82.58611	400.0	400.0	71499	81.07158	35.92271	144.9881	-45.072845	-81.54731	3.074641	536.5322964191437
66	285.83383	7.627908	295.8391	277.3386	265.63223	24.295778	298.49976	220.5633	400.0	400.0	72599	81.39171	35.90684	142.5908	-45.934063	-81.87452	3.09222	545.0975065231323
67	263.8158	33.311253	289.01367	216.74573	273.9909	16.929619	302.85675	228.03029	400.0	400.0	73699	81.740814	35.967487	134.58342	-47.75458	-82.25845	3.1191044	555.4529292583466
68	270.28854	33.82513	294.82632	222.45798	279.3753	16.691977	300.3039	245.94182	400.0	400.0	74799	82.26263	35.870228	134.56577	-50.221012	-82.787895	3.0917509	564.1569757461548
69	284.70822	8.7170105	293.42523	275.9912	276.09155	12.207721	295.59106	246.38274	400.0	400.0	75899	82.79905	35.68451	144.58531	-51.565342	-83.32625	2.9273322	573.4434072971344
70	280.6453	12.839753	295.85403	264.44968	281.00992	21.902203	300.72272	214.45715	400.0	400.0	76999	83.37958	35.459164	134.95798	-54.615757	-83.9022	3.0037506	582.8849477767944
71	265.96048	11.709951	281.67023	253.56825	275.7277	25.251816	296.8041	189.13336	400.0	400.0	78099	83.82564	35.240276	153.20045	-55.388172	-84.346985	3.0430536	592.1408522129059
72	269.9587	26.355986	293.06796	233.07765	273.34747	22.284788	294.43924	218.37108	400.0	400.0	79199	84.41312	34.967575	139.17108	-56.70691	-84.933235	2.7784903	600.8719930648804
73	280.04224	5.8325806	285.87482	274.20966	265.40338	36.529903	296.65952	148.03648	400.0	400.0	80299	84.818245	34.688248	131.53842	-55.401752	-85.34352	2.7541132	610.9427282810211
74	249.71887	43.597534	284.74625	188.26285	273.7697	18.377783	294.87683	236.04146	400.0	400.0	81399	85.176	34.403656	131.37999	-54.708076	-85.69175	2.7410154	620.0559079647064
75	290.53574	2.0177433	293.25873	288.43536	276.21616	22.730028	298.923	217.66115	400.0	400.0	82499	85.59864	33.974796	143.24725	-54.40502	-86.10413	2.708458	628.7470781803131
76	254.16856	30.684998	277.72217	210.82794	270.9957	22.961916	294.82355	213.54536	400.0	400.0	83599	85.913	33.559895	137.91058	-52.1698	-86.41535	2.6386392	637.6334149837494
77	282.60458	6.0054626	288.61005	276.59912	271.58853	22.598543	299.32806	214.1655	400.0	400.0	84699	86.32133	33.009808	132.44034	-50.599754	-86.80416	2.410545	646.6186990737915
78	254.54918	16.395231	276.49103	237.08812	268.11285	24.773745	297.92474	205.86255	400.0	400.0	85799	86.380554	32.708866	131.00238	-49.499374	-86.84589	2.367432	655.616197347641
79	278.15286	19.376732	297.57468	251.70035	263.38177	31.191927	296.85226	186.14882	400.0	400.0	86899	86.43238	32.461433	129.66214	-49.968864	-86.88232	2.2838893	664.633186340332
80	232.68636	34.904583	280.78192	199.01529	255.86255	43.14872	290.79868	88.77854	400.0	400.0	87999	86.51411	32.119366	128.20183	-51.28218	-86.95972	2.2119682	673.6753394603729
81	284.8428	12.1371765	296.97998	272.70563	268.3721	29.681934	297.7954	186.3931	400.0	400.0	89099	86.517624	31.752815	138.59804	-51.95665	-86.943825	2.1889153	681.9683549404144
82	247.60698	24.702507	280.51416	220.99669	250.96785	51.69816	295.78665	86.39482	400.0	400.0	90199	86.31237	31.588903	148.85541	-51.48223	-86.73146	2.183246	691.097544670105
83	235.61214	46.055523	292.63263	179.84085	260.23245	30.081049	301.16446	197.00832	400.0	400.0	91299	86.40212	31.10886	135.04169	-51.178627	-86.82948	2.168322	699.737988948822
84	284.29663	6.327074	293.23718	279.51358	272.24783	24.694836	299.73132	208.00143	400.0	400.0	92399	86.3583	30.905127	131.50746	-50.042923	-86.78567	2.150225	707.6136543750763
85	251.68456	12.250656	263.9352	239.4339	264.4716	26.965874	301.87155	212.97426	400.0	400.0	93499	86.33276	30.593023	128.68611	-46.05661	-86.75946	2.0736845	715.7256202697754
86	235.14714	30.045818	258.13788	192.70511	269.2442	27.620975	301.17603	204.87997	400.0	400.0	94599	86.37195	30.361822	123.13225	-44.04594	-86.80346	2.0573068	723.922173500061
87	286.0333	17.020922	301.3324	262.2896	275.08054	26.548126	300.34195	218.0622	400.0	400.0	95699	86.49071	30.143541	128.76035	-45.573437	-86.926025	2.0540159	732.6727240085602
88	269.19812	24.987385	301.6212	240.81642	276.17685	25.578869	302.19107	209.50957	400.0	400.0	96799	86.559326	29.971615	127.45871	-43.5841	-86.99451	2.0309565	740.6385116577148
89	233.66585	55.294235	288.96008	178.37161	271.1316	36.011288	302.45624	163.74684	400.0	400.0	97899	86.705666	29.780697	128.49532	-42.68637	-87.134705	2.0288699	748.8646757602692
90	261.15005	50.84682	298.28033	189.25478	270.41205	64.763824	301.7447	6.4508476	400.0	385.3	98999	86.84057	29.710783	182.25868	-39.115295	-87.2672	2.1936426	757.6823189258575
91	272.00864	14.664311	292.02795	257.31036	279.3405	24.36365	302.60413	190.83481	400.0	400.0	100099	86.94443	29.648045	128.47224	-39.935955	-87.37611	2.1411963	766.6123960018158
92	290.843	14.186968	301.20148	270.78317	277.12506	26.280848	300.02	199.01671	400.0	400.0	101199	87.07087	29.491726	130.12535	-43.063057	-87.4973	2.0488272	775.8971326351166
93	264.72186	37.83748	302.55933	226.88437	272.55804	29.303259	302.8076	208.28452	400.0	400.0	102299	87.14705	29.42097	133.62064	-45.63346	-87.57337	2.0747402	785.1990406513214
94	276.39938	16.736015	292.21127	253.24126	273.11813	28.889698	301.28403	202.61958	400.0	400.0	103399	87.291245	29.11676	133.96188	-47.58027	-87.71601	2.2705035	795.820285320282
95	264.51492	9.365148	274.8307	252.16345	282.34845	17.752914	300.23965	230.04747	400.0	400.0	104499	87.4184	29.024437	129.89061	-49.0197	-87.83326	2.0407474	806.0935146808624
96	284.426	11.476796	300.45303	274.19302	267.74945	53.239986	300.0933	51.48196	400.0	384.5	105599	87.58204	28.760618	130.38031	-51.30451	-87.99302	2.154675	815.121212720871
97	299.29242	1.4384766	300.7309	297.85394	266.41937	26.623919	302.05215	201.16318	400.0	400.0	106699	87.63954	28.649096	123.21861	-52.186684	-88.05347	2.0844607	825.5465741157532
98	278.37317	14.288524	296.99588	262.26926	267.01233	30.671125	300.86807	185.6951	400.0	400.0	107799	87.73218	28.492546	125.46447	-54.801548	-88.15004	2.0140104	834.5686748027802
99	224.44597	72.619606	287.6003	122.7328	273.78796	24.111458	300.4743	207.87856	400.0	400.0	108899	87.83179	28.304268	125.29929	-55.20992	-88.24365	2.027085	843.1093802452087
100	282.13525	20.161612	302.56894	254.6968	274.39545	18.684572	296.50775	218.209	400.0	400.0	109999	87.93265	28.157495	134.84651	-52.650673	-88.338974	2.006664	852.5367777347565
101	256.591	36.444405	293.0354	220.14659	276.6037	19.973846	302.7684	231.31186	400.0	400.0	111099	87.92839	28.074108	127.42822	-49.870766	-88.324684	1.906839	862.7820763587952
102	255.83759	32.588413	282.58115	209.96053	262.35773	24.96123	293.04147	195.00822	400.0	400.0	112199	87.92078	27.997135	128.91975	-45.450928	-88.31259	1.964434	872.2281205654144
103	241.0227	44.95803	282.17572	178.47408	250.58305	70.81617	293.10617	-32.266098	400.0	383.0	113299	87.947586	27.88151	124.30457	-40.88562	-88.325554	1.9889454	881.2870202064514
104	233.95203	26.502861	257.70786	196.96739	240.75786	72.823265	298.45847	-46.39692	400.0	383.7	114399	87.7945	27.880949	121.21375	-41.006668	-88.15279	1.9505078	891.5396227836609
105	256.36758	26.270447	282.63803	230.09714	252.2708	32.14124	300.58963	180.5452	400.0	400.0	115499	87.54172	27.828516	117.74757	-41.94098	-87.89548	1.818456	900.4581820964813
106	260.9496	13.460456	279.29593	247.3793	257.65546	34.78235	303.0294	189.36398	400.0	400.0	116599	87.401306	27.574501	118.39988	-43.272255	-87.74074	1.8434376	909.9100730419159
107	265.14243	26.865637	295.86563	230.42346	252.6222	72.43157	301.53867	-31.196968	400.0	382.95	117699	87.15454	27.443567	130.6945	-42.7403	-87.488495	1.8850937	920.2095038890839
108	283.28824	15.333395	295.34735	261.6509	285.54828	10.109233	301.5222	269.68054	400.0	400.0	118799	86.96976	27.246662	121.42279	-42.092426	-87.31079	1.8829803	930.7518005371094
109	288.1128	1.4961853	289.60898	286.6166	249.56401	40.055176	302.63208	183.62459	400.0	400.0	119899	86.76571	27.099405	127.99093	-40.287685	-87.10931	1.8704039	939.9429833889008
110	287.64844	7.2715197	297.12436	279.45105	270.92896	19.562147	299.616	206.25786	400.0	400.0	120999	86.65178	27.01146	127.395935	-39.325962	-86.99999	1.8920934	948.6412315368652
111	269.52536	35.055077	294.76483	219.95276	284.0726	12.226421	296.81488	247.85992	400.0	400.0	122099	86.63867	26.864733	123.06981	-39.76591	-87.00628	1.9904816	956.869110584259
112	293.91736	3.7619307	298.0575	288.95374	272.29514	18.269764	298.80743	236.88753	400.0	400.0	123199	86.63263	26.912422	122.9297	-38.033714	-87.00331	1.9406725	965.935854434967
113	262.18152	9.193039	271.37454	252.98846	277.71716	27.018618	301.55502	191.37125	400.0	400.0	124299	86.726105	26.863482	135.57425	-37.65337	-87.10059	1.9824443	974.8027443885803
114	277.06998	18.216122	293.33356	251.6361	267.52158	57.142517	298.94113	30.137247	400.0	388.95	125399	86.82022	26.83322	133.97572	-37.32997	-87.20245	2.0140824	983.9358642101288
115	274.65775	4.5194077	281.0231	270.97574	278.31415	21.259493	300.92987	216.45288	400.0	400.0	126499	87.047455	26.664083	130.76196	-36.32287	-87.42882	2.0183923	992.7225472927094
116	286.8991	6.851923	293.89438	277.59433	275.1894	16.386702	295.75638	240.28355	400.0	400.0	127599	87.130974	26.599957	127.51782	-37.578136	-87.49766	1.9702643	1001.0539031028748
117	284.52066	3.9493103	288.46997	280.57135	281.72345	14.045565	299.25943	232.05359	400.0	400.0	128699	87.104645	26.544868	122.28088	-37.164864	-87.46094	1.8345832	1010.1754403114319
118	293.1119	6.5431495	298.131	283.8699	277.10983	21.044876	300.58478	234.21544	400.0	400.0	129799	87.10932	26.371037	124.64742	-39.592793	-87.45884	1.8938428	1019.2193827629089
119	285.99197	6.7741814	292.1545	276.5584	283.20612	19.450203	298.81274	227.73494	400.0	400.0	130899	87.03053	26.26544	127.93921	-40.515976	-87.37155	1.8506323	1028.337080001831
120	280.37454	9.385354	290.65982	267.96643	273.00302	19.770473	297.67282	238.75008	400.0	400.0	131999	86.890785	26.193857	126.64801	-42.550232	-87.21854	1.6540372	1037.338006734848
121	277.61453	13.650848	291.26538	263.96368	268.347	21.122023	297.092	225.15425	400.0	400.0	133099	86.749725	26.030016	118.202736	-42.44537	-87.069496	1.5841664	1046.5850138664246
122	256.53458	27.667217	295.4049	233.22195	276.97977	25.379143	294.63007	185.65446	400.0	400.0	134199	86.59338	25.870695	136.27516	-43.15916	-86.904564	1.5863159	1056.1869995594025
123	292.49002	0.65022784	292.971	291.5708	283.41333	15.585691	298.37134	237.71379	400.0	400.0	135299	86.3801	25.73853	126.799675	-43.838535	-86.6885	1.6525952	1065.508231639862
124	278.26346	7.8288035	289.20715	271.3383	273.2092	20.462524	297.28946	227.08058	400.0	400.0	136399	86.17227	25.557392	144.27419	-44.476025	-86.47461	1.6596904	1074.2959830760956
125	253.19888	16.072075	269.27097	237.12682	263.45596	22.179781	298.95596	217.54008	400.0	400.0	137499	85.9485	25.335537	115.77536	-44.616096	-86.2469	1.5281031	1083.0663270950317
126	281.72708	6.09977	287.79434	273.3829	276.7658	16.980164	295.18347	221.17729	400.0	400.0	138599	85.72945	25.192385	114.46267	-45.939598	-86.02082	1.4987618	1092.557620048523
127	251.12506	52.012745	290.2509	177.61897	266.05338	22.330137	292.55566	210.0005	400.0	400.0	139699	85.50266	24.979263	134.62408	-45.71169	-85.79043	1.517833	1100.877120256424
128	266.99786	17.55906	291.82684	254.233	232.82182	73.45728	294.79327	53.745026	400.0	358.8	140799	85.19709	24.903965	118.31405	-46.088844	-85.47666	1.439193	1109.8442509174347
129	195.09026	82.01906	270.06058	80.954735	268.66296	31.813553	289.66916	145.2579	333.33334	400.0	141899	84.925	24.796751	114.20351	-46.066444	-85.20844	1.4478991	1118.7646396160126
130	278.21973	16.342926	291.29678	255.17726	269.8521	28.878866	293.9173	194.03029	400.0	400.0	142999	84.82906	24.433416	115.37809	-47.859394	-85.11076	1.4651612	1127.9688844680786
131	262.97675	8.969299	271.94604	254.00745	213.5158	84.81192	292.13095	62.23719	400.0	332.3	144099	84.57044	24.431898	116.14102	-47.166336	-84.8552	1.4810226	1136.1315114498138
132	219.06241	72.7584	289.45215	97.10359	243.84909	68.49817	292.00574	42.208237	343.25	366.0	145199	84.44352	24.224861	109.76593	-44.810913	-84.725876	1.3909235	1145.0276832580566
133	175.3444	75.4121	235.81647	69.03062	192.01237	84.61858	297.20026	47.00899	320.0	299.8	146299	84.25891	24.161728	110.25713	-44.274105	-84.540344	1.4787661	1153.5185723304749
134	187.41931	84.304825	284.3786	78.85533	213.17363	76.4091	291.85562	70.78286	317.66666	338.8	147399	84.010925	24.25949	109.70023	-44.62686	-84.29674	1.3973926	1162.2324573993683
135	215.20029	44.888058	260.41345	143.99066	230.20865	77.71503	295.37894	43.497704	359.0	351.05	148499	83.97742	24.02882	122.10473	-44.358936	-84.263466	1.4700427	1170.5899748802185
136	246.49036	19.590889	266.08124	226.89946	263.44363	26.953386	291.9726	185.82635	400.0	400.0	149599	83.88734	23.906137	118.06586	-43.982964	-84.18587	1.446381	1179.6228578090668
137	245.70074	32.79138	279.017	201.1064	261.1585	21.098385	293.0295	219.28865	400.0	400.0	150699	83.93727	23.639349	129.70462	-43.83283	-84.23858	1.4402618	1189.954568862915
138	283.02255	11.446685	295.96497	268.13052	268.33804	22.704842	292.04684	207.37842	400.0	400.0	151799	83.832466	23.619753	119.214645	-41.255207	-84.14109	1.3910025	1198.896237373352
139	261.20242	5.338132	266.6293	253.94418	266.87677	18.711601	296.71863	219.98325	400.0	400.0	152899	83.85468	23.52483	119.68672	-40.760048	-84.16099	1.4788246	1207.8341901302338
140	246.63242	4.358345	250.99075	242.27406	264.42914	16.86866	293.04715	233.27623	400.0	400.0	153999	83.97623	23.252611	112.20302	-40.210197	-84.28417	1.4336646	1217.5737564563751
141	257.48108	18.928432	271.70746	230.73029	274.8262	16.874214	296.20538	222.30286	400.0	400.0	155099	83.99596	23.122643	120.07253	-39.793503	-84.30475	1.3976601	1226.5327122211456
142	271.8074	14.411448	292.15173	260.579	276.1579	20.381718	298.17242	205.1335	400.0	400.0	156199	84.05927	22.953402	110.94938	-39.44249	-84.36512	1.3771355	1237.0085544586182
143	253.72388	22.009474	282.76648	229.50613	268.56732	25.007292	299.57538	187.93777	400.0	400.0	157299	84.08118	22.775385	110.58036	-40.05217	-84.38945	1.3384752	1246.3812067508698
144	214.87619	26.372559	241.24875	188.50363	278.95804	21.192831	297.19516	206.29514	400.0	400.0	158399	84.1442	22.603434	110.895905	-40.184616	-84.456764	1.442398	1255.2723615169525
145	267.7586	11.516626	282.2308	254.05214	268.50552	28.791222	293.8278	186.32982	400.0	400.0	159499	84.070724	22.574633	111.471565	-41.51456	-84.3762	1.2987365	1264.647173166275
146	280.6659	13.202429	293.81494	262.6117	245.68855	42.066235	292.6579	130.47318	400.0	400.0	160599	84.122696	22.396345	113.856674	-43.31432	-84.42069	1.3153195	1273.370269060135
147	261.14496	18.93076	287.46683	243.74963	259.87195	29.928198	290.012	170.38818	400.0	400.0	161699	84.147415	22.205097	126.50228	-44.77597	-84.44244	1.3345999	1282.4976692199707
148	203.11972	24.938263	228.05798	178.18146	248.85786	48.714397	292.47665	92.76174	400.0	400.0	162799	84.0492	22.211452	111.37572	-48.986717	-84.33706	1.3840865	1293.5341265201569
149	263.59995	11.672377	279.02	250.78764	261.53943	29.93235	292.67764	172.27339	400.0	400.0	163899	83.933464	22.230228	119.96483	-49.15073	-84.22446	1.3644241	1303.9460599422455
150	246.33495	30.104696	281.1077	207.67462	269.64072	23.108665	296.59976	195.08588	400.0	400.0	164999	83.999176	21.975145	111.28673	-51.110413	-84.288055	1.339345	1312.9616568088531
151	236.11165	7.424289	244.4916	226.44331	266.09418	15.490455	282.15268	219.59488	400.0	400.0	166099	83.93167	21.94123	116.17858	-52.216156	-84.21488	1.3858341	1323.0376753807068
152	249.13239	2.6001663	251.73256	246.53223	259.9048	23.403025	284.96878	195.6401	400.0	400.0	167199	83.84326	21.902578	111.02833	-53.27696	-84.12578	1.2853577	1332.4963974952698
153	228.92705	17.04713	252.40138	212.43344	204.11131	57.7158	278.12064	50.396038	400.0	400.0	168299	83.7063	21.955286	152.45792	-57.972694	-83.97759	1.395714	1343.9910554885864
154	249.95117	35.537273	279.7488	200.0035	266.57257	25.280552	288.95047	175.91223	400.0	400.0	169399	83.618004	21.90832	111.966805	-57.0202	-83.889175	1.3677168	1354.7863371372223
155	261.80655	8.404814	273.28528	253.39503	264.21625	28.048223	302.5901	163.68274	400.0	400.0	170499	83.56194	21.81634	112.91859	-56.881035	-83.83169	1.3844167	1363.752025604248
156	227.76862	51.38624	279.15485	176.38237	237.72351	46.459984	288.95197	127.36947	400.0	377.7	171599	83.46276	21.785194	108.77292	-54.59808	-83.73054	1.387464	1372.9384369850159
157	229.56761	24.273893	260.29376	200.94707	220.14197	74.561554	300.6331	-58.72948	400.0	400.0	172699	83.3847	21.736908	108.279594	-51.93058	-83.65139	1.2992069	1381.8600904941559
158	208.53503	42.974396	254.66309	151.20221	255.17798	50.971725	302.8435	53.220932	400.0	400.0	173799	83.24826	21.770323	117.10924	-49.069725	-83.51662	1.3756868	1390.750569343567
159	257.7276	12.55206	275.44336	247.89755	262.25885	18.760395	297.62808	226.37387	400.0	400.0	174899	83.24074	21.513496	131.79195	-46.605827	-83.50208	1.373899	1399.7470564842224
160	288.12592	5.6444397	293.77036	282.48148	257.93744	75.55989	302.39453	-48.39793	400.0	382.45	175999	83.15718	21.479475	113.52022	-44.76565	-83.42023	1.3807257	1408.5578134059906
161	298.9105	1.6581646	300.30637	296.58072	284.4493	12.726656	297.39603	251.2122	400.0	400.0	177099	83.0824	21.329866	124.39795	-41.51468	-83.33806	1.4190401	1417.7331564426422
162	285.9833	4.511995	291.41214	280.36493	273.0954	26.607573	296.57935	183.02638	400.0	400.0	178199	83.034615	21.167881	117.07244	-40.02835	-83.29414	1.3780671	1427.0449171066284
163	274.47073	8.611678	285.9444	265.19727	262.5007	76.391975	299.84448	-59.852337	400.0	383.05	179299	82.963875	21.028156	110.17917	-39.144352	-83.22221	1.3276607	1435.6675720214844
164	278.14252	12.938248	291.08078	265.20428	245.2037	62.500397	299.5441	16.098427	400.0	377.05	180399	82.93091	20.903168	114.469376	-39.911995	-83.18638	1.2716124	1444.5234506130219
165	290.91394	6.623134	297.3247	281.79456	250.93277	62.47007	300.19974	28.991547	400.0	383.95	181499	82.80927	20.892471	115.03021	-39.606205	-83.060425	1.3663497	1453.2160942554474
166	267.78732	20.284971	288.46643	240.22858	277.96976	22.34904	299.85184	221.65654	400.0	400.0	182599	82.746605	20.845695	114.32716	-41.19528	-82.99774	1.2813351	1462.7305297851562
167	267.86124	19.084036	294.85	254.2905	250.6093	69.10821	300.71875	65.68397	400.0	373.5	183699	82.67627	20.702015	116.73929	-42.596413	-82.9318	1.3075218	1471.6574296951294
168	281.96802	11.771042	293.73904	270.19696	262.40268	43.149994	299.83368	108.39511	400.0	386.55	184799	82.625435	20.72303	107.2892	-42.19956	-82.87932	1.2472718	1480.2320823669434
169	229.36827	32.88241	265.40863	185.89816	282.46725	17.570166	302.10773	246.1313	398.66666	400.0	185899	82.53197	20.692093	106.94626	-41.45969	-82.78913	1.2823522	1489.089872121811
170	289.5162	13.332148	299.52347	270.67386	278.84735	25.894913	302.30338	194.12967	400.0	400.0	186999	82.495995	20.70435	117.12887	-42.68338	-82.75419	1.3687971	1497.0023498535156
171	272.33484	12.126456	287.7368	258.1023	271.30133	52.09873	302.1072	61.884766	400.0	387.1	188099	82.53012	20.601059	114.444664	-44.34337	-82.785614	1.3618573	1505.9814977645874
172	276.0216	2.23674	278.25833	273.78485	264.47006	54.76493	302.4121	67.84786	400.0	386.35	189199	82.48824	20.609776	110.91977	-45.852066	-82.74183	1.3153695	1516.1559677124023
173	264.1322	28.066895	295.60483	227.44998	283.91632	11.986777	296.85016	247.77802	400.0	400.0	190299	82.480194	20.489256	120.3401	-43.891636	-82.73393	1.4229234	1526.1111388206482
174	295.5468	1.5309556	297.60492	293.9356	283.67477	14.076674	302.1093	244.75438	400.0	400.0	191399	82.395515	20.53985	114.98846	-44.19853	-82.644585	1.3884226	1535.945720911026
175	283.70383	5.1127367	288.486	276.61612	277.86945	19.768734	297.9776	216.081	400.0	396.05	192499	82.405975	20.42961	107.07642	-46.140354	-82.651375	1.3741126	1546.3332333564758
176	284.82733	2.6993866	287.52673	282.12796	279.5481	18.820656	296.74774	223.66862	400.0	400.0	193599	82.35083	20.408064	110.58479	-47.917458	-82.59473	1.3670341	1554.973768234253
177	284.15308	2.8407066	287.7311	280.78207	286.01337	8.208631	301.45096	266.86862	400.0	400.0	194699	82.306526	20.42513	113.45512	-48.936543	-82.54931	1.390741	1565.3372309207916
178	271.72632	18.699165	290.98068	246.40073	280.4886	15.453747	298.97043	249.88815	400.0	400.0	195799	82.274956	20.452414	127.66143	-50.00346	-82.51694	1.4288934	1574.311125278473
179	284.62656	8.469585	296.47174	277.16464	283.57166	11.185232	299.73874	257.16882	400.0	400.0	196899	82.23099	20.41004	115.29784	-50.87435	-82.472374	1.3818543	1584.68891954422
180	265.03522	21.937569	286.97278	243.09764	283.24814	19.12395	299.97305	225.21208	400.0	400.0	197999	82.16103	20.393263	113.54331	-51.20836	-82.401764	1.4490862	1594.9762313365936
181	292.32645	1.6104933	294.40045	290.47433	283.56873	22.42244	302.7277	198.94284	400.0	400.0	199099	82.213356	20.242104	117.773895	-50.87618	-82.45749	1.4203507	1603.780277967453
182	284.11307	14.414816	299.27606	264.73145	283.78687	16.939201	302.90494	246.12213	400.0	400.0	200199	82.17497	20.210735	111.06748	-51.257805	-82.42047	1.3673904	1612.2664501667023
183	285.3768	15.617525	302.9666	265.01428	288.19025	10.969564	303.62622	272.37408	400.0	400.0	201299	82.12058	20.245502	109.93889	-51.76209	-82.3661	1.4050863	1622.6376929283142
184	258.1808	6.6028595	264.78366	251.57794	279.26352	21.262321	302.7852	230.5191	400.0	400.0	202399	82.04851	20.323137	113.010414	-51.611557	-82.29849	1.3578938	1631.3236455917358
185	285.44852	22.53647	303.7577	253.70148	273.12534	23.015932	304.08875	229.85493	400.0	400.0	203499	82.172066	20.040813	108.56775	-52.37365	-82.42555	1.3343707	1641.6737451553345
186	297.80917	4.3430758	303.7926	293.6165	285.28308	17.421644	298.8726	225.41238	400.0	400.0	204599	82.22845	20.00205	120.408035	-51.49621	-82.48444	1.3511994	1651.4112985134125
187	274.90662	20.304695	302.34814	253.86171	275.2927	26.916662	300.33807	178.09737	400.0	396.2	205699	82.298355	19.927408	114.40337	-50.54719	-82.55655	1.3600907	1660.2142732143402
188	272.00873	17.0663	289.07504	254.94244	260.55576	81.55856	302.29355	18.507963	400.0	367.55	206799	82.32664	19.97202	131.68582	-51.22293	-82.58292	1.3469371	1668.8703589439392
189	278.44922	20.65312	298.5879	250.05907	284.29736	15.057405	299.8475	248.43486	400.0	400.0	207899	82.43393	19.840487	117.81583	-51.34288	-82.690994	1.3608345	1677.806006193161
190	278.03064	10.974641	293.249	267.78226	270.79077	52.68666	302.855	51.24827	400.0	387.35	208999	82.41584	19.89175	110.31871	-51.832806	-82.665504	1.343087	1685.912947177887
191	292.35034	9.768068	299.73618	278.54755	286.70428	15.186359	301.89014	249.37428	400.0	400.0	210099	82.51912	19.787899	140.62758	-52.83533	-82.77673	1.3495088	1694.644786119461
192	269.9614	3.905243	273.86664	266.05615	267.7667	41.86537	302.21432	124.48331	400.0	390.85	211199	82.59663	19.72535	110.51917	-53.25817	-82.848305	1.3340665	1704.9135751724243
193	280.22864	22.070866	297.88483	249.10977	272.78238	45.820953	303.2686	85.73277	400.0	391.6	212299	82.67213	19.689943	109.95019	-54.170036	-82.9252	1.2768645	1713.976368188858
194	296.38364	5.466513	300.74585	288.6751	280.67853	15.6235285	302.63275	249.65129	400.0	400.0	213399	82.69021	19.709524	108.97466	-53.779842	-82.93735	1.3175819	1722.6603558063507
195	215.63713	88.78377	283.42804	90.21501	287.41766	16.701029	303.60422	249.60315	340.0	400.0	214499	82.70733	19.789541	108.1114	-54.197964	-82.957954	1.3170743	1733.0426661968231
196	271.6141	12.687942	283.10962	253.93463	260.40735	62.851128	302.33386	43.27506	400.0	378.3	215599	82.78972	19.645512	105.97469	-51.08807	-83.033264	1.2702861	1741.870451450348
197	300.84436	2.1727283	303.3366	298.04175	279.21497	22.735634	303.05484	222.5088	400.0	400.0	216699	82.79325	19.657507	106.77262	-49.548878	-83.03727	1.362426	1752.2006931304932
198	252.91998	2.7995605	255.71954	250.12042	268.4611	21.236246	302.28726	224.65158	400.0	400.0	217799	82.81967	19.622217	142.04407	-46.400852	-83.06155	1.278102	1760.5536725521088
199	298.09116	5.5088477	303.36917	290.48947	266.71515	58.346504	302.22873	29.707115	400.0	383.65	218899	82.7913	19.609798	106.805145	-45.064293	-83.02729	1.2810096	1770.43146443367
200	283.67688	18.063345	303.5262	259.82635	287.6831	10.976659	302.9462	271.54083	400.0	400.0	219999	82.73178	19.677248	122.813934	-43.66831	-82.96097	1.2505596	1780.7287576198578
201	282.7974	12.608944	299.17114	268.4947	271.4096	60.20713	303.32138	16.73439	400.0	383.85	221099	82.66613	19.628933	105.91427	-52.829666	-82.89224	1.3578005	1789.984160900116
202	285.1086	8.254486	293.3631	276.85413	288.6534	13.072746	303.56985	257.2605	400.0	400.0	222199	82.63343	19.493488	111.96618	-55.18519	-82.8542	1.3198737	1799.4072403907776
203	262.959	42.15511	293.361	203.34666	279.34485	22.68077	302.0474	216.2237	400.0	400.0	223299	82.50506	19.46247	111.28921	-53.18591	-82.72234	1.2701962	1808.8608992099762
204	290.46228	5.5290623	294.78754	282.6583	274.5194	26.71224	298.1784	198.7792	400.0	400.0	224399	82.41682	19.312551	105.56708	-50.429592	-82.63264	1.2563728	1819.2852385044098
205	291.82187	13.002573	302.66946	273.5393	262.52554	79.542145	300.83444	23.941639	400.0	371.4	225499	82.30845	19.239481	103.599724	-49.572906	-82.52411	1.2710367	1829.4687597751617
206	270.52225	15.813538	286.3358	254.70871	266.02338	56.011932	302.34006	37.194084	400.0	387.65	226599	82.224686	19.224367	105.33197	-51.702686	-82.441574	1.3090339	1838.374282836914
207	226.13858	102.32577	293.95895	49.298153	275.19574	20.19055	303.28738	229.20529	329.75	400.0	227699	82.20298	19.08856	110.929825	-52.93677	-82.42347	1.2355354	1847.2184867858887
208	272.49216	18.495138	298.26044	255.72192	271.93057	58.809566	303.42673	21.130136	400.0	385.7	228799	82.13309	19.139761	111.12886	-49.807907	-82.362816	1.1898214	1857.1821236610413
209	270.9254	16.304108	287.22952	254.6213	284.3391	20.875336	302.84454	231.49591	400.0	400.0	229899	82.15387	19.15828	104.7919	-48.805634	-82.38886	1.1981081	1865.9968173503876
210	296.30078	5.8078556	303.4305	289.20435	277.51346	19.334482	301.28217	244.61485	400.0	400.0	230999	82.21454	19.120901	122.293106	-51.562378	-82.45482	1.3198533	1874.9965326786041
211	278.92932	9.114492	291.33737	269.70184	281.99194	19.114195	302.30902	237.46219	400.0	400.0	232099	82.31615	19.098198	106.17946	-55.578304	-82.56173	1.257453	1884.1837100982666
212	289.36758	5.442643	295.60486	282.34308	284.12238	14.5847	302.41873	251.1736	400.0	400.0	233199	82.40183	19.03079	114.254585	-59.0894	-82.64269	1.227882	1893.5707614421844
213	257.63605	4.4139557	262.05	253.22208	284.77402	23.07981	302.74185	203.94061	400.0	400.0	234299	82.44748	19.137032	107.065926	-62.487038	-82.69541	1.2022712	1902.5257544517517
214	276.678	18.573624	293.61584	250.82228	280.80023	16.911135	300.7402	240.30542	400.0	400.0	235399	82.57461	19.00381	103.10115	-62.133156	-82.818344	1.2565043	1911.5363445281982
215	295.9247	1.1316488	296.98712	294.35696	289.30957	14.588493	303.00623	255.01042	400.0	400.0	236499	82.65042	19.024113	105.492935	-61.648655	-82.89433	1.2305163	1920.3203799724579
216	293.20352	4.4426813	298.94363	288.12112	283.28717	18.376009	301.70868	226.98393	400.0	400.0	237599	82.756905	18.849983	107.22193	-57.758976	-82.99568	1.3110232	1929.4468140602112
217	274.62515	21.824348	296.4495	252.8008	283.4334	16.78492	303.05603	233.70992	400.0	400.0	238699	82.76626	18.867083	113.799774	-57.588737	-82.99615	1.1760917	1938.1076407432556
218	281.78244	17.706236	298.2126	257.20267	273.13016	47.438465	298.3097	71.50294	400.0	388.5	239799	82.78788	18.72555	111.65321	-57.156563	-83.014694	1.2222619	1947.0308582782745
219	278.39822	16.803349	295.3096	255.48457	288.49896	9.555319	303.04208	267.00696	400.0	400.0	240899	82.76716	18.650154	107.1916	-58.057907	-82.98821	1.197689	1955.7770745754242
220	296.20438	5.453886	301.64587	288.74973	286.19995	13.260589	302.05927	250.0232	400.0	400.0	241999	82.65676	18.57951	111.57775	-59.259533	-82.86905	1.1656512	1965.0018937587738
221	283.31696	12.0286255	295.34558	271.28833	272.25262	55.336063	302.3384	41.99987	400.0	389.05	243099	82.532005	18.4876	107.33505	-61.1385	-82.740395	1.1551076	1974.3139898777008
222	278.3021	23.532963	300.96622	245.86426	284.9723	16.758846	302.47827	244.94029	400.0	400.0	244199	82.508575	18.197124	108.028145	-63.066956	-82.71051	1.1397188	1983.782028913498
223	267.92404	30.371872	296.47336	225.8577	286.10065	16.908106	302.79614	243.14104	400.0	400.0	245299	82.386215	18.058544	108.62468	-67.0481	-82.58673	1.1243622	1992.456399679184
224	286.744	6.485315	292.19797	277.6311	284.63965	14.903038	303.2397	257.3671	400.0	400.0	246399	82.238815	18.01115	151.65828	-67.425186	-82.43664	1.1147501	2001.4988045692444
225	295.79657	1.3541107	297.15067	294.44244	280.71118	19.03463	303.5548	233.4893	400.0	400.0	247499	82.125534	17.89663	109.584816	-68.686646	-82.32627	1.1158872	2010.1796040534973
226	280.6881	9.137196	287.9391	267.79977	274.81854	16.688913	301.49872	245.3283	400.0	400.0	248599	81.98699	17.937008	110.144295	-69.27012	-82.18585	1.0809257	2019.4421129226685
227	283.73813	7.1168766	289.2658	273.69016	278.4655	23.234324	301.49255	218.53229	400.0	400.0	249699	81.903725	17.93666	114.50427	-70.464035	-82.10239	1.0769798	2029.950764656067
228	283.10464	2.7633202	286.89987	280.40015	283.63867	17.4337	302.93607	247.68082	400.0	400.0	250799	81.836784	17.821516	110.90766	-71.15745	-82.03942	1.0880307	2039.0321099758148
229	279.67242	13.173325	292.84573	266.49908	281.42563	17.86774	302.4033	239.50648	400.0	400.0	251899	81.81232	17.757473	107.59968	-68.56802	-82.015396	1.0973804	2049.417636156082
230	282.13043	27.738869	301.9169	242.90225	281.10538	13.20308	302.96912	256.0569	400.0	400.0	252999	81.711494	17.829943	111.6318	-69.78978	-81.91414	1.0993285	2058.168825149536
231	280.0127	17.552862	301.80862	258.82602	277.78552	21.38652	302.1507	208.13403	400.0	400.0	254099	81.675026	17.759855	104.79811	-69.18299	-81.88217	1.069968	2066.801439523697
232	276.15906	16.788465	289.81784	252.51129	279.66205	13.464126	300.76324	250.17242	400.0	400.0	255199	81.637985	17.709244	109.66836	-64.6031	-81.842606	1.0433774	2075.494316101074
233	280.32178	13.198105	293.5199	267.1237	271.30344	23.205784	300.92285	214.71973	400.0	400.0	256299	81.63664	17.558226	103.10116	-63.720688	-81.83975	1.0090675	2084.5230264663696
234	293.9556	5.473067	301.2494	288.06546	274.15326	26.240355	301.1254	206.86023	400.0	400.0	257399	81.56558	17.652256	103.02659	-67.65878	-81.76841	1.0435749	2093.6652388572693
235	284.08252	11.503488	293.345	267.86896	274.74704	24.235518	301.8867	225.65298	400.0	400.0	258499	81.52071	17.529346	105.808426	-60.50222	-81.7221	1.027669	2102.723196029663
236	206.00154	97.632225	286.12256	68.55754	281.5025	20.431936	301.57755	224.6225	320.33334	400.0	259599	81.50724	17.487528	103.433426	-57.215282	-81.70882	1.0641904	2112.2082300186157
237	290.577	9.300772	298.2162	277.4844	264.4044	63.67222	299.84448	6.7985234	400.0	383.35	260699	81.530365	17.45954	104.10574	-55.060135	-81.73577	1.0431007	2121.4142684936523
238	294.40747	4.966484	299.00815	287.51102	274.89508	59.316177	301.7166	25.24036	400.0	384.25	261799	81.54985	17.417246	104.31892	-50.930832	-81.753235	1.0246481	2130.845178604126
239	285.6183	5.805649	291.42395	279.81265	284.44006	17.775084	301.49863	227.02252	400.0	400.0	262899	81.50506	17.458588	115.71374	-57.28212	-81.71191	1.109732	2141.3410320281982
240	256.25385	23.04554	284.23306	227.7895	286.36227	14.582143	301.6442	252.179	400.0	400.0	263999	81.51745	17.408232	107.598404	-49.098557	-81.72615	1.0940412	2150.4622886180878
241	279.7372	9.591347	288.16348	266.3187	287.7676	17.211102	301.84222	239.45544	400.0	400.0	265099	81.5769	17.241024	110.25737	-45.565075	-81.78447	1.0377232	2159.5345578193665
242	254.48174	35.909416	293.9245	207.05782	265.81464	59.69243	301.8066	18.890776	400.0	383.55	266199	81.58009	17.24547	104.33404	-45.28325	-81.78848	1.0671605	2168.5806455612183
243	288.22873	3.0759888	291.30472	285.15274	271.59094	63.658604	300.04816	-0.74651325	400.0	384.45	267299	81.566475	17.289898	103.44186	-45.661068	-81.77202	1.0272778	2177.965477705002
244	290.1104	9.763158	299.11502	276.54352	284.1953	13.88368	301.10663	259.72827	400.0	400.0	268399	81.572426	17.394823	105.36063	-44.816467	-81.777214	1.1102226	2187.073418855667
245	293.75345	8.298591	299.89664	282.02185	273.02094	20.879822	293.77957	227.16365	400.0	400.0	269499	81.59474	17.340422	100.98752	-46.17186	-81.80014	1.0939167	2197.459867954254
246	287.7671	9.319547	300.89923	280.23093	287.12762	15.525002	302.07074	239.83578	400.0	400.0	270599	81.575836	17.457367	110.85163	-52.78542	-81.78284	1.052329	2207.9876837730408
247	293.9453	5.7534637	299.69876	288.19183	285.5835	14.746601	300.48596	243.94243	400.0	400.0	271699	81.66845	17.259666	105.063736	-49.820538	-81.87333	1.0370159	2216.935860157013
248	283.171	8.707488	295.45035	276.2291	286.04797	17.830381	302.3235	237.57968	400.0	400.0	272799	81.700035	17.172062	102.52189	-54.764305	-81.908356	1.0547128	2227.071923971176
249	293.35577	3.0298715	296.9743	289.55908	287.39554	15.444828	302.72272	240.93501	400.0	400.0	273899	81.69573	17.239462	149.8326	-51.748405	-81.89924	1.0551949	2235.923106431961
250	289.75998	10.274405	297.77313	275.25638	265.61115	72.3883	300.46594	-38.534477	400.0	382.0	274999	81.728676	17.08798	108.00408	-42.474834	-81.930595	1.0489559	2245.0329945087433
