Epoch	AverageEpRet	StdEpRet	MaxEpRet	MinEpRet	AverageTestEpRet	StdTestEpRet	MaxTestEpRet	MinTestEpRet	EpLen	TestEpLen	TotalEnvInteracts	AverageQVals	StdQVals	MaxQVals	MinQVals	LossPi	LossQ	Time
1	0.08872175	10.817211	10.905933	-10.72849	-154.39273	30.915106	-90.26022	-197.4624	400.0	400.0	1099	0.7669762	0.44939926	13.72434	-3.4716096	-0.7828777	0.04692153	3.9085166454315186
2	71.27834	36.179535	111.51256	23.787083	-18.863182	48.427265	62.777992	-118.46609	400.0	400.0	2199	0.95152396	1.1365455	11.28262	-11.225673	-1.0416577	0.014865547	12.435104846954346
3	-12.024562	34.15802	18.703972	-59.66844	118.444374	81.409706	259.65717	-22.283764	400.0	400.0	3299	1.7730217	2.632763	23.329727	-17.08816	-1.9615525	0.018225007	21.22117781639099
4	96.462776	82.47129	211.65689	23.05405	105.969765	85.63261	267.6002	-18.402767	400.0	400.0	4399	3.173267	3.9486878	20.199352	-7.901624	-3.3947394	0.033277303	29.411960124969482
5	26.768562	42.893158	69.66172	-16.124596	155.95224	96.40472	335.72507	-8.105064	400.0	400.0	5499	5.074312	5.3344812	26.969421	-5.529503	-5.306834	0.049819004	38.25483298301697
6	1.0669645	45.022484	50.99296	-58.117115	100.54808	68.054245	270.58203	-1.0295985	400.0	400.0	6599	6.19821	6.7064185	32.498833	-6.255692	-6.4270186	0.061797805	47.2820405960083
7	72.687225	85.037994	179.0374	-29.11319	96.59291	66.19846	236.04208	-9.271622	400.0	400.0	7699	7.4594874	8.1883955	80.6615	-9.399652	-7.688608	0.14569946	56.16588258743286
8	45.786068	44.937	103.884285	-5.566605	85.2729	66.7222	215.15442	-21.178764	400.0	400.0	8799	8.624511	9.383728	34.902004	-8.078197	-8.8608675	0.14724343	64.82854962348938
9	33.978943	49.67867	83.657616	-15.699727	89.97972	56.87783	199.955	-26.433758	400.0	400.0	9899	9.5943575	10.60042	41.347767	-9.826408	-9.836969	0.13422777	73.69083166122437
10	40.910397	70.60607	97.54832	-58.626087	113.860886	42.333927	183.28381	30.981308	400.0	400.0	10999	10.467652	11.719044	42.05261	-9.987498	-10.712977	0.13447368	82.45195579528809
11	9.076613	58.41426	67.08271	-70.8657	75.188156	71.605354	279.63242	1.4210912	400.0	400.0	12099	11.2052555	12.59101	43.983105	-9.514869	-11.447749	0.1866803	91.31367564201355
12	93.77354	127.14316	198.0434	-85.22321	84.52342	74.04497	230.9261	-11.203617	400.0	400.0	13199	12.389272	13.65165	45.22998	-9.809358	-12.633659	0.21516183	100.0795636177063
13	-25.544832	42.264328	16.719494	-67.80916	82.55826	79.73545	261.8084	-32.43206	400.0	400.0	14299	12.929269	14.533105	60.16219	-12.22856	-13.175564	0.27666104	109.00509691238403
14	57.168957	47.314384	124.08113	23.495195	73.96993	45.698017	148.31377	-10.113694	400.0	400.0	15399	13.498137	15.527055	58.5804	-13.008535	-13.749935	0.3334983	117.68141388893127
15	99.16117	101.57953	226.37695	-22.236938	63.366188	60.126537	193.17914	-21.086702	400.0	400.0	16499	14.110194	16.532982	66.580414	-25.371424	-14.351255	0.32669976	126.50966334342957
16	62.04687	41.39924	103.45373	5.4972486	43.13672	59.162636	199.2348	-63.69679	400.0	400.0	17599	14.2567215	17.365765	81.49117	-25.066853	-14.482136	0.3363112	136.7228240966797
17	14.949888	3.7319217	18.68181	11.217967	49.193344	36.132877	111.85088	-16.001688	400.0	400.0	18699	14.13141	18.103628	359.37814	-107.7186	-14.340773	0.87504596	146.8922700881958
18	100.22147	16.78402	118.33959	77.88253	64.58932	46.88712	147.51758	-14.26248	400.0	400.0	19799	14.256521	18.616938	80.97953	-33.485527	-14.464636	0.43559685	156.67482614517212
19	65.71029	62.027065	143.94815	-7.762143	98.87121	67.349304	305.68124	-1.0237435	400.0	400.0	20899	14.618706	19.202246	93.68324	-49.135605	-14.823063	0.49137446	166.412700176239
20	68.0366	62.955753	155.97946	12.036841	75.12499	52.31371	182.72173	-0.3509355	400.0	400.0	21999	14.966863	19.7623	86.80404	-68.47104	-15.168084	0.46159634	174.68208599090576
21	77.10765	40.10437	117.21202	37.003284	87.840004	61.461136	203.13948	-9.922888	400.0	400.0	23099	15.021138	20.252947	105.62724	-22.269253	-15.213498	0.5186509	183.0283329486847
22	89.875496	91.649605	209.58861	-13.004915	95.44731	52.581505	194.1885	1.8674809	400.0	400.0	24199	15.492693	20.721718	123.97748	-22.316616	-15.683267	0.6184476	191.36978602409363
23	51.203365	51.547146	124.09561	13.918845	125.56154	77.99843	290.39276	1.6286083	400.0	400.0	25299	15.320856	21.07483	82.59823	-36.465084	-15.507979	0.60874003	200.51867532730103
24	140.22932	5.9295506	145.13869	131.88712	135.21506	66.76581	265.80524	14.252934	400.0	400.0	26399	15.700471	21.523691	95.56959	-29.095173	-15.893338	0.65403426	209.881938457489
25	136.61076	0.19166565	136.80243	136.4191	157.6436	80.88968	294.95102	33.32583	400.0	400.0	27499	16.280317	21.97547	162.31169	-43.83918	-16.469698	0.7939846	218.98515939712524
26	98.213684	104.93246	246.60805	23.265125	117.272095	79.5541	265.18585	-48.555252	400.0	400.0	28599	16.503212	22.324787	98.99383	-33.412605	-16.69335	0.6788357	228.5089282989502
27	155.20583	96.50801	259.8367	26.995865	95.20281	87.5771	235.62605	-60.193188	400.0	400.0	29699	17.483051	23.039167	101.475525	-45.9673	-17.674664	0.6890565	237.49898719787598
28	114.96417	50.999588	156.69925	43.15475	146.73193	70.024414	274.2658	61.833122	400.0	400.0	30799	17.586348	23.448818	105.44298	-28.470095	-17.776297	0.70040417	247.05056071281433
29	182.05145	15.177422	197.22888	166.87404	147.0632	76.209885	276.6338	8.805375	400.0	400.0	31899	18.235353	23.823574	173.69362	-80.2847	-18.421438	0.74032557	257.3117642402649
30	94.961914	46.079872	152.03761	39.187965	105.59717	87.23292	284.2806	-20.635866	400.0	400.0	32999	18.40136	24.088	97.72721	-59.037003	-18.584028	0.7648791	267.58008337020874
31	108.723694	53.818943	174.14664	42.32844	195.77841	81.19277	327.49216	61.372715	400.0	400.0	34099	18.725206	24.418303	102.87677	-31.904589	-18.908422	0.68985903	277.099249124527
32	153.5256	59.30561	228.07591	82.972496	115.27956	55.830452	228.26822	15.156997	400.0	400.0	35199	19.159477	24.796022	131.03966	-31.970276	-19.342266	0.7744588	287.35993361473083
33	108.430626	4.057434	112.48806	104.37319	118.096634	85.243996	259.8265	-36.321354	400.0	400.0	36299	19.499342	25.340965	98.27982	-73.28668	-19.684715	0.7193888	296.4268181324005
34	147.0414	45.04148	208.60109	102.087425	156.18544	62.807045	248.05899	37.667156	400.0	400.0	37399	20.065615	25.923767	92.797455	-33.53213	-20.25478	0.73808485	305.847558259964
35	151.9673	9.9870615	165.92035	143.09433	185.10794	67.30898	278.05115	54.73988	400.0	400.0	38499	20.481808	26.374037	90.57891	-35.423218	-20.67918	0.63544554	316.2159335613251
36	253.52429	34.89877	301.32382	218.98077	211.19246	63.06467	304.2928	65.3911	400.0	400.0	39599	21.258694	26.835108	94.53426	-37.362118	-21.455034	0.7718445	325.3005049228668
37	268.09937	5.6894073	273.7888	262.40997	176.01015	66.272484	284.03214	68.94384	400.0	400.0	40699	22.39351	27.520052	94.131386	-37.20971	-22.591425	0.77964896	334.3944208621979
38	256.8934	54.139492	314.11166	184.22545	203.64647	93.31881	287.86032	-0.34911573	400.0	400.0	41799	23.743883	28.352703	95.814835	-39.00598	-23.94257	0.7338669	343.47580552101135
39	72.93805	66.11034	163.32196	7.0355697	201.94557	78.77972	319.73672	43.09928	400.0	400.0	42899	24.219023	28.870573	100.151695	-40.086784	-24.428133	0.8473786	352.6541414260864
40	266.1732	19.904078	289.34537	240.74709	200.4139	83.06244	296.13022	-14.977595	400.0	400.0	43999	25.075294	29.403788	99.60667	-43.329685	-25.285118	0.81964254	361.6206967830658
41	265.60538	25.892235	291.49762	239.71315	200.5346	73.18684	307.239	72.61737	400.0	400.0	45099	26.378878	30.297516	185.95346	-42.57853	-26.587574	1.0188981	370.51481676101685
42	155.99292	92.0824	255.3449	33.408493	159.36185	104.73933	305.63837	-18.747976	400.0	400.0	46199	27.202198	30.835297	105.03584	-40.21185	-27.413631	0.8284461	379.4052040576935
43	181.7873	87.45531	289.1954	74.977036	230.12668	59.282333	303.47272	96.266075	400.0	400.0	47299	27.977665	31.358295	123.773285	-40.353725	-28.19774	0.8963452	388.3449227809906
44	229.5685	33.499607	272.08633	190.21233	211.28989	59.33473	313.6097	99.83107	400.0	400.0	48399	28.531866	31.80354	115.1646	-41.385937	-28.760714	1.0075477	397.3454873561859
45	188.07419	84.835754	272.90994	103.23843	228.10335	102.39326	318.4286	-63.091534	400.0	400.0	49499	29.696978	32.467987	109.99463	-42.65789	-29.926613	1.0055512	406.56209802627563
46	167.91786	10.146333	181.0968	156.41324	241.33096	73.25861	333.1189	95.038124	400.0	400.0	50599	30.155014	32.70981	110.313774	-45.491302	-30.389126	1.0233382	415.6152985095978
47	218.61754	56.436558	298.3306	175.29716	221.11057	90.598495	311.1926	24.743052	400.0	400.0	51699	30.966898	33.140404	152.22813	-43.106632	-31.195436	1.1350319	424.86876606941223
48	175.97554	30.26088	203.29526	133.78839	260.7152	61.829918	334.72318	138.35262	400.0	400.0	52799	31.400753	33.3183	110.52714	-43.900105	-31.631037	0.9136431	434.14170598983765
49	144.72081	135.38293	280.10376	9.337868	271.53946	56.501637	321.5058	98.15147	400.0	400.0	53899	32.02743	33.75973	112.664986	-45.772415	-32.25909	1.02113	443.1137502193451
50	262.40735	43.73794	301.8481	201.42159	228.82256	108.75487	329.25287	-36.87985	400.0	400.0	54999	32.87605	34.269547	110.50452	-44.641678	-33.109093	0.9909449	451.6278669834137
51	205.84169	59.940113	285.2136	140.38168	261.46732	60.85378	327.96045	141.25363	400.0	400.0	56099	33.52654	34.478794	111.333275	-44.965378	-33.7551	0.8882362	460.1745481491089
52	286.69376	11.334413	300.0817	272.36594	239.7364	75.33913	316.44385	9.871118	400.0	400.0	57199	34.405167	34.79554	134.78354	-44.859035	-34.637543	0.9736264	468.68934965133667
53	195.72632	69.854645	265.58096	125.87167	239.93747	59.44585	306.77768	117.70626	400.0	400.0	58299	35.35216	35.079643	119.1015	-43.86286	-35.5859	1.0691037	477.24435019493103
54	243.63515	29.562685	285.4358	222.05756	244.6512	49.88609	309.9992	151.16011	400.0	400.0	59399	36.06467	35.311264	115.26855	-44.092194	-36.299892	0.9731503	485.82542538642883
55	266.23047	25.053288	298.51483	237.44745	238.43741	82.74855	323.05518	71.361206	400.0	400.0	60499	37.291313	35.61826	117.689156	-46.405895	-37.533432	1.1504214	495.25848937034607
56	206.7185	59.512897	278.12018	132.42973	252.96191	49.877346	305.64026	117.31119	400.0	400.0	61599	38.11525	35.83118	115.53831	-44.70087	-38.36154	1.0269719	504.4804937839508
57	133.11298	127.262085	260.37506	5.8508887	248.86624	60.61849	329.57486	79.31411	400.0	400.0	62699	38.3718	36.115604	130.76181	-45.092163	-38.62165	1.1574931	513.7739205360413
58	196.16405	77.17703	257.69803	87.329025	251.0186	46.48738	308.27124	164.07756	400.0	400.0	63799	38.935856	36.29284	122.79245	-45.89739	-39.18365	1.0548744	523.315614938736
59	281.35764	17.495274	297.7396	257.10892	235.96199	62.801403	302.94843	34.6469	400.0	400.0	64899	39.843445	36.569237	116.95712	-47.084335	-40.097168	1.0075988	533.1420609951019
60	256.00803	18.952497	281.0192	235.15816	238.41972	74.129326	315.22275	12.995306	400.0	400.0	65999	40.911266	36.90074	138.08128	-50.336155	-41.174103	1.2318013	543.8206629753113
61	272.83786	2.3893738	275.22723	270.4485	262.72284	32.979374	308.29694	189.4272	400.0	400.0	67099	42.0828	37.288467	136.33197	-47.822647	-42.3525	1.1460353	554.1592571735382
62	279.69083	1.8840883	282.3415	278.13055	257.92453	63.985878	319.459	89.132324	400.0	400.0	68199	43.19756	37.64551	129.97054	-46.37568	-43.468456	1.2732451	563.3355948925018
63	291.4165	7.54496	300.28152	281.84122	256.34097	66.8421	312.04965	75.06485	400.0	400.0	69299	44.40198	38.115295	138.7498	-51.45395	-44.69227	1.1135603	572.681384563446
64	254.20174	55.327946	296.4388	176.04117	251.68262	91.25426	318.14432	-9.166577	400.0	400.0	70399	45.48646	38.398685	120.98804	-48.83527	-45.772713	1.249777	581.9193687438965
65	249.65453	21.032608	270.68713	228.62192	284.28604	22.130716	318.5223	229.37129	400.0	400.0	71499	46.441025	38.573334	136.89691	-49.02194	-46.728104	1.2125647	591.2217366695404
66	275.35226	13.659794	285.12302	256.03485	297.28775	20.620422	334.74268	258.99683	400.0	400.0	72599	47.29585	38.74613	124.53262	-50.77502	-47.57062	1.1361847	600.5383305549622
67	295.3362	1.2007571	296.89636	293.97546	260.66925	95.75342	331.8208	-13.154834	400.0	400.0	73699	48.350796	38.849308	117.32803	-51.380646	-48.633175	1.1173986	609.8614075183868
68	288.19052	16.538322	310.48746	270.92578	287.11948	33.175117	319.9003	184.09766	400.0	400.0	74799	49.278374	39.031803	124.39653	-50.119015	-49.567677	1.123222	619.1237092018127
69	287.9428	21.376556	309.31937	266.56625	270.4462	68.79991	321.1717	-12.051811	400.0	400.0	75899	50.115967	39.09542	117.34419	-48.464417	-50.398182	1.1069866	628.5748631954193
70	284.44266	40.26912	314.7965	227.53581	229.51303	125.41934	334.43848	-58.837513	400.0	400.0	76999	51.014492	39.147484	124.706985	-48.164566	-51.297054	1.0440794	637.8287007808685
71	304.02176	1.7518431	306.4306	302.31583	292.85852	22.219099	318.55978	234.98796	400.0	400.0	78099	51.673203	39.231766	120.13166	-47.423973	-51.951073	1.0424283	647.3532755374908
72	218.29974	95.534294	295.17194	83.64411	275.756	38.58876	325.92834	187.68181	400.0	400.0	79199	52.39996	39.370384	122.16204	-46.11271	-52.686386	1.0837551	656.7885591983795
73	283.8158	16.261826	300.07764	267.554	258.57947	103.76175	329.5281	-54.189228	400.0	400.0	80299	52.870945	39.572914	149.27426	-46.25255	-53.16085	1.2354008	666.061491727829
74	251.46523	42.61236	303.63824	199.25972	229.3459	96.238075	314.22406	-29.612535	400.0	400.0	81399	53.639484	39.68334	126.142525	-46.4796	-53.92651	1.1478906	676.8467803001404
75	288.31	8.836078	298.10464	276.69232	264.5088	71.79367	315.3768	-2.3891559	400.0	400.0	82499	54.268265	39.867847	129.1295	-46.45192	-54.549557	1.215522	686.5033254623413
76	296.20956	2.8535843	298.23248	292.17398	279.79422	34.084984	319.78677	190.9249	400.0	400.0	83599	55.164738	40.08066	132.00421	-49.001236	-55.449978	1.1828538	696.0786466598511
77	282.86987	11.717789	294.58768	271.1521	262.57266	81.481766	313.72684	-76.795906	400.0	400.0	84699	55.905018	40.196712	134.5254	-47.093487	-56.193005	1.169412	705.4553716182709
78	276.46585	40.741932	307.8116	218.92485	261.4712	103.04641	317.05176	-50.532394	400.0	400.0	85799	56.53721	40.296204	161.98468	-48.358177	-56.8341	1.2650335	716.2475972175598
79	162.13399	190.94315	305.02255	-107.74435	243.07475	91.1844	328.56815	-90.13148	400.0	400.0	86899	56.86103	40.537647	169.81764	-68.55159	-57.156414	1.2801217	725.9863550662994
80	184.88086	112.70489	271.54422	25.7015	243.20715	87.14843	299.48715	-38.13823	400.0	400.0	87999	57.264927	40.707623	136.33202	-73.94857	-57.57215	1.4040321	735.5091545581818
81	294.91547	10.445358	305.3608	284.4701	259.85336	32.039787	316.20416	189.05522	400.0	400.0	89099	57.659515	40.76874	165.70973	-71.536545	-57.957798	1.3825017	745.5311298370361
82	228.55821	27.574615	259.12915	192.30605	273.03326	30.340784	309.99246	206.52275	400.0	400.0	90199	58.27375	40.718166	148.87924	-75.99194	-58.584766	1.3072613	755.3294603824615
83	257.91574	28.061436	279.84567	218.30682	258.02325	39.841232	321.11002	159.94814	400.0	400.0	91299	58.91173	40.575523	201.04552	-75.58532	-59.206547	1.3017205	768.9327359199524
84	289.07895	10.305258	303.52667	280.1984	269.2674	34.505074	301.8222	173.72064	400.0	400.0	92399	59.40547	40.47703	181.5798	-80.92077	-59.695652	1.356525	779.1442811489105
85	227.47852	34.9522	262.43073	192.52632	262.06476	38.803963	318.55148	173.14879	400.0	400.0	93499	59.9254	40.30589	225.77956	-78.5153	-60.205086	1.3627291	789.1000838279724
86	253.30579	21.396942	272.25946	223.40073	259.10785	36.35562	298.46927	129.89407	400.0	400.0	94599	60.26033	40.0978	168.64397	-81.01066	-60.522614	1.2782173	798.5344944000244
87	248.22368	34.169052	292.78503	209.75658	262.2051	51.670235	322.81323	135.52551	400.0	400.0	95699	60.580257	39.88242	142.47723	-79.86105	-60.846214	1.1109681	808.1500387191772
88	268.75705	26.189266	290.97568	231.98518	294.97934	15.525151	317.10883	242.59505	400.0	400.0	96799	60.93049	39.64709	180.43568	-82.647224	-61.188835	1.2445604	817.6180009841919
89	253.69595	1.1675186	254.86346	252.52843	270.1901	43.38512	317.98505	102.84745	400.0	400.0	97899	61.16451	39.498615	139.94972	-82.9103	-61.42606	1.2281739	827.1191835403442
90	266.16367	19.762985	280.52078	238.21811	285.24905	23.171707	318.92566	212.30814	400.0	400.0	98999	61.58664	39.24633	180.08926	-84.691376	-61.847813	1.2358567	836.639307975769
91	275.74008	21.328606	298.39404	247.166	259.90744	66.48616	299.90826	-6.4913344	400.0	400.0	100099	61.90517	39.071457	138.22644	-85.28292	-62.169518	1.1015826	846.3560085296631
92	265.9405	12.000533	278.4582	249.75694	290.83032	16.339924	325.588	251.331	400.0	400.0	101199	62.150764	38.924026	165.69917	-82.056625	-62.40677	1.1857735	856.0665793418884
93	292.75397	31.526138	324.28012	261.22784	248.74812	46.94564	296.7252	119.20882	400.0	400.0	102299	62.424355	38.698303	156.64989	-86.48185	-62.67179	1.0155576	865.9626441001892
94	285.11432	8.05298	296.48956	278.94873	253.02763	48.31204	317.17902	106.596954	400.0	400.0	103399	62.586502	38.477673	156.63164	-78.44201	-62.831043	1.1452376	875.6317245960236
95	266.171	3.010363	269.62054	262.28546	260.77225	43.320393	306.43253	100.91613	400.0	400.0	104499	62.821827	38.264435	138.2593	-76.44916	-63.05487	0.9804578	885.1671199798584
96	242.95262	13.779361	258.79993	225.2079	257.4371	46.83596	296.13602	103.77057	400.0	400.0	105599	63.068707	38.030643	122.1494	-74.2886	-63.314304	0.98452026	894.7783787250519
97	235.7576	17.841812	253.59941	217.91579	265.51178	38.21887	312.91995	178.10138	400.0	400.0	106699	63.01448	37.986908	168.3225	-71.07881	-63.264942	1.0194447	904.3930315971375
98	256.77942	42.6766	308.34445	203.83583	258.3909	66.35003	313.786	13.613252	400.0	400.0	107799	63.347397	37.84692	157.98785	-71.368004	-63.612442	0.9874121	914.0409467220306
99	248.85199	29.822235	278.37192	208.00603	237.84123	59.042717	301.10397	66.83904	400.0	400.0	108899	63.764973	37.759056	122.736374	-69.78713	-64.02601	0.9259041	923.6291563510895
100	279.0211	8.077713	289.42188	269.729	263.57715	72.71015	318.82996	-40.79231	400.0	400.0	109999	63.999977	37.682915	143.67354	-65.487076	-64.273926	0.9827941	933.0140063762665
101	276.59326	0.68136597	277.27463	275.9119	260.78445	84.582855	305.225	-100.83041	400.0	400.0	111099	64.354774	37.599014	189.27414	-64.18556	-64.62177	0.9746918	942.4159398078918
102	286.5607	3.4711554	291.21695	282.8861	285.4531	18.491432	313.68814	249.08734	400.0	400.0	112199	64.71162	37.52678	176.31438	-63.237328	-64.97622	0.87258863	952.1715698242188
103	275.39438	30.66197	305.09967	233.18425	263.90503	72.09692	328.43365	10.844918	400.0	400.0	113299	65.06213	37.448044	175.23145	-68.1579	-65.30831	0.90828	962.030130147934
104	301.25546	8.8212	313.3466	292.5502	288.91354	25.077728	325.94662	216.62244	400.0	400.0	114399	65.20766	37.389122	147.56119	-59.550667	-65.45286	0.83758956	971.8285233974457
105	228.1609	64.88274	293.04364	163.27817	289.52908	28.911337	326.49734	211.11838	400.0	400.0	115499	65.24863	37.297737	143.63257	-64.98886	-65.47875	0.9190479	981.71231508255
106	295.65344	4.3788886	301.56958	291.1106	257.01947	68.00811	331.13348	0.95945245	400.0	400.0	116599	65.36464	37.17475	126.695854	-66.441414	-65.589066	0.8492849	991.7168197631836
107	295.30975	8.1484785	304.3264	284.5868	299.11737	41.47929	327.1672	136.41422	400.0	400.0	117699	65.376755	36.988327	156.70026	-57.569344	-65.59176	0.8213846	1002.5738041400909
108	234.73332	90.024574	314.09717	108.83845	285.72977	31.35296	332.806	230.8595	400.0	400.0	118799	65.38868	36.755276	118.46429	-63.64188	-65.60173	0.79669744	1013.5857841968536
109	260.73868	19.848045	280.58673	240.89064	279.97345	48.03398	327.50748	141.02235	400.0	400.0	119899	65.427055	36.548504	199.45895	-55.265987	-65.6323	0.8896684	1024.4708077907562
110	287.59586	22.5992	316.2427	261.00034	308.2775	22.304691	336.6255	257.40417	400.0	400.0	120999	65.42438	36.314342	139.1732	-54.11232	-65.628334	0.8149806	1033.9861562252045
111	262.5512	48.759846	315.21582	197.66878	307.39734	47.85852	338.57425	115.948746	400.0	400.0	122099	65.36084	36.2063	146.34952	-53.934593	-65.56115	0.7923496	1044.442212343216
112	307.5261	9.728658	319.61496	295.79266	261.8487	68.35344	328.61133	52.772057	400.0	400.0	123199	65.39445	35.941456	136.27516	-55.157887	-65.58816	0.7855896	1054.0417983531952
113	248.92642	27.213692	276.1401	221.71272	283.37738	86.86415	337.31317	-72.54877	400.0	400.0	124299	65.39271	35.7119	196.96896	-54.63533	-65.584984	0.8152035	1063.5145258903503
114	292.4114	20.79396	321.39044	273.5923	273.8425	65.550644	328.21762	82.84884	400.0	400.0	125399	65.36705	35.54734	138.93	-53.734196	-65.55849	0.68996215	1072.4767017364502
115	224.87921	73.270096	299.81567	125.43393	263.4671	109.34854	327.2518	-191.81247	400.0	400.0	126499	65.35629	35.31525	150.54512	-56.090614	-65.55325	0.7996812	1081.36971616745
116	266.15646	26.375362	297.06894	232.62251	297.105	18.929682	327.09772	257.32047	400.0	400.0	127599	65.21745	35.203903	161.5919	-55.783253	-65.414505	0.7958751	1090.257752418518
117	290.5476	18.582382	309.12997	271.9652	299.36963	18.752588	332.2076	269.51065	400.0	400.0	128699	65.24677	34.988937	128.82718	-56.5486	-65.44093	0.7419238	1099.8005440235138
118	126.02114	142.12749	243.43987	-73.96797	287.98465	50.102116	332.5484	134.61008	400.0	400.0	129799	65.012405	35.046955	125.06644	-62.54766	-65.21203	0.70113635	1110.621422290802
119	237.9593	50.91937	309.7776	197.4922	289.94147	22.219297	321.45422	250.49173	400.0	400.0	130899	64.97717	34.90644	170.47482	-54.42165	-65.168274	0.80131996	1119.5404415130615
120	234.19757	58.059696	309.9271	168.85242	274.8917	40.749744	318.3402	157.49309	400.0	400.0	131999	64.9708	34.704502	144.50455	-53.26178	-65.16562	0.70950896	1130.7147905826569
121	294.80756	1.0812683	295.88882	293.7263	296.39767	36.18187	326.81815	151.161	400.0	400.0	133099	65.002174	34.543137	152.95543	-51.35666	-65.18718	0.71426755	1140.4497802257538
122	294.60422	19.54692	309.4622	266.98724	271.03577	70.88521	329.72818	36.569836	400.0	400.0	134199	65.004105	34.407154	112.13356	-52.101257	-65.17982	0.725117	1151.6063168048859
123	294.81845	24.68895	319.78156	261.19574	291.7765	27.3442	330.75677	212.64029	400.0	400.0	135299	64.99852	34.304302	137.11061	-50.08087	-65.178535	0.68687946	1160.9392204284668
124	284.76242	9.511784	298.11212	276.65573	286.5794	44.99932	332.51678	170.91367	400.0	400.0	136399	64.9934	34.22061	139.45142	-45.3526	-65.174446	0.65978783	1170.648851633072
125	287.74316	17.461441	305.2046	270.2817	273.792	71.818695	325.2296	-15.006702	400.0	400.0	137499	65.05373	34.121136	155.04681	-46.550255	-65.23662	0.78091574	1180.2495367527008
126	266.93808	24.934515	289.22656	232.12924	269.7636	81.0056	320.59854	-8.16998	400.0	400.0	138599	65.03152	34.02527	124.11989	-49.312866	-65.21409	0.68347144	1190.041805267334
127	280.76843	13.441851	298.2261	265.52444	268.50674	32.484303	333.79013	199.18153	400.0	400.0	139699	65.12904	33.89386	133.71405	-49.56284	-65.31312	0.6752046	1199.634616613388
128	274.32883	21.897686	291.04272	243.3943	259.51324	69.0491	336.11096	-5.672939	400.0	400.0	140799	65.22938	33.804317	142.12163	-42.640907	-65.421776	0.75221	1210.3691055774689
129	250.34744	21.31002	271.65747	229.03743	270.40695	68.85818	327.3187	14.267603	400.0	400.0	141899	65.36567	33.668037	139.87526	-45.86371	-65.55851	0.731272	1221.4216220378876
130	315.0356	3.3157058	317.44366	310.34708	302.78278	28.353174	334.92017	211.4386	400.0	400.0	142999	65.48391	33.63983	109.04689	-42.86942	-65.67705	0.67076993	1231.0126440525055
131	306.2746	11.982142	314.86465	289.32983	295.96524	40.828384	329.3253	160.22508	400.0	400.0	144099	65.56825	33.616375	127.94306	-43.6726	-65.755226	0.736617	1240.6062362194061
132	296.53723	14.059056	313.8483	279.4123	296.03436	31.582077	336.79285	220.72104	400.0	400.0	145199	65.7356	33.492847	127.73789	-45.29766	-65.92295	0.696356	1250.331039428711
133	310.73218	1.5844116	312.3166	309.14777	292.15237	33.540344	335.50812	220.30318	400.0	400.0	146299	65.77187	33.418377	117.00449	-42.841576	-65.96046	0.6736356	1260.0404546260834
134	287.54453	24.469004	320.07047	261.0519	301.12347	26.482618	334.3279	230.57951	400.0	400.0	147399	65.84834	33.351063	130.33969	-43.901688	-66.034004	0.6758595	1270.0837621688843
135	310.17346	11.5194435	319.1933	293.915	294.2242	73.18109	328.342	-17.43263	400.0	400.0	148499	66.02518	33.21841	136.97955	-41.61289	-66.22114	0.68263346	1279.7758722305298
136	166.40387	129.24808	261.6478	-16.325617	284.4048	99.89385	334.9499	-22.516537	400.0	400.0	149599	66.0668	33.13402	166.64314	-43.08828	-66.25191	0.77089614	1288.8100168704987
137	318.64337	3.4953918	322.13876	315.14798	317.01086	17.094269	338.56567	283.8367	400.0	400.0	150699	65.89967	33.152077	144.33926	-42.005573	-66.09402	0.74800396	1297.8525290489197
138	293.04684	22.465107	308.944	261.2764	297.1197	21.413988	335.30423	256.24963	400.0	400.0	151799	66.06518	32.992767	114.69707	-40.435	-66.25157	0.6456945	1307.7002847194672
139	298.48383	6.340356	304.44986	289.70383	246.77087	95.16696	342.10483	11.2468195	400.0	400.0	152899	66.19581	32.84138	137.2598	-42.796295	-66.3822	0.6577353	1317.5391039848328
140	314.8172	8.060745	325.24854	305.61984	283.68628	53.424435	326.31818	75.17603	400.0	400.0	153999	66.27066	32.776325	158.23795	-40.28541	-66.45578	0.7465319	1327.302485704422
141	307.02087	5.1255035	312.1464	301.8954	308.8614	20.992914	340.36084	262.99026	400.0	400.0	155099	66.40131	32.660736	123.38353	-40.107758	-66.59057	0.64904183	1337.1024689674377
142	268.14722	44.64784	316.439	208.77248	310.1579	12.2103615	323.63416	276.29724	400.0	400.0	156199	66.5377	32.498547	125.37639	-40.06331	-66.716835	0.68100923	1346.763759613037
143	268.062	10.471926	282.78247	259.29712	305.4892	17.742704	336.32565	267.77014	400.0	400.0	157299	66.664825	32.31583	107.501915	-40.514927	-66.84771	0.6866089	1356.4659621715546
144	277.1357	24.830427	308.0915	247.3006	303.50385	26.163712	337.4006	225.08705	400.0	400.0	158399	66.69555	32.266098	141.54155	-39.323498	-66.87228	0.71714133	1366.0831317901611
145	294.61096	13.219116	307.83008	281.39185	297.80365	23.956781	333.21548	237.89424	400.0	400.0	159499	66.783134	32.163837	149.44835	-40.109367	-66.9603	0.74067	1375.7805488109589
146	310.913	8.102492	322.37155	305.13892	301.62915	52.3222	334.52542	99.801094	400.0	400.0	160599	66.878	32.08391	110.151276	-36.775463	-67.05355	0.61802757	1385.7829864025116
147	290.77655	32.99072	318.3783	244.39978	306.17606	15.942935	332.09436	267.59613	400.0	400.0	161699	66.976906	31.961111	127.98416	-36.889454	-67.15177	0.69935566	1395.8567159175873
148	308.73315	4.069057	314.3353	304.79288	294.55634	28.585424	339.77484	229.82819	400.0	400.0	162799	66.995094	31.883741	120.364944	-41.074627	-67.16617	0.7145211	1405.4329988956451
149	309.55225	14.307602	323.85986	295.24466	309.55618	18.862337	329.72226	260.16663	400.0	400.0	163899	67.06965	31.743654	118.56149	-33.811516	-67.23811	0.61174	1415.1952331066132
150	298.68234	15.126992	316.63733	279.63248	298.841	14.042651	333.19467	270.19193	400.0	400.0	164999	67.23076	31.545109	125.98718	-35.03298	-67.4003	0.6355005	1425.2592453956604
151	281.8103	28.791786	305.913	241.33807	308.42633	23.507092	336.02716	252.02457	400.0	400.0	166099	67.2618	31.453959	108.15945	-37.393436	-67.42586	0.6612392	1434.9994072914124
152	306.42502	7.943173	317.24335	298.39597	308.76605	25.98183	344.48145	251.14748	400.0	400.0	167199	67.3409	31.29426	128.76402	-38.83483	-67.50679	0.63238704	1444.7794091701508
153	293.48615	6.0774384	299.56357	287.4087	306.29337	21.415754	330.26633	251.02258	400.0	400.0	168299	67.286575	31.28587	124.90728	-41.43148	-67.453125	0.6293284	1454.5127379894257
154	316.30597	16.306946	329.8335	293.36725	299.7308	17.81811	333.16742	253.58694	400.0	400.0	169399	67.452866	31.08855	112.63267	-43.18809	-67.61782	0.6120341	1464.2617921829224
155	305.44162	16.971022	325.54358	284.03473	305.03217	35.955227	337.15588	184.2827	400.0	400.0	170499	67.61413	30.93097	132.09717	-43.819317	-67.77482	0.6404291	1474.0384666919708
156	310.68503	18.20863	327.82996	285.47314	307.36893	20.378633	336.0604	258.95523	400.0	400.0	171599	67.62496	30.868809	138.85336	-46.582363	-67.78542	0.65769845	1483.7844133377075
157	302.63452	4.929947	307.56445	297.70456	303.11484	13.054774	323.6089	277.74478	400.0	400.0	172699	67.59773	30.799597	121.43224	-47.296066	-67.75618	0.6096388	1493.3598036766052
158	267.41772	14.037978	285.41183	251.15732	308.19687	20.366375	335.05502	262.56097	400.0	400.0	173799	67.67596	30.67389	121.09256	-47.565395	-67.8321	0.56115544	1503.1063432693481
159	300.50095	16.671219	314.11774	277.02426	280.5965	57.51385	329.9059	111.74428	400.0	400.0	174899	67.72874	30.625456	114.435394	-49.0704	-67.881546	0.5629499	1512.9116141796112
160	288.73938	11.107041	304.38138	279.67505	302.64145	46.034153	339.89102	116.868866	400.0	400.0	175999	67.73342	30.601719	109.20216	-50.720467	-67.88993	0.5537856	1522.4364595413208
161	305.67108	8.250015	313.92108	297.42105	309.5458	23.000402	340.94403	268.2262	400.0	400.0	177099	67.80378	30.5345	106.97023	-50.987095	-67.96377	0.57334596	1531.9380116462708
162	306.01865	13.204457	318.30606	287.69705	311.0738	33.752228	339.10086	212.76486	400.0	400.0	178199	67.88768	30.49173	156.98943	-50.3757	-68.049706	0.618442	1541.471355676651
163	285.80508	36.98324	315.50632	233.67154	308.7839	26.757275	336.70212	235.45262	400.0	400.0	179299	68.022095	30.40067	109.73291	-47.79268	-68.18365	0.5980424	1551.0922136306763
164	318.50443	10.119377	326.78006	304.25534	311.2855	27.867718	344.34244	253.44748	400.0	400.0	180399	68.12336	30.28863	116.09651	-42.34085	-68.2819	0.5795475	1560.951490163803
165	306.41925	24.148483	330.56775	282.27078	316.5308	20.199564	340.3255	249.03482	400.0	400.0	181499	68.144264	30.297232	125.649605	-37.177204	-68.30494	0.6370444	1570.8188214302063
166	295.0392	19.153206	317.05994	270.3693	300.2078	41.256077	338.96164	184.74495	400.0	400.0	182599	68.31497	30.155327	106.25547	-32.027805	-68.474434	0.53212535	1579.9790482521057
167	288.24512	32.96711	320.5964	242.99559	309.99844	27.616028	337.75427	231.19223	400.0	400.0	183699	68.3956	30.102365	157.85503	-69.9461	-68.564026	0.6627097	1589.087066411972
168	304.2034	19.67973	329.1704	281.06982	309.1236	21.516912	337.81717	258.91522	400.0	400.0	184799	68.5106	29.998774	125.4462	-37.21924	-68.67165	0.5610725	1598.1843011379242
169	314.30762	11.479736	325.78735	302.82788	311.61853	18.081736	342.04086	273.13818	400.0	400.0	185899	68.63918	29.91661	107.07526	-30.298773	-68.794975	0.56510454	1607.195871591568
170	263.60098	73.79523	322.16183	159.5103	306.7845	20.448448	337.38153	264.7158	400.0	400.0	186999	68.68325	29.818634	109.187225	-34.38053	-68.82892	0.52595335	1616.2856440544128
171	317.41858	6.2454906	323.42734	308.80792	313.35947	17.2126	329.79794	257.94284	400.0	400.0	188099	68.79443	29.687426	114.964264	-28.766638	-68.951195	0.58455664	1625.4101386070251
172	296.75446	14.884913	311.80133	276.48212	315.51645	18.337421	339.701	278.32202	400.0	400.0	189199	68.89055	29.611511	110.73492	-30.364845	-69.0458	0.57366955	1634.4545497894287
173	320.21765	3.4909668	323.70862	316.72668	307.53363	31.265007	333.6709	206.09326	400.0	400.0	190299	68.89998	29.573034	133.45372	-34.986324	-69.0503	0.56448996	1643.8793442249298
174	312.26654	10.733059	321.1255	297.16293	301.09552	20.741247	337.81253	268.49164	400.0	400.0	191399	69.00422	29.53072	111.284546	-32.266273	-69.15694	0.53183794	1653.640789270401
175	305.48547	5.347789	312.0287	298.92935	309.27762	14.233457	329.55786	272.97858	400.0	400.0	192499	69.061325	29.462568	135.85599	-28.171312	-69.21644	0.62417066	1663.4636809825897
176	260.3054	20.674267	289.4786	244.03644	299.6133	22.507723	326.01703	250.03627	400.0	400.0	193599	69.1131	29.385262	147.60959	-29.75222	-69.262276	0.61572576	1673.2411363124847
177	312.95883	6.4959717	319.4548	306.46286	302.99542	23.49421	338.79114	246.98553	400.0	400.0	194699	69.21489	29.273485	125.724365	-28.97816	-69.361694	0.49615905	1682.9419283866882
178	300.28348	10.174814	314.67078	292.87888	309.90445	21.752832	338.97433	272.64084	400.0	400.0	195799	69.22536	29.214018	117.11826	-31.027384	-69.36915	0.5619732	1692.655630350113
179	275.27438	23.84721	307.83926	251.39719	302.55322	21.49562	334.32803	245.42155	400.0	400.0	196899	69.21718	29.153624	125.87526	-29.441923	-69.36547	0.5495496	1701.6563415527344
180	284.01547	39.809383	325.92404	230.50455	305.95618	16.72073	330.9618	275.77194	400.0	400.0	197999	69.32201	28.995052	139.09254	-43.64968	-69.472916	0.5694011	1711.3092577457428
181	261.58313	18.967018	280.55014	242.6161	298.25635	19.89215	333.8014	257.36694	400.0	400.0	199099	69.405495	28.896992	119.670456	-29.286182	-69.55956	0.5736176	1722.6737852096558
182	290.39352	19.768644	305.5164	262.46857	304.0647	19.499216	344.54633	259.73135	400.0	400.0	200199	69.45691	28.858055	121.66123	-31.786613	-69.60734	0.5371896	1732.1505692005157
183	297.49503	17.16165	313.7928	273.77145	307.79218	18.353216	332.02673	249.43353	400.0	400.0	201299	69.45432	28.860062	105.16651	-31.326975	-69.6043	0.58947986	1741.9147715568542
184	313.75195	2.2665057	316.21204	310.74243	307.63477	24.567871	337.13394	260.2079	400.0	400.0	202399	69.66551	28.663124	113.52461	-32.903202	-69.821686	0.55174214	1751.8941254615784
185	305.30988	10.732956	316.04285	294.57693	300.3581	25.082197	335.0451	245.0197	400.0	400.0	203499	69.72043	28.60542	118.97269	-28.792637	-69.87907	0.5678186	1761.6418681144714
186	278.8849	21.093916	308.14417	259.2203	312.04987	14.777295	331.1262	270.6918	400.0	400.0	204599	69.90897	28.481531	111.3353	-35.877575	-70.06347	0.56881267	1771.4504444599152
187	315.16003	7.80924	323.37778	304.6615	302.205	21.83167	338.35464	249.19875	400.0	400.0	205699	69.9184	28.472023	133.32901	-31.488617	-70.07605	0.5765253	1781.2681748867035
188	292.91055	9.27014	305.2027	282.81726	301.01477	25.688795	337.7626	244.49614	400.0	400.0	206799	70.14223	28.246374	105.15862	-29.192167	-70.30085	0.5006422	1792.2146818637848
189	279.12512	35.846207	314.9713	243.2789	302.81714	27.029398	343.41	242.9759	400.0	400.0	207899	70.2543	28.161695	105.50189	-28.398754	-70.41202	0.5249168	1802.4160380363464
190	307.31613	6.052823	312.80933	298.88412	308.73563	24.90634	330.5887	226.52206	400.0	400.0	208999	70.32322	28.106108	132.39842	-27.982126	-70.48128	0.5677371	1812.5602116584778
191	294.39035	19.054323	314.057	268.6034	303.75928	23.29559	335.2184	253.43034	400.0	400.0	210099	70.41445	27.99649	109.73105	-27.13817	-70.5657	0.5626329	1823.6437058448792
192	287.6559	23.295528	320.58942	270.44	305.51578	17.659925	327.5141	255.72542	400.0	400.0	211199	70.45576	27.921684	119.39163	-26.852745	-70.60943	0.57253337	1834.3859429359436
193	313.84424	1.7509613	315.59518	312.09326	308.70837	21.211	335.4411	257.99023	400.0	400.0	212299	70.52983	27.834072	124.28196	-28.717138	-70.68412	0.5570487	1844.7821295261383
194	311.66898	4.493448	317.11392	306.10907	309.5531	21.389563	336.7545	256.61276	400.0	400.0	213399	70.670845	27.630045	124.01418	-27.149914	-70.824715	0.61238927	1855.1333539485931
195	289.8077	5.6027255	294.26227	281.9056	298.36267	27.001225	336.58664	250.13353	400.0	400.0	214499	70.84677	27.48895	182.999	-25.514244	-71.00765	0.575416	1866.073813676834
196	318.23788	2.602577	320.562	314.6042	305.91644	24.192478	338.189	241.22473	400.0	400.0	215599	70.92329	27.465425	152.00003	-27.683151	-71.07676	0.5737387	1876.9339220523834
197	279.27295	13.284744	292.55768	265.9882	308.90244	22.49124	332.00772	255.66759	400.0	400.0	216699	71.019875	27.36261	172.54285	-26.62785	-71.169075	0.55727106	1886.6455743312836
198	297.6686	15.063541	318.66196	284.03738	304.12964	19.830536	333.72403	268.4023	400.0	400.0	217799	71.1174	27.251698	140.86897	-26.003635	-71.27071	0.5899078	1896.2048308849335
199	297.50394	13.351451	316.19653	285.84848	301.94797	17.315554	325.32303	270.59702	400.0	400.0	218899	71.14457	27.229519	147.01407	-26.197779	-71.292625	0.61477786	1906.113957643509
200	281.52054	26.761484	303.45758	243.84358	314.4483	20.46193	340.76242	270.84717	400.0	400.0	219999	71.16445	27.215792	164.39438	-26.076935	-71.31841	0.5431453	1916.7972617149353
201	280.96695	26.417572	307.38452	254.54938	308.2049	34.027897	336.5581	209.87135	400.0	400.0	221099	71.364044	27.00164	160.87334	-25.553738	-71.51781	0.5700497	1926.3562178611755
202	312.9128	10.4846945	327.6205	303.92923	294.57806	22.592417	330.72186	248.95493	400.0	400.0	222199	71.37898	27.03427	163.07286	-27.994732	-71.52616	0.61364126	1935.8749923706055
203	297.384	11.947689	312.05502	282.78958	308.93762	34.24435	340.2784	189.82646	400.0	400.0	223299	71.43376	26.947744	170.87865	-25.422379	-71.57901	0.53809994	1945.4511170387268
204	288.63632	21.981138	311.78693	259.09457	317.04266	19.11423	332.54758	268.26868	400.0	400.0	224399	71.43617	26.905018	176.33224	-26.21775	-71.57754	0.5322053	1954.9738688468933
205	271.59525	39.088356	310.6836	232.50688	313.27362	22.302576	337.8672	237.99042	400.0	400.0	225499	71.4975	26.776957	179.63719	-24.78099	-71.64094	0.5403405	1964.4570634365082
206	274.7853	44.379467	318.26715	213.84868	301.69785	29.463165	337.35925	227.15883	400.0	400.0	226599	71.53155	26.674044	180.86432	-36.581917	-71.67253	0.5751257	1974.0837318897247
207	285.49155	43.02609	325.0515	225.67253	311.3506	22.641712	340.71008	263.931	400.0	400.0	227699	71.50898	26.644787	178.1391	-28.923132	-71.65017	0.5235359	1983.7387568950653
208	309.05737	11.785764	321.19785	293.09708	311.6356	17.22369	329.54422	260.53082	400.0	400.0	228799	71.5485	26.602798	180.07755	-21.896276	-71.68677	0.53436255	1993.9240353107452
209	307.10492	7.897232	315.00217	299.2077	295.90332	51.849735	338.9221	131.85188	400.0	400.0	229899	71.630165	26.44783	182.75272	-22.232447	-71.77307	0.5417805	2003.9796769618988
210	308.83127	14.831059	329.45013	295.19202	271.9896	87.87218	338.44498	40.034966	400.0	400.0	230999	71.67279	26.378736	186.84499	-21.897053	-71.81757	0.53054166	2013.5670130252838
211	289.50125	11.96497	304.1282	274.82028	284.75748	92.01577	342.7786	-70.277794	400.0	400.0	232099	71.73565	26.29828	191.26039	-21.49895	-71.882385	0.49946833	2023.7025516033173
212	322.0045	1.2582743	323.17136	320.25757	323.35358	17.5265	344.27042	278.44687	400.0	400.0	233199	71.817116	26.230234	195.03287	-19.88129	-71.971054	0.49319008	2033.6299390792847
213	305.89413	8.708649	314.60278	297.1855	320.07617	13.345002	342.05414	288.15955	400.0	400.0	234299	71.96986	26.041204	196.5997	-18.230383	-72.120415	0.5176831	2043.422490119934
214	181.76556	127.84067	315.3434	9.46563	291.6855	34.55798	330.67737	201.0492	400.0	400.0	235399	72.0288	25.953941	200.43338	-20.346031	-72.17237	0.5110544	2053.209368467331
215	296.15707	7.77315	303.6044	285.43085	286.12003	48.874027	337.98132	165.34726	400.0	400.0	236499	72.17036	25.786541	205.09032	-20.722755	-72.31538	0.4711314	2062.914496898651
216	290.25232	22.436018	317.89407	262.94025	287.73172	45.516254	327.50345	129.8597	400.0	400.0	237599	72.16847	25.788786	205.49666	-20.548275	-72.31442	0.4937273	2072.6589720249176
217	290.90155	0.3367157	291.23828	290.56485	293.5606	37.5197	337.29358	185.54953	400.0	400.0	238699	72.271545	25.628325	207.76437	-19.129017	-72.413475	0.4556887	2082.433673620224
218	264.49487	43.905773	301.51755	202.81448	284.25397	43.80118	327.0138	147.84706	400.0	400.0	239799	72.26215	25.603064	216.08275	-20.56095	-72.399445	0.51896787	2092.5709187984467
219	265.40723	34.943413	306.026	220.72266	224.17232	70.00375	327.5799	97.2118	400.0	400.0	240899	72.25461	25.530922	203.54706	-19.79698	-72.383286	0.43195045	2102.639447450638
220	282.7323	18.433842	297.75146	256.76932	263.6528	56.975857	317.94797	75.930725	400.0	400.0	241999	72.15515	25.602253	204.24408	-18.375536	-72.28239	0.4765478	2113.7846853733063
221	220.25604	105.8968	326.15283	114.359245	282.8709	61.906666	342.02454	77.996185	400.0	400.0	243099	72.16715	25.522491	203.11389	-19.58041	-72.29333	0.46037513	2124.6507596969604
222	284.72342	17.079342	307.20636	265.83707	298.7012	24.903101	332.15964	238.6527	400.0	400.0	244199	72.12961	25.502748	203.54865	-20.297455	-72.25271	0.43919513	2135.464941263199
223	310.87927	5.531358	317.94803	304.44345	275.3177	35.623585	328.28674	205.44585	400.0	400.0	245299	72.06193	25.532988	198.88223	-29.830492	-72.18332	0.522517	2145.147371530533
224	231.88182	50.684048	303.11844	189.38477	238.3665	100.067154	318.77307	-123.54261	400.0	400.0	246399	72.09337	25.371283	193.1138	-22.231691	-72.21932	0.44302475	2155.950397014618
225	262.05402	50.71159	312.76562	211.34244	308.02902	20.84871	337.71786	241.13716	400.0	400.0	247499	72.04202	25.329477	190.18715	-22.971113	-72.16294	0.4754551	2165.7469046115875
226	294.10577	13.178455	309.61646	277.40216	303.9721	31.210478	340.68594	237.19415	400.0	400.0	248599	72.020256	25.305313	189.94827	-24.01868	-72.141235	0.40673822	2175.6572852134705
227	314.57443	9.584968	326.10376	302.63617	297.83685	24.380842	327.49207	236.2124	400.0	400.0	249699	71.94625	25.413723	194.5454	-26.410492	-72.07153	0.46428034	2185.5475034713745
228	305.55286	1.7642043	308.03384	304.08386	288.0521	35.11838	325.21185	207.50235	400.0	400.0	250799	72.04539	25.316975	185.04118	-26.530672	-72.18203	0.46671703	2195.260092496872
229	283.76587	24.43277	308.19864	259.3331	307.5866	21.306065	331.073	229.52551	400.0	400.0	251899	72.10479	25.285816	186.22467	-26.978607	-72.23891	0.4490636	2204.8252589702606
230	295.4765	7.7857223	305.59476	286.6568	295.70013	18.101974	338.96292	267.2407	400.0	400.0	252999	72.20566	25.212742	181.4764	-26.4325	-72.349396	0.4329599	2214.5400533676147
231	280.72302	21.961912	296.45004	249.66504	295.7314	33.503555	335.48114	191.4871	400.0	400.0	254099	72.25437	25.182665	182.53152	-25.309006	-72.39019	0.46851784	2224.338320016861
232	315.24545	14.563067	329.1088	295.12363	300.84357	21.705727	337.52237	251.54343	400.0	400.0	255199	72.37621	25.035366	178.43439	-22.564455	-72.51655	0.49259576	2233.452346801758
233	311.71027	9.155563	320.8658	302.5547	294.42392	31.37879	334.2164	203.75076	400.0	400.0	256299	72.34578	25.110365	176.8705	-22.215422	-72.48772	0.4622386	2242.4076404571533
234	271.6242	21.782902	301.7602	251.02368	307.7823	28.249477	336.1289	209.11264	400.0	400.0	257399	72.480896	24.965391	183.4978	-30.374027	-72.61888	0.4860533	2252.0068323612213
235	290.59357	22.395142	321.58737	269.45294	289.6189	26.533567	334.4706	249.03108	400.0	400.0	258499	72.5116	24.907791	170.34213	-23.736746	-72.65382	0.46634537	2261.7865278720856
236	257.6295	15.235877	271.85205	236.50082	288.32635	48.094112	335.95364	96.83278	400.0	400.0	259599	72.5365	24.889515	169.31815	-33.873398	-72.67984	0.46159193	2272.848598718643
237	250.31886	13.369125	263.688	236.94974	277.96085	77.57545	339.03915	-34.672367	400.0	400.0	260699	72.666565	24.756668	175.12892	-35.905834	-72.80909	0.4664494	2283.7340054512024
238	318.9346	1.3981966	320.42746	317.06525	306.17526	25.55152	335.52866	243.25903	400.0	400.0	261799	72.7252	24.69402	158.0618	-22.135704	-72.86605	0.49167058	2294.61985206604
239	269.50284	27.737001	296.98895	231.52353	293.9922	30.014446	332.96957	223.95995	400.0	400.0	262899	72.79884	24.603527	157.06406	-30.27974	-72.93952	0.4816778	2304.487425804138
240	295.10303	16.023531	311.0064	273.17126	300.88458	22.687899	331.9693	236.34064	400.0	400.0	263999	72.91824	24.423124	159.89795	-23.581457	-73.048645	0.47480047	2313.8982923030853
241	323.2154	2.6092987	325.8247	320.6061	276.90417	37.058353	338.2158	202.36278	400.0	400.0	265099	72.89833	24.403173	150.67	-25.506462	-73.034195	0.47658762	2323.7971484661102
242	242.40031	46.561584	281.3509	176.94556	285.59174	31.645466	327.5055	225.18188	400.0	400.0	266199	72.926254	24.359205	149.80362	-32.191753	-73.065544	0.49974942	2333.502617120743
243	170.23338	175.81044	318.84726	-76.6986	291.25003	38.672962	341.33667	203.44447	400.0	400.0	267299	72.88391	24.432098	151.92566	-54.028397	-73.02263	0.48426092	2343.0409486293793
244	294.01743	22.930931	317.31866	262.83398	259.85968	89.48616	331.46628	-83.71269	400.0	400.0	268399	72.90645	24.417128	148.95963	-53.054535	-73.04908	0.51433784	2352.105015039444
245	273.23074	2.3546753	275.58542	270.87607	300.80405	34.128044	339.56833	236.528	400.0	400.0	269499	72.95241	24.419428	149.28285	-52.71535	-73.10101	0.44322586	2360.867513895035
246	243.09444	84.91857	314.4966	123.76894	301.54175	19.429657	334.20657	256.25864	400.0	400.0	270599	73.09824	24.336788	147.4049	-52.77181	-73.24281	0.52609855	2369.5971722602844
247	298.94827	25.094883	319.40573	263.60483	306.1711	17.762928	333.22287	260.70966	400.0	400.0	271699	73.17073	24.322922	144.06096	-52.964535	-73.31355	0.49141046	2378.380469083786
248	272.31326	16.564287	294.66837	255.07347	310.8972	29.782461	340.91257	230.08347	400.0	400.0	272799	73.27731	24.201256	136.00055	-50.360714	-73.42228	0.43870896	2387.22070646286
249	301.4004	7.317169	308.71756	294.08322	305.65588	25.517273	342.57187	236.25401	400.0	400.0	273899	73.36597	24.183222	140.61397	-48.489197	-73.512596	0.51244897	2396.6064994335175
250	309.13425	15.141099	328.7786	291.93277	308.56638	24.67296	336.19495	219.5273	400.0	400.0	274999	73.473854	24.1585	137.30931	-47.704723	-73.624214	0.46538097	2406.141167640686
