Epoch	AverageEpRet	StdEpRet	MaxEpRet	MinEpRet	AverageTestEpRet	StdTestEpRet	MaxTestEpRet	MinTestEpRet	EpLen	TestEpLen	TotalEnvInteracts	AverageQVals	StdQVals	MaxQVals	MinQVals	LossPi	LossQ	Time
1	42.278694	7.2192593	49.497955	35.059437	-160.17795	0.001433758	-160.17574	-160.18007	400.0	400.0	1099	0.26218295	0.19870187	0.7377769	-0.35602993	-0.27267647	0.05220748	4.720529079437256
2	9.764208	17.223322	33.37907	-7.2121644	-82.98867	2.0848284	-79.856735	-87.47736	400.0	400.0	2199	0.5422034	0.8847498	3.3294642	-1.2403022	-0.54529405	0.021300538	16.230043649673462
3	34.53777	29.534477	75.87116	8.666183	-86.742874	4.2981706	-78.024895	-93.1274	400.0	400.0	3299	0.99284476	2.067489	6.043428	-2.7628357	-1.0118115	0.030061722	27.783856868743896
4	11.913129	13.845897	28.474012	-5.415304	88.360214	31.722237	140.91618	38.395615	400.0	400.0	4399	1.3686024	3.2802217	8.7448635	-3.7593777	-1.4125725	0.035284612	39.744182109832764
5	11.527306	3.830601	15.357906	7.6967044	68.22525	26.150818	120.55898	36.186604	400.0	400.0	5499	1.705748	4.5427256	11.6517	-4.416956	-1.79175	0.05049357	51.44926953315735
6	27.034508	26.08855	62.678078	0.9622303	109.97662	24.725246	170.89395	68.73791	400.0	400.0	6599	2.4039273	5.753579	14.409321	-5.116773	-2.5335805	0.06524944	64.35806107521057
7	9.6762495	7.618897	15.676507	-1.0743029	108.948715	42.172184	206.53879	64.28126	400.0	400.0	7699	2.9877694	6.796525	17.39931	-6.0965815	-3.1431038	0.095068246	76.73953413963318
8	10.440327	16.401722	27.906647	-11.51102	124.12895	39.935104	194.05907	69.59186	400.0	400.0	8799	3.572359	7.741228	20.27586	-6.956724	-3.7424202	0.102148086	89.04504990577698
9	50.98954	8.871626	59.861164	42.117912	120.54478	17.666105	155.30719	91.46685	400.0	400.0	9899	4.4341054	8.686525	23.077099	-6.482669	-4.618367	0.15042418	101.70071911811829
10	8.045475	14.046973	26.784018	-7.035752	126.94887	43.704613	214.77943	45.33316	400.0	400.0	10999	5.113936	9.53661	25.84589	-6.479242	-5.306779	0.16560185	114.18258571624756
11	56.085957	22.858402	86.621605	31.628984	113.78871	20.492052	146.67097	86.12075	400.0	400.0	12099	6.0313425	10.338092	28.37152	-7.19705	-6.230536	0.14189424	127.02622294425964
12	22.99851	26.951143	60.989162	1.3425969	94.81737	52.923927	178.38948	24.767416	400.0	400.0	13199	6.94915	11.204851	30.605324	-7.147474	-7.1577406	0.2087058	139.37229585647583
13	31.800392	2.5805283	34.38092	29.219864	115.50719	40.89776	172.74835	28.536022	400.0	400.0	14299	7.599936	12.022864	32.847042	-7.3462358	-7.8181763	0.2583608	151.3755919933319
14	34.91939	1.5238202	36.565468	32.891834	85.41789	47.27363	205.04152	43.159065	400.0	400.0	15399	8.481918	12.734115	34.951836	-7.98811	-8.716144	0.2670822	163.19438457489014
15	91.87632	77.75624	185.63374	-4.763917	-76.95845	32.253136	34.614445	-99.74374	400.0	400.0	16499	9.492693	13.533338	36.977974	-8.334477	-9.723971	0.3327208	175.30989599227905
16	57.132385	49.964333	97.42692	-13.283313	-93.45931	6.184554	-86.31318	-110.6188	400.0	400.0	17599	10.791236	14.168178	38.7941	-8.699341	-11.015594	0.27740374	187.57137775421143
17	49.4651	70.74266	120.207756	-21.277557	97.31596	67.309105	189.50526	-42.035793	400.0	400.0	18699	11.668053	14.636911	40.410664	-9.315636	-11.890273	0.2996854	199.86471962928772
18	90.29305	64.35829	146.18779	0.13781978	136.43202	50.044693	211.44418	42.382866	400.0	400.0	19799	12.731765	15.16513	42.320644	-9.898564	-12.963267	0.2947964	212.22639560699463
19	101.39508	61.252743	159.05739	16.580526	122.5	25.912445	167.52008	66.90296	400.0	400.0	20899	13.598925	15.7221155	43.906654	-10.245694	-13.82841	0.29841048	224.87929511070251
20	113.817604	45.4934	165.71574	54.938126	139.5845	29.33445	206.803	108.73052	400.0	400.0	21999	14.844224	16.380863	45.854424	-10.464161	-15.07522	0.3474921	236.95125770568848
21	166.62848	2.0913544	168.71983	164.53712	161.61221	63.343597	282.8872	49.56208	400.0	400.0	23099	15.888897	16.991907	47.00866	-10.880268	-16.121277	0.34326875	249.75361824035645
22	155.37233	16.845285	178.68085	139.45427	146.88315	58.06589	269.2334	63.572906	400.0	400.0	24199	16.835827	17.49582	48.851097	-11.474616	-17.061747	0.43326598	262.9433834552765
23	146.6582	8.132972	154.69594	135.51445	170.73215	43.746006	255.43915	110.24298	400.0	400.0	25299	17.740307	17.9966	49.895878	-12.008641	-17.966663	0.5402156	275.6553564071655
24	137.09853	31.51419	181.04536	108.70459	135.82938	39.76371	215.98735	80.83311	400.0	400.0	26399	18.62584	18.467808	51.19033	-11.966802	-18.85474	0.55758566	287.60561442375183
25	139.6332	17.182129	156.81532	122.451065	115.369	41.88982	242.59282	73.66446	400.0	400.0	27499	19.515312	19.00398	52.597996	-12.0998335	-19.752483	0.6890703	299.7566158771515
26	143.8329	36.566162	171.42067	92.160095	170.41551	59.52264	264.08417	96.46663	400.0	400.0	28599	20.283648	19.426586	53.593246	-11.749464	-20.525948	0.73521256	312.81864976882935
27	177.33179	56.11642	253.52237	120.005684	214.52457	50.804066	299.78848	126.70888	400.0	400.0	29699	21.191277	19.80404	54.598392	-12.494005	-21.443274	0.7889609	325.13766980171204
28	184.36333	53.701553	260.12683	141.93163	204.29988	38.10423	285.15732	130.46141	400.0	400.0	30799	22.45772	20.214512	56.44778	-11.95311	-22.71278	0.8916271	337.0036280155182
29	228.3857	4.830185	233.21588	223.55551	216.13974	36.36174	289.15186	136.01207	400.0	400.0	31899	23.86526	20.642782	56.83752	-11.951211	-24.124033	0.9012169	349.6460220813751
30	181.929	13.470726	200.97885	172.27112	220.26314	24.592285	274.9711	188.3165	400.0	400.0	32999	25.032358	20.88567	58.44436	-11.973263	-25.289694	0.8242404	361.7283675670624
31	198.03046	30.80865	226.85783	155.32373	233.78195	32.92519	277.42273	178.51083	400.0	400.0	34099	26.23445	21.123812	58.576645	-13.199233	-26.495722	0.8408617	373.86100149154663
32	258.8566	17.405125	272.18427	234.27106	207.26485	26.419521	255.73169	162.68286	400.0	400.0	35199	27.495684	21.369886	59.96988	-14.277378	-27.757307	0.9069133	386.2119677066803
33	216.28464	28.809303	245.09395	187.47534	225.68338	30.502674	288.70224	168.06183	400.0	400.0	36299	28.859825	21.557344	60.988045	-15.143537	-29.115805	0.7534111	398.9224579334259
34	234.01227	38.872753	288.98325	205.99771	182.09622	37.647694	258.66165	118.45867	400.0	400.0	37399	30.103344	21.760662	61.758587	-16.159191	-30.360191	0.7709696	411.4974174499512
35	189.32155	63.618954	279.2326	141.52716	231.81265	36.555565	280.73834	157.85837	400.0	400.0	38499	31.113352	21.949076	63.365814	-17.017311	-31.37329	0.8174007	423.49870705604553
36	214.51123	37.40471	253.9057	164.24072	239.09871	29.837189	280.68817	167.77057	400.0	400.0	39599	32.156044	21.961142	62.859	-18.102098	-32.417664	0.8719225	435.57724475860596
37	262.63498	8.9932785	271.62827	253.64171	231.4497	32.599155	296.1271	172.93576	400.0	400.0	40699	33.533607	22.139515	64.15438	-19.036535	-33.794792	0.8995804	448.42599511146545
38	174.72908	32.153606	219.75746	146.72714	226.85678	33.231533	283.99106	153.04399	400.0	400.0	41799	34.493576	22.27854	64.75475	-20.270842	-34.757732	0.7619995	460.8838093280792
39	150.2895	28.234388	178.416	111.68148	221.61055	44.348213	290.92563	134.17633	400.0	400.0	42899	35.361443	22.339987	66.997765	-20.884235	-35.624226	0.97741354	472.8858473300934
40	185.06358	79.6727	243.03282	72.40528	205.59586	40.784275	244.55511	89.516754	400.0	400.0	43999	36.408794	22.362787	65.93951	-21.650625	-36.68473	0.8376829	485.14627170562744
41	203.40154	47.614243	251.01578	155.7873	213.97795	30.952686	263.23206	157.67603	400.0	400.0	45099	37.188393	22.45428	66.36159	-22.87704	-37.46321	0.92830694	498.4913477897644
42	195.89598	22.148012	220.76648	166.97148	208.55356	30.57688	264.38712	136.2257	400.0	400.0	46199	38.105186	22.429186	67.484634	-23.632217	-38.379295	0.8822296	511.2020547389984
43	202.5799	12.232806	218.36813	188.56116	235.71616	32.12289	298.4766	178.87958	400.0	400.0	47299	39.068233	22.274008	67.53709	-24.200544	-39.337994	0.93739593	523.8219623565674
44	212.40617	44.59621	253.84515	150.51216	225.9325	31.185751	282.53833	161.95343	400.0	400.0	48399	39.903458	22.163548	68.388245	-24.553955	-40.167896	0.911982	536.6115665435791
45	230.4426	50.889244	281.33185	179.55336	215.61282	26.555773	263.55542	162.39972	400.0	400.0	49499	40.656174	22.184784	68.63083	-25.311317	-40.91875	1.0505432	549.5574758052826
46	194.09296	40.95769	248.9335	150.52695	218.91524	27.81434	265.71854	158.35197	400.0	400.0	50599	41.44917	22.050991	68.789734	-25.722523	-41.71909	1.0287459	562.462043762207
47	221.22633	4.968297	225.75307	214.30922	239.07536	26.85517	301.15668	184.94402	400.0	400.0	51699	42.18118	21.94333	69.521614	-26.22245	-42.438915	0.9466859	574.8060657978058
48	219.43831	20.608648	236.83766	190.48965	235.5406	28.101452	279.90402	162.38013	400.0	400.0	52799	42.90113	21.836998	69.65725	-26.880262	-43.160072	0.9920479	586.4323539733887
49	203.10219	11.981186	215.08337	191.121	223.3986	30.52178	303.65683	164.21135	400.0	400.0	53899	43.63475	21.756424	69.987816	-27.705267	-43.880802	1.0381366	598.8197994232178
50	228.94824	34.371685	270.36105	186.19975	240.43253	26.09504	301.16245	191.21191	400.0	400.0	54999	44.20145	21.76186	70.30798	-28.361769	-44.445282	0.9825295	611.0985267162323
51	204.58244	9.621085	213.77753	191.29953	218.3812	19.380444	248.43845	172.26657	400.0	400.0	56099	44.8394	21.622	70.91287	-28.762253	-45.085197	0.95163167	623.3653962612152
52	240.83679	1.8732802	242.92453	238.38055	206.79733	22.952785	263.82953	164.29149	400.0	400.0	57199	45.365227	21.51532	71.10974	-29.14842	-45.613075	0.9491133	635.9144906997681
53	223.55093	11.596519	235.14745	211.9544	217.79207	27.741056	259.64114	162.40158	400.0	400.0	58299	45.999203	21.42023	71.36629	-29.940372	-46.239697	0.9208878	646.9889993667603
54	215.4897	19.115097	242.13779	198.22984	212.12317	32.99052	274.17795	156.92174	400.0	400.0	59399	46.55291	21.256617	71.9173	-30.30312	-46.78787	0.8906447	658.7845718860626
55	211.08003	10.9888735	224.099	197.2212	222.1938	23.21792	251.57607	179.67459	400.0	400.0	60499	47.01872	21.227983	71.829704	-30.437656	-47.258892	0.98533404	669.8573470115662
56	219.62105	32.42809	263.64038	186.47157	211.29521	28.685545	266.61395	173.41101	400.0	400.0	61599	47.50584	21.09247	73.29395	-30.752647	-47.743515	0.9754936	681.8725991249084
57	184.25989	1.4287186	185.68861	182.83118	217.03613	24.25575	269.38986	178.85132	400.0	400.0	62699	48.046444	20.88342	73.02953	-31.652699	-48.28228	1.0109972	694.6178112030029
58	214.90562	31.77095	239.17874	170.02457	178.6569	44.379574	225.2649	6.382688	400.0	400.0	63799	48.456593	20.81147	73.384766	-32.20876	-48.688183	0.92129064	708.134387254715
59	187.05202	9.402154	200.23445	178.95465	220.4209	25.246817	261.40158	163.16672	400.0	400.0	64899	48.78545	20.743525	73.59186	-32.319065	-49.009922	0.89092785	720.7243545055389
60	226.2481	18.141665	250.05013	206.05386	221.33455	30.9176	279.06735	159.52023	400.0	400.0	65999	49.248474	20.56816	73.56478	-33.11915	-49.47037	0.8932361	732.9799270629883
61	234.86847	29.824127	264.6926	205.04434	197.8217	29.06299	262.18875	146.2342	400.0	400.0	67099	49.576	20.415989	74.072716	-33.636143	-49.789196	0.9221591	745.5744829177856
62	203.94014	31.64215	240.65514	163.42761	209.80827	25.844536	247.70021	137.75261	400.0	400.0	68199	49.8291	20.318861	74.160614	-33.236256	-50.040115	0.83837074	758.1732180118561
63	216.07507	23.888151	247.12851	189.02756	202.88815	27.555792	262.43948	147.91444	400.0	400.0	69299	50.110043	20.200598	74.46136	-33.227547	-50.319225	0.9043127	769.2435677051544
64	207.35924	5.8183737	214.43507	200.18407	202.42282	24.62875	235.92369	162.31252	400.0	400.0	70399	50.38234	20.09782	74.34412	-32.757854	-50.591946	0.8299269	781.6274945735931
65	217.3505	7.861923	225.21242	209.48857	210.32625	21.379509	256.9832	178.69972	400.0	400.0	71499	50.715218	19.823019	75.04206	-32.346836	-50.9245	0.861491	794.5012156963348
66	218.93831	14.8027725	232.07329	198.2539	231.03598	24.896595	266.1122	168.88922	400.0	400.0	72599	50.91603	19.667376	75.21748	-30.790987	-51.113117	0.86271316	806.8098449707031
67	209.4677	18.273495	232.28345	187.54973	210.55591	20.97794	247.57352	159.66493	400.0	400.0	73699	51.17658	19.363178	75.19876	-30.538897	-51.377953	0.8128008	817.8875195980072
68	215.52003	30.928196	257.27844	183.37111	234.02592	33.601906	290.9164	171.92253	400.0	400.0	74799	51.367184	19.251873	75.238914	-29.809168	-51.57417	0.7594029	830.0392732620239
69	222.86035	14.576164	237.43651	208.28418	208.3226	30.275253	269.8597	158.63376	400.0	400.0	75899	51.733406	18.989435	75.329254	-29.904243	-51.93436	0.7503778	842.6589674949646
70	202.42061	13.578953	216.87962	184.24649	230.67758	32.278797	303.77252	155.69133	400.0	400.0	76999	51.867672	18.910248	75.66164	-29.548906	-52.07904	0.8518706	855.1100096702576
71	236.903	6.7706976	245.51265	228.96927	229.95923	20.803183	264.40396	184.80501	400.0	400.0	78099	52.200474	18.684978	75.33055	-29.589111	-52.40189	0.8432021	867.3357887268066
72	208.07176	10.874089	222.33167	195.95583	219.29422	32.458305	293.58286	165.85718	400.0	400.0	79199	52.442944	18.59483	75.15847	-29.868893	-52.640583	0.89429367	879.6255354881287
73	225.23271	23.330475	248.56319	201.90224	216.59612	24.271063	250.02092	170.49084	400.0	400.0	80299	52.619396	18.369081	75.28549	-30.234695	-52.809376	0.7815147	891.9842429161072
74	222.70726	5.1118546	227.36304	215.58986	204.79697	19.61159	249.20401	163.74715	400.0	400.0	81399	52.833763	18.314781	75.77842	-30.622097	-53.02418	0.9660642	904.3304567337036
75	203.23254	19.00679	229.82652	186.55066	221.30904	21.12559	262.54523	181.32803	400.0	400.0	82499	52.94802	18.100117	75.84996	-30.820436	-53.13339	0.8554927	917.1431262493134
76	216.49825	33.976166	250.18727	169.98293	230.43771	19.417358	265.56982	187.77008	400.0	400.0	83599	53.049255	18.1214	75.50133	-30.52435	-53.235382	0.85469615	929.5892193317413
77	210.09511	2.6305237	212.72563	207.46458	213.07922	30.237825	280.98346	174.07288	400.0	400.0	84699	53.180683	18.038883	75.09308	-30.261206	-53.362423	0.82077277	941.659854888916
78	212.7212	17.558487	230.2517	188.72566	227.69156	26.19982	266.23453	179.36975	400.0	400.0	85799	53.255318	17.94934	75.14277	-30.565516	-53.439953	0.8597623	953.964213848114
79	198.46544	27.703129	235.94472	169.84283	215.64432	21.070112	262.58942	179.49449	400.0	400.0	86899	53.49048	17.83649	74.97384	-30.543438	-53.66517	0.9384615	967.4731056690216
80	195.8991	8.737361	208.11412	188.17694	227.41714	25.644728	265.599	170.62724	400.0	400.0	87999	53.581158	17.85044	75.64793	-31.41673	-53.759212	0.8670316	980.8096871376038
81	245.60077	6.9964294	252.5972	238.60434	218.15263	26.274754	265.26776	174.6206	400.0	400.0	89099	53.655247	17.804636	74.566475	-31.821386	-53.837593	0.77441317	993.7258725166321
82	213.6721	8.518488	224.34225	203.4937	244.53299	25.141214	301.62366	206.9842	400.0	400.0	90199	53.79299	17.806921	74.54566	-32.399925	-53.967007	0.86346275	1006.8055100440979
83	228.11714	30.274944	270.81076	203.97754	228.96219	18.688667	254.98375	187.96924	400.0	400.0	91299	53.86582	17.749714	75.03946	-32.232452	-54.03584	0.87331766	1019.910394191742
84	211.95451	24.612656	243.2074	183.05716	225.6744	23.580069	264.78607	164.28839	400.0	400.0	92399	53.928295	17.637964	74.95632	-32.18445	-54.10104	0.83258176	1032.8248579502106
85	222.09177	13.85688	235.94864	208.23488	233.29993	29.01749	278.67267	174.35637	400.0	400.0	93499	54.014744	17.613192	75.4765	-31.981232	-54.17853	0.84149754	1045.6037278175354
86	219.77455	17.768703	239.27806	196.30055	222.61966	24.055735	261.4992	171.2475	400.0	400.0	94599	54.100063	17.486528	74.69665	-30.93042	-54.262207	0.84638757	1058.3895728588104
87	247.8134	14.918085	268.84464	235.8525	230.87256	22.963036	273.70343	189.39687	400.0	400.0	95699	54.144577	17.494806	75.41485	-30.693394	-54.311462	0.8622315	1071.3460159301758
88	205.98686	33.142647	229.87213	159.11897	235.21506	24.540806	286.98157	200.68277	400.0	400.0	96799	54.249043	17.393755	75.6663	-29.34726	-54.416443	0.8621211	1085.0258038043976
89	184.51688	12.183952	196.70082	172.33292	238.73251	14.264094	284.60995	225.28326	400.0	400.0	97899	54.250473	17.463282	75.16172	-29.952972	-54.416668	0.9120258	1097.0313766002655
90	219.87386	15.350745	238.47484	200.87952	233.09012	19.99045	266.7401	186.4687	400.0	400.0	98999	54.466255	17.123867	75.60487	-29.859482	-54.635468	0.8650988	1109.4284617900848
91	246.40877	5.4402313	254.0961	242.29486	238.99861	28.93596	288.87592	178.41243	400.0	400.0	100099	54.444794	17.178627	75.08045	-29.866373	-54.60708	0.8509645	1121.3910422325134
92	226.53941	14.518863	240.78761	206.6115	234.70622	25.44518	267.31613	179.20538	400.0	400.0	101199	54.480225	17.217836	74.651375	-29.649746	-54.641647	0.9691695	1133.2398283481598
93	228.47937	3.9020233	232.3814	224.57735	240.96269	31.892492	308.39615	194.65125	400.0	400.0	102299	54.522617	17.091757	74.78514	-29.853996	-54.685555	0.8040362	1145.6862666606903
94	215.08496	23.220737	237.98465	183.25111	242.36963	19.14048	283.31674	206.16533	400.0	400.0	103399	54.6208	16.966131	75.002594	-30.291227	-54.779865	0.8065151	1157.7178699970245
95	203.87962	19.618673	228.612	180.62442	230.83533	21.787333	267.20416	190.3724	400.0	400.0	104499	54.64913	16.886845	74.466194	-30.3205	-54.80906	0.844103	1170.2029099464417
96	221.46504	26.275944	257.54456	195.72209	220.129	24.19959	262.15924	177.55623	400.0	400.0	105599	54.755466	16.679367	74.12664	-30.16046	-54.91577	0.90615016	1182.4638648033142
97	242.1591	2.477768	244.63687	239.68134	226.59453	32.4015	268.80484	168.88931	400.0	400.0	106699	54.95255	16.520317	74.531876	-28.496994	-55.120846	0.71992344	1194.5661232471466
98	221.19952	12.95982	236.45537	204.77502	226.99393	22.04639	264.64447	189.49919	400.0	400.0	107799	54.942486	16.508461	74.60067	-28.273174	-55.10837	0.8468152	1208.0570063591003
99	226.54413	14.743904	245.2403	209.20142	229.45572	17.886305	262.35083	176.54271	400.0	400.0	108899	54.982918	16.527683	75.229004	-28.613317	-55.143673	0.7665137	1221.3161392211914
100	214.59648	31.079605	251.48837	175.45865	236.49394	20.955097	283.10986	199.53548	400.0	400.0	109999	55.1636	16.287983	74.695854	-28.136278	-55.32316	0.8246195	1234.427943944931
101	236.23164	9.6008	245.83244	226.63084	225.55417	20.245129	269.973	195.51476	400.0	400.0	111099	55.29184	16.22008	74.73881	-24.097782	-55.454346	0.76145554	1247.3466017246246
102	209.2472	17.821947	233.66258	191.62201	228.89021	24.603823	262.87152	175.18109	400.0	400.0	112199	55.29797	16.200174	74.52938	-22.809103	-55.455406	0.8703671	1259.8443751335144
103	195.47728	23.36866	218.0788	163.29543	227.35147	27.155882	271.77264	161.4159	400.0	400.0	113299	55.359245	16.071901	74.86108	-21.344887	-55.51887	0.8727788	1272.4688503742218
104	223.98656	14.136422	240.98747	206.37653	222.32059	23.685839	258.60934	180.84338	400.0	400.0	114399	55.24339	16.148428	76.11445	-18.89805	-55.39723	0.8551829	1285.5258538722992
105	188.0931	0.12275696	188.21585	187.97034	228.66035	27.763306	281.77173	179.55475	400.0	400.0	115499	55.430897	16.047226	74.542595	-19.194527	-55.588554	0.8583279	1297.9632592201233
106	204.6732	12.333663	220.91031	191.03685	224.45122	25.531347	265.47583	179.6368	400.0	400.0	116599	55.51193	15.962804	74.93264	-20.173904	-55.665424	0.8647399	1310.729497909546
107	238.7887	26.21717	273.87372	210.86395	241.51328	25.196241	298.3167	203.0248	400.0	400.0	117699	55.589226	16.024984	74.335205	-19.826357	-55.75	0.9371791	1323.4068768024445
108	206.37611	12.881265	215.92305	188.16641	233.07632	28.845724	277.39514	175.28618	400.0	400.0	118799	55.669437	15.902632	75.15548	-20.040648	-55.82902	0.9038591	1336.1218993663788
109	273.156	16.786484	289.94247	256.3695	240.2656	26.829147	279.08524	177.403	400.0	400.0	119899	55.784237	15.91066	74.414536	-19.417053	-55.94594	0.95624334	1349.2301239967346
110	232.18837	18.82854	256.93817	211.3072	239.68086	24.373457	272.41266	192.28217	400.0	400.0	120999	55.871685	15.850267	74.598625	-19.66681	-56.03348	0.8803417	1362.3544356822968
111	206.40843	17.93523	229.41667	185.65907	225.95857	20.48746	252.24521	175.56331	400.0	400.0	122099	55.852016	15.916079	75.8921	-19.695782	-56.01093	0.8505351	1375.4905533790588
112	245.16718	17.669239	258.61328	220.20393	227.44182	27.764185	272.66205	168.43875	400.0	400.0	123199	56.04175	15.885027	75.23276	-19.351934	-56.205597	0.96279716	1388.6066553592682
113	206.66176	23.146698	229.80846	183.51506	231.70163	30.665125	285.459	179.41805	400.0	400.0	124299	56.26367	15.703062	74.84948	-20.257425	-56.426758	0.83588934	1401.7096779346466
114	229.92346	26.81226	263.66022	198.06444	220.24565	18.012497	245.37169	187.1544	400.0	400.0	125399	56.435074	15.521098	74.5273	-20.764816	-56.59719	1.0392183	1414.6364543437958
115	219.97925	10.162081	231.8106	206.99843	228.155	20.888378	255.75636	175.78839	400.0	400.0	126499	56.359154	15.547092	74.313446	-21.350227	-56.5174	0.9552029	1427.4894001483917
116	212.69337	16.782402	235.86855	196.67213	229.44243	24.18372	273.9131	175.3276	400.0	400.0	127599	56.4711	15.499088	74.63791	-22.095528	-56.630714	0.96794176	1440.6688752174377
117	213.53067	11.132729	224.66339	202.39793	223.42683	23.00253	278.4826	186.87352	400.0	400.0	128699	56.604095	15.409117	76.547935	-22.67837	-56.76208	0.9509056	1453.804270029068
118	226.52321	18.88654	251.32053	205.52968	220.95963	30.006681	270.0396	155.99783	400.0	400.0	129799	56.695717	15.301359	76.08692	-23.151478	-56.85485	0.8830277	1466.2405955791473
119	205.64241	5.901784	211.5857	197.59587	239.79211	26.389715	305.28796	190.87549	400.0	400.0	130899	56.738293	15.502245	74.934814	-23.418835	-56.897507	0.923376	1478.4417896270752
120	198.09895	16.416658	218.18716	177.97478	223.53024	23.152899	260.3334	183.32446	400.0	400.0	131999	56.833443	15.34979	76.33056	-23.234127	-56.990776	0.90662867	1490.5831570625305
121	223.28563	5.4131317	228.69876	217.8725	220.42822	21.165913	273.8668	177.76294	400.0	400.0	133099	56.97089	15.282469	76.29919	-24.52169	-57.123867	0.9820801	1503.6688792705536
122	219.78502	11.4492655	228.59192	203.61478	203.51234	23.856647	249.98557	156.34969	400.0	400.0	134199	56.905777	15.464096	75.20987	-24.81195	-57.059185	0.92951983	1516.2116570472717
123	215.02046	19.208887	232.24309	188.21553	218.18013	22.931877	244.41609	164.55281	400.0	400.0	135299	56.989914	15.40167	74.59115	-28.092638	-57.145447	1.0209477	1528.627919435501
124	208.21863	39.74821	263.88104	173.59384	228.21208	24.527956	262.87888	171.51877	400.0	400.0	136399	57.108192	15.392897	75.167786	-27.355366	-57.264343	0.847794	1541.3426444530487
125	202.94284	14.115845	217.05869	188.827	218.1896	26.99104	291.7747	162.92361	400.0	400.0	137499	57.226677	15.388551	74.98052	-28.759329	-57.38409	1.0382828	1554.3894279003143
126	197.54732	14.367191	212.23198	178.0438	212.85416	27.648422	272.39313	164.17253	400.0	400.0	138599	57.128544	15.586364	75.31254	-27.299093	-57.288857	1.105733	1567.5151751041412
127	198.94379	10.359147	213.45467	189.94374	207.84175	24.392164	270.0198	166.93253	400.0	400.0	139699	57.28931	15.381445	75.89284	-29.291636	-57.44103	0.9628171	1580.768640756607
128	205.55504	21.56157	221.24248	175.06667	236.57051	30.99912	290.22958	187.90456	400.0	400.0	140799	57.348267	15.326731	74.92426	-31.198643	-57.509254	1.0239977	1593.9584078788757
129	187.43053	9.337433	196.76796	178.0931	225.36707	24.41287	264.64914	174.33775	400.0	400.0	141899	57.459106	15.109346	75.134254	-30.120377	-57.6153	1.007347	1606.906750679016
130	199.75526	6.1340284	206.1952	191.50192	221.74263	30.54595	274.65842	168.74048	400.0	400.0	142999	57.47191	15.193166	75.17026	-31.132929	-57.62307	0.9757585	1619.4624767303467
131	189.1515	23.89152	218.80797	160.30266	234.92647	28.914371	274.71536	180.27394	400.0	400.0	144099	57.51289	15.048075	75.71435	-31.371197	-57.66792	0.8680337	1631.9473092556
132	197.38893	22.556885	225.95517	170.80959	217.73177	28.463268	263.25772	168.42389	400.0	400.0	145199	57.632214	14.856022	75.08468	-32.33837	-57.78646	0.98729336	1645.0616731643677
133	227.2389	7.7278137	234.96672	219.5111	215.14742	34.356	288.10538	117.50494	400.0	400.0	146299	57.55667	14.836011	75.9153	-31.185993	-57.705627	0.90970933	1658.5030508041382
134	207.27925	24.058767	237.17134	178.25899	217.0376	25.65301	277.48615	165.70186	400.0	400.0	147399	57.665367	14.597584	74.5936	-32.432064	-57.81297	0.80015707	1671.8321764469147
135	207.1035	28.240557	240.80656	171.69473	205.43196	34.701504	260.0167	131.59065	400.0	400.0	148499	57.638046	14.716712	75.004395	-32.146416	-57.78855	0.86412144	1685.4605300426483
136	228.1748	25.242132	253.96024	193.90263	221.05722	28.86313	266.48315	167.08171	400.0	400.0	149599	57.68836	14.526388	74.576546	-32.274746	-57.83917	0.87901586	1698.41881275177
137	198.2641	11.770302	210.0344	186.49379	214.10349	27.384518	280.96338	165.53792	400.0	400.0	150699	57.69253	14.3474045	74.149254	-32.22372	-57.834404	0.84765184	1711.0553390979767
138	213.08679	19.395695	236.48004	188.98628	217.85764	33.225918	278.59662	137.40738	400.0	400.0	151799	57.758156	14.241159	75.55999	-32.456905	-57.89935	0.8642892	1722.482647895813
139	214.78949	6.0393147	220.34386	206.39343	230.59688	27.975155	294.5524	175.69043	400.0	400.0	152899	57.732746	14.153939	75.49561	-31.453676	-57.870846	0.86057425	1734.6866219043732
140	208.92293	7.962914	219.9566	201.45532	225.71843	24.383345	271.6628	174.66577	400.0	400.0	153999	57.831524	13.943724	74.40148	-31.361	-57.97172	0.8189879	1747.3219122886658
141	193.72504	2.5487518	196.27379	191.17628	226.64685	33.311344	274.5282	155.49622	400.0	400.0	155099	57.722538	14.041138	74.68678	-30.914268	-57.862175	0.93855023	1760.5021123886108
142	205.92989	17.81579	226.19203	182.8301	199.7867	30.349646	250.67282	155.59914	400.0	400.0	156199	57.692753	13.975843	74.68942	-32.917725	-57.831768	0.97579855	1773.210203409195
143	231.32349	27.369095	255.0938	192.98402	216.59758	30.584517	271.98392	155.97473	400.0	400.0	157299	57.688526	13.846125	74.34784	-33.775948	-57.820484	0.8527211	1786.583510875702
144	194.11491	31.811567	228.28094	151.6848	201.14288	34.48033	275.14313	150.2754	400.0	400.0	158399	57.643295	13.850178	74.74687	-34.694454	-57.780834	0.9006662	1799.9140810966492
145	193.34656	14.791176	208.13773	178.55537	210.3426	36.457985	268.5987	142.60365	400.0	400.0	159499	57.647396	13.694922	74.48179	-35.742344	-57.78328	0.8427915	1812.8621001243591
146	218.26558	37.242958	247.863	165.73691	192.09822	27.547	234.24542	133.01263	400.0	400.0	160599	57.70495	13.56172	74.66546	-35.604263	-57.83572	0.92405915	1826.0589110851288
147	212.74854	17.87852	229.41508	187.94919	211.56181	24.158348	251.69414	163.18752	400.0	400.0	161699	57.592655	13.628738	74.25105	-36.041187	-57.723297	0.8899123	1839.436203956604
148	212.38728	15.100483	225.96808	191.32425	225.72185	31.151396	277.89655	151.1517	400.0	400.0	162799	57.60241	13.515486	73.93278	-36.704346	-57.738693	0.89236885	1852.7952535152435
149	231.12216	35.87201	266.99417	195.25015	220.26266	27.465324	272.28265	163.22809	400.0	400.0	163899	57.561882	13.55019	74.25372	-36.189774	-57.69828	0.8289773	1866.355227947235
150	223.02203	17.83731	245.52185	201.89421	223.02084	24.845919	259.29266	159.04697	400.0	400.0	164999	57.571674	13.51857	74.45789	-36.28924	-57.707417	0.87627906	1879.3728947639465
151	226.41982	20.908836	255.76277	208.58414	200.81998	26.263361	251.84894	151.9887	400.0	400.0	166099	57.644985	13.4200325	73.81546	-37.160812	-57.78272	0.7798887	1891.901264667511
152	210.88237	4.6817837	216.5878	205.12024	217.13843	23.219826	257.566	171.96991	400.0	400.0	167199	57.65387	13.346384	74.00629	-37.44134	-57.788677	0.88164264	1904.7838871479034
153	201.25061	20.69738	221.94798	180.55322	226.26985	25.762936	276.8245	167.85287	400.0	400.0	168299	57.64425	13.360751	72.93575	-38.022797	-57.78313	0.89675695	1917.2800986766815
154	224.30705	2.5807629	227.45557	221.13416	233.75027	26.599506	291.74603	192.25264	400.0	400.0	169399	57.690273	13.236935	73.57159	-39.448692	-57.826	0.88307583	1930.0604810714722
155	198.49097	7.698535	204.80586	187.65285	219.66382	21.651834	252.65659	176.83437	400.0	400.0	170499	57.731903	12.989887	73.27753	-39.422665	-57.86049	0.9034053	1941.6890108585358
156	220.25307	6.7397118	226.59999	210.92145	222.38464	29.549032	273.48346	157.88188	400.0	400.0	171599	57.479317	13.261252	73.186134	-39.985973	-57.60411	0.8457079	1954.4830565452576
157	182.72473	28.591064	211.3158	154.13367	224.96817	21.908087	260.56342	176.29903	400.0	400.0	172699	57.555515	13.058955	72.91342	-39.711044	-57.678032	0.7830607	1966.22452044487
158	212.85982	9.912791	226.86772	205.37698	236.81963	28.114775	273.108	184.18651	400.0	400.0	173799	57.485477	13.066278	72.41311	-39.816883	-57.609154	0.7858577	1979.1491231918335
159	225.04689	12.01404	239.87506	210.44951	220.91972	21.172478	258.70825	188.36356	400.0	400.0	174899	57.56209	12.728786	72.7793	-39.642147	-57.689034	0.9601483	1992.0088829994202
160	224.7563	27.172033	245.50786	186.37143	229.19547	16.935476	256.2695	198.54068	400.0	400.0	175999	57.458477	12.787848	73.11529	-39.972256	-57.589985	0.90760726	2003.898313999176
161	220.20901	31.534355	251.74336	188.67465	230.72127	24.699505	264.99637	162.93309	400.0	400.0	177099	57.458035	12.7932825	73.123344	-39.985836	-57.592617	0.875155	2016.8189532756805
162	231.89764	30.111626	259.95944	190.12749	217.13098	23.099503	263.2549	166.29572	400.0	400.0	178199	57.593628	12.62242	72.34622	-39.674587	-57.73321	0.86830354	2028.5582919120789
163	217.6101	30.791622	245.55353	174.71506	231.9954	32.546127	285.29572	171.63098	400.0	400.0	179299	57.621464	12.653555	72.58505	-40.901955	-57.757393	0.93723613	2042.1404237747192
164	264.0431	18.522738	279.5136	238.00114	232.84956	29.312689	279.44608	187.77036	400.0	400.0	180399	57.66698	12.704043	72.29498	-41.644394	-57.809044	0.86930805	2055.8531155586243
165	219.56625	4.242859	223.80911	215.3234	237.95699	32.64507	283.18628	169.35411	400.0	400.0	181499	57.86545	12.622179	73.20978	-41.14816	-58.005554	0.8661313	2069.368846178055
166	251.61287	32.38859	292.4735	213.25667	233.54175	22.124048	279.21094	181.40079	400.0	400.0	182599	57.80871	12.701621	72.3099	-40.814743	-57.94762	0.95271474	2082.938789844513
167	193.44719	34.482407	218.74548	144.69331	226.91939	39.22269	293.6034	136.19675	400.0	400.0	183699	57.981667	12.505236	73.52828	-42.25129	-58.121597	0.89259136	2095.8369460105896
168	228.60931	19.032162	246.15535	202.1604	226.24834	32.76605	280.8196	170.97632	400.0	400.0	184799	57.97662	12.690735	72.688576	-42.223705	-58.123154	0.88727707	2109.151603460312
169	223.96695	34.0483	258.01526	189.91866	231.30545	29.039293	304.64297	175.43796	400.0	400.0	185899	58.05146	12.873398	73.91608	-43.020573	-58.19635	0.93146515	2122.59189248085
170	212.96185	39.27259	265.65036	171.40428	231.64497	29.015581	303.8645	185.38231	400.0	400.0	186999	58.24025	12.7343	74.23961	-42.5631	-58.372868	0.92774624	2136.130226135254
171	213.37	20.971476	237.86206	186.6392	231.12744	27.336823	266.96628	176.12743	400.0	400.0	188099	58.11039	12.951801	73.19168	-43.17774	-58.235996	0.94628596	2149.7165553569794
172	206.45177	11.1841	216.66127	190.88515	236.58963	24.404846	282.09036	187.45665	400.0	400.0	189199	58.14421	12.827926	73.79364	-43.381336	-58.26856	0.93551815	2163.9963235855103
173	254.09088	3.7776108	257.8685	250.31328	231.82175	20.693407	274.61557	189.65497	400.0	400.0	190299	58.049538	13.013727	74.74459	-44.300404	-58.17402	0.8641588	2177.577763080597
174	213.89891	24.207355	245.98465	187.5181	231.57864	21.95279	270.7333	175.44327	400.0	400.0	191399	58.065376	12.962931	75.07088	-44.829124	-58.18864	0.8634718	2191.047928094864
175	202.74634	28.724417	233.43834	164.35388	224.87825	25.10276	258.59576	177.65204	400.0	400.0	192499	58.02198	13.091862	74.49326	-43.962616	-58.14836	0.8217444	2204.7310445308685
176	225.84082	26.238012	245.67117	188.76468	242.23087	22.603954	266.45593	175.86766	400.0	400.0	193599	57.992474	13.264163	74.70263	-44.824757	-58.126797	0.9472442	2218.195937871933
177	220.73251	29.500343	250.23285	191.23216	227.0352	28.947105	278.90402	160.7734	400.0	400.0	194699	58.11784	13.178018	73.863625	-43.467503	-58.257923	0.9033593	2231.626663684845
178	211.12578	7.9931154	220.80826	201.2326	232.3895	24.40687	270.7757	184.32004	400.0	400.0	195799	58.17476	13.202327	75.22003	-43.42609	-58.32227	0.8875274	2245.018469810486
179	238.72473	19.012264	255.30981	212.1046	213.04256	25.236088	265.29764	159.67343	400.0	400.0	196899	58.271477	13.342582	74.72894	-44.162025	-58.42261	0.99857545	2257.948511362076
180	205.23969	15.280065	226.798	193.17606	230.9856	22.293062	275.71616	181.64006	400.0	400.0	197999	58.4633	13.124277	74.0833	-45.407375	-58.6147	0.96298593	2270.8487541675568
181	225.29932	12.129967	237.42929	213.16936	203.5091	30.501396	257.22513	136.78894	400.0	400.0	199099	58.51286	13.222208	75.50398	-45.902985	-58.66019	0.9087007	2284.805753469467
182	236.79817	11.466438	249.90982	221.97903	231.03523	24.112753	268.00488	177.72542	400.0	400.0	200199	58.566994	13.22233	75.17977	-46.37268	-58.70597	0.8769956	2297.7145569324493
183	239.06682	8.022536	250.41197	233.30913	235.41129	28.083963	282.64877	176.67053	400.0	400.0	201299	58.65213	13.085477	75.04475	-46.20627	-58.791092	0.84807473	2310.2929480075836
184	223.83083	25.026512	258.5146	200.38428	225.8085	26.618082	266.212	150.55037	400.0	400.0	202399	58.638023	13.118412	76.23093	-46.15654	-58.78504	0.87607664	2322.2361142635345
185	213.96774	13.068626	227.03636	200.89911	216.44205	27.58514	261.92773	163.53644	400.0	400.0	203499	58.76059	13.038655	74.71386	-47.868206	-58.903908	0.8563276	2335.332785129547
186	217.8905	9.288289	228.2498	205.71642	224.15115	35.881897	279.2778	124.03462	400.0	400.0	204599	58.80206	12.985339	75.252975	-46.42974	-58.943005	0.8462648	2347.169078350067
187	223.86882	18.371695	241.12949	198.42091	232.92639	23.899532	269.68777	190.59137	400.0	400.0	205699	58.769646	12.988672	76.05896	-46.433598	-58.89956	0.7671632	2360.082811832428
188	213.5661	8.930643	225.56113	204.14455	236.17776	17.576235	268.75644	207.93604	400.0	400.0	206799	58.76377	12.838137	75.52094	-44.88427	-58.888218	0.7778691	2372.8351447582245
189	218.67163	10.702332	229.37396	207.9693	228.03928	25.4162	265.30127	177.76706	400.0	400.0	207899	58.7493	12.817174	76.416794	-44.392567	-58.87302	0.7465779	2385.6372990608215
190	222.3188	25.366106	242.59874	186.55264	215.24458	34.322357	279.93933	150.03702	400.0	400.0	208999	58.698826	12.709617	76.22378	-43.62729	-58.81962	0.7012994	2397.6932785511017
191	226.77632	17.623346	250.70953	208.78688	225.76192	26.917532	268.88614	154.89143	400.0	400.0	210099	58.568245	12.742737	75.937675	-41.925007	-58.683464	0.7249849	2411.416529893875
192	228.40584	14.3788185	243.49959	209.05814	227.80074	27.948372	276.30264	178.02654	400.0	400.0	211199	58.561928	12.478388	74.9052	-40.10463	-58.67402	0.7421865	2424.664653778076
193	221.59415	24.283379	245.87752	197.31076	236.67317	29.157032	272.1118	160.11288	400.0	400.0	212299	58.464977	12.522865	74.92583	-39.943626	-58.57945	0.67154676	2436.59725856781
194	212.95079	8.554812	220.98366	201.09969	227.23245	24.68786	270.773	162.39351	400.0	400.0	213399	58.307713	12.546039	75.231255	-38.149277	-58.41973	0.77274555	2449.924535751343
195	207.15747	38.01575	246.98087	155.96687	227.67314	31.51996	280.6387	171.48502	400.0	400.0	214499	58.27363	12.371759	74.579956	-37.513443	-58.38859	0.7059781	2463.070688724518
196	267.38675	13.15397	281.83307	250.01381	225.9674	16.039211	258.49084	195.68323	400.0	400.0	215599	58.20617	12.402935	75.287476	-36.793434	-58.316597	0.75128067	2475.2238478660583
197	216.57791	7.4548035	224.03271	209.12311	215.52957	32.24776	270.08746	164.1189	400.0	400.0	216699	58.102936	12.309783	75.145	-35.483513	-58.215088	0.7366214	2488.85515165329
198	206.12598	33.47188	252.45744	174.55809	225.11417	29.982044	282.0018	158.90393	400.0	400.0	217799	58.024254	12.27235	74.77386	-37.500412	-58.13845	0.73616123	2502.110510110855
199	228.68681	15.928702	251.10919	215.60127	229.09993	28.679775	270.04123	154.74013	400.0	400.0	218899	57.9541	12.278993	74.11165	-36.88304	-58.074043	0.72671765	2514.146105527878
200	213.17421	22.23938	229.02234	181.7233	228.61832	34.717216	283.08127	137.63057	400.0	400.0	219999	57.984722	12.219198	74.657776	-36.80802	-58.101635	0.6983371	2527.812047958374
201	231.07343	6.9713364	238.04477	224.1021	219.40703	24.790724	266.24692	166.32123	400.0	400.0	221099	57.948723	12.145621	74.600815	-37.926414	-58.06951	0.74601907	2541.9903304576874
202	213.1436	20.16041	240.22803	191.8885	222.58333	28.933624	265.3676	164.8347	400.0	400.0	222199	57.947968	12.12065	74.6855	-39.814648	-58.066387	0.77857083	2555.9235413074493
203	222.42802	18.18745	248.14383	209.12544	225.5769	23.08376	268.8406	183.56586	400.0	400.0	223299	57.985188	12.021858	74.59086	-40.60005	-58.09868	0.75497913	2569.2646477222443
204	239.85857	16.993269	259.47372	218.02638	226.42395	23.521309	271.27957	185.95549	400.0	400.0	224399	57.886337	12.068199	74.41319	-41.794636	-57.998985	0.8435095	2582.8450825214386
205	241.77449	6.1529846	247.92747	235.6215	212.09525	27.560425	248.1117	161.87697	400.0	400.0	225499	57.844303	12.045324	74.518135	-41.80355	-57.95824	0.73231244	2595.830247402191
206	205.7929	23.530401	228.94653	173.517	226.2266	19.493555	253.80804	174.04228	400.0	400.0	226599	57.74286	12.1170435	74.159004	-42.367496	-57.854424	0.7614288	2608.8689863681793
207	226.47557	15.791048	247.17078	208.86043	220.54854	31.2029	265.53616	162.08246	400.0	400.0	227699	57.74589	12.042252	73.913086	-40.32526	-57.868267	0.7878023	2622.6139624118805
208	218.50146	17.994944	232.98622	193.13809	215.62273	17.832167	247.9099	182.12025	400.0	400.0	228799	57.77316	11.965191	74.33455	-41.14671	-57.885475	0.7448182	2636.592467546463
209	236.26605	0.5063629	236.77242	235.75969	224.50949	27.29163	264.58142	180.7542	400.0	400.0	229899	57.72537	11.92808	74.19211	-40.082813	-57.84069	0.73693824	2649.760172367096
210	222.83551	34.608772	251.5567	174.15334	222.98796	26.39037	271.1131	179.81677	400.0	400.0	230999	57.64633	11.930729	74.48445	-42.106907	-57.755108	0.775357	2663.7425026893616
211	237.04613	19.943893	254.40799	209.11519	231.99057	27.61433	279.44394	181.0297	400.0	400.0	232099	57.695885	11.763791	73.766914	-39.67519	-57.80924	0.8488629	2677.5868825912476
212	191.62682	11.906898	206.83768	177.7657	227.6637	27.145716	278.38354	180.35498	400.0	400.0	233199	57.588562	11.827801	73.998055	-39.809086	-57.70485	0.8061484	2691.6701283454895
213	210.25331	27.38945	237.64276	182.86386	220.39566	20.450909	259.61688	185.54959	400.0	400.0	234299	57.53251	11.832511	74.15376	-39.492966	-57.646595	0.7822626	2705.724287748337
214	245.0252	11.172693	260.78818	236.20033	236.40213	22.645376	277.1291	186.04291	400.0	400.0	235399	57.58729	11.722126	73.650276	-39.004883	-57.699566	0.6963825	2719.390912294388
215	230.10425	5.1750774	237.17146	224.92352	222.19165	30.94557	266.45523	158.32921	400.0	400.0	236499	57.534454	11.67145	73.65373	-38.007156	-57.649757	0.78572345	2733.402150630951
216	224.29903	13.466379	233.90268	205.25493	226.74605	30.083302	276.0382	182.36208	400.0	400.0	237599	57.584576	11.651476	73.80733	-38.81857	-57.702404	0.7806726	2747.238243818283
217	187.69984	8.629349	196.3292	179.0705	227.84961	25.395319	292.35925	179.0082	400.0	400.0	238699	57.515736	11.690858	73.571205	-39.8511	-57.625103	0.7661393	2761.269691467285
218	200.44551	26.611755	237.71114	177.25931	236.24411	27.795736	281.27917	181.36192	400.0	400.0	239799	57.482983	11.732532	73.71231	-40.336315	-57.590706	0.788222	2774.7095277309418
219	223.28894	11.584952	238.06798	209.77556	217.87509	26.050611	270.82343	166.39691	400.0	400.0	240899	57.386814	11.929477	74.54879	-40.84862	-57.508595	0.8296095	2788.1243557929993
220	207.17957	15.943883	229.59552	193.86087	221.84006	23.896881	259.65613	172.60416	400.0	400.0	241999	57.452972	11.961196	73.879776	-40.881535	-57.578445	0.8700628	2801.106595993042
221	207.48276	10.668442	218.1512	196.81432	233.52628	22.678297	266.96722	177.50119	400.0	400.0	243099	57.645523	11.930923	73.63376	-38.544384	-57.778168	0.7583614	2814.312869787216
222	207.31439	22.791916	230.28252	176.24574	211.43253	20.63247	266.06586	173.36142	400.0	400.0	244199	57.733273	12.274791	74.17611	-39.41354	-57.895134	0.92558837	2827.4570043087006
223	206.19464	13.09516	224.42113	194.24043	206.1726	40.47319	256.01535	70.18308	400.0	400.0	245299	58.041138	12.408778	75.06949	-40.298756	-58.211967	1.023941	2840.3799901008606
224	203.57857	12.504906	213.9575	185.98882	220.50269	21.050842	284.8964	192.8764	400.0	400.0	246399	58.33687	12.4645605	75.59881	-41.011307	-58.498642	1.1528894	2854.0451004505157
225	222.66116	21.240692	243.90186	201.42047	215.52177	25.319658	255.88577	166.0259	400.0	400.0	247499	58.50906	12.619309	76.09017	-39.440918	-58.66566	1.0968102	2867.1870980262756
226	215.05373	42.483776	271.21643	168.48943	219.11304	25.781721	271.4728	166.60352	400.0	400.0	248599	58.765106	12.730705	74.91796	-38.60165	-58.925987	1.1057115	2881.229460000992
227	224.7983	7.481677	232.9293	214.86949	214.2085	22.959135	253.02568	153.39441	400.0	400.0	249699	59.0275	12.656171	75.4089	-39.354008	-59.186657	1.1877768	2895.2075452804565
228	191.59346	8.190969	202.43259	182.63512	196.94261	18.633942	227.0396	157.93964	400.0	400.0	250799	59.156845	12.673282	75.56003	-38.44433	-59.314034	1.2262429	2908.4765796661377
229	196.92899	6.6056976	203.53468	190.32329	183.76036	27.02302	225.63678	134.60188	400.0	400.0	251899	59.30771	12.820199	76.17424	-38.609432	-59.486343	1.215169	2921.8544278144836
230	160.88858	42.585106	218.30351	116.43687	173.11217	23.336054	195.15678	112.464714	400.0	400.0	252999	59.597286	12.680787	76.35599	-38.824097	-59.755447	1.1622528	2934.8182804584503
231	179.53784	4.1278195	185.08861	175.19719	215.58293	23.652288	260.5552	166.40215	400.0	400.0	254099	59.79068	12.606402	75.51498	-39.283493	-59.95811	1.3383985	2946.7104313373566
232	196.50435	11.992141	213.3609	186.46057	166.49226	62.696053	239.77153	22.312874	400.0	400.0	255199	59.89263	12.755728	75.46372	-39.654182	-60.061775	1.2798114	2960.0182378292084
233	196.6415	18.535217	215.17671	178.10628	187.28488	20.634205	227.23056	152.97362	400.0	400.0	256299	60.13873	12.74549	78.20584	-38.621586	-60.305023	1.2506922	2973.0991003513336
234	204.55382	19.360731	219.32468	177.20284	226.519	27.330828	284.36234	171.97166	400.0	400.0	257399	60.327717	12.6807165	76.790985	-38.95554	-60.4863	1.2269179	2986.1861703395844
235	200.83733	28.396149	234.5231	165.06131	225.84085	30.603878	275.91318	175.26175	400.0	400.0	258499	60.390408	12.826306	76.05536	-37.532173	-60.54906	1.2034566	3000.0749945640564
236	202.25232	27.70222	221.98244	163.0758	230.25882	25.420412	278.70087	185.16348	400.0	400.0	259599	60.625816	12.773975	76.46595	-37.01925	-60.788097	1.0987095	3013.865157365799
237	205.3385	21.33049	226.66899	184.00801	221.54056	36.773033	297.24536	121.93903	400.0	400.0	260699	60.78362	12.933787	75.247345	-36.762817	-60.949295	1.1637411	3027.370614528656
238	233.15875	20.781826	262.54712	218.20166	218.15288	26.185232	250.49417	139.97514	400.0	400.0	261799	60.991665	12.907448	77.77333	-37.701454	-61.143124	1.2323352	3041.240327358246
239	195.56331	7.746679	205.94177	187.33562	214.34428	31.783653	260.01715	151.57436	400.0	400.0	262899	61.065166	12.816175	76.96547	-38.354507	-61.21303	1.3079168	3055.146152973175
240	193.12361	18.387604	217.27715	172.70352	220.03125	21.960646	266.14398	183.73853	400.0	400.0	263999	61.081112	12.7974825	75.43792	-38.30276	-61.226578	1.1492063	3068.9807221889496
241	193.49922	13.649597	207.14882	179.84962	217.62585	19.674625	257.00452	177.77637	400.0	400.0	265099	61.167362	12.749977	75.65574	-38.64823	-61.315754	1.0548047	3082.3150413036346
242	226.32283	34.17277	261.94913	180.22997	222.5655	35.24807	268.2144	120.59218	400.0	400.0	266199	61.252594	12.637246	76.24486	-38.7529	-61.399944	1.2005378	3096.313111782074
243	213.35558	15.281021	234.8892	201.01027	214.13618	29.237722	276.40897	128.9796	400.0	400.0	267299	61.28949	12.548943	77.79324	-39.114426	-61.42392	1.1983644	3109.7363274097443
244	213.4361	31.430733	257.0371	184.14891	213.7261	33.470505	267.02792	124.09559	400.0	400.0	268399	61.2503	12.506278	75.91686	-39.13682	-61.378	1.131369	3122.742782831192
245	174.33035	6.117714	180.44806	168.21263	227.21628	29.98091	274.0004	164.01706	400.0	400.0	269499	61.200603	12.430708	76.08559	-39.42886	-61.32532	1.050447	3136.465738773346
246	194.17944	8.3076105	205.9069	187.70364	204.98166	37.790607	257.20175	98.098305	400.0	400.0	270599	61.08812	12.452756	77.47674	-38.85524	-61.215996	1.06779	3150.3363597393036
247	225.9882	22.664734	248.99202	195.15617	215.61426	31.112913	276.27344	159.11266	400.0	400.0	271699	61.06952	12.387601	76.33123	-39.54841	-61.195946	0.9734344	3163.62802529335
248	189.27333	10.98252	203.50475	176.77025	224.52376	29.132624	268.18094	160.07495	400.0	400.0	272799	61.002087	12.335601	77.25365	-40.385406	-61.12449	0.9499617	3177.7420737743378
249	229.21838	3.7202988	232.93867	225.49808	220.64055	25.071741	260.1545	177.09048	400.0	400.0	273899	60.94953	12.326067	75.6511	-40.947475	-61.071262	0.90707207	3191.5070700645447
250	199.77278	9.903026	211.75069	187.49875	215.90996	27.319103	255.42441	155.50221	400.0	400.0	274999	60.92479	12.206727	75.712975	-42.128933	-61.048004	0.8940284	3205.248288154602
