Epoch	AverageEpRet	StdEpRet	MaxEpRet	MinEpRet	AverageTestEpRet	StdTestEpRet	MaxTestEpRet	MinTestEpRet	EpLen	TestEpLen	TotalEnvInteracts	AverageQVals	StdQVals	MaxQVals	MinQVals	LossPi	LossQ	Time
1	181.43098	17.821869	199.25285	163.60912	-240.33366	25.954308	-202.5339	-285.51584	400.0	400.0	1099	0.3645226	0.17992114	0.97959805	-0.25204623	-0.40952247	0.07390837	20.563854217529297
2	-4.1324615	147.72185	203.52345	-127.75642	229.75452	123.71405	301.3752	-72.80629	400.0	400.0	2199	0.8216157	1.5229312	4.6710377	-4.960292	-0.92841613	0.004582746	73.94603848457336
3	58.69258	109.64593	181.80539	-84.507996	98.2807	131.07808	279.96277	-163.02586	400.0	400.0	3299	2.01549	3.3910108	7.7574544	-6.1735415	-2.1524868	0.0078346515	123.48440861701965
4	79.10952	215.38303	261.4506	-223.36311	114.66689	148.26596	314.4854	-171.99791	400.0	400.0	4399	3.0415242	5.742345	13.125844	-9.017182	-3.1791167	0.01683788	164.4510624408722
5	134.95058	126.28748	261.23807	8.663092	244.03601	143.59023	325.77258	-159.2893	400.0	400.0	5499	5.639714	7.769945	16.747183	-10.866303	-5.782365	0.026725087	207.31096935272217
6	158.49544	63.79944	248.67352	110.8592	300.95447	34.33875	325.47318	211.7041	400.0	400.0	6599	7.6965437	9.230834	20.355413	-14.207983	-7.8474603	0.036445692	247.49050521850586
7	188.03734	97.39372	258.83478	50.32	305.75815	25.850637	327.71335	250.93848	400.0	400.0	7699	10.499696	10.579194	23.836918	-14.787842	-10.699841	0.048881568	287.56670331954956
8	153.0562	102.12524	271.24265	22.071966	300.98126	28.104	325.8389	245.6282	400.0	400.0	8799	13.011878	11.819857	28.37047	-16.816448	-13.243761	0.04951894	319.17926692962646
9	42.123253	225.58469	267.70795	-183.46144	305.357	20.35431	320.96002	265.79657	400.0	400.0	9899	14.388248	13.505041	31.563877	-18.702595	-14.653524	0.05795908	352.36035537719727
10	85.650055	131.80371	272.04358	-8.737902	296.81848	24.005634	314.8405	243.16516	400.0	400.0	10999	16.21266	14.448157	38.272923	-20.635862	-16.505394	0.055098	385.74720788002014
11	-95.38828	119.84999	65.85054	-221.25764	303.23325	9.316921	311.59653	274.08606	400.0	400.0	12099	17.199644	16.18765	36.834984	-25.418072	-17.518826	0.07092023	436.2963025569916
12	28.262152	127.24785	201.46193	-100.63905	293.9854	18.067474	314.15356	244.92848	400.0	400.0	13199	18.591738	16.884392	42.4705	-23.8199	-18.945549	0.07528728	482.48663997650146
13	114.2915	96.4242	210.7157	17.867289	290.47745	16.208618	302.37433	243.60466	400.0	400.0	14299	20.301167	17.30812	48.13271	-24.182022	-20.673714	0.070802055	531.1622951030731
14	236.94019	24.17762	271.08472	218.30286	296.24356	6.7567296	301.09573	269.9519	400.0	400.0	15399	23.088713	17.573341	45.54419	-23.721535	-23.478224	0.08439521	573.6052279472351
15	274.75528	34.482033	300.248	226.00746	277.53314	21.69253	294.367	203.96808	400.0	400.0	16499	26.102295	17.819263	47.31595	-24.395554	-26.492018	0.09924334	623.61843085289
16	289.0168	2.8401144	292.89005	286.15936	277.3907	15.908891	289.84027	235.43417	400.0	400.0	17599	29.276024	17.768486	51.72868	-24.381788	-29.656187	0.08107749	667.4667348861694
17	274.8194	2.2628021	277.08218	272.55658	267.9396	10.330373	279.51715	242.01505	400.0	400.0	18699	32.195534	17.577288	50.793213	-24.01967	-32.555378	0.07604372	694.8900451660156
18	259.44965	24.567375	280.7677	225.03163	274.31656	7.2867246	280.35074	246.94894	400.0	400.0	19799	34.790264	17.353523	53.057636	-23.3435	-35.129807	0.09588916	736.5280752182007
19	272.9585	8.529678	281.56897	261.33698	274.18842	8.625589	283.78534	250.52554	400.0	400.0	20899	37.20825	17.057543	54.599266	-22.413233	-37.52661	0.08683594	782.4550349712372
20	275.25558	3.4921005	280.09576	271.98605	268.49496	11.523378	278.8025	233.83948	400.0	400.0	21999	39.401848	16.801552	55.871933	-21.375278	-39.70131	0.07760441	812.4256327152252
21	276.5376	4.4398956	280.97748	272.0977	293.51328	12.807612	306.05573	256.93906	400.0	400.0	23099	41.410423	16.576025	57.47635	-19.436066	-41.70288	0.08410543	845.2056593894958
22	267.98587	18.12499	281.89474	242.38525	281.74188	20.195686	303.6869	227.93393	400.0	400.0	24199	43.35443	16.348768	58.151314	-17.447819	-43.65266	0.09168812	869.1802935600281
23	274.61368	33.19388	303.03207	228.0464	294.57996	24.85898	313.4593	230.41957	400.0	400.0	25299	45.170593	16.211012	59.369785	-16.091537	-45.464073	0.0709893	886.6004118919373
24	295.7295	11.266524	310.15036	282.65128	286.58902	21.842432	312.637	218.90273	400.0	400.0	26399	47.015434	15.92043	60.410236	-15.544148	-47.30017	0.073104	900.7203435897827
25	273.29712	42.481026	315.77814	230.81609	292.99277	19.302845	304.2487	213.79886	400.0	400.0	27499	48.630768	15.7043705	61.792885	-14.698318	-48.918118	0.0645591	913.6080586910248
26	273.42923	10.525109	285.87698	260.13733	275.69415	20.647484	293.8209	232.54776	400.0	400.0	28599	50.279366	15.457649	62.94866	-14.366089	-50.566986	0.084359065	926.2916736602783
27	269.0451	19.49079	291.11194	243.70688	284.04218	17.75645	296.26328	230.30623	400.0	400.0	29699	51.84888	15.243804	65.86388	-14.513667	-52.108803	0.095041506	936.1065156459808
28	293.81015	2.1285286	296.25372	291.06598	289.30463	13.022923	300.74115	250.79124	400.0	400.0	30799	53.183502	15.345387	65.727356	-15.891838	-53.40929	0.090970114	944.2302165031433
29	291.35968	6.8678436	298.22754	284.49185	297.17316	10.876565	304.54	270.96454	400.0	400.0	31899	54.328743	15.4764805	72.10996	-16.927082	-54.54727	0.15027304	952.7881500720978
30	300.88312	2.3631897	304.21796	299.0256	295.56784	20.65366	312.34225	240.62624	400.0	400.0	32999	55.476604	15.380839	69.09146	-16.662363	-55.70574	0.077855	961.3399305343628
31	277.47763	21.456081	299.625	248.44104	299.13165	21.338846	320.83054	258.17612	400.0	400.0	34099	56.60287	15.203577	71.937805	-16.601124	-56.838997	0.090925574	969.8864212036133
32	282.1025	30.584824	310.08652	239.54794	301.40482	21.523077	323.82776	259.67	400.0	400.0	35199	57.673485	14.942213	69.77463	-15.802541	-57.902466	0.10369363	978.3193664550781
33	299.5841	6.6940002	306.2781	292.8901	307.71072	11.996596	319.59982	278.16977	400.0	400.0	36299	58.797436	14.544694	71.63785	-13.812378	-59.011333	0.09163315	986.6118593215942
34	299.89117	14.075061	310.71954	280.0125	296.2989	19.380552	317.8154	247.23409	400.0	400.0	37399	59.75183	14.249828	72.56444	-11.897287	-59.969658	0.08382599	994.8173339366913
35	295.96848	3.4650304	300.782	292.76675	276.42108	26.464853	299.6008	190.4753	400.0	400.0	38499	60.792725	14.018024	71.051735	-11.241561	-61.01745	0.06603389	1002.5934755802155
36	231.67671	36.054035	261.96628	181.01085	245.64558	24.06128	274.19574	185.36333	400.0	400.0	39599	61.719448	13.822124	74.024666	-9.904417	-61.942577	0.07880014	1010.8637049198151
37	269.50452	12.769318	282.27383	256.7352	314.4605	18.180887	328.25742	254.81297	400.0	400.0	40699	62.487236	13.512856	74.833435	-9.554693	-62.682117	0.07701326	1019.0731863975525
38	240.18352	19.772038	267.40875	221.04912	291.2546	33.557976	324.09247	214.5008	400.0	400.0	41799	63.08226	13.327952	74.66591	-9.513953	-63.24742	0.080137216	1027.3220717906952
39	310.66214	6.1613007	318.84338	303.97482	302.5678	20.818604	326.4115	247.56517	400.0	400.0	42899	63.59707	13.394017	76.61226	-9.916588	-63.74186	0.074684754	1035.6864745616913
40	283.15927	2.692075	286.27426	279.70612	301.073	27.907272	326.67728	233.54037	400.0	400.0	43999	64.1259	13.591121	75.42725	-9.17018	-64.283455	0.099099144	1044.7941966056824
41	282.74133	20.649307	303.39062	262.092	289.01727	31.726835	326.09854	235.82549	400.0	400.0	45099	64.72283	13.960538	74.692696	-9.477656	-64.906044	0.09680018	1052.9972779750824
42	313.69315	1.9703274	316.1916	311.37546	308.9683	21.363499	328.37418	250.38034	400.0	400.0	46199	65.49542	14.061708	76.39262	-10.861223	-65.701035	0.12105316	1061.2861082553864
43	282.6636	5.9359794	290.1843	275.67322	301.45697	18.930244	327.54123	272.94217	400.0	400.0	47299	66.27857	14.068106	77.03088	-11.7632265	-66.49978	0.111412905	1070.8182537555695
44	271.11057	7.9523273	277.3003	259.88397	294.6439	26.36054	327.22034	245.2786	400.0	400.0	48399	67.079285	13.867641	76.677795	-12.417777	-67.30456	0.09469889	1079.0743873119354
45	273.93597	34.87304	308.80902	239.06294	271.04367	38.82007	314.22363	198.90366	400.0	400.0	49499	67.863144	13.387148	78.7337	-12.295441	-68.08	0.08035217	1086.9054789543152
46	240.65741	56.2657	319.90955	194.86127	257.28656	71.98142	327.1368	124.81727	400.0	400.0	50599	68.546104	12.812791	80.582596	-11.389136	-68.75243	0.07843472	1095.0742716789246
47	224.6093	76.56818	284.8593	116.5646	255.70842	65.957886	328.4458	114.356674	400.0	400.0	51699	68.99476	12.3119135	78.81153	-10.057525	-69.175514	0.06806774	1103.2052400112152
48	230.71172	68.20081	293.1369	135.82536	278.20633	45.05849	325.64215	184.3675	400.0	400.0	52799	69.24695	11.918906	80.750374	-8.9765005	-69.39061	0.0534951	1111.1878163814545
49	316.01282	2.504898	318.51773	313.50793	277.93814	33.565437	327.33334	225.78908	400.0	400.0	53899	69.3494	11.962028	82.75959	-6.4020095	-69.46054	0.092811875	1119.2958583831787
50	278.01678	17.25578	301.53024	260.6049	296.51852	30.392996	328.75287	240.19371	400.0	400.0	54999	69.387726	12.216222	84.37529	-3.9576445	-69.49168	0.08717802	1127.3394310474396
51	307.02856	5.2641973	313.91843	301.1413	305.87152	24.509525	328.96	233.36723	400.0	400.0	56099	69.52937	12.566885	85.43903	-3.0225484	-69.63993	0.09854427	1135.00870013237
52	284.71378	19.76318	301.01202	256.90125	296.57306	26.974092	329.4767	252.01512	400.0	400.0	57199	69.64099	12.918062	86.92759	-5.2895017	-69.76699	0.0886779	1142.7185280323029
53	295.85596	16.517166	312.37314	279.3388	317.4079	13.930722	329.15637	282.65863	400.0	400.0	58299	69.92608	13.02248	87.95335	-6.793147	-70.05923	0.123002455	1150.1366124153137
54	312.549	3.9824693	318.07318	308.83682	277.63376	35.655884	328.9302	197.97458	400.0	400.0	59399	70.19079	13.096118	88.42913	-7.8158083	-70.32963	0.09611231	1157.8284163475037
55	267.0295	21.815886	296.84085	245.24185	288.55884	33.866272	327.82867	224.65051	400.0	400.0	60499	70.5032	12.998697	89.02186	-8.335706	-70.64725	0.11597455	1164.6735124588013
56	304.725	2.9502654	308.8388	302.06512	291.42853	41.94926	329.56192	200.65321	400.0	400.0	61599	70.79355	12.901304	88.73889	-8.622977	-70.93905	0.11820741	1171.5577917099
57	284.73853	35.355103	320.09363	249.38342	303.74908	29.573248	329.43243	230.18549	400.0	400.0	62699	71.13541	12.707236	88.85052	-9.2614	-71.2838	0.115203135	1179.3279194831848
58	300.3057	21.214048	322.0014	271.51276	295.35657	34.496193	329.32993	215.43289	400.0	400.0	63799	71.42201	12.600111	88.65913	-9.616578	-71.5704	0.09975329	1187.181868314743
59	319.03268	2.9851649	321.97906	314.9411	298.12805	27.26337	329.02817	245.92683	400.0	400.0	64899	71.7689	12.330126	88.67514	-10.292534	-71.91976	0.10392393	1195.2448089122772
60	261.55344	40.045456	317.77145	227.51918	299.99747	27.49165	329.10208	235.09811	400.0	400.0	65999	72.08285	12.152548	88.553116	-10.647732	-72.23632	0.10370474	1204.6458122730255
61	297.61	8.66597	306.27597	288.94403	294.8065	38.44467	328.96414	217.53116	400.0	400.0	67099	72.41771	11.856122	88.27775	-10.513863	-72.57153	0.097144745	1212.6598024368286
62	309.3575	16.554836	322.1181	285.97812	309.0174	23.408928	328.9856	240.00975	400.0	400.0	68199	72.715385	11.664297	87.7459	-9.080206	-72.86787	0.105674356	1221.135568857193
63	310.81387	11.54338	319.62643	294.5068	313.7026	22.50397	329.06262	252.81544	400.0	400.0	69299	73.02839	11.432229	87.61309	-7.7252107	-73.17848	0.08800389	1228.8116834163666
64	294.77524	12.8200245	311.0245	279.68637	316.32233	11.96651	328.55695	281.13098	400.0	400.0	70399	73.31205	11.275338	87.29385	-10.004492	-73.461235	0.08596258	1236.8834609985352
65	294.56046	17.210358	311.7708	277.3501	314.80792	11.294751	327.7187	284.16156	400.0	400.0	71499	73.62437	11.076045	87.39986	-12.546546	-73.77401	0.11423867	1244.304003238678
66	309.67227	2.011568	311.9788	307.07693	310.08725	23.116228	328.48776	249.17342	400.0	400.0	72599	73.908195	10.974363	86.523415	-14.838257	-74.057915	0.09694398	1251.5797543525696
67	282.8111	24.743662	309.2563	249.74254	313.92197	14.79475	328.54968	283.89032	400.0	400.0	73699	74.17811	10.844115	89.51677	-17.509155	-74.32754	0.08609325	1258.916868686676
68	306.46667	10.449088	315.46948	291.81702	295.3471	21.176641	328.16473	255.63406	400.0	400.0	74799	74.45968	10.690745	86.268845	-19.499054	-74.606606	0.08429804	1266.2525942325592
69	313.65533	5.988632	319.64398	307.66672	307.12415	17.981455	327.66632	264.74545	400.0	400.0	75899	74.69374	10.611602	89.57743	-20.858946	-74.8392	0.08882407	1273.3128192424774
70	297.88492	16.958199	311.27557	273.95914	293.98923	21.539476	327.2568	256.60052	400.0	400.0	76999	75.162575	10.183734	87.9046	-22.075668	-75.296684	0.12359333	1280.7145264148712
71	310.1337	16.106752	322.21484	287.36963	308.36188	19.517056	327.9237	273.40036	400.0	400.0	78099	75.58922	9.709719	89.450905	-21.669382	-75.71163	0.09311338	1288.2785398960114
72	295.12988	14.687167	315.8652	283.71143	301.89517	26.256227	328.61346	241.56256	400.0	400.0	79199	76.07969	8.608008	88.32093	-21.741796	-76.19284	0.1055924	1296.100219488144
73	261.38974	44.007233	305.39697	217.3825	282.45377	33.810303	328.99634	217.63007	400.0	400.0	80299	76.31311	8.081119	88.64483	0.17475438	-76.41932	0.09848064	1303.5386452674866
74	279.46024	26.75709	316.36487	253.76573	284.86258	44.474068	327.9199	185.69588	400.0	400.0	81399	76.50195	7.9154434	90.15293	0.28607285	-76.600395	0.112703174	1311.076788187027
75	297.48032	29.569769	322.0069	255.8846	291.32004	37.247246	328.95718	204.87816	400.0	400.0	82499	76.599266	7.9061317	89.04606	0.47260082	-76.69265	0.10075991	1319.132956981659
76	214.27785	45.359123	272.49057	161.83408	246.95895	64.02624	327.63406	140.19298	400.0	400.0	83599	76.68574	7.760326	92.75604	0.7350794	-76.771515	0.11170889	1326.850686788559
77	314.45166	3.9593658	318.41104	310.4923	199.7446	69.01707	326.6382	119.02354	400.0	400.0	84699	76.89038	7.3606853	87.4687	0.83151114	-76.9651	0.104279965	1334.423344373703
78	232.78554	56.267746	312.36014	192.95203	247.39767	79.778946	328.06247	101.462425	400.0	400.0	85799	77.02082	7.102835	88.92085	1.8624475	-77.085464	0.1124161	1342.3627779483795
79	238.80656	74.50377	311.29758	136.34166	202.63538	107.871544	328.4111	73.01375	400.0	400.0	86899	77.184135	6.074386	87.42775	2.9532132	-77.23848	0.12937354	1349.6872289180756
80	212.53926	91.55536	321.3227	97.33472	219.54659	109.85942	329.26553	57.558	400.0	400.0	87999	77.394104	5.3628736	87.8433	18.04504	-77.43883	0.1243915	1357.2811868190765
81	89.20785	37.960716	127.168564	51.247128	166.84816	132.13933	328.38104	13.944461	400.0	400.0	89099	77.47005	5.1212497	88.4528	22.13614	-77.506226	0.13470644	1366.451220035553
82	157.48679	104.74373	304.4421	67.88546	163.59062	136.76863	328.02747	2.7300673	400.0	400.0	90199	77.271355	5.455693	89.01623	24.7053	-77.29963	0.1558108	1377.5431017875671
83	193.9398	83.623344	309.08377	113.00773	149.7995	148.6698	328.63718	-26.728832	400.0	400.0	91299	77.12249	5.778012	90.0494	27.838854	-77.144104	0.16587794	1389.630265712738
84	300.82275	4.0572014	306.42505	296.94827	125.08992	110.90336	273.3554	3.5390341	400.0	400.0	92399	76.846054	6.2353597	90.76146	20.43468	-76.86646	0.19130997	1399.2596118450165
85	285.16046	13.764832	298.9253	271.39563	180.71347	155.76003	328.32233	-52.183887	400.0	400.0	93499	76.69402	6.5429916	91.19243	24.763308	-76.711914	0.18652017	1408.3900935649872
86	158.06773	140.87003	274.0945	-40.195034	118.534775	139.67632	263.97424	-53.85404	400.0	400.0	94599	76.44718	6.965527	92.51013	23.354746	-76.46888	0.23450328	1419.6996381282806
87	136.18822	138.38448	250.01288	-58.59489	218.78006	30.424437	253.28386	139.65582	400.0	400.0	95699	76.172676	7.460265	93.07183	20.892107	-76.204475	0.28429785	1430.2053017616272
88	229.56075	3.4312215	232.28027	224.7206	216.00684	26.533209	249.10449	161.20801	400.0	400.0	96799	75.96315	7.9284573	93.46602	26.616207	-76.001335	0.34700254	1440.0048348903656
89	183.00516	45.29435	228.29951	137.71082	207.94324	97.77345	312.25116	-78.71689	400.0	400.0	97899	75.79214	8.28403	94.05589	23.258362	-75.82727	0.42041856	1448.7040259838104
90	240.00615	4.1849766	245.77289	235.96973	217.61313	37.65175	257.4624	107.92883	400.0	400.0	98999	75.64944	8.613619	93.54479	19.826252	-75.691795	0.5114267	1457.2941377162933
91	227.08101	23.898655	260.85602	209.1185	174.34044	142.36494	284.3862	-57.19467	400.0	400.0	100099	75.6023	8.849412	93.47052	21.095703	-75.630844	0.5995351	1468.1968984603882
92	133.8167	174.32538	283.06668	-110.741615	38.056732	168.25212	291.10352	-110.12656	400.0	400.0	101199	75.3806	9.097746	93.29034	26.848173	-75.4069	0.5454545	1476.86159491539
93	-70.42612	42.55074	-27.875381	-112.97686	60.288654	182.51622	317.98013	-123.17583	400.0	400.0	102299	74.98901	9.839028	93.56243	23.524014	-75.04552	0.51089436	1485.3199644088745
94	199.99721	143.33176	305.59082	-2.6444607	131.06339	52.0435	317.63287	101.65629	400.0	400.0	103399	74.89863	10.254653	93.25599	23.500113	-74.96163	0.4452219	1495.5168442726135
95	132.04193	99.94479	265.73175	25.463953	291.52182	19.368914	318.98474	219.89958	400.0	400.0	104499	74.6547	10.604642	91.245766	17.596676	-74.71651	0.36144072	1504.1250748634338
96	253.7227	43.49796	312.44702	208.4955	292.58157	24.227106	322.93716	250.51611	400.0	400.0	105599	74.616356	10.733453	88.8588	22.206242	-74.709236	0.28281254	1512.1722733974457
97	314.98352	1.9334259	316.91696	313.0501	308.86526	21.57503	325.8771	245.01103	400.0	400.0	106699	74.71948	10.837855	87.52779	15.877873	-74.83161	0.2394159	1521.6696553230286
98	301.17957	9.631954	312.62738	289.0625	298.06427	16.767805	317.18576	254.73053	400.0	400.0	107799	75.09683	10.766922	86.8089	12.613548	-75.25498	0.18796626	1531.2507815361023
99	298.71298	6.456099	307.64905	292.62262	306.91138	14.566864	319.5305	265.84726	400.0	400.0	108899	75.65484	10.480939	88.39709	15.731117	-75.83936	0.17997973	1538.742062330246
100	298.57413	19.198685	312.99304	271.44095	291.9698	26.29233	318.9853	236.12558	400.0	400.0	109999	76.299995	10.030724	88.18516	11.496657	-76.491875	0.19753617	1546.123925447464
101	222.06177	5.2493896	227.31116	216.81238	294.9165	16.924406	319.21613	268.27728	400.0	400.0	111099	76.863434	9.519157	87.1496	17.25622	-77.062515	0.16703618	1555.5604701042175
102	298.72052	15.184152	310.43988	277.27783	275.00958	24.677948	311.95804	246.70732	400.0	400.0	112199	77.4277	8.963102	87.66491	17.327822	-77.61844	0.16234463	1563.5491745471954
103	282.08276	29.71936	313.65405	242.27003	282.1667	40.749084	324.61618	188.95052	400.0	400.0	113299	77.822334	8.356419	87.86029	18.504856	-77.96976	0.16693161	1571.7332718372345
104	307.64493	6.809789	317.1456	301.52975	283.90027	38.856476	306.9012	132.91243	400.0	400.0	114399	78.08173	7.8943605	87.96286	16.635973	-78.20601	0.186092	1581.2395515441895
105	283.1753	13.893082	297.06836	269.2822	275.66156	25.516905	302.05362	227.10374	400.0	400.0	115499	78.18918	7.6604795	87.51827	22.003727	-78.287346	0.16397123	1590.413280248642
106	273.58932	18.05202	297.7278	254.32195	253.81424	21.455973	281.9857	222.33008	400.0	400.0	116599	78.26785	7.5720506	87.3312	21.685991	-78.383194	0.15992859	1597.9755918979645
107	276.0245	19.49785	295.59	249.4149	222.81699	72.106926	283.8832	74.54538	400.0	400.0	117699	78.34815	7.754119	87.514755	20.767677	-78.4527	0.16278681	1605.356773853302
108	253.89551	25.329811	277.97394	218.88737	239.23096	53.21042	286.3023	67.944824	400.0	400.0	118799	78.3315	8.018788	88.092545	16.670517	-78.42457	0.16701335	1613.1190712451935
109	271.4649	14.2708435	285.73575	257.19406	257.25214	23.047821	272.2102	170.86716	400.0	400.0	119899	78.19579	8.2680235	88.255264	19.539097	-78.281715	0.16603993	1620.7879738807678
110	233.94243	19.127893	260.75504	217.43335	247.60774	17.040316	269.0537	199.13841	400.0	400.0	120999	78.10027	8.529041	88.67092	17.295628	-78.190025	0.16915819	1630.1307468414307
111	253.15393	7.765817	261.18408	242.65045	230.98523	18.190573	248.95479	185.53973	400.0	400.0	122099	78.05205	8.738808	88.865776	19.670898	-78.13863	0.19019601	1637.4454426765442
112	255.17546	9.425864	267.9782	245.5589	248.30527	18.521847	299.56757	211.29056	400.0	400.0	123199	78.04588	8.837406	88.85866	17.02601	-78.13422	0.188735	1645.8493194580078
113	268.7843	0.6548004	269.4391	268.1295	273.1916	25.130978	317.3836	232.46732	400.0	400.0	124299	78.236916	8.792042	88.74238	17.759605	-78.394745	0.21427448	1653.4166707992554
114	278.9296	19.79683	304.18637	255.83969	253.17476	17.621798	279.27148	210.05408	400.0	400.0	125399	78.78538	8.602038	88.69464	17.057003	-79.02324	0.2165444	1660.6063296794891
115	282.8639	23.879244	316.10605	261.09042	309.3858	19.379686	327.43356	266.8451	400.0	400.0	126499	79.98985	8.751813	89.01737	15.940556	-80.375755	0.22679225	1667.6492004394531
116	315.9133	2.6166923	317.89633	312.21597	312.14447	18.492805	326.76724	252.9144	400.0	400.0	127599	81.691986	8.858569	90.17221	9.540869	-82.090546	0.1820622	1674.8535237312317
117	310.66223	2.9200897	313.58234	307.74216	311.44608	16.741972	323.9265	250.67992	400.0	400.0	128699	83.2031	8.786432	91.33429	17.47266	-83.59113	0.18475159	1682.1195566654205
118	300.33594	9.836773	309.93417	286.81622	307.38293	16.795137	320.4953	257.31448	400.0	400.0	129799	84.61681	8.861381	92.370865	13.752389	-85.03321	0.15867364	1689.3513884544373
119	270.03308	27.248547	307.01962	242.17381	304.8228	19.158005	317.21884	251.38806	400.0	400.0	130899	86.06126	8.896891	97.75564	18.905697	-86.495636	0.16636747	1697.0216772556305
120	300.5713	5.3338623	304.8009	293.04742	297.45462	17.126549	311.7666	243.46321	400.0	400.0	131999	87.42569	9.013393	99.42919	15.364112	-87.8621	0.162229	1704.6241099834442
121	288.22095	12.204239	300.42517	276.0167	291.1279	19.724676	305.889	241.7054	400.0	400.0	133099	88.69985	9.063168	103.56403	15.600319	-89.11888	0.18146901	1712.7859480381012
122	273.7076	22.922327	293.39874	241.56084	285.51678	23.326923	298.74063	229.75404	400.0	400.0	134199	89.77911	9.042928	104.87911	23.68265	-90.1747	0.16594514	1721.1661229133606
123	267.93942	7.6196	273.58154	257.16776	277.88385	12.766406	288.37924	243.42476	400.0	400.0	135299	90.609764	8.903737	104.30143	22.788803	-90.96155	0.17515443	1729.1476383209229
124	252.76003	28.867018	275.68088	212.04326	255.99873	21.528038	273.09772	205.90268	400.0	400.0	136399	91.086945	8.611811	108.23686	25.337172	-91.36749	0.20894146	1740.0681219100952
125	221.55827	33.633087	255.19136	187.92519	246.59415	10.998631	253.24693	204.42006	400.0	400.0	137499	91.0332	8.23223	106.1454	24.311481	-91.22563	0.21576194	1748.3218066692352
126	238.3503	6.662551	247.75484	233.14775	223.80461	16.902847	237.87137	177.87434	400.0	400.0	138599	90.54384	7.6768737	103.22042	27.097498	-90.64928	0.20648293	1756.3200962543488
127	203.05591	9.8691435	215.90599	191.9132	211.65674	17.912672	228.36224	175.03812	400.0	400.0	139699	89.5907	7.1367574	103.53184	21.248138	-89.62167	0.24603954	1765.979242324829
128	223.99336	8.6293125	232.94806	212.33566	211.51077	17.818962	225.553	167.91048	400.0	400.0	140799	88.45916	6.8390765	100.44164	25.840101	-88.5431	0.26466596	1773.7913055419922
129	211.15672	6.364609	217.52133	204.79211	209.61226	13.568641	223.27061	175.9843	400.0	400.0	141899	87.82214	7.002788	99.46605	28.863308	-87.908775	0.15601452	1781.9400100708008
130	222.30756	2.3917615	224.52393	218.98656	11.682881	88.18404	295.06445	-67.35459	400.0	400.0	142999	86.89799	7.4412556	99.42622	29.151737	-86.937546	0.07942119	1789.7825932502747
131	17.698969	20.24732	44.848854	-3.7559345	163.14438	163.66646	289.88904	-74.485374	400.0	400.0	144099	85.917816	8.063849	99.568504	34.473213	-86.008804	0.09214672	1799.1884772777557
132	33.155994	182.86226	291.73132	-99.597565	51.925648	166.9786	312.12567	-98.05696	400.0	400.0	145199	84.97197	8.66966	100.96938	32.061302	-85.05274	0.183164	1806.729120016098
133	-89.04234	11.214039	-77.82831	-100.256386	83.056046	184.94994	291.8702	-107.57346	400.0	400.0	146299	83.90863	9.458507	101.87987	27.75526	-83.993164	0.32923058	1814.5238690376282
134	21.87013	176.38065	271.207	-109.00628	77.85675	157.59079	269.0378	-90.969376	400.0	400.0	147399	82.91353	10.243039	102.05202	21.05911	-83.01806	0.48078713	1821.5371470451355
135	123.59524	161.80498	240.53021	-105.21289	-108.580734	33.562233	-30.724895	-163.21156	400.0	400.0	148499	82.143295	10.931146	102.60079	23.951077	-82.24929	0.5459731	1829.1636312007904
136	234.43904	33.1208	261.02573	187.74898	282.99042	19.011402	303.13885	248.19002	400.0	400.0	149599	81.58693	11.553246	100.60058	23.267889	-81.78015	0.5044954	1837.2528898715973
137	289.7704	4.318878	294.08926	285.4515	281.9811	21.98573	307.8139	225.67982	400.0	400.0	150699	81.710884	12.277153	100.077324	29.229668	-81.976685	0.5260099	1846.1241037845612
138	290.6727	6.2887406	298.27985	282.87903	294.2187	16.415266	310.60458	261.619	400.0	400.0	151799	82.08612	13.025973	98.20814	29.15463	-82.391106	0.51758367	1853.5510921478271
139	296.7463	4.9739165	302.13104	290.13434	290.92465	19.333958	312.4572	251.62614	400.0	400.0	152899	82.63473	13.616028	100.43235	25.982807	-82.96791	0.47721314	1861.1978476047516
140	293.38962	11.556804	303.6815	277.24832	302.72455	11.761712	319.73093	281.78204	400.0	400.0	153999	83.28926	13.857098	99.364204	23.227621	-83.63565	0.44804138	1868.8505623340607
141	306.21655	4.6904297	310.90698	301.52612	306.36926	22.277962	323.73343	248.44572	400.0	400.0	155099	84.01767	14.261362	102.76361	18.6179	-84.38811	0.43143505	1875.9256973266602
142	283.57715	21.098095	313.06784	264.90518	305.46463	20.492	327.11487	253.63022	400.0	400.0	156199	84.91218	14.87762	103.33809	18.612823	-85.28774	0.4020771	1883.3082129955292
143	307.47318	10.121572	316.7257	293.38846	308.6906	17.440926	325.27582	261.09998	400.0	400.0	157299	85.73682	15.531968	105.69875	18.843824	-86.1216	0.4446961	1890.1927962303162
144	311.0361	4.848831	314.54834	304.1795	306.36914	19.71755	324.8857	255.63	400.0	400.0	158399	86.67902	16.099348	110.068436	18.57868	-87.06179	0.52636474	1897.1836144924164
145	273.56958	10.511612	284.08118	263.05795	304.1749	20.316874	324.00647	263.32446	400.0	400.0	159499	87.60691	16.420164	111.92379	10.9146805	-87.978226	0.555847	1904.5423305034637
146	294.24194	24.380444	311.61642	259.76312	306.80008	16.659105	322.93176	261.66687	400.0	400.0	160599	88.370316	16.612646	115.756134	15.037311	-88.78353	0.5461661	1912.3181524276733
147	298.5694	16.519653	314.41742	275.78003	309.33585	16.480919	327.8428	268.7965	400.0	400.0	161699	89.59943	16.541634	114.7474	19.140545	-90.04017	0.47543064	1919.682645559311
148	269.61313	7.2507396	276.91397	259.72708	306.8075	19.648016	328.21304	261.3113	400.0	400.0	162799	90.73691	16.381811	115.93616	15.225888	-91.19322	0.4191359	1927.175087928772
149	308.29068	1.3701477	309.66083	306.92053	310.05832	18.972897	327.95825	246.11667	400.0	400.0	163899	91.8663	16.101658	119.260735	18.664188	-92.314644	0.32192007	1934.3755197525024
150	309.08365	5.9503675	314.72635	300.8558	314.69272	8.478879	326.70343	296.9325	400.0	400.0	164999	93.143166	15.553938	122.719696	10.467261	-93.568436	0.30995664	1943.0073115825653
151	304.23474	11.357985	313.82538	288.28055	312.21075	13.7621565	326.96484	281.38806	400.0	400.0	166099	93.97479	15.09428	119.97973	17.202225	-94.38505	0.22186539	1950.3438863754272
152	300.9465	10.93962	316.33813	291.89563	306.80353	16.899689	327.8845	263.46774	400.0	400.0	167199	94.74032	14.594696	123.604095	23.474628	-95.13291	0.19112402	1957.7005043029785
153	297.28326	17.795502	315.07877	279.48776	308.1901	18.553802	328.36682	266.14508	400.0	400.0	168299	95.19775	14.154361	122.755554	24.948755	-95.58185	0.16943423	1965.0944502353668
154	307.69485	6.428492	316.58374	301.59848	312.99078	17.025265	328.4713	265.16455	400.0	400.0	169399	95.775894	13.63699	124.21258	27.269917	-96.16912	0.15762332	1972.5416009426117
155	297.2304	3.912564	300.58865	291.7429	316.4748	10.681875	328.5818	288.52786	400.0	400.0	170499	96.485504	13.167285	121.677155	26.834227	-96.88616	0.18073425	1979.5703864097595
156	293.14035	14.158606	312.80484	280.04004	308.94458	16.173038	326.0566	255.79933	400.0	400.0	171599	97.163925	12.795371	121.578926	30.670052	-97.55382	0.13434692	1986.612868309021
157	308.52228	0.5847473	309.10703	307.93753	306.3967	20.550587	327.406	255.71297	400.0	400.0	172699	97.690926	12.587906	122.875145	22.40592	-98.0895	0.15117244	1993.6245472431183
158	245.96455	13.042841	259.9701	228.56673	306.20026	20.927076	325.40884	257.22803	400.0	400.0	173799	98.26498	12.406495	117.89552	30.822855	-98.67039	0.16090599	2000.661996603012
159	310.18137	2.405099	313.2554	307.3836	306.86847	21.941694	327.9433	253.23601	400.0	400.0	174899	98.90114	12.300413	118.395424	31.051321	-99.33057	0.1422899	2007.68487906456
160	305.85245	8.008325	316.58127	297.3465	312.37375	17.300228	328.59888	259.5979	400.0	400.0	175999	99.58123	12.300321	118.69095	29.061312	-100.02973	0.14412631	2014.587608575821
161	282.22736	25.902573	308.12994	256.3248	314.85382	15.391607	329.0068	274.73914	400.0	400.0	177099	100.68915	12.103479	120.83863	38.456665	-101.16637	0.12926511	2021.6927103996277
162	295.8627	16.16357	317.93555	279.68002	314.44995	16.450449	328.17212	270.41504	400.0	400.0	178199	101.89359	12.3404255	120.60174	37.28901	-102.41065	0.17215487	2028.781713962555
163	310.66858	3.5045168	315.6195	307.99658	308.5634	14.924261	328.04404	261.62152	400.0	400.0	179299	103.40631	12.707125	120.34711	32.732918	-103.96025	0.17085771	2037.5591039657593
164	302.71207	14.201662	317.9639	283.76947	307.51093	18.595695	328.79446	268.90756	400.0	400.0	180399	104.951096	13.152404	121.15677	28.47169	-105.54571	0.2184268	2045.254843711853
165	314.6172	1.7899323	316.40714	312.82727	300.4965	25.02463	328.2524	251.37756	400.0	400.0	181499	106.53586	13.692855	120.28653	32.166912	-107.17503	0.21641871	2053.103106737137
166	313.06326	7.3535805	318.54617	302.66898	307.23264	17.303026	328.49973	268.5615	400.0	400.0	182599	108.22217	14.226917	124.22506	31.422184	-108.9031	0.25616252	2060.764794588089
167	288.983	17.631119	301.59875	264.0494	312.00012	21.408321	328.31485	259.30887	400.0	400.0	183699	109.977776	14.752484	123.51201	28.111689	-110.69675	0.23279865	2067.956973552704
168	280.1005	22.689878	312.18533	263.64734	311.00995	17.086359	328.67557	261.3605	400.0	400.0	184799	111.91886	15.221597	125.395004	31.147638	-112.6749	0.21954307	2075.3398168087006
169	294.56384	20.912125	315.47598	273.65173	313.93	16.061136	328.0502	271.28357	400.0	400.0	185899	113.973366	15.683171	128.7344	32.982925	-114.7695	0.29135314	2082.699378490448
170	307.7128	8.661381	314.4655	295.48602	315.91254	12.463175	328.41376	278.00067	400.0	400.0	186999	116.29037	15.971815	130.05923	29.517029	-117.12292	0.27231312	2089.737587451935
171	307.15027	4.5581226	313.11002	302.043	314.92807	10.296616	328.25644	291.05698	400.0	400.0	188099	118.57681	16.27642	132.14394	30.409842	-119.442726	0.26762342	2096.767588376999
172	299.68967	12.212665	316.39474	287.5386	313.79395	14.182476	326.0649	281.29816	400.0	400.0	189199	120.8797	16.531021	134.3022	32.22087	-121.76943	0.3216934	2103.808676958084
173	275.0741	25.332077	300.40616	249.742	304.30316	23.280396	325.8442	248.66397	400.0	400.0	190299	123.17738	16.706326	136.24762	34.460392	-124.08244	0.28614923	2111.320714712143
174	306.79205	11.255346	315.10126	290.87982	313.122	13.235986	325.41263	269.18112	400.0	400.0	191399	125.37273	16.861372	138.67941	35.78533	-126.28107	0.3128024	2118.920257091522
175	307.86917	6.394003	314.36246	299.17252	311.81064	19.21328	324.6245	249.2036	400.0	400.0	192499	127.49761	16.895304	142.80309	32.14222	-128.4042	0.33282858	2127.802369594574
176	302.11313	1.8742433	304.08575	299.5936	310.74783	17.331106	323.5157	264.04102	400.0	400.0	193599	129.4203	16.818356	143.51059	36.24204	-130.3144	0.3042642	2135.081341981888
177	288.91867	16.329132	305.2478	272.58954	304.72223	18.207684	321.3876	255.92442	400.0	400.0	194699	131.20352	16.620068	148.75558	36.907585	-132.0559	0.27675503	2142.33753657341
178	284.7261	17.627922	297.5876	259.80072	309.5656	12.497965	318.8562	271.00348	400.0	400.0	195799	132.53835	16.217558	148.41821	35.930016	-133.32625	0.29629993	2149.89874792099
179	304.61612	1.4395962	306.4898	302.98962	303.5989	19.325054	316.08347	255.16382	400.0	400.0	196899	133.33168	15.606147	148.15535	29.07532	-134.03069	0.3455426	2156.979721069336
180	295.282	12.252097	305.36276	278.03696	300.1138	17.087135	311.6287	248.1725	400.0	400.0	197999	133.51161	14.796234	150.35312	35.829655	-134.09613	0.39325896	2164.105097770691
181	298.9171	1.8197784	300.7369	297.09735	296.4718	11.69963	307.73242	266.68924	400.0	400.0	199099	133.26028	14.009236	151.63815	46.98981	-133.81432	0.35277936	2171.457478761673
182	278.09384	17.650389	297.26642	254.6651	295.87527	9.427853	304.66608	278.00192	400.0	400.0	200199	133.12088	13.404143	152.70787	46.717243	-133.72914	0.38805	2178.66744184494
183	290.61002	4.803633	294.15985	283.819	287.70627	21.913435	302.44916	230.13394	400.0	400.0	201299	133.42444	13.136969	155.90027	48.37994	-134.14551	0.42338723	2185.939710855484
184	266.6758	17.220726	290.9003	252.39294	271.94147	23.328766	299.43658	231.91164	400.0	400.0	202399	134.29257	13.126481	159.97916	25.173857	-135.09293	0.5570186	2193.084205389023
185	288.50473	0.8568115	289.36154	287.64792	289.42703	10.692012	298.92993	265.40085	400.0	400.0	203499	135.47095	13.243138	161.85327	50.708652	-136.34991	0.7494327	2200.4244241714478
186	284.4181	2.6876123	286.99646	280.71045	287.7929	12.34329	296.55695	255.39897	400.0	400.0	204599	136.9071	13.46755	166.10356	56.554947	-137.8364	0.91558075	2208.2761001586914
187	280.85587	6.324338	286.77844	272.09042	284.0711	20.344816	296.79852	228.01277	400.0	400.0	205699	138.46297	13.746237	170.07785	51.311096	-139.41985	1.1709803	2215.30784034729
188	273.5782	8.667843	283.6864	262.51865	281.19818	15.441863	295.5831	248.20216	400.0	400.0	206799	140.05965	14.064801	172.43361	54.187263	-141.0684	1.34054	2222.3313314914703
189	281.51785	3.7366028	285.25446	277.78125	284.41452	15.245644	297.7011	252.663	400.0	400.0	207899	141.8417	14.233939	175.63261	60.816624	-142.89006	1.5207077	2229.100162267685
190	277.08884	11.9153385	286.49625	260.27777	287.83743	17.145054	300.6784	237.94513	400.0	400.0	208999	143.60579	14.187591	178.22302	53.647552	-144.6962	1.561685	2235.918846845627
191	288.09445	1.2169285	289.22046	286.4043	286.48563	18.60803	303.20428	234.73534	400.0	400.0	210099	145.53857	14.191658	180.76392	58.886364	-146.68358	1.6133012	2243.3361802101135
192	282.19595	13.710767	292.71463	262.83005	294.6557	11.899433	306.81595	265.8466	400.0	400.0	211199	147.61192	14.303313	182.79977	40.4236	-148.80681	1.6385612	2250.511650800705
193	271.6356	21.934471	293.57007	249.70113	294.65698	18.830477	308.8508	242.16629	400.0	400.0	212299	149.91399	14.366657	185.44165	68.50027	-151.13333	1.704145	2258.4140083789825
194	291.35635	8.559626	297.8717	279.26334	300.64706	10.916887	311.4642	277.1759	400.0	400.0	213399	152.37546	14.434245	186.31898	72.94024	-153.62756	1.6342381	2266.2563865184784
195	288.3176	10.23935	300.79456	275.71432	302.07306	14.313508	313.49268	270.89627	400.0	400.0	214499	154.83856	14.448894	187.08333	75.62495	-156.0886	1.7419482	2275.2467753887177
196	280.91434	22.07192	303.7739	251.07709	296.53317	22.912754	315.888	245.87056	400.0	400.0	215599	157.19933	14.455554	190.04926	73.831474	-158.4709	1.4644567	2284.002998352051
197	304.72076	0.6920166	305.41278	304.02875	297.8543	22.250341	316.89636	241.47836	400.0	400.0	216699	159.45796	14.382069	191.99884	72.9337	-160.7119	1.2747233	2291.1168773174286
198	283.9306	28.92968	305.02283	243.0245	302.01212	17.550964	318.1587	261.97412	400.0	400.0	217799	161.5206	14.321814	194.40408	77.742134	-162.78764	1.0394971	2297.5208356380463
199	301.23544	6.845775	307.62482	291.74164	304.87054	13.973886	319.20892	276.43402	400.0	400.0	218899	163.89378	13.8753195	193.78113	69.78354	-165.16057	0.8618893	2304.5357604026794
200	279.05753	26.33624	308.29337	244.45598	303.12122	21.373537	320.55212	262.9504	400.0	400.0	219999	166.32288	12.9559555	194.86844	78.272415	-167.58424	0.761624	2311.845237016678
