Epoch	AverageEpRet	StdEpRet	MaxEpRet	MinEpRet	AverageTestEpRet	StdTestEpRet	MaxTestEpRet	MinTestEpRet	EpLen	TestEpLen	TotalEnvInteracts	AverageQVals	StdQVals	MaxQVals	MinQVals	LossPi	LossQ	Time
1	-42.310654	2.2394352	-40.07122	-44.55009	-162.89464	5.7532506	-150.11046	-173.32478	400.0	400.0	1099	0.14552467	0.30144635	1.1112876	-0.5736268	-0.16118392	0.04075062	2.7199342250823975
2	-22.353003	69.213356	74.650055	-82.19201	-159.72171	6.6487136	-144.77411	-171.04182	400.0	400.0	2199	0.10137415	0.75626934	2.91501	-2.0144784	-0.11892251	0.014206695	9.306249856948853
3	-58.70287	21.86572	-27.916264	-76.606834	-177.69118	9.525455	-156.22464	-194.20921	400.0	400.0	3299	-0.35704717	1.5460141	5.337676	-3.4701977	0.34234506	0.015481741	15.540104627609253
4	-70.427185	20.805222	-43.197815	-93.69625	-168.00641	34.227833	-65.70296	-197.05229	400.0	400.0	4399	-1.0642812	2.2774916	7.679364	-4.6726427	1.0284702	0.016754104	21.84539031982422
5	-25.417278	51.910122	26.492842	-77.3274	26.648407	22.87878	84.44161	-9.399883	400.0	400.0	5499	-1.1761433	2.8468459	10.002933	-5.427844	1.0680583	0.016922345	28.252434730529785
6	-58.72349	19.398266	-31.41337	-74.627335	47.044746	26.893095	95.679535	-5.7798243	400.0	400.0	6599	-0.942687	3.3899753	12.8415165	-5.5787077	0.7680973	0.018347822	34.791486501693726
7	-15.811882	16.859915	-1.4474435	-39.475372	45.309765	32.548336	161.8164	4.755703	400.0	400.0	7699	-0.18973026	4.003604	15.509442	-5.6472287	-0.0023006091	0.02318859	41.23302960395813
8	-47.45003	16.54502	-33.814877	-70.7348	52.35241	34.769947	132.22832	-3.1588845	400.0	400.0	8799	0.25126636	4.5326185	17.991423	-5.6746964	-0.45592567	0.03142633	47.89415383338928
9	17.157967	62.77382	79.931786	-45.615852	58.69417	40.06348	168.74046	-2.9475405	400.0	400.0	9899	0.7114704	5.203065	20.566336	-5.7142186	-0.9205109	0.03558692	54.37565541267395
10	-53.62451	17.202274	-36.877956	-77.27987	61.58791	36.99156	138.98224	7.643271	400.0	400.0	10999	1.1847146	5.825622	22.814966	-6.127736	-1.3938321	0.04020861	62.307514667510986
11	-15.697834	4.7480474	-9.301493	-20.66548	37.552067	30.566542	89.50691	-5.614329	400.0	400.0	12099	1.7280731	6.394392	25.037838	-6.151227	-1.9406126	0.053021234	69.048006772995
12	-49.415997	23.863308	-15.839065	-69.14188	55.546074	24.774286	92.07628	-4.1471643	400.0	400.0	13199	2.1875944	6.6914105	27.239399	-6.1592345	-2.4009674	0.06027187	76.87408304214478
13	11.91601	61.38652	73.30253	-49.47051	33.58193	33.46462	106.03974	-5.8535666	400.0	400.0	14299	2.730204	7.154938	29.204794	-7.326679	-2.94428	0.0664665	83.7615098953247
14	-46.71246	25.655832	-14.053325	-76.730286	29.394848	29.564358	99.37959	-3.7294936	400.0	400.0	15399	3.1572182	7.593859	31.072062	-7.3501487	-3.3704383	0.07939689	91.41717219352722
15	-6.4365063	5.5857987	0.8215611	-12.765923	18.787535	22.307781	81.030106	-17.585503	400.0	400.0	16499	3.361383	7.809935	32.863518	-7.355255	-3.5638604	0.085771285	99.25848913192749
16	-0.40570465	4.1043973	4.684307	-5.3668957	23.591381	38.52517	98.38771	-14.214065	400.0	400.0	17599	3.7260804	7.971275	34.45989	-7.3502474	-3.9166117	0.106218085	105.7954933643341
17	2.3224344	23.544315	25.866749	-21.22188	8.478996	21.487339	56.18729	-24.934258	400.0	400.0	18699	4.046686	8.12221	35.86119	-7.2992725	-4.2282963	0.12552908	111.98582458496094
18	-9.567881	2.9925354	-5.5089626	-12.635025	24.825752	24.934412	77.752884	-12.825039	400.0	400.0	19799	4.270212	8.194226	37.21299	-7.2108517	-4.443617	0.12484566	118.69704580307007
19	3.2217915	9.808582	15.5287485	-8.473938	36.568676	43.208004	136.10597	-10.862288	400.0	400.0	20899	4.5188413	8.352155	38.352806	-8.067398	-4.683205	0.14603971	124.93765544891357
20	37.51594	66.8763	131.74907	-16.582586	35.79994	27.440668	91.094246	-1.6690272	400.0	400.0	21999	4.6633162	8.482506	39.56253	-8.73521	-4.8236823	0.14313604	131.72258734703064
21	9.895057	1.9473724	11.842429	7.9476843	29.585394	33.185406	102.102325	-25.25804	400.0	400.0	23099	5.0427675	8.740608	40.598244	-9.229684	-5.198464	0.15497498	138.2533676624298
22	19.553408	12.308503	30.281559	2.3179815	33.513805	36.687794	127.64192	-19.901379	400.0	400.0	24199	5.2279077	8.788022	41.61557	-9.640445	-5.3775253	0.16362052	146.09920239448547
23	29.74289	12.248281	43.517696	13.760345	44.98819	45.2346	147.0951	-20.682512	400.0	400.0	25299	5.457262	9.021505	42.570602	-9.923222	-5.600172	0.17216292	152.99735236167908
24	84.07926	14.554108	104.47236	71.46935	37.82147	43.85631	181.83781	-15.4423685	400.0	400.0	26399	5.785868	9.341675	43.971924	-10.097913	-5.922762	0.20081626	159.80771732330322
25	48.355927	16.385366	64.741295	31.970562	27.74445	29.452623	102.47154	-13.378363	400.0	400.0	27499	6.084943	9.596162	44.888233	-10.232511	-6.2178135	0.21245646	166.5088083744049
26	12.199089	26.164257	49.18866	-7.1211	32.84379	38.45496	104.07407	-8.705703	400.0	400.0	28599	6.195201	9.73791	45.872314	-10.458803	-6.325758	0.22391713	173.42664337158203
27	25.04148	31.59158	57.494812	-17.77706	28.162176	48.152225	176.0902	-19.283278	400.0	400.0	29699	6.217097	9.791765	46.704483	-10.540168	-6.343104	0.2260426	181.2955493927002
28	24.185364	41.00303	79.6307	-18.242191	44.590965	31.920965	98.29326	-15.93736	400.0	400.0	30799	6.356262	9.916595	47.506977	-10.405309	-6.4794683	0.20674069	189.1465926170349
29	-6.780246	10.051215	3.2709699	-16.83146	27.529572	46.19834	181.17062	-10.656521	400.0	400.0	31899	6.309731	9.904414	48.19174	-10.093181	-6.4321218	0.22774272	196.90318059921265
30	8.167429	18.893332	34.869503	-6.012154	55.268944	72.13875	220.63873	-39.468403	400.0	400.0	32999	6.3071275	9.935217	49.0235	-9.578753	-6.4264975	0.22429305	203.58922696113586
31	49.939724	41.137726	107.67671	14.882629	54.553547	68.16486	219.10655	-25.241533	400.0	400.0	34099	6.533259	10.241423	49.53861	-9.139213	-6.6519375	0.24476118	210.28651523590088
32	57.80666	60.111355	105.68603	-26.966707	76.172905	78.220985	193.18634	-17.106306	400.0	400.0	35199	6.670619	10.341359	50.138153	-8.607616	-6.7893386	0.26022112	217.17171120643616
33	24.27252	26.068876	50.341396	-1.796356	64.12175	74.83087	231.45918	-15.212861	400.0	400.0	36299	6.8595014	10.477811	50.586597	-8.041025	-6.975621	0.26323226	225.04844450950623
34	-15.399208	21.31631	10.5695	-41.642418	72.501236	80.03337	227.82153	-48.62077	400.0	400.0	37399	6.8712807	10.481368	50.951294	-8.120217	-6.9877825	0.25634497	231.74824976921082
35	21.934118	56.166058	101.27203	-21.060696	47.586327	59.74722	163.94835	-28.137156	400.0	400.0	38499	6.8484707	10.530214	51.27052	-8.413385	-6.9653506	0.24765497	239.6495487689972
36	95.48834	63.82309	158.16905	7.9036345	39.843346	48.31964	132.95435	-17.370335	400.0	400.0	39599	7.0979533	10.818322	51.56836	-8.663177	-7.214071	0.25575897	247.53055024147034
37	-9.072741	4.7708645	-4.301876	-13.843605	32.106384	51.829838	202.7484	-46.49973	400.0	400.0	40699	7.390833	11.160476	51.871765	-8.925244	-7.5064135	0.27138147	255.4262502193451
38	65.12517	47.22169	131.85696	29.527113	37.40028	61.76911	186.52641	-41.454758	400.0	400.0	41799	7.5251703	11.312992	52.082447	-9.407409	-7.637953	0.26036432	263.1960437297821
39	17.465237	39.159256	72.36949	-16.256893	39.12572	62.447247	236.32372	-50.97554	400.0	400.0	42899	7.6768646	11.504482	52.346844	-9.944754	-7.7870054	0.2616549	270.1461269855499
40	-2.2841682	43.554585	29.735867	-63.863262	70.32422	92.03487	260.16226	-28.49581	400.0	400.0	43999	7.69442	11.526369	52.534195	-10.366439	-7.804194	0.26499546	276.60385036468506
41	77.90877	70.86807	148.77684	7.0406966	35.788506	38.181698	117.294914	-6.5159974	400.0	400.0	45099	7.7824326	11.597768	52.852497	-10.781193	-7.894214	0.25396463	284.4041953086853
42	20.343014	24.6904	54.420876	-3.287437	44.126472	44.30699	173.17032	-12.138704	400.0	400.0	46199	7.8747263	11.665317	53.003834	-11.047853	-7.986699	0.26070246	291.4975218772888
43	99.11145	74.39678	196.67917	16.228807	66.29973	54.861763	143.51843	-37.928143	400.0	400.0	47299	8.192309	11.951637	53.23783	-11.217824	-8.302653	0.2558033	299.0695743560791
44	-8.899681	31.903809	17.33086	-53.807224	49.25541	57.52982	161.00916	-29.946161	400.0	400.0	48399	8.217584	12.01352	53.367252	-11.360661	-8.330257	0.28336066	306.7801239490509
45	65.62601	70.71112	136.33713	-5.085111	34.731506	112.86879	208.32985	-114.4207	400.0	400.0	49499	8.308406	12.048495	53.38849	-11.614588	-8.439732	0.26734024	313.30145955085754
46	-27.117144	131.14647	158.3306	-122.27942	48.636013	94.6849	270.32535	-103.14774	400.0	400.0	50599	9.039971	12.03545	53.436043	-11.663833	-9.278038	0.2798631	320.89095425605774
47	-45.7029	46.21342	-2.6150122	-109.80382	12.781629	75.726944	154.53252	-113.659706	400.0	400.0	51699	9.518303	11.805021	54.21412	-11.2289295	-9.70139	0.3036757	328.7396273612976
48	-39.252117	90.17565	88.26949	-104.086525	13.02989	79.388985	158.73499	-110.90289	400.0	400.0	52799	9.919131	11.739126	55.276237	-11.259706	-10.106685	0.30330992	335.67075967788696
49	94.54006	86.78551	181.32558	7.7545543	11.136688	48.700485	127.17356	-59.0951	400.0	400.0	53899	10.229816	11.909606	56.35129	-11.175439	-10.36415	0.29067037	343.40404891967773
50	-0.7554741	132.87344	184.0221	-122.74095	42.373684	82.2969	182.32195	-57.31627	400.0	400.0	54999	10.602501	12.551164	57.611748	-10.966245	-10.719552	0.2944559	350.1027936935425
51	61.48354	81.29718	175.88504	-5.6202006	-45.796345	45.075512	21.937536	-135.59734	400.0	400.0	56099	10.810468	12.7663965	58.095825	-10.974128	-10.941287	0.26240695	356.84854340553284
52	10.521698	28.630693	47.993393	-21.498688	18.915907	65.48561	151.7361	-102.907234	400.0	400.0	57199	10.798518	12.741415	58.345196	-10.897311	-10.932217	0.28456244	363.85417914390564
53	20.712547	10.085445	30.797993	10.627102	74.9669	56.78819	158.09758	-35.558434	400.0	400.0	58299	10.827821	12.765264	58.370598	-10.686189	-10.957255	0.2763833	370.84628033638
54	15.626363	11.851984	27.832865	-0.42451388	46.852425	74.45213	159.31746	-136.03069	400.0	400.0	59399	10.8453665	12.755765	58.675915	-10.196936	-10.976139	0.29119602	377.2980921268463
55	-58.846466	48.352253	3.4718804	-114.38243	51.648235	90.47498	199.23814	-91.5488	400.0	400.0	60499	10.85251	12.781749	58.85148	-10.115865	-10.985559	0.2977606	388.82175731658936
56	34.26667	83.442825	114.53693	-80.778885	86.55119	72.168785	205.38722	-44.637154	400.0	400.0	61599	10.952122	12.870203	58.81505	-10.3125725	-11.084609	0.29069164	395.71059346199036
57	71.64972	124.19351	195.84323	-52.543797	95.92766	95.23542	185.44545	-89.4637	400.0	400.0	62699	11.205125	13.056987	59.02904	-10.602256	-11.336623	0.30677867	403.5480387210846
58	15.274205	141.44174	165.80466	-174.07033	130.6056	115.702385	243.54123	-131.8626	400.0	400.0	63799	11.487431	13.392236	58.909176	-11.420102	-11.610073	0.31055447	411.5701792240143
59	62.685852	81.666504	128.82193	-52.38001	159.62411	73.50489	228.17616	-111.9905	400.0	400.0	64899	11.701947	13.733568	58.56598	-11.452581	-11.825478	0.33218464	418.5477569103241
60	107.19647	121.86279	248.45229	-48.93527	150.2379	91.35668	249.77046	-141.16263	400.0	400.0	65999	12.061434	14.264002	58.755432	-11.872655	-12.187791	0.32545605	425.35274934768677
61	56.00921	113.6898	169.699	-57.680584	101.62799	100.094025	241.69794	-53.679985	400.0	400.0	67099	12.375808	14.71285	60.118477	-12.246585	-12.507687	0.32951704	433.22579073905945
62	22.593811	103.17876	168.46143	-53.620792	95.33952	80.164406	186.85197	-126.23655	400.0	400.0	68199	12.545187	15.0221195	61.634865	-12.907057	-12.688118	0.36229825	441.00801849365234
63	-69.70697	37.744728	-34.362907	-122.02138	78.60714	80.643974	216.80608	-105.4014	400.0	400.0	69299	12.627414	15.208208	62.610065	-13.291836	-12.776199	0.36249286	447.908433675766
64	10.671548	95.65996	108.88726	-119.00613	116.24192	57.129707	213.26875	21.083853	400.0	400.0	70399	12.770985	15.473272	63.768585	-13.578478	-12.927454	0.3855838	454.3876807689667
65	189.2992	42.321144	231.62033	146.97804	90.35393	92.73963	228.60104	-122.33096	400.0	400.0	71499	13.309904	16.124123	64.6916	-13.539777	-13.479599	0.40823385	461.26158332824707
66	147.43257	27.003035	185.61697	127.88304	126.2499	90.433945	262.78076	-86.35334	400.0	400.0	72599	14.039558	16.868265	66.00463	-13.401111	-14.220349	0.40723646	467.80399107933044
67	138.52925	14.4327135	158.9328	127.85226	106.02596	128.34416	252.87558	-189.29329	400.0	400.0	73699	14.781151	17.517574	72.12132	-14.403334	-14.97976	0.41822556	474.4604389667511
68	195.05792	32.64858	223.71619	149.3772	191.61163	86.168495	266.0656	-134.91847	400.0	400.0	74799	15.616103	18.20698	72.9224	-15.227892	-15.826403	0.4565487	481.17437052726746
69	211.65991	2.6216507	214.28156	209.03825	118.8629	128.20607	261.77347	-165.16492	400.0	400.0	75899	16.712826	19.166517	73.44172	-16.57171	-16.937773	0.46529788	487.8836622238159
70	189.2395	63.624763	270.09058	114.6161	144.7937	76.70359	219.88301	-131.51878	400.0	400.0	76999	17.687883	19.929117	73.72927	-18.114868	-17.914326	0.48681384	495.77945280075073
71	0.42149863	149.61725	208.80342	-135.56119	110.427124	116.74127	248.84995	-143.71378	400.0	400.0	78099	18.32896	20.405523	73.83856	-18.577797	-18.570515	0.5049193	502.42486810684204
72	158.79736	25.09078	183.50835	124.38861	172.32617	28.587267	226.94298	109.09301	400.0	400.0	79199	19.083492	20.937849	73.93159	-18.590162	-19.336033	0.50064355	509.0821077823639
73	120.927765	18.339035	139.2668	102.58873	191.95807	45.155193	256.86978	105.26242	400.0	400.0	80299	20.015	21.42948	74.10259	-18.516718	-20.282185	0.5075828	515.5919799804688
74	133.80125	108.57385	239.15631	-15.611271	197.5035	46.20309	274.29166	61.429974	400.0	400.0	81399	20.827288	21.766634	74.41902	-18.169159	-21.095057	0.51811326	522.098418712616
75	116.88129	100.125755	206.69795	-22.829342	195.97421	71.415245	276.87292	18.810211	400.0	400.0	82499	21.739552	22.260159	75.17414	-18.047155	-22.00232	0.49485558	529.048858165741
76	40.959232	134.34703	212.29797	-115.81543	132.41202	84.09833	249.1343	-115.68276	400.0	400.0	83599	22.46876	22.62501	76.14814	-18.067541	-22.72905	0.51152164	535.7856819629669
77	195.63573	12.350128	207.98586	183.2856	145.02707	73.79656	240.07742	-15.908133	400.0	400.0	84699	23.205847	22.98247	77.53265	-18.454163	-23.470013	0.5145428	542.3525221347809
78	117.8453	91.45365	190.05693	-11.183971	144.23016	75.30477	227.26028	-102.85385	400.0	400.0	85799	24.053648	23.44515	78.94235	-19.503408	-24.306534	0.54577565	548.2954115867615
79	143.73906	45.54209	204.9739	95.834564	132.10785	94.87299	232.9946	-69.86428	400.0	400.0	86899	24.559975	23.642756	80.02146	-18.975718	-24.799255	0.5335303	555.2893221378326
80	171.05489	14.908632	191.15308	155.48782	125.48132	100.894485	241.69156	-64.87937	400.0	400.0	87999	25.277494	23.93478	80.61924	-19.31819	-25.509134	0.53640574	562.0362634658813
81	-6.4704666	20.621124	14.150658	-27.09159	149.06058	93.7626	226.72041	-114.4724	400.0	400.0	89099	25.617588	24.066902	80.95756	-19.446743	-25.84677	0.5319942	569.1516427993774
82	154.00392	45.002186	217.2626	116.32896	138.24577	82.6379	210.41528	-90.17779	400.0	400.0	90199	26.08723	24.314968	80.98365	-19.482527	-26.320467	0.5477135	577.2153217792511
83	170.52057	47.168915	237.21582	136.09271	127.35809	111.50882	259.94308	-100.125046	400.0	400.0	91299	26.584034	24.52262	80.9321	-20.099367	-26.80755	0.55159044	584.3223676681519
84	12.651333	68.627914	100.77412	-66.63033	146.93594	89.67188	260.79184	-112.982185	400.0	400.0	92399	26.875177	24.713305	80.67434	-20.132202	-27.094303	0.5631706	591.1419715881348
85	184.90723	23.606232	208.51346	161.301	155.98459	48.599247	251.05331	79.98165	400.0	400.0	93499	27.285486	24.862724	80.66283	-21.206633	-27.511839	0.583744	597.8936531543732
86	66.8596	37.43902	94.80709	13.9407215	103.234436	87.45457	198.31618	-113.50554	400.0	400.0	94599	27.749416	25.074165	80.61357	-22.507616	-27.9756	0.553663	604.6516687870026
87	112.64526	57.444614	153.53133	31.406887	150.03482	91.62522	259.32803	-110.98885	400.0	400.0	95699	28.139822	25.177113	80.499306	-25.561684	-28.352482	0.5802426	611.8642430305481
88	107.77874	82.95496	183.28363	-7.73325	135.69708	89.4722	246.8099	-66.62856	400.0	400.0	96799	28.519466	25.396725	80.22626	-26.596535	-28.730745	0.5699597	618.7607300281525
89	218.74126	1.7679291	220.50919	216.97333	109.0059	102.71722	256.39978	-159.40816	400.0	400.0	97899	28.836365	25.544256	79.95384	-26.373545	-29.044172	0.5830516	626.7776551246643
90	180.83379	18.718136	202.89423	157.1325	134.47469	112.690216	252.55278	-153.39906	400.0	400.0	98999	29.299753	25.768923	80.02657	-26.31018	-29.50442	0.60768855	634.6809647083282
91	126.39728	81.8025	193.03606	11.182049	174.4443	65.91219	242.0154	-55.992508	400.0	400.0	100099	29.60055	25.813051	79.34274	-26.556034	-29.817116	0.6091433	640.5915038585663
92	59.66434	78.48231	121.06999	-51.10857	115.21376	89.84734	198.94063	-127.77006	400.0	400.0	101199	29.833427	25.826784	78.293175	-26.280775	-30.05439	0.62005025	648.46861577034
93	164.45723	1.6733246	166.13055	162.7839	79.635864	112.16489	226.22482	-132.27188	400.0	400.0	102299	30.186872	25.85715	77.74655	-27.33858	-30.411627	0.6466237	656.3545868396759
94	37.686123	134.16367	203.14728	-125.460785	153.47055	48.155155	217.35895	-9.036127	400.0	400.0	103399	30.339935	25.86872	77.690796	-28.542326	-30.572823	0.6348921	663.4354555606842
95	168.4607	40.79637	225.7836	134.1354	133.08488	48.89574	201.34392	-10.838339	400.0	400.0	104499	30.917255	26.006687	77.680824	-29.173216	-31.156448	0.6144325	670.1044490337372
96	146.55116	37.479897	181.15948	94.479034	151.7568	39.5262	245.45323	89.97353	400.0	400.0	105599	31.372978	26.087421	77.57517	-29.346033	-31.614052	0.60179555	676.8706922531128
97	172.31604	45.68321	217.99925	126.632835	146.9939	69.06902	311.77133	-61.813393	400.0	400.0	106699	31.785051	26.113794	77.63339	-29.002605	-32.02736	0.6103046	684.7812130451202
98	158.54846	30.114439	197.67259	124.41601	99.67833	94.884186	227.6537	-87.704315	400.0	400.0	107799	32.263206	26.175404	77.70833	-28.28151	-32.49915	0.627838	691.8601233959198
99	91.92634	83.76809	158.35057	-26.235794	110.37042	113.78028	289.25568	-100.67855	400.0	400.0	108899	32.649982	26.0851	77.77467	-30.624565	-32.893494	0.5989103	698.6900677680969
100	76.60614	72.29919	168.66722	-7.9513702	122.67135	76.55562	203.9673	-74.17235	400.0	400.0	109999	32.80108	25.979029	77.71646	-31.415184	-33.03657	0.5800768	705.4482197761536
101	179.342	14.345627	193.68762	164.99637	124.30144	74.880295	202.79007	-22.29018	400.0	400.0	111099	33.156742	25.966553	77.491135	-31.818605	-33.385563	0.597516	713.1502351760864
102	157.69276	18.886656	179.62865	133.52742	91.05368	109.48285	196.69054	-154.94504	400.0	400.0	112199	33.506927	25.979694	77.28391	-32.772697	-33.732033	0.5515662	720.2162644863129
103	52.926136	83.85768	153.11168	-52.123974	144.20752	68.66807	201.0053	-63.528053	400.0	400.0	113299	33.671658	25.910446	76.8441	-35.032837	-33.90109	0.565565	727.1163573265076
104	145.03554	27.94273	172.17477	106.59041	116.0813	91.391464	216.05772	-112.4655	400.0	400.0	114399	33.95326	25.893282	76.46707	-36.664265	-34.179802	0.548252	733.5829343795776
105	63.37259	99.270615	162.6432	-35.89802	63.51599	98.15144	174.04887	-141.01782	400.0	400.0	115499	34.047634	25.916918	76.3076	-37.771145	-34.27208	0.5308925	741.5450820922852
106	48.63619	66.41825	132.8841	-29.457108	124.97621	60.04256	184.26773	-74.67616	400.0	400.0	116599	34.17466	25.958387	76.303116	-37.18436	-34.400135	0.5292172	749.2850286960602
107	33.46133	122.52424	162.66995	-131.12863	58.61924	118.53002	222.08173	-143.35417	400.0	400.0	117699	34.302635	26.01776	76.082115	-34.293457	-34.533825	0.5413042	755.7340931892395
108	152.14157	30.141861	174.1158	109.52145	165.66826	47.674034	239.00397	24.673422	400.0	400.0	118799	34.434185	26.187355	75.91074	-33.209682	-34.6676	0.5518538	762.1585853099823
109	115.56073	6.548313	122.10905	109.01242	119.68905	68.84072	184.15814	-133.99158	400.0	400.0	119899	34.83433	26.341751	76.00155	-32.17216	-35.07802	0.5477247	770.1325016021729
110	147.72485	26.82575	176.71368	112.03688	104.20476	51.168407	167.25325	-27.979874	400.0	400.0	120999	35.21348	26.42335	76.06131	-31.003866	-35.46441	0.5492312	776.8215045928955
111	126.449524	26.812704	156.21127	91.22018	119.4481	35.534706	165.03983	45.37401	400.0	400.0	122099	35.593662	26.525547	76.13124	-31.750128	-35.84519	0.5441667	783.7378916740417
112	120.21222	26.346952	146.72293	84.28243	81.363144	49.11604	174.47345	-25.838543	400.0	400.0	123199	36.02901	26.568735	76.22304	-31.451141	-36.29445	0.54132175	790.8732194900513
113	35.700436	40.489246	76.18968	-4.788814	85.6803	62.408287	181.29411	-51.840115	400.0	400.0	124299	36.508884	26.579924	76.35299	-30.162554	-36.777946	0.53628325	797.7957661151886
114	103.60009	44.655388	142.90436	41.13982	93.46402	45.655926	191.2664	27.652504	400.0	400.0	125399	36.85899	26.579079	76.358	-28.518261	-37.132004	0.5690699	804.5012545585632
115	53.012676	80.77504	144.82771	-51.75408	77.682884	59.726704	184.38403	-56.97836	400.0	400.0	126499	37.269226	26.587763	76.410675	-27.1946	-37.548218	0.56569076	811.0564489364624
116	92.38028	44.349987	145.77072	37.18107	67.79958	60.804203	152.82693	-117.978355	400.0	400.0	127599	37.65632	26.537485	77.8962	-26.760965	-37.942413	0.5731595	817.5498831272125
117	37.315514	32.26223	69.57774	5.0532827	93.68144	38.56373	125.40535	-26.853579	400.0	400.0	128699	38.097424	26.503279	78.16284	-26.942177	-38.390873	0.5652209	824.1264624595642
118	81.09034	55.046005	141.79665	8.533492	76.4601	49.946224	138.13016	2.6577709	400.0	400.0	129799	38.489872	26.401827	78.78522	-27.352264	-38.7732	0.55062306	830.8417026996613
119	112.38093	13.444952	131.19016	100.56594	77.468254	45.037586	162.30157	10.723557	400.0	400.0	130899	38.97247	26.311321	79.26568	-27.4573	-39.25196	0.5395456	838.018589258194
120	119.576805	23.143158	145.20644	89.13388	98.859406	41.23454	160.02328	31.14735	400.0	400.0	131999	39.288506	26.28076	79.22201	-28.469683	-39.565403	0.569233	844.4037952423096
121	72.757256	57.315727	130.07298	15.44153	116.66471	42.433067	168.70857	26.75609	400.0	400.0	133099	39.645252	26.192148	79.622154	-28.165426	-39.912807	0.5667281	852.4374272823334
122	7.657627	86.28029	113.80284	-97.53336	99.86497	29.018553	162.49986	51.04704	400.0	400.0	134199	39.64333	26.104712	79.2382	-27.954098	-39.904415	0.57716453	859.3240253925323
123	129.09183	19.69309	156.5895	111.51733	114.266136	32.223183	173.42581	57.895298	400.0	400.0	135299	39.845364	26.020037	78.88846	-28.978867	-40.108833	0.631965	867.3390643596649
124	110.677284	56.936108	169.33064	33.575943	85.04937	65.46791	150.38812	-108.505104	400.0	400.0	136399	40.063683	25.91526	78.18722	-28.990612	-40.320953	0.5989365	873.5089263916016
125	142.83844	9.581001	152.41943	133.25743	80.38494	71.40718	152.90231	-115.165085	400.0	400.0	137499	40.216515	25.808897	78.05857	-29.36164	-40.477924	0.6264211	880.3066449165344
126	27.585588	88.893196	104.303856	-97.02163	112.80653	62.87083	207.15198	-120.59894	400.0	400.0	138599	40.279827	25.689426	78.215775	-29.584146	-40.533524	0.5935267	888.325680732727
127	49.012817	88.63807	144.13359	-69.251816	62.418446	84.00714	171.73949	-109.85019	400.0	400.0	139699	40.371407	25.649643	78.12342	-30.834776	-40.632748	0.56427056	895.4739625453949
128	39.026672	92.26715	147.00688	-78.40669	50.775272	74.54772	151.90822	-134.2504	400.0	400.0	140799	40.406075	25.624332	77.96001	-30.234415	-40.663136	0.5638783	903.4885520935059
129	100.73395	69.05981	169.79376	31.674139	-14.620633	88.020454	113.216866	-138.88896	400.0	400.0	141899	40.52957	25.57919	77.65512	-31.353636	-40.781643	0.5522949	911.3041849136353
130	86.50288	87.776306	209.26067	9.157967	52.21279	83.26644	201.39851	-130.29735	400.0	400.0	142999	40.53257	25.582226	77.28488	-32.859207	-40.786697	0.60176647	918.0230658054352
131	41.200462	114.09676	137.28012	-119.10527	52.2288	108.743904	190.78036	-160.61226	400.0	400.0	144099	40.566692	25.592838	78.000046	-34.35744	-40.832478	0.6229041	924.5235021114349
132	99.52878	30.87043	126.91053	56.390404	78.43978	93.67381	200.55609	-127.93019	400.0	400.0	145199	40.863533	25.605453	78.94683	-35.994022	-41.143543	0.59174436	930.7198984622955
133	83.685745	60.816574	144.50232	22.86917	97.35325	37.24181	154.7894	9.918518	400.0	400.0	146299	41.053047	25.761993	79.84495	-37.854347	-41.3454	0.6005308	936.9259648323059
134	71.13756	39.552372	107.02004	16.035566	116.60128	27.77274	187.53873	47.889194	400.0	400.0	147399	41.408657	25.831598	80.28632	-39.24348	-41.706455	0.57421434	943.4647932052612
135	117.213745	17.105978	140.2889	99.38531	107.710594	40.42803	168.884	6.392343	400.0	400.0	148499	41.657883	25.96454	80.46447	-40.248795	-41.9538	0.61078036	950.3467466831207
136	119.91355	36.233467	159.04485	71.69738	74.600975	51.945663	137.91327	-61.340137	400.0	400.0	149599	42.006325	25.901928	80.56735	-40.68206	-42.308277	0.61466295	956.8442535400391
137	27.28952	7.447648	34.737167	19.841871	93.806335	33.22403	183.84747	52.046078	400.0	400.0	150699	42.285515	25.871147	80.4753	-39.895763	-42.585655	0.57732207	963.5651018619537
138	92.92938	20.136843	120.31191	72.46416	131.60385	45.000423	225.3719	4.3846254	400.0	400.0	151799	42.585697	25.858994	80.324745	-39.38367	-42.87794	0.58301425	970.4446148872375
139	48.694736	75.993225	111.6602	-58.21324	129.24934	39.44454	200.195	40.669857	400.0	400.0	152899	42.804405	25.745443	79.79751	-37.48298	-43.10125	0.59875405	977.2286033630371
140	116.83612	10.3705845	131.4051	108.09148	117.42399	52.269085	195.79388	-78.56555	400.0	400.0	153999	42.96025	25.585308	79.11135	-35.878155	-43.247437	0.59367085	985.2726895809174
141	111.23964	6.1046677	117.34431	105.13497	141.68623	33.474735	193.35919	80.26745	400.0	400.0	155099	43.135902	25.47337	78.54314	-36.025223	-43.421776	0.57894164	992.0872979164124
142	84.93188	62.204075	150.98923	1.5907766	87.98538	69.493744	167.57208	-105.30545	400.0	400.0	156199	43.36006	25.34226	77.99157	-36.18264	-43.64538	0.57711905	998.9130806922913
143	64.6051	88.09063	160.25543	-52.344578	139.36456	40.485966	202.81914	56.11256	400.0	400.0	157299	43.527134	25.157637	77.69205	-37.553814	-43.8089	0.61256075	1005.7210142612457
144	55.847515	114.97107	150.69577	-105.94608	113.99878	70.2507	202.09294	-88.05099	400.0	400.0	158399	43.521145	25.056355	77.88743	-37.833633	-43.796547	0.607278	1013.9046239852905
145	154.08902	7.1813583	161.27037	146.90765	135.96391	48.4648	207.21848	14.551975	400.0	400.0	159499	43.50877	24.940659	78.145325	-38.312775	-43.782635	0.5986808	1020.6421301364899
146	37.43809	40.654884	69.34459	-19.936298	125.90697	45.475475	200.19345	39.63985	400.0	400.0	160599	43.60537	24.739307	78.26508	-39.48872	-43.87762	0.60941505	1026.916482925415
147	142.95451	70.97576	201.33357	43.052525	98.22024	87.04116	213.20258	-128.07626	400.0	400.0	161699	43.647564	24.625254	78.31042	-39.11077	-43.908436	0.5859736	1033.1581594944
148	122.72526	41.23627	180.7752	88.87351	133.96095	77.97487	240.1724	-110.828285	400.0	400.0	162799	43.627224	24.519873	78.17943	-39.21031	-43.884674	0.56097853	1040.0113365650177
149	74.551575	22.029154	96.58073	52.52242	91.61254	76.89887	252.09111	-78.172134	400.0	400.0	163899	43.56939	24.465326	78.09883	-38.748955	-43.818848	0.5687431	1046.788162469864
150	154.94743	73.349365	230.3925	55.570824	118.424416	71.422035	255.95914	-65.43888	400.0	400.0	164999	43.661407	24.338428	77.86684	-37.931477	-43.9113	0.57538986	1054.0740830898285
151	124.702	35.574776	170.3159	83.51364	105.498436	84.20504	269.82483	-98.75929	400.0	400.0	166099	43.63544	24.305216	77.63711	-38.06294	-43.879383	0.5765386	1061.0978829860687
152	80.26125	54.4184	151.47626	19.38794	96.46538	41.999767	192.91983	-7.493751	400.0	400.0	167199	43.561363	24.193207	77.32175	-37.86625	-43.802925	0.56258076	1069.1572716236115
153	6.911236	6.4775524	13.388788	0.43368292	76.39437	57.628056	182.98878	-84.52203	400.0	400.0	168299	43.433395	24.135105	76.9221	-39.0017	-43.6738	0.60188735	1075.8488249778748
154	108.31185	24.149279	131.01656	74.865295	87.134224	46.669964	148.08449	-22.594166	400.0	400.0	169399	43.422268	24.066439	76.60721	-40.432262	-43.66074	0.5690055	1082.4046018123627
155	86.25244	48.9166	121.70169	17.08111	68.20234	59.630863	165.54686	-56.99147	400.0	400.0	170499	43.447292	23.928732	76.19614	-40.58028	-43.68309	0.5217616	1089.1196074485779
156	79.8403	17.81699	104.259415	62.250427	71.65874	72.09266	179.0078	-154.46638	400.0	400.0	171599	43.328793	23.91736	75.74274	-41.0459	-43.55636	0.5392043	1096.2753131389618
157	68.73385	30.314978	99.04883	38.418873	72.563194	84.87266	168.70615	-163.57336	400.0	400.0	172699	43.221313	23.90106	75.34711	-40.88141	-43.452503	0.5516674	1104.3291158676147
158	100.57749	33.19109	145.08928	65.418175	79.889915	60.946457	173.21262	-59.48704	400.0	400.0	173799	43.167633	23.81066	74.773476	-40.506428	-43.39471	0.5182253	1112.2516038417816
159	130.83827	23.14355	160.81827	104.475685	75.29602	87.14	189.46211	-143.84668	400.0	400.0	174899	43.0608	23.742672	74.47425	-39.793602	-43.287132	0.52636296	1119.0483753681183
160	111.96946	31.45436	135.97552	67.53425	64.462204	59.627728	176.58943	-108.716576	400.0	400.0	175999	43.00231	23.685623	74.15477	-39.490086	-43.22496	0.5381445	1125.5668859481812
161	91.57504	17.855892	109.43094	73.719154	74.75717	68.99492	170.84532	-110.52418	400.0	400.0	177099	42.924973	23.651026	73.754234	-39.039234	-43.143017	0.54341483	1132.3924458026886
162	119.814735	8.921194	131.8936	110.61977	85.66834	85.32667	158.5625	-157.14017	400.0	400.0	178199	42.78638	23.675982	73.30881	-38.31101	-43.009785	0.55418795	1140.402018547058
163	84.142075	15.240669	100.37793	63.74755	109.163246	42.63113	179.97151	23.017881	400.0	400.0	179299	42.72967	23.62744	72.72556	-37.470905	-42.94893	0.52859765	1147.2791459560394
164	98.46044	20.872173	127.746826	80.623184	77.66503	84.12011	188.43936	-178.12108	400.0	400.0	180399	42.72131	23.601913	72.72564	-37.40688	-42.942253	0.52132654	1154.2063496112823
165	93.18594	8.172138	101.35808	85.0138	57.601704	95.46945	167.62303	-132.48738	400.0	400.0	181499	42.61717	23.583126	72.87	-37.99238	-42.83896	0.52778643	1160.883680820465
166	66.733345	56.499363	146.62636	25.739553	106.272995	58.522804	183.0444	-77.50617	400.0	400.0	182599	42.563194	23.499647	72.984276	-39.274696	-42.783226	0.5215672	1167.5773227214813
167	108.812965	17.187593	126.52167	85.53914	52.10268	97.98402	191.59418	-148.04877	400.0	400.0	183699	42.4918	23.50187	73.250946	-40.203312	-42.708546	0.54626626	1174.2961399555206
168	57.9947	19.079374	84.96905	43.93974	107.512474	45.48083	164.01364	-27.291712	400.0	400.0	184799	42.479908	23.391975	73.3741	-39.619057	-42.696903	0.5238493	1180.8300573825836
169	-72.31611	52.07094	-20.24517	-124.38705	78.55595	59.01985	176.83446	-109.180725	400.0	400.0	185899	42.222504	23.399181	73.65392	-41.30186	-42.44209	0.5001585	1187.9913113117218
170	114.21658	56.195766	193.68921	74.331	58.94448	92.79214	168.02031	-155.40675	400.0	400.0	186999	42.243553	23.351439	73.7456	-40.71795	-42.457817	0.51071423	1194.5600740909576
171	103.03222	34.025925	132.35432	55.32868	53.050972	87.19535	167.71907	-168.47658	400.0	400.0	188099	42.15112	23.366854	73.63111	-40.170666	-42.36382	0.51720726	1202.607253074646
172	93.11863	39.230568	145.28395	50.676243	71.53326	85.3708	164.70232	-110.19613	400.0	400.0	189199	42.02972	23.359705	73.76043	-38.733253	-42.24215	0.5059769	1210.5006198883057
173	82.50189	8.365482	90.86737	74.136406	101.48653	76.76282	190.4811	-106.961296	400.0	400.0	190299	41.927357	23.341251	73.60176	-37.587357	-42.13907	0.5137091	1218.361064195633
174	14.702468	74.721306	76.11552	-90.47713	116.790146	49.05364	210.18399	11.17677	400.0	400.0	191399	41.878967	23.274132	73.41726	-38.739723	-42.087364	0.51387787	1224.8210446834564
175	157.91809	6.34969	163.08691	148.97441	103.44429	65.44883	261.19696	-84.63208	400.0	400.0	192499	41.81818	23.287863	73.429985	-40.721973	-42.03539	0.5101219	1231.4231114387512
176	191.43996	45.592716	233.21869	128.01888	113.88225	77.98837	225.85028	-165.79391	400.0	400.0	193599	41.755486	23.240698	73.43684	-41.46064	-41.969673	0.54683876	1238.2898120880127
177	122.15579	7.619381	129.77518	114.536415	126.78357	40.220882	193.82559	26.193998	400.0	400.0	194699	41.826126	23.209332	73.435905	-41.11624	-42.042946	0.5011633	1245.146072626114
178	150.19415	29.67043	190.85353	120.886	115.5166	56.784023	268.12473	-26.226864	400.0	400.0	195799	41.828648	23.136713	73.29883	-41.033478	-42.04177	0.5377823	1252.4077665805817
179	31.441946	81.1452	119.584854	-76.26862	87.94171	62.821835	151.02383	-103.39118	400.0	400.0	196899	41.73064	23.168217	73.23312	-40.919365	-41.94087	0.5352251	1259.522842168808
180	105.417564	27.28053	133.4515	68.44597	91.602585	69.65503	200.94989	-128.66002	400.0	400.0	197999	41.697136	23.138447	73.04578	-41.171677	-41.910748	0.53476137	1265.5049991607666
181	133.57768	7.9235687	141.50125	125.65411	77.12442	78.998535	149.13573	-87.17979	400.0	400.0	199099	41.71487	23.075031	72.8534	-41.580887	-41.92992	0.5043511	1272.0450961589813
182	124.32709	23.657204	151.55789	93.87846	78.902695	87.19021	162.46352	-144.52261	400.0	400.0	200199	41.708584	23.047586	72.516106	-41.911777	-41.924217	0.5378399	1278.9508063793182
183	122.08325	6.480844	130.8303	115.339325	101.77012	31.435797	143.28482	47.822567	400.0	400.0	201299	41.64163	23.037834	72.131775	-42.021618	-41.85808	0.5317284	1285.8921155929565
184	29.963556	96.205536	115.88284	-104.35618	88.95892	27.282507	140.60124	28.494469	400.0	400.0	202399	41.738777	22.94338	71.786156	-42.41062	-41.95642	0.51048815	1292.4719848632812
185	95.04337	0.109695435	95.15307	94.93368	64.46927	78.67335	169.25197	-117.9722	400.0	400.0	203499	41.68366	22.863197	71.3822	-42.42266	-41.89924	0.5552867	1300.4829802513123
186	117.807106	19.596727	144.85246	99.04429	87.37382	50.658237	126.551636	-108.664856	400.0	400.0	204599	41.715893	22.806501	71.27534	-42.93156	-41.931644	0.47811297	1307.2683606147766
187	108.93204	14.974176	128.7249	92.5148	95.81574	56.733112	163.7143	-105.302315	400.0	400.0	205699	41.715034	22.707476	71.51241	-43.096798	-41.926754	0.5189626	1314.0393471717834
188	92.162834	27.183512	120.79977	55.632668	53.579903	87.50162	132.01215	-148.62445	400.0	400.0	206799	41.804886	22.63442	71.74284	-43.22762	-42.021236	0.5201237	1321.289668083191
189	47.219555	12.001835	59.22139	35.21772	62.72348	72.36641	134.93755	-116.456635	400.0	400.0	207899	41.763237	22.598125	71.78774	-43.282913	-41.974438	0.52213013	1328.5018723011017
190	111.72756	12.741964	127.00246	95.81094	57.51661	75.80512	141.01614	-137.34802	400.0	400.0	208999	41.822533	22.551981	71.80107	-43.51092	-42.0387	0.49997193	1335.4802811145782
191	84.851456	30.686487	109.87701	41.633926	70.357124	70.61376	162.90744	-122.4658	400.0	400.0	210099	41.81037	22.475508	71.793396	-43.513386	-42.02426	0.46504712	1343.4900138378143
192	36.213345	19.618645	63.939342	21.462336	89.44989	30.116087	131.59822	20.049633	400.0	400.0	211199	41.768913	22.440243	71.784355	-43.7799	-41.978428	0.5092725	1350.4037263393402
193	81.82744	16.420929	98.24837	65.40651	93.06102	60.17371	167.79802	-137.77042	400.0	400.0	212299	41.725212	22.393162	71.66203	-44.034855	-41.93642	0.49262223	1357.1126806735992
194	79.881676	15.183639	99.17055	62.066017	85.11864	36.71676	138.6245	3.5712874	400.0	400.0	213399	41.752777	22.30831	71.524734	-43.21584	-41.96259	0.4675078	1363.8737399578094
195	126.70935	28.979654	161.55324	90.60163	86.495186	45.398266	190.61896	-29.523186	400.0	400.0	214499	41.76966	22.288834	71.41147	-42.759705	-41.980686	0.44714797	1371.8962647914886
196	84.63643	32.936157	127.32761	47.157543	61.226055	55.219566	142.34639	-97.52359	400.0	400.0	215599	41.805233	22.202301	71.36942	-42.415867	-42.014313	0.5067942	1377.885752439499
197	66.711105	1.1649933	67.8761	65.54611	72.11327	34.806526	144.88	20.785023	400.0	400.0	216699	41.780396	22.156696	71.2513	-42.236633	-41.983196	0.4800509	1384.9117496013641
198	19.926071	94.68684	100.59816	-112.97025	59.45307	50.564198	176.62927	-98.48249	400.0	400.0	217799	41.646263	22.123993	71.137245	-46.442387	-41.848694	0.5443518	1391.3856835365295
199	60.331013	19.907553	87.87382	41.508724	60.656933	48.255672	123.989944	-94.06593	400.0	400.0	218899	41.551342	22.122133	71.13324	-41.40311	-41.75401	0.4913628	1397.9506816864014
200	79.55459	22.282307	105.034386	50.757393	50.613438	47.98564	95.423355	-100.61475	400.0	400.0	219999	41.480423	22.01892	71.07265	-40.76906	-41.681	0.48754328	1404.570771932602
201	85.055565	10.176926	95.23249	74.87864	64.469086	29.840775	117.619026	10.469594	400.0	400.0	221099	41.479927	21.921701	70.979355	-40.46826	-41.68018	0.47879434	1410.8011615276337
202	72.97236	24.347399	97.76712	39.884193	55.380177	56.72263	137.73782	-95.77453	400.0	400.0	222199	41.37341	21.946802	70.98762	-39.783463	-41.57613	0.46300077	1417.5850758552551
203	40.178776	96.83716	153.5965	-83.00164	98.77997	48.982025	180.87204	5.2502203	400.0	400.0	223299	41.31569	21.870752	70.840034	-37.90096	-41.516277	0.45894724	1425.6407587528229
204	94.767365	25.750805	116.307915	58.56759	101.16488	41.554268	214.06764	-8.199807	400.0	400.0	224399	41.251884	21.788923	70.57498	-38.83674	-41.45591	0.45848987	1432.73983502388
205	87.578735	25.897295	113.47603	61.68144	100.506996	60.880505	154.70421	-99.20511	400.0	400.0	225499	41.13377	21.78795	70.488106	-39.82873	-41.339153	0.47760627	1440.625952720642
206	86.14968	22.597662	107.381226	54.848225	76.80122	73.80856	154.26863	-123.98946	400.0	400.0	226599	41.12969	21.796831	70.64133	-40.103394	-41.335003	0.4795976	1448.5650253295898
207	140.92741	2.2798634	143.13098	137.78728	83.825745	78.360695	165.97885	-154.74582	400.0	400.0	227699	41.10946	21.794176	70.759415	-38.814674	-41.314545	0.48350468	1455.178409576416
208	158.2575	22.36541	176.33435	126.74158	94.8657	43.179615	166.65634	-11.081372	400.0	400.0	228799	41.12463	21.795433	70.74046	-38.076744	-41.328835	0.45886436	1461.8220942020416
209	111.18744	10.75061	121.93805	100.43683	92.23817	53.14637	186.81345	-5.4551377	400.0	400.0	229899	41.20912	21.799166	70.73131	-38.708714	-41.416996	0.4672999	1468.3427243232727
210	137.7834	24.408463	164.978	105.77415	75.86346	52.37938	146.05707	-17.082315	400.0	400.0	230999	41.229004	21.791721	70.71463	-38.337894	-41.43815	0.48914018	1475.2084114551544
211	46.42621	97.55066	124.04608	-91.15399	95.34363	56.442074	168.5394	0.33349174	400.0	400.0	232099	41.190533	21.833706	70.7747	-39.237537	-41.40329	0.44960472	1482.9670848846436
212	94.14535	50.783176	154.95872	30.652462	112.76174	33.73535	176.47597	29.486002	400.0	400.0	233199	41.23946	21.872492	70.737175	-38.837746	-41.455013	0.4648883	1490.1447138786316
213	118.60389	4.8183136	123.4222	113.785576	92.46109	65.266914	181.65633	-80.54836	400.0	400.0	234299	41.315495	21.851648	70.86165	-38.81982	-41.52862	0.4193684	1496.8500092029572
214	92.437065	15.928203	114.02243	76.06626	75.627335	60.54503	151.55603	-59.74709	400.0	400.0	235399	41.34301	21.871296	71.08768	-38.481346	-41.552444	0.4569914	1503.4233877658844
215	81.820274	29.460545	123.35805	58.250355	110.75975	46.4496	175.68895	15.549217	400.0	400.0	236499	41.4011	21.8286	71.1988	-38.652405	-41.604046	0.4651683	1510.1354100704193
216	57.187603	76.81911	165.3415	-5.766994	107.232445	81.30951	207.71504	-114.01409	400.0	400.0	237599	41.338417	21.830547	71.14832	-38.214302	-41.54202	0.448619	1516.1214427947998
217	182.24394	8.677597	190.92154	173.56635	71.58946	70.5451	174.78044	-87.77289	400.0	400.0	238699	41.36786	21.802011	71.11549	-37.945683	-41.56679	0.4502929	1522.67959690094
218	54.37218	131.26364	166.93152	-129.74728	45.929085	99.66655	204.46382	-122.95677	400.0	400.0	239799	41.244804	21.881704	71.09367	-37.69496	-41.43819	0.48721436	1529.4505355358124
219	137.6802	12.427107	153.33589	122.93687	71.39503	77.30399	169.38962	-60.382187	400.0	400.0	240899	41.15088	21.910883	71.038704	-37.931107	-41.340233	0.49173918	1536.5695703029633
220	123.63424	24.081106	150.48245	92.065445	89.688736	88.365715	213.30252	-116.87892	400.0	400.0	241999	41.08575	21.939505	70.68221	-37.46536	-41.27691	0.4705148	1542.5420308113098
221	26.06311	106.16116	132.22427	-80.09805	136.10834	39.907417	194.24161	10.794962	400.0	400.0	243099	41.00282	21.927189	69.84898	-37.45541	-41.197437	0.4818154	1549.1443700790405
222	18.043295	114.34395	174.83347	-94.62183	130.62833	77.986115	260.4303	-34.82018	400.0	400.0	244199	40.905273	21.984108	69.74638	-36.85428	-41.10356	0.48651683	1555.9265253543854
223	125.90354	65.416565	173.0412	33.396168	122.114395	86.484406	242.0669	-44.162773	400.0	400.0	245299	40.912132	21.930613	69.759995	-35.818855	-41.116314	0.4934192	1562.5878400802612
224	36.555317	83.84413	100.54228	-81.89052	116.76878	79.13283	227.50069	-90.917114	400.0	400.0	246399	40.93477	21.92771	70.208466	-35.533157	-41.14131	0.4946728	1569.8256719112396
225	210.5037	0.40330505	210.907	210.10039	108.38861	83.35412	203.33359	-72.61508	400.0	400.0	247499	40.940056	21.941397	70.391014	-35.156895	-41.144375	0.46895376	1577.0762271881104
226	45.54729	103.30382	164.71664	-87.22562	143.5423	82.49909	208.48338	-149.6001	400.0	400.0	248599	40.8973	22.004576	70.50496	-34.52303	-41.10272	0.50108063	1584.2757122516632
227	63.428425	87.31891	174.502	-38.840405	128.64891	82.84965	229.42706	-73.357025	400.0	400.0	249699	40.907475	21.917572	70.65742	-34.836338	-41.107613	0.48721135	1592.2523605823517
228	154.52539	31.33081	178.5632	110.27193	96.01574	85.244255	200.59718	-87.76651	400.0	400.0	250799	40.92178	21.923107	70.80633	-35.026073	-41.12603	0.5120262	1599.3779108524323
229	107.30043	55.588383	162.88881	51.712044	108.15596	73.28973	185.09492	-78.59025	400.0	400.0	251899	40.89998	21.9849	70.87299	-34.60414	-41.103455	0.50106275	1607.1948246955872
230	47.47922	101.00695	122.11303	-95.31731	88.52022	79.69275	212.97113	-174.93962	400.0	400.0	252999	40.92269	21.944407	70.963455	-35.516785	-41.128723	0.48594433	1614.26389670372
231	139.95831	24.063549	164.19429	107.151085	137.95248	50.77298	212.29509	39.642006	400.0	400.0	254099	40.943596	21.97303	70.91126	-35.856384	-41.14661	0.49446845	1621.439108133316
232	75.00448	106.35618	172.36612	-72.963745	124.40751	47.735542	200.71857	35.33368	400.0	400.0	255199	41.003307	21.978792	70.76004	-36.264877	-41.209118	0.5165838	1628.2549765110016
233	108.72125	15.536251	124.25751	93.185005	116.6074	89.01033	222.28897	-177.18062	400.0	400.0	256299	41.023182	22.005949	70.770195	-36.287327	-41.230583	0.50184405	1634.9361848831177
234	166.11719	11.995632	180.51332	151.14697	131.9689	80.34784	199.64162	-183.05283	400.0	400.0	257399	41.059875	22.088562	70.73715	-36.655354	-41.268593	0.47904396	1642.0540173053741
235	109.22701	34.79564	136.1291	60.092453	130.65334	52.272232	213.70683	30.396187	400.0	400.0	258499	41.12893	22.067673	70.57643	-36.538383	-41.332092	0.5042296	1649.331459760666
236	131.1177	37.07988	183.5421	103.83859	133.9194	40.297554	196.96217	75.0147	400.0	400.0	259599	41.16872	22.131151	70.319984	-35.649883	-41.37297	0.4939315	1656.0959923267365
237	124.23523	27.506207	151.74144	96.72903	142.8627	42.17985	217.0097	58.7985	400.0	400.0	260699	41.183853	22.265982	70.190414	-36.128975	-41.38361	0.5261412	1662.714916229248
238	136.95049	35.00516	183.037	98.252625	137.35641	64.6958	247.78659	-88.49217	400.0	400.0	261799	41.228127	22.276632	69.960884	-35.702065	-41.426334	0.49983957	1670.672144651413
239	161.99611	26.394958	195.44006	130.9156	173.90277	30.582916	244.00241	127.27457	400.0	400.0	262899	41.256046	22.420898	69.6648	-39.36174	-41.447506	0.4876427	1677.5866701602936
240	156.55536	32.10675	186.43437	112.00675	174.2214	32.14667	204.78046	72.244156	400.0	400.0	263999	41.233994	22.489168	69.49787	-35.36556	-41.418247	0.49942917	1684.0807521343231
241	136.61562	16.390442	153.00606	120.225174	144.70467	88.141685	213.30087	-96.473404	400.0	400.0	265099	41.16808	22.569332	69.137146	-35.13071	-41.345795	0.46082297	1692.1526153087616
242	102.629486	101.237076	219.89633	-27.136093	176.90268	45.241844	251.478	43.699314	400.0	400.0	266199	41.155537	22.615126	69.02146	-34.74944	-41.332912	0.49804404	1699.2264461517334
243	179.4564	25.153177	199.44774	143.97969	157.95206	71.5531	251.97516	-85.00783	400.0	400.0	267299	41.10013	22.73072	68.98479	-35.425297	-41.277477	0.48750627	1705.5706689357758
244	103.10391	124.47256	209.26541	-71.58041	167.25253	38.777374	229.55022	34.26275	400.0	400.0	268399	41.000816	22.869968	68.84924	-36.76441	-41.178913	0.5275767	1713.3976712226868
245	164.64116	7.480011	172.12117	157.16115	161.87599	63.87173	256.87103	-55.32061	400.0	400.0	269499	40.96216	22.941109	68.75538	-36.503242	-41.13571	0.5313066	1719.5596189498901
246	157.33334	10.573817	172.25613	149.04066	167.20331	30.499619	214.708	86.268875	400.0	400.0	270599	40.907833	23.037601	68.59851	-36.118168	-41.079903	0.4747261	1727.5190930366516
247	164.99846	6.5066357	172.54802	156.66763	145.77516	36.47703	218.53853	86.270424	400.0	400.0	271699	40.902775	23.085659	68.56833	-38.22804	-41.07199	0.5613915	1735.4735507965088
248	163.15639	26.795431	199.16794	134.93451	146.45303	62.984337	202.29863	-85.248764	400.0	400.0	272799	40.903984	23.113068	68.53522	-37.49146	-41.073162	0.48612866	1741.964748620987
249	120.88261	30.168129	151.05074	90.71448	150.89963	59.864437	223.68552	-73.41318	400.0	400.0	273899	40.83385	23.197523	68.496056	-38.050606	-41.005974	0.54325515	1749.7316064834595
250	191.30327	18.229877	215.0749	170.776	146.1004	70.5908	214.72269	-38.88102	400.0	400.0	274999	40.86947	23.199127	68.605064	-37.857235	-41.041656	0.5158813	1756.382827758789
