Epoch	AverageEpRet	StdEpRet	MaxEpRet	MinEpRet	AverageTestEpRet	StdTestEpRet	MaxTestEpRet	MinTestEpRet	EpLen	TestEpLen	TotalEnvInteracts	AverageQVals	StdQVals	MaxQVals	MinQVals	LossPi	LossQ	Time
1	45.39671	34.857517	91.39228	7.0407004	-6.862752	13.904087	30.06495	-26.233833	328.33334	113.25	1099	0.5531047	0.88580877	22.162933	-22.734587	-0.57279307	0.17709264	1.1472477912902832
2	25.069672	26.1068	58.97007	-10.107029	-14.120633	7.2603407	7.809566	-21.752237	258.0	79.8	2199	1.0331188	1.1143031	4.1205845	-2.8276486	-1.0897304	0.020070722	5.57378363609314
3	8.354525	30.479074	61.07765	-10.88465	17.894537	34.473347	130.23654	-16.96756	237.75	192.4	3299	1.6981398	1.8348594	10.290722	-10.688078	-1.8097552	0.025384542	11.25033164024353
4	14.865336	30.087204	59.000668	-16.602741	23.655872	32.9334	100.132904	-19.56203	309.0	189.4	4399	2.4225423	2.5263689	13.952916	-6.9078884	-2.5700502	0.04598747	17.179951429367065
5	21.254019	32.18254	76.17769	-2.9087296	19.742252	26.06208	81.235825	-18.3188	282.5	179.5	5499	3.4149516	3.0103357	16.340206	-12.724575	-3.5727937	0.074116595	22.467687606811523
6	32.064106	19.93902	55.487736	6.756448	6.3746214	23.67764	69.46199	-19.815481	333.0	168.4	6599	4.31999	3.4399192	17.685833	-18.608692	-4.487334	0.10075853	27.573058128356934
7	25.2026	31.91077	79.02161	-9.52863	16.90259	29.589025	80.905266	-17.583397	270.8	169.6	7699	5.546655	4.0430193	37.98066	-18.755241	-5.7201295	0.13153817	33.25445032119751
8	12.40971	32.362675	42.896935	-32.395885	9.923181	28.078184	87.760056	-18.494474	292.66666	159.3	8799	6.441469	4.589531	25.654722	-10.746703	-6.60936	0.1444074	37.927098512649536
9	1.3519998	24.122665	46.203903	-26.261528	10.5085125	26.349636	77.97773	-21.385098	252.4	182.5	9899	7.1369147	5.135348	30.599749	-13.684746	-7.3039336	0.17893158	42.83233380317688
10	13.933438	28.67615	53.834595	-12.294534	23.707262	46.471004	138.46503	-19.803438	287.33334	181.2	10999	7.6291947	5.67921	30.94471	-10.344786	-7.793204	0.19979553	47.7937548160553
11	31.044579	39.901592	78.18273	-11.391555	17.162302	30.504631	80.51316	-27.524431	295.5	153.25	12099	8.451054	6.125403	39.686283	-25.869045	-8.615389	0.22520918	52.53857731819153
12	26.746862	13.475932	45.517326	14.506225	4.1810875	19.974209	44.671318	-14.620895	352.0	148.15	13199	9.067066	6.6088905	34.974087	-34.98171	-9.232369	0.23474324	57.63378691673279
13	20.819162	38.47723	84.99366	-11.119315	22.26612	31.34508	100.516716	-6.24857	302.0	170.95	14299	9.837371	7.04373	47.947987	-32.0444	-10.006426	0.24690501	62.80431628227234
14	14.172712	24.110409	52.589428	-9.019475	46.948284	43.827168	158.89859	-12.503467	225.8	239.7	15399	10.327716	7.4384356	43.980167	-11.169	-10.499739	0.2746425	68.57756686210632
15	62.154865	21.049473	81.38046	26.57771	30.07787	24.906027	76.93723	-8.4239235	302.75	191.45	16499	10.89081	7.939506	53.02771	-44.838142	-11.050515	0.38383391	73.97399759292603
16	23.60335	26.00263	71.91647	1.9007972	21.789719	22.388626	84.831665	-0.81700635	160.28572	191.55	17599	11.172298	8.396379	34.59402	-16.020426	-11.319945	0.33329034	79.03179240226746
17	24.464153	15.931563	45.22011	3.4771636	29.533472	30.832335	123.24259	-1.5968634	203.4	188.95	18699	11.392463	8.899914	33.895462	-15.882451	-11.532466	0.37539783	84.78195381164551
18	47.394432	39.9452	119.145454	9.032664	22.582016	24.815422	83.49752	-3.4982061	223.4	196.6	19799	11.607328	9.339815	63.52861	-26.226057	-11.73413	0.45993155	91.21994185447693
19	15.3741	23.981127	59.819965	-9.322674	25.693384	37.74523	131.02637	-14.156454	175.83333	199.8	20899	11.674302	9.838396	74.98868	-25.100111	-11.799398	0.44512683	97.64676570892334
20	33.709705	53.776134	140.28212	-2.3213048	33.02093	37.403465	131.1658	-4.942297	227.6	215.05	21999	11.701064	10.171724	36.1961	-17.2016	-11.82085	0.42607716	102.77298736572266
21	37.934692	24.340162	67.40963	0.8358517	34.57907	33.365494	105.80511	-15.641102	221.0	209.2	23099	12.0254545	10.414539	46.94064	-18.286036	-12.142898	0.5094052	108.06851577758789
22	14.548673	22.181784	62.861202	-2.6909199	19.032948	28.882248	104.16897	-9.144023	194.66667	187.0	24199	12.22219	10.631124	52.27048	-18.337864	-12.336554	0.5682991	113.094895362854
23	13.195842	29.71732	67.96776	-18.225761	13.7085905	32.466137	107.812195	-21.586145	182.83333	180.35	25299	12.255354	10.877285	38.822113	-18.854132	-12.362292	0.49853572	118.27610921859741
24	3.5752385	7.3872995	13.60391	-4.7702036	25.563051	33.973835	133.37222	-18.496021	170.0	222.7	26399	12.11522	11.101163	42.592422	-19.182005	-12.220791	0.5027345	123.72185158729553
25	24.294538	21.997286	58.818954	-2.0733817	15.755983	19.478514	80.71271	-7.1868467	224.2	208.75	27499	12.067151	11.339689	40.48888	-19.842358	-12.17776	0.51490223	128.87907242774963
26	15.237567	20.250021	39.903175	-6.583615	36.537163	22.778057	78.83025	0.73114544	205.2	256.0	28599	12.206664	11.396817	41.904617	-19.914862	-12.311983	0.5711008	134.63906121253967
27	23.43452	8.456186	38.716263	13.612995	32.10488	21.194452	74.53267	-1.3323166	191.2	225.45	29699	12.291053	11.451283	51.59013	-19.40827	-12.396174	0.5597743	141.03703927993774
28	60.81708	37.833027	98.4161	-2.1323664	33.810486	18.860584	78.395966	2.0980299	301.5	238.2	30799	12.381298	11.57457	53.12567	-19.53521	-12.481728	0.52636987	146.02509021759033
29	36.58384	13.710682	60.102543	25.728016	53.750763	27.78433	114.40134	12.80813	296.75	289.9	31899	12.412569	11.594012	53.375935	-34.75644	-12.513467	0.5604826	153.44599223136902
30	55.947292	8.158704	64.94102	45.19093	50.496655	26.882765	100.433044	10.507954	267.33334	273.85	32999	12.459754	11.732015	60.669685	-19.835775	-12.556868	0.52349174	159.34352445602417
31	72.36312	42.522015	134.5634	23.875784	55.59151	32.586746	122.715065	-1.3940308	296.75	282.85	34099	12.636049	11.864524	43.56384	-28.85461	-12.731805	0.5250834	165.3385992050171
32	66.46915	24.366251	95.611176	42.29272	66.52931	28.957792	133.54253	2.865358	313.0	311.5	35199	12.789825	11.994161	47.593674	-20.114939	-12.88818	0.57051927	171.52187824249268
33	41.040215	22.309635	79.76099	12.511878	61.251587	33.758556	134.77599	13.839281	249.2	322.35	36299	12.751175	12.008619	55.112488	-20.42898	-12.849581	0.53076774	177.87714338302612
34	66.575966	19.307682	93.043465	47.529858	68.03363	35.342297	135.77213	8.572584	292.0	317.2	37399	12.850199	12.03803	45.13777	-20.603546	-12.94681	0.50171053	184.05069375038147
35	68.886215	20.99303	101.41721	44.694767	76.29277	24.922907	112.29354	32.350563	313.75	314.85	38499	12.934897	12.09455	49.50179	-20.695026	-13.030557	0.55233496	190.52290987968445
36	92.98626	7.585824	103.09886	84.82858	78.57694	41.651867	148.16713	12.971348	383.66666	326.05	39599	13.114724	12.131577	54.43035	-20.63613	-13.215169	0.545827	198.25734162330627
37	49.14266	20.276215	77.81665	34.608376	72.570755	33.077576	121.78936	17.959333	286.33334	303.6	40699	13.247284	12.194078	55.03394	-35.963535	-13.35127	0.5526451	204.54279255867004
38	75.4739	12.887605	87.407616	54.260418	73.81969	34.710964	127.555176	29.268353	319.75	317.65	41799	13.38955	12.216871	51.75053	-23.874197	-13.492315	0.56372017	210.83996891975403
39	74.47135	34.512947	122.54383	43.121258	89.437805	33.676327	154.8659	32.066	332.33334	317.9	42899	13.573898	12.280348	63.741314	-32.24199	-13.677689	0.6445212	218.147931098938
40	92.18792	24.940994	122.992676	61.906696	71.37939	33.248775	143.42506	33.967453	349.66666	274.85	43999	13.731288	12.323482	65.724205	-23.06757	-13.837763	0.58591115	225.2691946029663
41	42.964012	11.862437	57.808144	25.131634	72.96388	26.651915	136.87775	39.507637	233.0	309.7	45099	13.871262	12.343456	48.494576	-22.151188	-13.978228	0.6026569	230.94139862060547
42	98.95547	29.66276	140.4096	72.661995	83.497086	31.031693	137.21936	34.264427	366.66666	332.6	46199	14.147048	12.419845	51.852623	-37.966187	-14.252935	0.6041607	237.13062191009521
43	60.29471	12.59846	79.45994	48.68912	64.09953	27.00158	123.365875	25.228907	279.75	282.0	47299	14.357922	12.520071	50.21895	-23.31542	-14.467306	0.59034413	242.73558616638184
44	70.16207	35.17537	114.17161	28.074219	75.934814	37.742344	144.10991	32.045395	338.33334	291.6	48399	14.612971	12.592951	79.696945	-24.204128	-14.721137	0.6501032	249.86275172233582
45	83.87021	51.24993	158.7233	20.096704	63.197468	26.495436	133.34479	28.365223	314.25	264.65	49499	14.767728	12.609394	55.552612	-23.81717	-14.875016	0.6073557	255.95348477363586
46	80.266594	42.083015	130.99406	27.948948	73.28027	34.933334	156.03131	24.147219	282.33334	294.4	50599	15.028055	12.643234	50.72567	-23.423174	-15.138331	0.63748395	261.9321846961975
47	127.2453	12.69511	141.72914	110.81575	103.64382	37.307476	168.027	39.411682	400.0	343.65	51699	15.312827	12.6872835	54.68728	-23.549063	-15.419581	0.605748	268.20464396476746
48	81.854416	32.314976	112.558235	36.897354	84.31791	32.069748	134.0572	24.553972	321.5	330.85	52799	15.583371	12.669287	56.388557	-23.220873	-15.691872	0.67416006	275.43863320350647
49	52.546917	40.90118	121.14706	15.960066	69.805405	24.906889	107.399666	29.809307	276.25	293.45	53899	15.786333	12.702595	86.41882	-32.427376	-15.890916	0.6978166	281.57520866394043
50	100.18783	14.888447	112.64412	79.25835	75.18594	35.96609	134.25941	34.71733	352.66666	291.0	54999	15.960999	12.760142	58.09177	-23.718468	-16.067251	0.62997603	288.78327894210815
51	91.509544	37.397896	133.51508	42.675945	92.031235	24.863745	139.9493	50.50184	331.33334	315.45	56099	16.161919	12.8295965	66.22503	-38.21885	-16.269758	0.7272827	296.1052780151367
52	91.00995	27.477938	129.17854	65.60707	91.2169	31.341509	153.4268	38.254524	308.66666	311.95	57199	16.417284	12.84255	55.953358	-23.720104	-16.525377	0.6495195	302.1438903808594
53	93.70768	20.22238	121.35723	73.554886	87.24339	32.92306	154.40283	39.36467	370.0	316.75	58299	16.636072	12.823442	62.812843	-23.766012	-16.749907	0.62195754	308.2470352649689
54	81.274895	22.652332	105.09497	54.727127	90.012695	35.137203	146.44145	23.570642	317.75	307.85	59399	16.91395	12.827484	58.836926	-23.636356	-17.027897	0.63112533	314.32368659973145
55	78.23536	33.695396	103.94339	30.633785	101.60832	28.420877	142.33482	57.288757	326.0	329.25	60499	17.089394	12.898192	69.420555	-24.41761	-17.207602	0.69553053	321.99514079093933
56	91.12602	19.876457	114.54624	68.35482	88.58214	24.334423	136.04958	49.694466	350.5	310.35	61599	17.356943	12.930519	67.54392	-24.423006	-17.475191	0.6309216	327.6922378540039
57	99.16927	32.148598	134.86003	56.93279	118.72605	23.590532	160.39944	65.226654	337.0	384.7	62699	17.577332	12.96749	79.62645	-33.68072	-17.687237	0.67816395	334.3404154777527
58	114.59186	33.917877	140.28903	66.66657	97.05725	33.40909	162.11885	42.93873	369.33334	333.7	63799	17.860615	13.028744	65.4092	-33.67051	-17.977085	0.6668274	341.78246116638184
59	92.12173	28.488993	114.44586	51.913853	92.86958	31.629564	132.6113	30.345861	358.33334	333.6	64899	18.094885	13.077325	77.4883	-24.532578	-18.212389	0.7040055	347.6546814441681
60	71.42791	32.77782	112.415	32.182774	101.268654	38.390835	149.03546	41.058716	299.33334	350.5	65999	18.336641	13.107419	74.56778	-26.908485	-18.453985	0.70314837	354.0165388584137
61	104.24884	49.744556	157.63078	37.87718	151.8285	12.338882	180.52197	131.07108	340.0	400.0	67099	18.55182	13.130262	94.615616	-28.860607	-18.66205	0.79660314	360.6192395687103
62	96.95915	36.466377	139.89308	49.384014	103.42873	35.71951	154.68092	39.744812	330.5	368.45	68199	18.794569	13.110984	75.544846	-23.758345	-18.911013	0.6223009	366.6782500743866
63	97.62268	29.130758	134.9636	63.880936	86.60932	29.086689	137.38077	48.754684	363.66666	323.5	69299	18.980223	13.120701	60.43436	-23.235495	-19.093279	0.6341099	374.27714014053345
64	108.2653	10.329893	122.78974	99.6464	79.29823	29.031471	137.02322	32.631115	400.0	302.45	70399	19.169563	13.182075	99.05633	-23.37321	-19.278965	0.77758825	380.2532708644867
65	122.03845	11.745565	137.93152	109.90919	90.698395	34.59921	144.44872	32.738823	391.33334	333.8	71499	19.348763	13.2300625	72.51674	-22.573458	-19.453974	0.6741795	386.1484673023224
66	119.359184	12.405998	131.76518	106.953186	128.5888	24.06862	156.07903	45.39774	400.0	386.25	72599	19.547068	13.2377405	83.11809	-22.523596	-19.654152	0.6884609	394.3435776233673
67	137.6384	4.6776366	144.03818	132.9885	119.69051	20.532194	163.49576	54.929325	400.0	392.9	73699	19.69939	13.195551	72.09328	-21.876284	-19.80516	0.6933559	402.4096143245697
68	127.02954	14.815453	147.98102	116.40108	137.90384	10.990173	152.59294	116.12942	400.0	400.0	74799	19.897757	13.156319	87.67303	-21.349379	-20.009212	0.7113629	410.5622715950012
69	108.70483	3.0812843	111.864075	104.526	121.89525	34.114468	163.74525	54.949043	400.0	361.45	75899	20.089851	13.159967	77.39611	-21.17131	-20.196358	0.6230137	417.14637303352356
70	113.23883	36.64617	142.35043	61.55085	120.493065	38.404602	152.75325	18.235455	343.33334	372.2	76999	20.231836	13.185759	68.069534	-20.62164	-20.341738	0.64471406	423.17993211746216
71	130.64061	1.0269165	131.66753	129.6137	139.92249	32.98018	174.28004	44.272713	400.0	377.85	78099	20.454786	13.18109	73.06151	-24.255041	-20.570982	0.6836637	429.65205359458923
72	127.241005	8.188148	136.72285	116.743385	148.05081	13.49621	175.16693	120.28793	400.0	400.0	79199	20.650728	13.127659	74.599655	-20.752785	-20.770628	0.6305722	437.7756600379944
73	125.65045	4.4440527	129.74313	119.4735	137.32162	16.57976	162.89664	96.20807	400.0	398.05	80299	20.825895	13.108001	70.17237	-20.415577	-20.944979	0.62508225	445.9080250263214
74	136.99054	18.367846	155.89044	112.10809	145.83546	18.35229	190.54053	108.24116	400.0	400.0	81399	21.019566	13.098802	88.40004	-59.54667	-21.14032	0.72988135	452.50235772132874
75	152.35553	22.651749	175.00728	129.70378	126.68447	32.52036	177.1852	18.090878	400.0	389.1	82499	21.239086	13.138855	113.65684	-41.965298	-21.367563	0.7947133	458.9352958202362
76	126.87203	12.146899	143.65007	115.290245	110.36102	42.574566	162.75232	20.805702	400.0	356.3	83599	21.479013	13.0996065	82.90568	-20.87273	-21.605703	0.7292316	464.5048840045929
77	130.3008	10.011223	139.7719	116.45149	14.483975	35.063694	81.88432	-24.080944	400.0	202.25	84699	21.719217	13.06028	94.631714	-45.63215	-21.846151	0.7550212	469.7036476135254
78	134.46948	11.233016	142.51122	118.584015	140.99791	27.514465	190.07231	56.605114	400.0	395.15	85799	21.962404	13.030938	63.8593	-29.584038	-22.096943	0.67996216	475.8984727859497
79	138.62895	5.639786	144.26874	132.98917	132.16551	30.632	180.4253	31.219755	400.0	392.65	86899	22.260345	13.011956	66.76352	-21.479841	-22.385853	0.6393044	483.8915729522705
80	154.12718	6.064045	162.0362	147.30133	145.37982	16.93321	202.62567	126.533066	400.0	400.0	87999	22.502308	13.02967	83.13118	-21.56326	-22.632881	0.75251454	490.718453168869
81	105.9238	56.306396	174.3388	36.42954	148.5888	12.238035	169.69849	121.259	385.0	400.0	89099	22.682657	12.984625	71.962616	-21.706715	-22.804045	0.6490048	498.9152066707611
82	120.8681	29.168493	151.39594	81.57837	119.70245	16.257618	173.92552	96.11784	400.0	400.0	90199	22.854502	13.003103	82.61148	-39.33142	-22.981638	0.8079225	505.3873727321625
83	137.6031	23.402184	161.93842	106.01026	124.21043	24.030123	146.34175	31.814978	400.0	387.8	91299	23.059975	12.994048	64.22002	-21.69662	-23.18914	0.62417746	511.9237530231476
84	130.06558	2.790783	132.85637	127.2748	131.48863	28.615217	169.58269	52.265835	380.0	386.55	92399	23.348963	12.996149	72.75214	-21.654076	-23.480036	0.7691768	518.5272843837738
85	146.19627	29.75814	187.3851	118.12318	136.00601	16.77848	172.13348	114.66874	400.0	400.0	93499	23.596907	13.017518	70.81154	-38.069023	-23.736872	0.7466668	524.9420487880707
86	136.22455	18.991627	158.59279	112.16529	133.72678	27.652157	161.2006	30.578455	400.0	393.45	94599	23.934689	12.948077	74.62452	-32.775215	-24.073252	0.6694235	531.5669038295746
87	152.80667	17.348568	173.99864	131.50394	124.373886	11.685509	151.65254	101.68553	400.0	400.0	95699	24.239857	12.956622	85.5392	-26.972881	-24.374788	0.83965623	540.1009669303894
88	135.0379	4.842369	139.88028	130.19554	141.31865	10.999081	156.58919	118.26043	400.0	400.0	96799	24.631733	12.933711	72.27629	-27.880934	-24.793991	0.6690405	546.6602387428284
89	116.827	22.93275	137.01265	84.75075	56.97655	30.717697	115.147644	11.338929	400.0	339.65	97899	24.982586	12.839587	75.88072	-20.943077	-25.1299	0.6953429	553.3728885650635
90	113.048195	56.191216	163.38083	34.626385	105.646164	31.169247	153.29489	38.387196	378.66666	368.3	98999	25.231213	12.853689	73.27579	-21.258146	-25.374865	0.69712156	559.452348947525
91	113.884865	1.8214923	116.39159	112.11768	136.9292	20.85614	180.96802	96.005295	400.0	400.0	100099	25.489902	12.837552	87.531334	-49.261997	-25.635042	0.8150606	566.1422891616821
92	125.82661	26.010744	146.01524	89.10238	131.67395	23.89881	167.75961	77.08196	400.0	400.0	101199	25.82062	12.780635	86.63678	-21.017702	-25.967436	0.67096657	572.3824148178101
93	99.43966	7.065796	106.505455	92.37386	107.921585	35.959564	148.4687	30.889067	400.0	375.8	102299	26.002378	12.808229	79.44413	-20.854628	-26.144775	0.6736357	578.9754495620728
94	131.87862	7.0785675	141.88303	126.57154	144.85931	18.814583	189.08289	107.17536	400.0	400.0	103399	26.27733	12.774631	77.20854	-21.002678	-26.41688	0.6999549	585.6369624137878
95	124.65464	2.2344024	127.3901	121.916954	124.43654	16.947786	149.17377	83.783455	400.0	400.0	104499	26.45529	12.760139	88.002426	-21.634447	-26.60012	0.7620921	592.4378681182861
96	130.56197	14.168644	146.5617	112.11547	143.27591	13.725376	173.33655	119.72678	400.0	400.0	105599	26.672964	12.758418	82.40265	-20.735712	-26.808498	0.5962652	600.5345370769501
97	119.60277	10.073605	129.67638	109.52917	142.12152	14.90293	167.95271	114.01058	400.0	400.0	106699	26.918333	12.6977825	115.39702	-42.29854	-27.069437	0.75616735	608.8194191455841
98	142.16167	8.311454	149.39734	130.52173	138.33441	21.996067	160.23439	58.013214	400.0	391.5	107799	27.133038	12.649451	90.8844	-20.408436	-27.27924	0.62589884	615.0719463825226
99	135.31665	7.478051	143.8268	125.624214	137.63902	13.51415	166.96594	109.34667	400.0	400.0	108899	27.408016	12.592751	81.74349	-20.488409	-27.553007	0.7512069	621.2858302593231
100	142.93872	8.296414	150.55225	131.40076	137.0331	21.374277	169.05139	95.42906	400.0	400.0	109999	27.56109	12.571726	88.638016	-20.600975	-27.692457	0.608658	629.2044394016266
101	130.21352	3.8377113	134.05122	126.3758	130.92392	29.931234	162.76898	15.3529215	400.0	392.65	111099	27.756636	12.537844	76.01852	-22.505657	-27.899916	0.77128476	637.0193452835083
102	141.42813	2.6355987	144.43283	138.0157	145.17429	11.476934	164.8677	122.640434	400.0	400.0	112199	27.967638	12.477077	75.05645	-20.39812	-28.114042	0.694017	645.0988945960999
103	129.95943	8.692081	139.81902	118.671974	151.7569	8.604673	166.05994	135.75764	400.0	400.0	113299	28.115646	12.484253	107.54846	-23.280142	-28.24973	0.6785223	651.2565712928772
104	127.48252	7.9039655	138.55829	120.639046	155.66605	11.471924	175.3284	130.06094	400.0	400.0	114399	28.265455	12.440677	118.63315	-29.552113	-28.3965	0.7971431	657.7556059360504
105	140.79074	10.527336	151.31808	130.26341	124.19608	14.14811	166.8953	97.08945	400.0	400.0	115499	28.407516	12.421759	65.218	-22.133022	-28.545105	0.6321406	665.6391110420227
106	131.96185	17.259975	145.55301	107.607216	137.37152	16.317429	175.53856	113.12998	400.0	400.0	116599	28.543808	12.405367	113.9134	-23.727448	-28.67925	0.7942755	671.8256585597992
107	138.43002	7.3744984	146.24487	128.54172	148.00928	16.219824	174.92294	114.00455	400.0	400.0	117699	28.732304	12.326223	125.95739	-30.608946	-28.87407	0.7853183	678.0743260383606
108	141.43092	5.3833613	148.60652	135.63995	151.97177	23.438673	182.2275	85.61901	400.0	400.0	118799	28.902388	12.270792	78.64669	-23.321674	-29.043283	0.6245779	684.656179189682
109	134.32181	7.9892387	142.31105	126.33257	115.52449	16.600773	146.17992	85.57693	400.0	400.0	119899	29.09072	12.20994	98.7587	-23.411943	-29.228376	0.70665216	692.632807970047
110	140.55034	6.9896483	147.85066	131.12854	147.94456	19.488134	189.1849	109.57509	400.0	400.0	120999	29.286013	12.203959	105.04797	-23.339956	-29.4352	0.70330197	698.8341324329376
111	115.67208	14.298672	134.85428	100.539276	135.58359	16.620102	169.41508	105.830894	400.0	400.0	122099	29.45576	12.173094	97.38963	-28.963018	-29.604424	0.73728704	706.9994759559631
112	134.26784	2.8342588	138.24301	131.83522	139.90079	16.717905	167.9463	110.387085	400.0	400.0	123199	29.646263	12.146978	85.44217	-23.352657	-29.803043	0.67731076	713.6720175743103
113	140.88974	0.16934204	141.05908	140.7204	142.68065	21.845186	174.6603	65.16126	400.0	400.0	124299	29.892412	12.086043	80.61028	-24.116268	-30.054197	0.61478746	720.3860297203064
114	139.30882	14.0719	158.66783	125.63567	142.90926	15.529846	167.26909	106.21407	400.0	400.0	125399	30.100603	12.029954	98.06802	-24.529316	-30.246733	0.64121014	728.5840170383453
115	164.35503	19.082792	181.6217	137.7599	145.3595	21.268187	190.58075	107.296616	400.0	400.0	126499	30.380585	12.041222	84.984436	-40.3343	-30.536377	0.7173034	734.6426146030426
116	136.263	6.9142303	145.72633	129.39969	152.34628	10.367977	169.04985	122.75876	400.0	400.0	127599	30.552069	12.083129	95.09953	-23.760305	-30.706783	0.6588248	741.3725202083588
117	114.31002	44.247097	155.81667	53.002934	152.03294	12.269878	173.4214	131.27711	352.0	400.0	128699	30.782866	12.092301	73.75468	-24.875187	-30.944609	0.7460411	749.6323058605194
118	143.45924	7.093338	150.55258	136.3659	151.86458	11.522615	178.89832	132.5783	400.0	400.0	129799	30.993546	12.044472	111.75137	-24.971062	-31.150629	0.8291656	755.847265958786
119	132.14296	9.636388	145.72697	124.40452	150.73283	14.631065	188.56458	119.49146	400.0	400.0	130899	31.16051	11.992132	69.075485	-25.308043	-31.308708	0.66359824	763.7326686382294
120	147.47246	18.850925	169.7874	123.68294	153.10954	16.736275	179.18243	124.84392	400.0	400.0	131999	31.349735	11.966255	79.86168	-25.290787	-31.50505	0.70484084	770.2070891857147
121	146.18434	8.555116	157.25897	136.42809	135.35123	13.346595	171.79976	115.73941	400.0	400.0	133099	31.56436	11.980945	78.528854	-24.28804	-31.728136	0.6921958	776.3670606613159
122	126.67808	6.4339066	133.11198	120.24417	122.33925	37.45858	158.17824	11.422018	400.0	370.85	134199	31.751844	11.926538	96.42097	-25.199516	-31.906221	0.76665395	782.9201657772064
123	145.70972	10.749256	159.24533	132.9494	144.66545	14.6224985	179.83122	122.925026	400.0	400.0	135299	31.97504	11.920563	102.546974	-25.339458	-32.148098	0.8346355	789.7184016704559
124	139.73543	6.863769	149.43697	134.60696	136.59116	25.359047	163.04988	37.79732	400.0	390.65	136399	32.24646	11.82924	74.685265	-25.039936	-32.421055	0.660118	796.0084111690521
125	137.76764	6.1689215	146.46776	132.85703	149.15858	18.51159	186.56964	121.80253	400.0	400.0	137499	32.447136	11.76788	79.05759	-24.58487	-32.60688	0.6537594	802.709995508194
126	128.93454	3.4977913	132.43233	125.436745	146.80563	11.309199	168.12817	130.8708	400.0	400.0	138599	32.612206	11.778859	89.71264	-24.240822	-32.76752	0.71739846	811.1083996295929
127	147.42352	4.9704623	153.9978	141.98177	154.39151	15.545813	187.73828	130.34439	400.0	400.0	139699	32.809372	11.781291	94.83764	-24.26427	-32.979485	0.7415973	817.3158226013184
128	146.40843	13.199591	163.37263	131.18054	142.01439	13.158264	165.17314	120.166664	400.0	400.0	140799	33.042503	11.7922125	69.59672	-24.399868	-33.22145	0.7269641	823.5937762260437
129	133.77399	28.957169	155.72949	92.85892	138.85832	34.767586	191.00983	30.698801	400.0	387.7	141899	33.32257	11.704956	83.21019	-33.97998	-33.492657	0.84238225	830.2177324295044
130	131.08081	7.4286995	138.5095	123.65211	132.01483	24.404348	164.45107	43.607533	400.0	387.35	142999	33.503258	11.714537	123.43492	-22.236729	-33.67846	0.7769302	836.8090727329254
131	145.58636	18.356417	170.07465	125.88031	148.28693	31.51465	183.92151	25.044384	400.0	387.25	144099	33.6818	11.687629	93.765816	-21.93024	-33.836327	0.7675431	844.9669058322906
132	147.12233	15.640951	167.15428	128.98233	157.83638	17.388195	186.16353	109.85406	400.0	400.0	145199	33.875393	11.695227	108.5328	-22.121346	-34.05009	0.77220446	852.9395723342896
133	146.45216	2.1493287	149.05876	143.79474	145.1633	11.467452	168.07278	126.083496	400.0	400.0	146299	34.13866	11.612369	90.03235	-22.176346	-34.312557	0.7946045	859.5838391780853
134	128.13335	18.782318	146.91566	109.35103	143.10406	13.237239	174.72404	115.72669	400.0	400.0	147399	34.32556	11.596667	94.016075	-21.429714	-34.50052	0.78639907	866.3218894004822
135	137.76678	8.692583	144.13795	125.476395	142.6277	13.725216	162.77766	107.549515	400.0	400.0	148499	34.495403	11.588613	95.28608	-22.104143	-34.67733	0.7610425	873.0565001964569
136	132.8261	12.3736515	147.50967	117.24081	142.20464	11.930584	174.37024	124.245926	400.0	400.0	149599	34.686066	11.508552	96.10144	-21.751247	-34.870487	0.8177911	879.2670712471008
137	113.528435	13.088041	129.25357	97.21097	141.87947	16.092165	183.59714	119.36354	400.0	400.0	150699	34.89519	11.434761	73.40608	-38.939472	-35.07491	0.7988934	887.5960676670074
138	98.26351	68.13997	166.17467	5.0994983	136.53601	18.636913	180.44635	100.148544	322.0	400.0	151799	35.064182	11.450321	97.006325	-41.124714	-35.244564	0.83797693	894.3370203971863
139	135.76318	7.5077147	141.33725	125.15017	149.56021	9.832084	173.13805	133.16301	400.0	400.0	152899	35.271416	11.358955	95.91804	-41.203842	-35.466663	0.86354584	901.0068490505219
140	131.06682	1.6769682	133.43819	129.85362	145.82936	11.869118	173.63844	127.330536	400.0	400.0	153999	35.53817	11.258647	87.68915	-39.285786	-35.733963	0.8217258	907.692211151123
141	111.51956	1.019844	112.539406	110.49972	153.28433	19.361198	185.04272	121.279396	400.0	400.0	155099	35.681145	11.200029	102.47604	-40.543365	-35.875843	0.88682353	914.3028337955475
142	135.33516	12.537959	152.68398	123.48829	156.94972	13.686947	183.99078	129.9448	400.0	400.0	156199	35.933437	11.062521	96.24907	-56.47471	-36.127193	0.76715654	920.4854567050934
143	135.92601	6.334718	141.30032	127.031555	134.4192	16.903442	178.22816	108.73545	400.0	400.0	157299	36.132042	10.962151	169.38391	-38.77091	-36.315834	0.88149095	928.4091804027557
144	149.66743	2.7273753	153.38423	146.91634	149.91028	14.859732	185.46558	126.45712	400.0	400.0	158399	36.298363	10.835512	79.729294	-37.128586	-36.479004	0.7467196	934.1494870185852
145	131.83247	7.690033	139.5225	124.14244	143.34885	13.573205	166.30998	116.53715	400.0	400.0	159499	36.391468	10.815739	108.350334	-35.377716	-36.569504	0.9251966	942.2368657588959
146	152.46791	23.148726	178.7342	122.41269	156.39296	16.416647	191.9194	134.50015	400.0	400.0	160599	36.503345	10.746408	102.916115	-34.339634	-36.678947	0.85579145	950.4522571563721
147	145.58781	0.4904687	146.09262	144.92345	143.30794	14.647049	175.49008	122.75202	400.0	400.0	161699	36.65206	10.612505	86.14315	-33.07376	-36.826828	0.7675141	956.6669907569885
148	162.2949	5.303149	169.75563	157.90251	150.01984	14.551218	183.32407	129.97205	400.0	400.0	162799	36.72462	10.583718	139.25931	-33.14505	-36.90534	0.8478441	964.7668263912201
149	135.53448	0.28890228	135.8234	135.24559	141.58997	17.41851	173.47429	108.38941	400.0	400.0	163899	36.81961	10.5331135	97.02202	-32.39535	-36.992554	0.8756316	971.3682825565338
150	141.20755	5.911536	146.56113	132.96985	141.86472	17.363268	190.74477	121.885574	400.0	400.0	164999	36.910164	10.404248	70.09191	-30.463392	-37.07926	0.71185225	978.0111184120178
151	130.13934	4.793993	134.82722	123.55378	142.58305	18.531902	182.32117	111.61632	400.0	400.0	166099	37.017426	10.272523	131.2536	-29.95373	-37.182274	0.862748	985.7866337299347
152	151.2981	1.4794434	153.25601	149.68034	141.02994	16.48265	179.9336	120.15667	400.0	400.0	167199	37.02324	10.220616	92.59211	-30.613173	-37.188946	0.7820359	992.3766067028046
153	129.67668	9.770874	139.44756	119.90581	140.39084	11.466542	166.56741	124.75987	400.0	400.0	168299	37.05478	10.172065	86.66939	-29.683622	-37.214203	0.77270484	999.034943819046
154	145.4355	16.362173	168.57443	133.7129	146.12057	13.006159	168.1227	121.10381	400.0	400.0	169399	37.065655	10.18369	93.9994	-29.34916	-37.226547	0.74738514	1005.2487950325012
155	126.42927	18.148663	148.18558	103.75882	142.89508	18.014421	195.93044	119.40715	400.0	400.0	170499	37.110535	10.160468	98.15418	-29.839287	-37.282543	0.8530015	1011.9301636219025
156	143.36292	16.93262	167.04578	128.45361	148.80344	24.877464	187.81493	101.621284	400.0	400.0	171599	37.238384	10.093962	96.41031	-30.521427	-37.41245	0.788773	1019.3010785579681
157	152.41095	15.515991	167.92694	136.89496	138.32068	12.362128	174.47034	119.73193	400.0	400.0	172699	37.324135	10.104269	109.98768	-31.685686	-37.49166	0.80698717	1026.1107754707336
158	129.91634	13.51061	149.00612	119.671196	121.362656	17.59357	165.44638	97.134766	400.0	400.0	173799	37.38435	10.129833	96.220146	-32.18072	-37.556217	0.7962148	1033.111156463623
159	128.80363	17.725868	142.53175	103.774666	125.336075	11.159306	152.92137	105.64214	400.0	400.0	174899	37.460842	10.116131	80.974724	-30.47735	-37.629967	0.71740204	1041.0072498321533
160	121.56315	12.878785	136.84735	105.34261	132.88358	16.559462	163.13586	106.8357	400.0	400.0	175999	37.550156	10.104807	91.10831	-29.372927	-37.72007	0.7893855	1048.9390258789062
161	131.24966	15.172478	146.42215	116.077194	127.88192	18.448673	165.70107	95.23092	400.0	400.0	177099	37.59034	10.097166	85.510735	-27.201118	-37.76965	0.77143276	1055.7354362010956
162	106.366295	5.353329	113.088974	99.98976	129.73564	20.838213	185.17693	80.76559	400.0	400.0	178199	37.680325	10.054467	94.90779	-49.664413	-37.851086	0.85203326	1063.7149980068207
163	141.47179	4.497785	147.54276	136.79233	140.04808	12.353694	158.29369	116.40658	400.0	400.0	179299	37.777863	10.022272	102.96506	-26.378822	-37.945114	0.7466861	1071.823763370514
164	126.98681	19.040892	146.25175	101.06078	132.8557	14.309582	160.64227	104.76169	400.0	400.0	180399	37.79499	10.055854	105.76614	-40.170155	-37.956154	0.74837095	1077.9724016189575
165	144.89099	13.248215	158.1392	131.64278	134.2512	16.655561	169.17157	111.25479	400.0	400.0	181499	37.884155	10.09741	106.383026	-27.005795	-38.07258	0.7939386	1084.1668241024017
166	129.84686	14.96334	143.38612	108.99289	142.9247	13.657786	172.328	115.77161	400.0	400.0	182599	38.006798	10.060679	126.59967	-26.852322	-38.177666	0.68872046	1090.431735754013
167	138.82881	1.0264617	139.9337	137.46098	145.29558	13.015606	176.89069	130.85269	400.0	400.0	183699	38.136707	10.051724	104.61462	-26.259779	-38.326435	0.72618544	1096.6259982585907
168	131.9225	20.32226	159.14058	110.32138	125.022606	18.995037	159.42746	90.67991	400.0	400.0	184799	38.29328	10.033836	110.789	-26.090843	-38.47012	0.8092731	1103.308912038803
169	157.19238	2.7094345	159.90182	154.48296	114.06437	19.298775	154.40741	78.63634	400.0	400.0	185899	38.423622	10.04451	82.65966	-27.298702	-38.606533	0.6459406	1109.5225665569305
170	117.40881	14.347757	136.8444	102.64319	128.28377	15.067729	160.8163	105.12286	400.0	400.0	186999	38.52711	10.045372	113.80438	-34.810276	-38.708252	0.8625567	1115.8732776641846
171	137.4186	8.917295	147.62646	125.90164	148.38373	12.1963215	171.78033	131.73726	400.0	400.0	188099	38.577724	10.066194	147.04898	-28.117651	-38.757275	0.7738381	1122.9208800792694
172	137.6379	9.961141	150.8203	126.74499	154.21294	15.634471	180.873	122.346344	400.0	400.0	189199	38.7192	10.027557	94.16437	-27.094402	-38.902847	0.7731439	1129.5947105884552
173	120.58583	3.9023438	124.488174	116.68349	130.7895	18.386877	171.23846	82.23277	400.0	400.0	190299	38.850876	10.008963	83.04386	-26.008062	-39.034054	0.7335848	1137.5656020641327
174	114.39417	6.78067	123.3504	106.948616	132.1569	28.01563	192.78416	87.1713	400.0	400.0	191399	38.907738	10.027199	152.84702	-26.312328	-39.08901	0.83643204	1145.4790246486664
175	130.82335	7.589887	137.41302	120.19081	129.47226	23.738852	168.56238	88.61764	400.0	400.0	192499	39.027107	9.986811	99.903366	-24.105753	-39.21075	0.7093973	1152.3252356052399
176	127.42164	12.506204	143.1998	112.61194	130.13515	27.21392	182.06682	92.64803	400.0	400.0	193599	39.11133	9.971641	105.99179	-25.19606	-39.290844	0.7474532	1160.4581637382507
177	125.1333	4.751774	129.88507	120.38152	148.8421	14.565804	175.45584	120.970276	400.0	400.0	194699	39.12521	9.990844	101.159035	-25.272642	-39.307613	0.79042655	1167.1790444850922
178	130.2436	13.541564	148.95035	117.33995	135.59753	18.66141	178.0949	96.75347	400.0	400.0	195799	39.280582	9.93632	83.61911	-23.952106	-39.472324	0.6996344	1175.1970009803772
179	87.822334	8.558538	99.17095	78.503914	123.24404	9.180171	145.0907	111.41349	400.0	400.0	196899	39.383686	9.854621	105.42199	-23.307888	-39.579536	0.84108096	1181.3529930114746
180	121.27728	6.301137	129.40544	114.049934	122.24452	30.576815	164.5957	34.628475	400.0	387.7	197999	39.441666	9.87377	86.89459	-24.322672	-39.61676	0.77236795	1187.7860124111176
181	92.28905	4.001507	96.29056	88.287544	139.89954	19.703217	180.90964	102.555176	400.0	400.0	199099	39.425217	9.831867	84.74112	-24.037094	-39.590157	0.7108786	1195.6303973197937
182	134.93188	12.397517	148.05507	118.30132	142.10693	15.839006	181.57619	120.55402	400.0	400.0	200199	39.45746	9.839137	106.62171	-24.498726	-39.630978	0.7638061	1202.1479439735413
183	129.35597	16.290846	150.07878	110.27612	144.38977	27.928944	178.57129	46.049118	400.0	393.25	201299	39.42644	9.8545265	99.0938	-23.826504	-39.60055	0.7869195	1209.9247062206268
184	133.10747	6.220707	141.62883	126.95321	153.5157	14.399997	175.70555	131.62398	400.0	400.0	202399	39.450294	9.764531	121.17378	-29.79919	-39.626114	0.88356805	1216.448494195938
185	141.58795	1.3440323	142.93198	140.24391	145.47519	21.169832	186.12148	112.918304	400.0	400.0	203499	39.441853	9.679045	94.70914	-21.627253	-39.613617	0.6782363	1224.5942006111145
186	140.12463	18.591528	164.26187	119.02758	142.58765	15.23417	171.22517	115.85005	400.0	400.0	204599	39.421757	9.649487	106.572334	-21.485596	-39.578396	0.71228033	1230.9414381980896
187	138.16052	6.7059274	144.46799	128.8736	149.74942	15.692313	186.58325	121.58453	400.0	400.0	205699	39.35513	9.615389	110.02809	-22.019224	-39.511497	0.8172933	1237.5538184642792
188	121.259254	2.9650202	125.15637	117.970406	134.94803	31.122543	162.84279	11.849273	400.0	391.0	206799	39.31566	9.58018	87.52598	-21.640041	-39.4711	0.7125858	1243.6968352794647
189	142.4335	7.674324	150.10782	134.75917	145.41913	7.473452	159.09119	131.84511	400.0	400.0	207899	39.241314	9.523812	117.979576	-18.401129	-39.40816	0.802013	1251.6923577785492
190	150.5768	5.3442154	158.1032	146.21698	149.06784	16.882969	166.51184	88.92993	400.0	400.0	208999	39.14755	9.480429	100.00204	-20.256077	-39.286877	0.8332204	1259.6137971878052
191	132.7156	5.2172837	139.15305	126.37445	140.30939	20.99921	179.6943	96.17195	400.0	400.0	210099	39.047108	9.454668	144.68948	-35.00283	-39.193695	0.7989855	1267.7470922470093
192	136.8575	13.302368	151.88171	119.54059	135.52249	14.324923	156.81061	108.289894	400.0	400.0	211199	38.97927	9.380233	86.344025	-20.015442	-39.13268	0.6894916	1275.4404919147491
193	131.21828	6.760372	137.97865	124.45791	129.26015	16.183483	158.49744	97.55809	400.0	400.0	212299	38.89698	9.398877	120.442764	-52.674248	-39.042435	0.8957218	1283.4417889118195
194	147.13698	0.5378385	147.52617	146.37643	149.74536	10.65392	167.27295	131.66243	400.0	400.0	213399	38.823425	9.300708	78.205215	-19.283915	-38.958836	0.6529764	1289.4703617095947
195	132.24799	22.588076	149.04605	100.31811	135.9558	13.402924	163.93782	106.00636	400.0	400.0	214499	38.655235	9.319077	92.56255	-17.471119	-38.794914	0.73682517	1296.008508682251
196	110.6791	15.991354	123.4171	88.127	128.83183	27.499292	162.90881	21.987978	400.0	387.05	215599	38.572742	9.249411	100.10763	-17.908514	-38.709824	0.76041436	1302.0784442424774
197	131.46222	12.74316	144.20538	118.71906	130.60916	22.344301	170.40796	92.96265	400.0	400.0	216699	38.485184	9.206638	125.19298	-27.419281	-38.633316	0.79930687	1308.7078359127045
198	135.1715	4.178222	139.53917	129.54108	142.96689	16.652739	178.74678	95.05324	400.0	400.0	217799	38.450333	9.186817	102.76133	-15.990005	-38.593384	0.68891543	1315.2244853973389
199	128.16628	5.7656546	135.35768	121.24237	131.54709	26.823925	182.65428	82.504845	400.0	400.0	218899	38.415787	9.143557	108.054146	-16.442446	-38.56968	0.7690797	1321.7557284832
200	134.87024	3.8143337	140.25778	131.94293	151.69511	14.5646	171.67612	124.242775	400.0	400.0	219999	38.394863	9.021533	84.36229	-14.694643	-38.537907	0.6552136	1327.9205873012543
201	130.55661	0.17240143	130.729	130.3842	133.47696	20.758373	165.83492	94.453354	400.0	400.0	221099	38.296787	9.066018	106.05772	-23.804134	-38.4325	0.7180188	1334.5941889286041
202	129.60936	5.898201	137.27301	122.92543	142.10924	16.367403	165.21121	107.10202	400.0	400.0	222199	38.26565	9.047866	88.92909	-13.800534	-38.405807	0.68748	1342.9003736972809
203	125.71735	21.353487	148.61198	97.21618	148.56622	18.537317	180.01372	108.46444	400.0	400.0	223299	38.230377	9.007443	87.132256	-12.429031	-38.374832	0.6845391	1351.1194894313812
204	148.95673	13.253421	167.65453	138.47914	142.13235	17.347246	170.35555	109.17671	400.0	400.0	224399	38.254757	8.963918	90.28496	-36.918953	-38.40588	0.7734792	1357.5211672782898
205	128.67986	10.493343	139.1732	118.186516	146.52634	17.381233	178.54056	109.66969	400.0	400.0	225499	38.27663	8.880201	98.17997	-10.962521	-38.428272	0.62227327	1364.1431021690369
206	146.8481	14.551178	161.703	127.0876	132.50308	13.60772	166.66478	118.95221	400.0	400.0	226599	38.288548	8.857945	77.2209	-9.976707	-38.44074	0.61752135	1370.7422380447388
207	139.94466	9.414908	151.5069	128.44543	138.12721	16.179756	178.74406	108.13477	400.0	400.0	227699	38.28479	8.799116	92.86875	-10.098223	-38.434246	0.6733548	1378.6361484527588
208	146.7899	8.702956	157.25592	135.94806	158.77	17.254555	185.7606	128.58615	400.0	400.0	228799	38.33542	8.807039	108.80543	-27.614857	-38.490795	0.84057236	1385.3732569217682
209	150.14944	34.598045	184.7475	115.55141	145.11198	16.943441	174.33275	101.82308	400.0	400.0	229899	38.386547	8.729909	101.19599	-15.836642	-38.53952	0.7552198	1393.4555234909058
210	144.41383	7.602558	151.83318	133.96523	154.56076	12.049903	184.2189	129.85916	400.0	400.0	230999	38.404778	8.694507	118.52874	-8.911934	-38.553223	0.7365689	1399.9761967658997
211	138.34718	8.403027	144.4696	126.465355	156.0705	11.733929	185.88875	138.15158	400.0	400.0	232099	38.416965	8.709577	90.64453	-8.988079	-38.57173	0.66449666	1406.5436899662018
212	149.97899	20.901205	179.53545	134.88147	151.28696	14.42512	175.04745	129.00131	400.0	400.0	233199	38.438324	8.674949	116.986755	-11.113485	-38.579426	0.73726654	1412.7360196113586
213	139.47754	5.2600327	144.73758	134.21751	150.28311	14.694065	182.73804	125.43178	400.0	400.0	234299	38.42416	8.677984	156.02646	-40.44484	-38.563534	0.85679996	1420.5811092853546
214	145.77759	25.301907	179.5497	118.65126	153.74783	13.427811	190.08272	133.21545	400.0	400.0	235399	38.40812	8.636804	85.874214	-10.488281	-38.5521	0.5499098	1428.6794061660767
215	135.4011	31.986803	176.4314	98.389915	153.3293	9.810307	176.67725	134.03801	400.0	400.0	236499	38.38737	8.584002	81.9339	-9.784124	-38.53221	0.6302748	1435.1211490631104
216	150.53961	18.099775	173.97314	129.90349	126.018906	17.01418	156.52533	99.23104	400.0	400.0	237599	38.40892	8.606759	122.4504	-21.511236	-38.556335	0.79440594	1442.2375688552856
217	155.02676	10.656967	165.68373	144.3698	147.60971	10.052425	175.59033	133.38686	400.0	400.0	238699	38.448624	8.547799	93.08036	-10.886441	-38.593975	0.6221156	1448.835000038147
218	129.03224	10.909018	140.47614	114.349945	156.6382	16.0487	184.48564	126.516495	400.0	400.0	239799	38.429325	8.596986	91.92725	-10.126442	-38.57415	0.6191826	1457.0246939659119
219	133.26317	9.156201	145.71289	123.95491	155.6657	14.128051	182.79115	123.64697	400.0	400.0	240899	38.421364	8.586967	101.69348	-10.202619	-38.57098	0.719955	1463.5002553462982
220	137.3891	9.627007	148.23068	124.83641	149.71066	15.790739	174.29492	117.801544	400.0	400.0	241999	38.47966	8.538829	123.705025	-15.368826	-38.623886	0.74524266	1470.0251483917236
221	173.68625	1.4898607	175.1761	172.19638	153.62755	13.1778	179.04561	130.96841	400.0	400.0	243099	38.49972	8.516113	127.605156	-12.182908	-38.647846	0.63938826	1477.8423631191254
222	135.0151	1.1249695	136.40082	133.64536	147.84073	16.501371	183.36093	118.129456	400.0	400.0	244199	38.492844	8.498849	105.54203	-9.285332	-38.630585	0.6861568	1484.0474770069122
223	149.27228	14.149118	162.56554	129.67331	153.90038	17.915882	187.10405	121.08534	400.0	400.0	245299	38.511368	8.459501	99.37265	-10.252548	-38.663055	0.73116064	1490.373545885086
224	142.67036	7.063878	150.24094	133.2404	149.80617	14.12015	174.75035	124.82841	400.0	400.0	246399	38.54633	8.414108	124.46278	-23.029701	-38.68473	0.661966	1497.1010987758636
225	131.00124	7.5847893	138.58603	123.41645	148.05717	28.627998	176.95126	32.663254	400.0	386.3	247499	38.53961	8.374135	105.31386	-8.570726	-38.67983	0.6412961	1504.8721051216125
226	142.23993	4.4869914	145.82028	135.91264	157.11044	12.626354	179.47502	124.44794	400.0	400.0	248599	38.545372	8.344759	126.27537	-8.392223	-38.696182	0.6846589	1513.0199918746948
227	133.22078	9.624149	144.55544	121.028076	151.22124	12.9010105	171.85622	123.13235	400.0	400.0	249699	38.55638	8.301159	90.92788	-7.959029	-38.69842	0.6930481	1519.1235165596008
228	153.34085	17.423113	172.55847	130.3769	156.18677	12.793375	184.76762	138.47188	400.0	400.0	250799	38.56038	8.285442	91.41449	-8.436205	-38.698437	0.6525546	1525.2890174388885
229	177.8959	0.6293869	178.5253	177.26653	151.10422	18.526014	191.1473	124.88755	400.0	400.0	251899	38.56264	8.296734	115.61532	-13.590612	-38.702038	0.7088297	1531.9434850215912
230	157.8861	8.193496	169.42326	151.18468	146.72641	13.942744	179.47679	124.573975	400.0	400.0	252999	38.591614	8.250507	87.67676	-25.067839	-38.735695	0.7212749	1538.1926329135895
231	137.89153	5.097429	144.61641	132.28017	157.50307	17.11155	192.77713	129.79774	400.0	400.0	254099	38.57233	8.222896	92.36289	-5.7565784	-38.707314	0.6676284	1546.524482011795
232	136.8878	16.796272	160.50342	122.86658	147.07932	17.704342	187.10205	122.08183	400.0	400.0	255199	38.612747	8.200417	87.75927	-6.1057925	-38.76206	0.6528403	1552.6349008083344
233	152.66644	5.207123	157.87357	147.45932	141.98727	14.341558	188.49194	125.373405	400.0	400.0	256299	38.64329	8.141763	100.643265	-5.8831754	-38.777004	0.7153279	1559.41455245018
234	147.3493	19.541122	174.9767	132.9627	152.75223	11.640643	182.4171	133.44737	400.0	400.0	257399	38.616894	8.123958	89.0128	-11.403601	-38.756023	0.64478934	1567.2698085308075
235	151.58281	10.096599	162.02853	137.92923	150.4252	17.219543	190.94753	118.558365	400.0	400.0	258499	38.687927	8.055165	97.887085	-13.559996	-38.82918	0.6317835	1573.564120054245
236	131.62996	4.962416	135.2343	124.612915	152.77776	17.00562	184.53488	129.06688	400.0	400.0	259599	38.667484	8.040208	105.93284	-6.382686	-38.796238	0.59386957	1581.471699476242
237	135.25017	1.0850067	136.33517	134.16516	152.87343	17.334808	192.93932	121.57873	400.0	400.0	260699	38.64789	7.982485	93.32678	-8.762421	-38.789703	0.6322485	1589.577713727951
238	139.25648	13.96581	155.71666	121.57321	153.87852	12.9305315	182.68877	127.57148	400.0	400.0	261799	38.670624	7.923314	88.77445	-25.50976	-38.807304	0.7008495	1596.1029438972473
239	148.59016	21.62478	173.53575	120.79631	137.51187	15.654514	176.92091	114.07897	400.0	400.0	262899	38.656555	7.9242606	89.48214	-7.591221	-38.785137	0.6600646	1602.3627381324768
240	149.7773	21.264269	177.61003	125.998985	145.01962	15.809679	174.66551	121.60178	400.0	400.0	263999	38.645935	7.938863	95.32601	-9.649028	-38.780354	0.72657436	1609.2280790805817
241	151.99678	5.4868317	157.48361	146.50995	155.03354	17.323263	186.05553	126.27749	400.0	400.0	265099	38.6067	7.9321713	112.22143	-7.447444	-38.742466	0.7165465	1615.5887823104858
242	159.68279	5.5274873	167.48785	155.40576	145.0281	17.157148	177.5432	118.96305	400.0	400.0	266199	38.666862	7.8989916	78.149605	-7.4708166	-38.80335	0.61252624	1622.1631343364716
243	143.58972	10.913517	158.0347	131.65935	149.00659	13.173287	181.75607	131.12383	400.0	400.0	267299	38.666428	7.923876	91.97657	-22.58717	-38.80184	0.7076477	1628.2793905735016
244	138.87384	10.56315	150.8886	125.17852	147.45824	13.559107	179.49251	129.48201	400.0	400.0	268399	38.680714	7.9119678	134.6996	-21.30054	-38.81348	0.7028898	1635.0234518051147
245	157.25462	7.121628	164.37625	150.133	143.31575	26.206297	178.13158	41.611942	400.0	389.0	269499	38.64978	7.9211497	108.57734	-42.237724	-38.782017	0.6997495	1641.76917552948
246	149.43501	22.947975	176.73663	120.58945	151.4764	13.630172	171.237	124.42518	400.0	400.0	270599	38.642353	7.875917	95.51166	-15.376371	-38.775745	0.6975533	1648.0593116283417
247	135.1442	5.8801894	143.18594	129.28957	140.11464	14.555287	166.37877	120.20163	400.0	400.0	271699	38.638172	7.871649	98.57885	-12.841493	-38.772167	0.7214242	1654.67329454422
248	153.34538	12.7289295	169.79993	138.79558	161.67964	13.183151	182.88791	132.82367	400.0	400.0	272799	38.6571	7.8388934	217.97618	-67.89118	-38.79231	1.0000668	1661.6908249855042
249	152.69633	3.5201569	156.21649	149.17618	141.94827	11.897818	161.50957	123.532265	400.0	400.0	273899	38.718876	7.755944	89.10454	-7.9010897	-38.85712	0.55152637	1668.4090361595154
250	149.74799	7.3355966	158.64159	140.67578	130.7152	43.115494	170.916	1.2958926	400.0	372.75	274999	38.700897	7.747919	97.17343	-7.734212	-38.82897	0.6454142	1674.9409012794495
