Epoch	AverageEpRet	StdEpRet	MaxEpRet	MinEpRet	AverageTestEpRet	StdTestEpRet	MaxTestEpRet	MinTestEpRet	EpLen	TestEpLen	TotalEnvInteracts	AverageQVals	StdQVals	MaxQVals	MinQVals	LossPi	LossQ	Time
1	289.2254	7.019821	296.24524	282.2056	143.9036	118.81906	304.60992	-9.4029045	400.0	291.1	1099	0.78554416	0.22398628	1.2869656	-0.14109525	-0.8363678	0.05031727	2.519711971282959
2	251.71448	2.2213314	254.74474	249.482	230.33713	104.79789	304.04218	18.621492	400.0	340.0	2199	3.0372195	1.2233032	5.625306	0.32108712	-3.1263454	0.019970443	9.583778381347656
3	285.48343	23.845268	303.9118	251.81128	33.648876	88.963425	260.51236	-182.42519	400.0	239.45	3299	6.8695416	1.3346545	9.504786	0.648597	-6.9544754	0.013028245	16.03288745880127
4	299.37952	3.7963605	304.62387	295.76178	88.155754	113.95947	281.47067	-99.572624	400.0	325.3	4399	10.723002	1.4248222	13.533125	3.7388217	-10.828904	0.011833609	22.44955801963806
5	302.09113	2.390854	304.48196	299.70026	32.69831	62.7717	188.37997	-104.65988	400.0	196.4	5499	14.69292	1.5105972	17.478888	6.291436	-14.860877	0.0109359	28.03310537338257
6	294.6107	0.91176045	295.36716	293.32812	-58.10623	103.371	46.387085	-248.29387	400.0	223.1	6599	18.982624	1.6709546	22.162138	9.454531	-19.272701	0.0077620973	33.798840045928955
7	286.9404	10.021414	294.60733	272.7843	25.984762	58.66541	124.23007	-148.77005	400.0	213.35	7699	23.523264	1.7504466	27.040184	12.334419	-23.837929	0.007873303	39.967124938964844
8	293.8904	7.3904505	301.67148	283.95676	-23.236835	84.75375	43.476826	-278.233	400.0	210.45	8799	27.75892	1.809636	31.786242	14.563672	-28.064201	0.00917291	46.174724817276
9	276.41937	1.1955414	277.61493	275.22385	-34.184532	130.3882	150.45882	-349.76053	400.0	213.95	9899	31.852364	1.9432358	36.108505	16.930094	-32.183994	0.01210851	52.41700792312622
10	288.03012	0.9434581	289.315	287.07623	-52.264843	119.45002	116.86622	-313.51996	400.0	254.95	10999	35.65812	1.9554247	40.44001	20.14816	-35.946674	0.013352682	58.36292505264282
11	301.52054	1.1959146	302.7496	299.89984	-0.43536225	83.49791	129.12578	-166.8716	400.0	247.55	12099	39.268147	2.0517466	45.099606	23.209255	-39.595165	0.01321957	65.86779236793518
12	302.3668	1.1159234	303.75363	301.02112	-25.042831	104.636986	87.29915	-227.16257	400.0	195.95	13199	43.074898	2.1928816	49.867546	25.774164	-43.47311	0.0140758185	72.90066933631897
13	272.1923	17.368713	289.561	254.82358	-15.867258	99.792534	118.06967	-261.2333	400.0	263.75	14299	46.782574	2.339415	54.23833	28.44053	-47.176037	0.019175213	79.12522339820862
14	290.0603	3.8061624	295.41312	286.89307	8.482396	80.52986	124.30412	-169.84114	400.0	221.9	15399	50.260418	2.5107613	58.284126	31.258265	-50.63599	0.018542454	86.35632944107056
15	6.097548	34.714867	41.673977	-65.713326	55.81864	57.472343	151.3313	-111.34019	174.14285	247.9	16499	52.414135	3.0612636	60.556683	33.608025	-52.53175	0.33078447	92.64553761482239
16	86.294945	84.59223	237.39032	-10.450937	251.59329	54.85745	301.8025	74.0666	219.2	400.0	17599	53.578842	3.947519	61.88332	32.219444	-53.775208	0.7444962	99.78360557556152
17	149.44917	92.3758	242.95079	23.68559	286.16962	14.462122	301.95862	251.91595	305.66666	400.0	18699	54.960594	4.542077	63.875584	28.853611	-55.13876	1.1144708	108.61768698692322
18	294.66403	4.843251	299.08673	287.92328	282.07974	14.947765	301.16254	257.54672	400.0	400.0	19799	56.39643	5.2761807	65.63868	27.116865	-56.606808	0.8000922	117.36421775817871
19	265.24167	30.736343	296.15976	223.3225	284.88638	17.201143	303.31827	243.01158	400.0	400.0	20899	57.85575	5.522611	67.6096	26.023285	-58.050354	0.76784146	124.829833984375
20	285.16583	17.958694	303.12454	267.20715	283.65912	17.139803	304.29343	226.32509	400.0	400.0	21999	59.275173	5.8066835	69.04503	24.474861	-59.47489	0.6699862	133.77568697929382
21	271.18616	24.764734	298.75314	238.69481	247.9017	42.79596	297.20398	136.26291	400.0	394.25	23099	60.812557	6.089468	72.97229	23.093515	-61.066124	0.69417745	141.36947584152222
22	279.98087	9.116505	292.84344	272.7869	226.66495	81.17887	303.37192	39.98435	400.0	385.25	24199	62.477352	6.309278	77.72141	22.4791	-62.76093	0.72335684	148.76875948905945
23	204.5418	73.26319	286.92245	108.93351	209.69795	85.688545	294.69662	17.583782	400.0	385.1	25299	64.13675	6.4613237	80.54974	22.041685	-64.429596	0.64371794	156.44378924369812
24	175.52982	50.031128	225.56094	125.49869	223.59233	91.92524	302.49524	16.381714	397.5	352.5	26399	65.755844	6.5691247	85.4742	21.98396	-66.06162	0.6990994	164.89433479309082
25	272.58505	23.985964	291.43137	238.73643	224.24165	91.61502	302.93744	12.647559	400.0	367.95	27499	67.29013	6.5633354	85.42614	22.378134	-67.59273	0.9525937	173.16624784469604
26	67.744896	129.63292	265.67642	-96.37058	130.59726	119.012955	303.75488	0.024064666	275.25	233.05	28599	68.66407	6.648755	85.31977	22.466856	-68.96181	1.0409746	180.25720715522766
27	218.26001	123.25632	300.26483	5.1290245	195.73685	105.86856	303.14362	10.999233	328.0	320.95	29699	69.98575	6.6656017	85.397575	22.627558	-70.29416	1.1771711	188.07596564292908
28	98.930046	105.053894	203.98393	-6.1238475	196.48343	101.30799	302.40012	-0.27706715	400.0	351.9	30799	71.03062	6.69651	85.2125	22.130852	-71.32021	1.4147776	194.87406516075134
29	141.18681	114.40661	229.11244	-20.398783	210.30045	118.49684	304.52512	16.02052	400.0	310.3	31899	71.98246	6.781857	84.50647	22.177603	-72.26642	1.2231466	201.92733240127563
30	220.27957	110.93932	301.95093	29.072054	238.2856	69.55093	304.26334	8.55658	321.75	383.95	32999	72.80125	6.9765854	84.41669	22.17068	-73.07011	1.0349187	209.08950972557068
31	171.09721	104.062126	288.5538	35.581203	247.31123	72.80905	304.3744	61.2945	275.0	396.05	34099	73.54629	7.218437	84.924706	22.600107	-73.810555	1.3299334	216.60528373718262
32	239.0374	79.493256	301.46936	126.855644	235.93672	101.38808	303.67905	3.654319	400.0	356.35	35199	74.20938	7.479588	85.72334	22.70107	-74.471504	1.251769	224.31861782073975
33	279.34616	23.134893	300.56116	247.16835	180.09074	117.69586	301.216	-1.7812157	400.0	306.85	36299	74.92507	7.760363	86.75148	22.65684	-75.18087	1.0974811	231.06851959228516
34	151.94357	101.85862	265.123	19.232924	179.55005	110.63126	298.43973	-2.0293953	270.5	321.4	37399	75.588486	7.8536744	87.44551	22.634388	-75.858894	1.26195	237.80566143989563
35	106.58556	135.32045	297.77518	3.7566383	251.89412	64.63344	304.47653	16.570885	301.33334	382.25	38499	76.2113	8.148928	88.28865	21.493834	-76.49855	1.2558239	244.91202449798584
36	245.97333	37.44958	297.01385	208.21155	260.74603	63.438328	299.6932	18.37479	400.0	385.4	39599	76.828636	8.544176	89.2225	20.27101	-77.131195	1.2428263	251.87291502952576
37	280.16022	13.067186	295.3689	263.46472	259.63715	35.2071	302.51147	162.2003	400.0	400.0	40699	77.62676	8.736182	89.74746	18.596115	-77.93564	1.0941794	259.0415322780609
38	274.65356	15.334452	295.8731	260.1687	240.30461	92.38404	302.69968	11.466968	400.0	352.8	41799	78.49147	8.809652	90.21572	17.352816	-78.82769	1.0319276	266.0223443508148
39	109.21021	80.72934	215.77179	20.442635	234.8178	58.449135	299.9729	62.40461	345.33334	380.4	42899	79.31862	8.917784	90.75163	16.401644	-79.667175	0.9566122	273.3997378349304
40	293.25235	4.250515	298.01627	287.69562	256.03156	86.68941	302.85867	-10.172592	400.0	369.65	43999	80.11098	9.118623	91.651306	16.390474	-80.45641	0.9924037	282.15327548980713
41	260.31378	25.27861	285.5924	235.03519	267.78842	61.463814	301.35638	39.569656	400.0	387.45	45099	81.0119	9.152995	92.69099	16.432518	-81.35881	0.9269952	290.0991265773773
42	266.14816	14.404973	280.02454	246.29332	288.43402	13.674795	301.40985	249.80441	400.0	400.0	46199	81.77986	9.261799	93.29704	15.835102	-82.12283	0.8762404	298.96024560928345
43	268.18396	10.297231	275.89822	253.63023	283.67505	14.464199	300.24533	245.26508	400.0	400.0	47299	82.551895	9.264752	93.860374	15.305174	-82.89924	0.8619561	307.7537887096405
44	278.91534	18.74348	297.85806	253.38605	285.00482	10.083589	302.45407	266.62943	400.0	400.0	48399	83.23319	9.268634	94.19897	15.197311	-83.572815	0.97205335	316.5134177207947
45	293.1808	0.034255985	293.21506	293.14655	288.62857	9.497196	300.17523	264.05615	400.0	400.0	49499	83.95353	9.211607	94.58081	15.399242	-84.29977	0.84455234	323.8841042518616
46	252.21376	32.773655	297.01074	219.5152	267.35254	60.464546	301.06296	20.43254	400.0	385.2	50599	84.5614	9.133824	95.34947	16.69431	-84.90297	0.90179133	330.8895719051361
47	289.16464	0.3386725	289.62436	288.81842	267.1867	63.291058	299.99554	2.354314	400.0	383.85	51699	85.15788	9.015135	95.94208	16.385706	-85.489105	0.8490686	338.2461402416229
48	268.54843	27.571619	299.0348	232.25227	278.2285	19.460768	301.49985	236.90858	400.0	400.0	52799	85.64543	8.908881	96.94128	14.860457	-85.972946	0.8650541	345.8433361053467
49	295.43378	1.2660522	296.69983	294.16772	272.50867	28.14415	299.74887	198.28964	400.0	400.0	53899	86.14338	8.848953	98.07	13.916164	-86.475784	0.8225595	354.8068673610687
50	277.98267	24.728092	303.7588	244.62727	282.4433	22.376276	301.87756	207.65414	400.0	400.0	54999	86.606285	8.740055	99.00327	13.108906	-86.93794	0.8132331	362.2234003543854
51	296.98547	1.8992238	299.1369	294.51724	295.46292	4.8894978	302.35364	283.72177	400.0	400.0	56099	87.010345	8.530382	99.69513	11.453419	-87.33671	0.7650198	369.9110369682312
52	276.21045	34.75737	301.116	227.05756	280.18573	22.083853	303.4273	233.46275	400.0	400.0	57199	87.348625	8.413454	100.48799	10.659613	-87.66123	0.7588723	377.7215256690979
53	299.2785	2.143631	301.42212	297.13486	288.56912	19.264463	303.31424	222.5787	400.0	400.0	58299	87.61473	8.442947	101.0351	10.344749	-87.92789	0.8094666	386.2766559123993
54	282.23196	10.450244	296.60168	272.0563	282.01212	13.33706	299.47617	252.77318	400.0	400.0	59399	87.88034	8.314425	101.37963	9.657661	-88.1742	0.76520956	395.1080250740051
55	269.6346	8.932472	279.3666	257.79367	285.9628	13.471228	302.6167	260.4229	400.0	400.0	60499	88.06002	8.29326	102.43712	8.6500845	-88.35124	0.8263757	402.558470249176
56	290.5969	3.2138734	293.95456	286.26514	290.24384	13.576011	303.57822	256.15472	400.0	400.0	61599	88.223114	8.304004	103.55433	8.176802	-88.51175	0.7584045	411.33746099472046
57	299.3859	2.4793396	301.86523	296.90656	280.81067	25.087313	302.5874	204.35905	400.0	400.0	62699	88.40575	8.241101	104.34721	7.9496183	-88.69807	0.82381773	418.81433486938477
58	287.01416	15.973268	302.8414	265.14197	283.69293	15.19765	303.46423	244.70456	400.0	400.0	63799	88.563705	8.146397	105.28267	7.9886227	-88.85544	0.75366026	425.9169011116028
59	288.65335	14.030453	303.03217	269.6226	288.14093	14.98794	303.59274	253.03815	400.0	400.0	64899	88.74328	8.079462	105.441605	7.8181677	-89.03154	0.74896723	433.8120799064636
60	273.80148	21.061607	303.30997	255.53674	279.89566	23.068203	304.439	223.78534	400.0	400.0	65999	88.86381	8.017516	106.34215	7.321873	-89.143654	0.6988453	442.42991065979004
61	289.87744	6.342911	296.22034	283.53452	280.73053	21.773117	303.1247	225.77242	400.0	400.0	67099	88.99085	8.045775	107.164696	6.797116	-89.26835	0.67778796	449.93895411491394
62	271.11188	31.897871	303.8554	227.86806	278.48492	23.369394	303.53186	233.20908	400.0	400.0	68199	89.11728	8.185184	107.89536	6.323735	-89.39089	0.73034	457.66680574417114
63	298.8275	1.5820425	301.04504	297.4615	279.1906	22.133064	300.85925	221.17865	400.0	400.0	69299	89.21355	8.200471	107.99938	6.3682594	-89.47734	0.569664	466.50176548957825
64	280.23145	9.649	287.43848	266.59305	289.56073	11.423376	302.95544	261.77554	400.0	400.0	70399	89.26216	8.27824	108.411026	6.7232985	-89.52189	0.53784436	473.9165871143341
65	281.59158	19.306732	300.89832	262.28485	283.00726	23.511229	303.72354	215.854	400.0	400.0	71499	89.28276	8.430998	109.1154	5.8524547	-89.54597	0.60703593	481.33058428764343
66	277.9609	6.7862906	283.57208	268.4124	288.9891	14.688344	303.51718	261.06528	400.0	400.0	72599	89.335075	8.51754	109.90817	4.454656	-89.58704	0.4902508	490.3969569206238
67	284.70078	16.136604	302.22977	263.2818	285.00812	18.213408	304.28226	244.25464	400.0	400.0	73699	89.3162	8.61015	110.7888	2.360525	-89.56382	0.57192403	497.8356702327728
68	270.88733	13.096587	282.81668	252.65282	273.51804	22.936878	299.54675	206.1027	400.0	400.0	74799	89.28531	8.651941	110.884346	1.6485481	-89.523605	0.56053084	506.63399028778076
69	289.88907	0.9137268	290.8028	288.97534	276.55228	31.490778	299.5557	166.29848	400.0	400.0	75899	89.305214	8.60432	111.03214	1.0553944	-89.55168	0.5437949	515.442720413208
70	285.67706	5.897616	292.5867	278.17682	270.57462	29.338408	301.80945	191.68285	400.0	400.0	76999	89.301735	8.56749	111.191505	0.5984063	-89.54928	0.5058354	524.2247128486633
71	291.6262	11.946854	303.1852	275.17508	277.29425	19.1217	297.96213	231.22508	400.0	400.0	78099	89.36566	8.564554	114.30057	0.070896626	-89.62444	0.5017721	532.6203532218933
72	288.52032	10.544931	300.10574	274.59576	278.99802	31.322863	304.614	160.95003	400.0	400.0	79199	89.5072	8.55508	116.2717	-0.5271113	-89.78314	0.52322376	541.3836634159088
73	284.6731	2.6158295	287.2889	282.05725	278.78693	23.214884	304.0141	215.26631	400.0	400.0	80299	89.63446	8.54711	116.77983	-0.6757262	-89.90361	0.48925632	548.6916766166687
74	295.2042	3.757575	298.83453	290.0283	258.74194	66.185616	304.03027	-11.234941	400.0	400.0	81399	89.67797	8.39314	116.52469	-1.1384237	-89.92006	0.6076508	556.0630922317505
75	283.77567	7.809825	293.75452	274.6866	250.87573	119.44022	302.4555	-255.3943	400.0	400.0	82499	89.5894	8.304412	116.13824	-1.9177954	-89.82438	0.47694814	564.012190580368
76	271.78088	32.473362	296.8569	225.92358	288.20578	12.50015	304.5424	255.19963	400.0	400.0	83599	89.50902	8.107879	116.04233	-2.3460152	-89.732	0.5171237	572.8638417720795
77	276.97546	11.284088	288.25955	265.69138	282.18613	18.078373	304.36533	242.78528	400.0	400.0	84699	89.4266	7.9138107	115.93434	-2.3656323	-89.6523	0.5132584	580.3468601703644
78	269.4974	35.74464	296.17325	218.97322	275.91693	25.133713	302.32623	209.68237	400.0	400.0	85799	89.30985	7.9131007	115.607635	-2.0386283	-89.526566	0.47352827	587.2342247962952
79	266.48267	22.095121	292.3387	238.35957	287.1595	12.389784	304.09644	261.85757	400.0	400.0	86899	89.16561	7.9084244	115.343376	-1.1525643	-89.37368	0.43530527	594.7901086807251
80	289.8852	8.682439	297.59586	277.7542	275.2917	25.393171	304.36905	212.0157	400.0	400.0	87999	89.01326	7.8348846	115.04168	-0.113515854	-89.21654	0.45593742	602.1973295211792
81	282.4198	18.413483	300.83328	264.00632	282.70248	16.746368	304.6138	232.4641	400.0	400.0	89099	88.83102	7.783549	114.599174	2.5646358	-89.03322	0.412291	609.6602163314819
82	280.46683	19.02487	304.4313	257.8923	285.23178	14.713796	304.53928	241.83469	400.0	400.0	90199	88.607704	7.775092	113.93603	5.290777	-88.80658	0.42451283	617.5981593132019
83	235.1975	49.82491	300.30557	179.30923	284.43686	20.051228	301.80887	233.72432	400.0	400.0	91299	88.371635	7.80202	113.41291	6.3381495	-88.565094	0.46891573	626.474974155426
84	264.26498	10.9650135	279.52167	254.23405	267.49356	99.37019	303.4148	-162.42487	400.0	400.0	92399	88.14954	7.832279	112.45913	6.11308	-88.33589	0.44006625	633.9451150894165
85	300.93134	2.779251	303.7106	298.1521	282.56482	15.2129545	301.38278	254.7578	400.0	400.0	93499	87.938	7.8055363	111.37245	4.4600005	-88.12639	0.42922905	641.5108082294464
86	278.2343	15.032807	299.16092	264.52512	285.01617	10.156825	304.59592	266.68488	400.0	400.0	94599	87.76953	7.76689	110.15318	3.529356	-87.9625	0.41230097	648.7009861469269
87	286.43033	12.013327	303.41022	277.44763	281.7254	19.491266	304.6147	235.48973	400.0	400.0	95699	87.63582	7.7111244	108.80257	2.4926376	-87.82711	0.42185602	655.8989117145538
88	281.65988	20.740185	299.55707	252.58667	276.51862	14.507001	304.59558	253.41876	400.0	400.0	96799	87.44883	7.716675	107.26782	1.5298934	-87.63807	0.41288376	663.4249196052551
89	288.0042	5.8129425	293.81717	282.19128	283.56476	22.456924	304.5127	211.09811	400.0	400.0	97899	87.263145	7.739869	105.30281	0.874558	-87.44944	0.38306317	672.3056328296661
90	294.6303	13.120462	303.9322	276.0752	265.1058	38.990158	303.2503	168.15855	400.0	400.0	98999	87.104675	7.744517	104.15378	0.032875538	-87.29242	0.37949923	681.225638628006
91	271.22952	6.1385407	276.47247	262.61588	283.5302	18.393282	301.6216	237.01665	400.0	400.0	100099	86.98574	7.742035	103.68623	-1.1982908	-87.17615	0.34342057	689.0820548534393
92	293.04422	10.795287	302.4977	277.93573	283.00372	19.603222	304.46548	246.34096	400.0	400.0	101199	86.935715	7.6645856	104.802734	-2.1245992	-87.13489	0.36882502	696.3478152751923
93	287.63602	6.3318787	293.9679	281.30414	269.70773	34.384502	302.20822	186.4786	400.0	400.0	102299	86.888985	7.6599016	107.4422	-2.5478237	-87.097664	0.39043447	703.8721895217896
94	283.24313	3.136106	286.0386	278.8635	278.08066	32.747948	303.49335	175.01553	400.0	400.0	103399	86.902336	7.5917616	108.78691	-2.2465444	-87.104294	0.37195683	712.7248435020447
95	288.41	8.49939	296.79364	276.7586	282.9624	24.62675	304.42206	214.4118	400.0	400.0	104499	86.83904	7.5858674	109.16672	-1.2402244	-87.031075	0.3644098	720.1946840286255
96	269.01245	20.5687	297.86862	251.40665	282.59332	25.58153	304.4872	211.06593	400.0	400.0	105599	86.76778	7.4888053	109.04721	-1.0023594	-86.94922	0.32162708	727.4395740032196
97	301.00568	1.7459869	302.75165	299.25967	290.87534	14.039116	304.37408	245.11122	400.0	400.0	106699	86.61327	7.5050874	108.48813	-0.5194812	-86.79849	0.31468448	736.3285181522369
98	273.54636	8.816258	284.21518	262.6243	285.7262	17.591694	303.89343	248.27489	400.0	400.0	107799	86.53843	7.489745	108.16915	-0.5078616	-86.72128	0.35640696	745.1930985450745
99	293.51614	1.0906421	294.63507	292.0373	284.86877	18.900658	301.5509	215.30298	400.0	400.0	108899	86.454544	7.4364862	107.333275	-0.82847714	-86.635704	0.33086148	753.0134518146515
100	286.4104	14.148752	297.03094	266.41394	285.22787	16.47932	304.1985	254.09116	400.0	400.0	109999	86.3801	7.31896	106.358444	-0.62563515	-86.56189	0.34159824	760.5006465911865
101	288.4497	3.0581665	291.50787	285.39154	285.25903	18.901958	304.38382	224.46922	400.0	400.0	111099	86.34062	7.2616925	105.476585	-1.1289093	-86.52105	0.30359557	768.0900099277496
102	286.50223	22.178274	303.41956	255.17072	278.22974	19.884584	304.24506	236.85593	400.0	400.0	112199	86.23672	7.133876	104.18055	0.1773057	-86.41123	0.30150336	776.0551047325134
103	298.17697	4.350131	301.40048	292.02734	284.04547	12.5195	300.61118	254.68121	400.0	400.0	113299	86.10571	7.1095695	102.655525	-0.23429537	-86.275444	0.36930826	783.618409872055
104	291.24643	5.2257295	298.08972	285.4083	282.40866	15.954496	302.14185	235.60088	400.0	400.0	114399	86.00207	7.1403437	101.0098	-1.590467	-86.17706	0.36134216	791.3143067359924
105	292.65808	1.6671143	294.3252	290.99097	281.56766	19.582521	304.16885	221.72035	400.0	400.0	115499	85.95754	7.0762606	100.58033	-2.581606	-86.13428	0.29971403	799.2879531383514
106	263.91736	13.776498	281.45554	247.8	285.78412	10.263551	304.29306	271.27017	400.0	400.0	116599	85.89394	7.105561	100.21235	-2.236445	-86.071	0.31523702	808.2208034992218
107	290.29398	10.122	303.61426	279.09402	281.52386	16.63236	304.2822	244.65736	400.0	400.0	117699	85.80982	7.09016	100.026535	-2.1655796	-85.98253	0.3408571	817.0951235294342
108	175.40186	105.191475	274.58444	29.78983	272.53522	23.677534	302.79437	222.57858	293.33334	400.0	118799	85.72472	7.0159616	99.86127	-2.1538782	-85.89399	0.35320672	825.8352227210999
109	263.19284	12.166472	273.4877	246.10611	277.237	24.093245	303.81143	202.18575	400.0	400.0	119899	85.64506	6.9825296	99.595726	-1.4777555	-85.80808	0.33686906	834.2058427333832
110	267.25903	3.1336706	270.09717	262.89233	226.2623	103.34311	304.49356	17.328682	400.0	333.45	120999	85.498856	6.953958	99.55816	-1.7206259	-85.66031	0.38445315	840.258229970932
111	269.24158	6.9763265	274.66156	259.39215	214.37907	150.12447	302.76065	-297.29575	400.0	390.65	122099	85.40896	6.9066353	99.42128	-2.4025273	-85.573006	0.3744866	847.3466501235962
112	272.30054	14.068512	286.36905	258.23203	263.2851	60.557774	301.38562	15.191659	400.0	383.45	123199	85.322395	6.86857	99.1711	-2.9095585	-85.48641	0.35825714	856.0223603248596
113	266.27676	18.495403	284.86298	241.0452	273.08	27.23226	301.13474	213.24187	400.0	400.0	124299	85.22935	6.719573	98.345474	-3.6970625	-85.39188	0.38649398	863.8441097736359
114	223.73177	15.800155	245.77454	209.53947	220.9945	91.22741	301.66873	11.959841	400.0	351.0	125399	85.0998	6.650507	98.681496	-4.145591	-85.26217	0.35153365	871.1102702617645
115	265.90982	9.755133	273.19183	252.12125	200.52898	106.68533	300.50763	12.361513	400.0	321.2	126499	85.014755	6.590557	98.395195	-4.7568083	-85.18916	0.35512462	878.1124639511108
116	263.6683	35.994576	299.66287	227.67372	191.07704	116.24042	284.41522	-148.2743	400.0	346.75	127599	85.03916	6.518585	98.324066	-5.387946	-85.24612	0.4068641	885.3877236843109
117	260.55847	33.765102	291.4072	213.56845	253.26562	64.498344	295.84	-5.481776	400.0	384.85	128699	85.31122	6.444358	98.50013	-5.512697	-85.575424	0.3880844	892.5377995967865
118	254.36324	12.787938	269.38168	238.12866	258.2119	65.267494	295.8982	-5.314902	400.0	400.0	129799	85.86705	6.4284496	98.57636	-5.3250823	-86.15783	0.4029136	899.9298000335693
119	247.82507	57.332996	289.6618	166.75792	255.89824	28.192276	293.95584	213.64291	400.0	400.0	130899	86.250206	6.5356154	98.48794	-6.5444255	-86.491875	0.37353528	907.1257283687592
120	281.33917	9.790054	291.12924	271.54913	266.3499	19.916744	289.79343	217.28339	400.0	400.0	131999	86.43288	6.5286217	100.4259	-7.073444	-86.656815	0.43710566	916.0653758049011
121	282.86868	10.9629	294.3556	268.1077	276.09827	20.841337	299.2836	215.09314	400.0	400.0	133099	86.5886	6.5132284	101.29639	-7.76054	-86.80548	0.38957515	925.1236181259155
122	263.84695	21.807379	287.332	234.7931	268.9157	38.465145	298.77176	133.40535	400.0	400.0	134199	86.679184	6.585755	102.255844	-9.487171	-86.881386	0.38733625	933.9940416812897
123	278.58456	10.781551	293.6839	269.199	280.2143	13.29698	294.82327	235.0625	400.0	400.0	135299	86.66712	6.661664	102.276985	-9.866247	-86.85932	0.39229825	941.8310749530792
124	283.9831	0.7850189	284.76813	283.1981	281.99246	14.113214	298.41492	244.55782	400.0	400.0	136399	86.60076	6.665545	101.984085	-10.289407	-86.77977	0.39252412	948.9516825675964
125	281.2578	8.303014	287.53073	269.52496	280.6836	17.702951	297.5393	224.27672	400.0	400.0	137499	86.484245	6.644855	101.44897	-11.169786	-86.65653	0.36164424	955.7914161682129
126	276.63232	12.111833	293.4134	265.2683	282.80975	11.377695	299.07318	256.56497	400.0	400.0	138599	86.36183	6.589778	100.88234	-11.4776	-86.52998	0.3543588	964.6855835914612
127	280.44135	10.852124	295.78537	272.49805	280.47607	17.198586	297.22473	234.0402	400.0	400.0	139699	86.214096	6.6287947	100.3328	-11.456937	-86.38159	0.34262463	973.5425951480865
128	262.8177	5.068115	267.8858	257.74957	273.10773	18.550308	300.11795	238.86517	400.0	400.0	140799	86.093796	6.550309	100.42258	-10.270258	-86.26298	0.35520875	981.356602191925
129	257.93842	27.703627	277.84473	218.76129	271.7525	18.774347	291.7998	218.11606	400.0	400.0	141899	85.97366	6.530195	99.96226	-7.9045053	-86.14588	0.39054525	988.8381321430206
130	294.01926	7.3592587	304.3163	287.56073	276.84222	24.43654	304.4863	210.69128	400.0	400.0	142999	85.90464	6.386514	99.179794	-6.145989	-86.0834	0.36673522	997.6863129138947
131	283.9983	17.11511	298.62466	259.98355	275.62027	15.442343	298.93292	239.97714	400.0	400.0	144099	85.89152	6.292254	98.70291	-4.851799	-86.074776	0.34727013	1005.1759555339813
132	295.0343	3.7369537	298.77124	291.29733	284.2033	16.73138	304.42172	237.17883	400.0	400.0	145199	85.8758	6.225767	98.7074	-3.6901565	-86.05745	0.37647545	1013.9374396800995
133	288.4352	7.030985	293.7762	278.50128	283.65677	18.611635	303.30844	232.92725	400.0	400.0	146299	85.83728	6.178359	98.46816	-3.2468991	-86.017654	0.36403564	1021.0544760227203
134	282.3195	7.9333158	290.53616	271.59518	289.27603	12.895388	304.49063	249.35646	400.0	400.0	147399	85.806435	6.1450405	98.37885	-2.3080778	-85.98593	0.34304807	1029.8937013149261
135	293.678	6.955555	303.00146	286.3007	288.4646	12.882667	303.01886	250.9194	400.0	400.0	148499	85.775856	6.0614786	97.95646	-1.997086	-85.94856	0.35683888	1037.7628359794617
136	276.40652	18.584747	294.99127	257.82178	286.1326	14.750889	304.1694	258.0133	400.0	400.0	149599	85.7154	5.9985676	97.49847	-1.339953	-85.88479	0.3553469	1045.6798639297485
137	291.90085	15.262704	303.36896	270.33054	290.00687	10.55066	304.3391	267.97903	400.0	400.0	150699	85.6334	6.038343	97.427605	-0.86102295	-85.80477	0.3511837	1053.2769322395325
138	288.9717	6.95499	295.91077	279.4652	287.48425	12.422796	302.42615	248.79895	400.0	400.0	151799	85.56744	5.948544	97.23964	0.020917416	-85.738495	0.366861	1061.934480190277
139	274.68356	10.712509	286.86523	260.7926	276.7751	18.283575	304.02737	231.01306	400.0	400.0	152899	85.49017	5.921736	97.212944	0.6807699	-85.65818	0.3500856	1070.6034145355225
140	276.3875	4.910904	281.2984	271.4766	281.28476	21.610172	298.51526	220.55174	400.0	400.0	153999	85.419975	5.8289995	97.20351	0.7654815	-85.583595	0.35692656	1078.040370941162
141	275.44363	20.29377	293.7894	247.15714	285.95517	18.177525	304.05313	242.65137	400.0	400.0	155099	85.33309	5.8733296	96.99076	1.6574893	-85.49111	0.30582044	1085.9285492897034
142	257.98502	39.11201	296.47922	204.3392	275.68033	23.453955	303.53177	223.2178	400.0	400.0	156199	85.254166	5.841476	96.341736	1.8282108	-85.41769	0.3797775	1093.8779118061066
143	282.6503	12.820822	300.09427	269.6457	286.3903	16.350666	302.94464	246.15294	400.0	400.0	157299	85.2008	5.88475	96.81894	1.617125	-85.36857	0.33583927	1101.7729682922363
144	270.83673	28.888977	299.7257	241.94775	279.91605	18.266966	301.42618	236.13112	400.0	400.0	158399	85.17195	5.94344	96.79421	3.6792984	-85.343025	0.35435426	1110.601237297058
145	293.3868	3.1323242	297.81625	291.12656	283.09787	22.593218	304.20013	211.55585	400.0	400.0	159499	85.16448	5.8821735	96.388664	2.9382448	-85.33485	0.35449305	1118.0627176761627
146	291.0238	4.5795226	295.57593	284.75818	291.83795	8.788974	303.87183	273.0456	400.0	400.0	160599	85.11483	5.9290156	96.00248	3.540854	-85.2765	0.3333822	1126.5534942150116
147	287.45554	9.200086	300.46368	280.72116	281.89215	16.844402	304.62192	243.79701	400.0	400.0	161699	85.05477	5.7761083	95.55306	5.428545	-85.208694	0.3190574	1134.0226504802704
148	296.44492	4.8360596	301.28098	291.60886	289.55356	14.844442	304.4715	245.81221	400.0	400.0	162799	84.93556	5.823006	95.52579	4.7825146	-85.08595	0.36052385	1140.8679511547089
149	286.7988	1.3971741	288.58923	285.17978	278.3764	19.67561	302.43286	223.58484	400.0	400.0	163899	84.856514	5.7328258	95.532646	3.057034	-85.01066	0.3655814	1148.6251728534698
150	281.69922	12.8198595	297.66525	266.27728	290.72922	15.686174	304.591	238.79771	400.0	400.0	164999	84.764145	5.755017	95.85689	2.1947007	-84.91787	0.386223	1155.9854924678802
151	298.82007	3.7543025	302.02414	293.5516	285.4812	13.190287	302.80035	250.5477	400.0	400.0	166099	84.67454	5.654081	95.80815	1.7571731	-84.826706	0.34700555	1163.1899421215057
152	302.11978	0.14804077	302.26782	301.97174	279.0909	25.431715	302.38544	208.54982	400.0	400.0	167199	84.57385	5.618255	95.69777	2.1936784	-84.72262	0.31179243	1171.2027287483215
153	294.44174	2.4375005	297.38177	291.41312	280.3612	19.736889	304.27164	226.51073	400.0	400.0	168299	84.483284	5.5211973	95.438446	4.431606	-84.628746	0.32525346	1180.1197533607483
154	292.12607	4.626491	296.63095	285.76434	289.63785	12.635328	304.625	256.1148	400.0	400.0	169399	84.36752	5.525195	95.28191	4.855439	-84.514175	0.29593945	1187.5394892692566
155	286.63065	20.766895	304.43362	257.5008	285.6419	14.036766	301.0299	255.6542	400.0	400.0	170499	84.29101	5.517941	95.33395	7.49124	-84.43679	0.31891474	1195.1057660579681
156	290.42975	2.3154602	292.7452	288.1143	289.2392	13.773579	302.5175	254.38994	400.0	400.0	171599	84.17042	5.5489054	95.4239	7.2074275	-84.30933	0.31252202	1203.6939306259155
157	286.62012	7.066134	295.2011	277.8945	281.74112	16.092136	303.37692	243.20761	400.0	400.0	172699	84.05613	5.590091	95.48395	7.374547	-84.19602	0.29276788	1212.314957857132
158	287.60898	2.3648431	290.02734	284.3992	286.1168	13.979696	304.62833	255.06622	400.0	400.0	173799	83.94576	5.599993	95.56809	7.6779537	-84.08338	0.31151736	1219.6689426898956
159	276.78424	19.10189	290.71033	249.77446	289.31448	13.140589	304.39737	252.29001	400.0	400.0	174899	83.854515	5.6422048	95.43498	7.48263	-83.997444	0.3097082	1227.0682210922241
160	294.87686	2.1600342	297.0369	292.71683	294.54956	8.262246	304.6336	274.34116	400.0	400.0	175999	83.77454	5.605446	95.45168	9.634171	-83.919136	0.29867974	1234.5353033542633
161	283.94876	1.4319048	285.00558	281.9244	287.56024	15.193276	302.307	255.07506	400.0	400.0	177099	83.735435	5.5035644	95.411446	10.053693	-83.88204	0.29335654	1242.059671163559
162	289.1035	10.182282	300.52615	275.7987	287.55307	12.509807	302.80685	254.74239	400.0	400.0	178199	83.68222	5.496649	95.31627	11.295781	-83.829	0.31718224	1249.0504310131073
163	288.9081	13.798956	300.6482	269.53827	283.05087	17.820656	303.45633	229.39517	400.0	400.0	179299	83.632	5.4658484	95.11574	9.959946	-83.77721	0.31734532	1256.7386045455933
164	288.85236	7.4628143	296.3152	281.38956	287.1464	14.402431	302.82935	259.18164	400.0	400.0	180399	83.575035	5.4516172	95.21624	11.710247	-83.71767	0.32832053	1265.5502181053162
165	277.93515	18.031599	291.54318	252.4543	292.18692	11.487055	304.6316	258.72717	400.0	400.0	181499	83.53177	5.4414053	95.2051	12.972115	-83.67812	0.29432178	1274.415019750595
166	274.39566	25.949587	299.97406	238.81654	290.3608	10.897564	304.58368	259.30225	400.0	400.0	182599	83.4835	5.3829455	95.2746	13.607414	-83.62825	0.3023255	1281.5735156536102
167	281.33273	15.669618	295.8135	259.56528	284.22845	12.284252	304.14645	262.96606	400.0	400.0	183699	83.440765	5.3800564	95.1866	12.690948	-83.581505	0.31117943	1289.49738407135
168	284.1803	20.44252	304.6228	263.73776	284.9008	13.228293	302.11337	257.24548	400.0	400.0	184799	83.377335	5.423155	95.00072	10.930653	-83.52211	0.336253	1297.1456408500671
169	299.16763	3.669359	302.6518	294.09512	292.10168	8.029917	303.60577	277.0263	400.0	400.0	185899	83.35234	5.4005404	94.9682	9.511242	-83.49723	0.2904643	1304.5541520118713
170	289.4923	13.088704	300.45776	271.09485	289.20117	13.214281	304.56567	260.74942	400.0	400.0	186999	83.32369	5.3601894	95.0518	9.513743	-83.46945	0.29412377	1311.9510724544525
171	292.28738	2.0668244	295.20895	290.7488	289.08096	15.446321	304.3116	236.64838	400.0	400.0	188099	83.30683	5.320263	95.664185	10.194116	-83.45219	0.28316182	1319.1764707565308
172	280.83368	23.409348	304.24304	257.42435	282.84665	15.912822	303.51736	240.01154	400.0	400.0	189199	83.27338	5.342869	96.36322	10.217344	-83.41658	0.2926809	1327.8192164897919
173	296.91556	4.6199455	303.1452	292.095	289.84915	6.0985594	299.53976	275.82925	400.0	400.0	190299	83.26246	5.3975	96.27103	9.889097	-83.41423	0.28146112	1336.678122997284
174	274.64676	21.318197	301.33533	249.15799	285.21024	18.716581	302.34	229.30615	400.0	400.0	191399	83.290634	5.479918	96.445816	9.338491	-83.44424	0.35633147	1345.4374997615814
175	296.52112	9.20791	304.0062	283.55045	287.65973	14.678139	303.8725	248.75662	400.0	400.0	192499	83.33438	5.457586	97.06962	9.421877	-83.486534	0.3195085	1353.3704421520233
176	290.3258	9.414627	299.74045	280.9112	280.89124	20.445126	304.40112	222.05124	400.0	400.0	193599	83.35773	5.5414414	97.2589	8.758121	-83.51389	0.31734958	1362.1292061805725
177	292.04422	8.131535	303.51025	285.54932	284.33405	13.146545	304.22897	251.7812	400.0	400.0	194699	83.401184	5.5075974	98.1634	8.581297	-83.552795	0.29235917	1369.2195646762848
178	296.8691	1.7619144	299.10608	294.8001	288.99188	12.634575	303.51495	258.63895	400.0	400.0	195799	83.405334	5.512127	99.69852	8.483277	-83.55145	0.31497142	1377.980791091919
179	279.1744	6.4416504	286.56183	270.86423	290.79114	13.64557	303.39252	262.46182	400.0	400.0	196899	83.422745	5.501636	100.964005	8.337453	-83.57042	0.3067447	1385.5116341114044
180	300.70578	0.37298584	301.07877	300.3328	285.12253	20.56991	303.2602	231.62202	400.0	400.0	197999	83.40942	5.4866095	101.340195	8.694185	-83.55101	0.28041425	1392.9104166030884
181	284.06876	13.932699	303.45386	271.31955	292.2259	9.2719	302.42523	271.4462	400.0	400.0	199099	83.36661	5.550415	101.417244	7.9892225	-83.50641	0.32964906	1400.8520851135254
182	274.3889	13.299225	287.93646	256.3168	271.85962	62.48651	304.24796	11.850465	400.0	384.55	200199	83.334366	5.4963646	101.287964	7.22603	-83.475266	0.32536882	1409.549890756607
183	274.3107	16.17726	290.84106	252.34824	285.91885	15.97084	302.30695	243.25258	400.0	400.0	201299	83.31173	5.451996	101.33824	7.337921	-83.45476	0.30243185	1417.4327805042267
184	300.04108	1.7186584	301.75974	298.32242	280.08212	23.24715	304.49103	226.34552	400.0	400.0	202399	83.2889	5.4309893	100.98979	8.025957	-83.429405	0.3360326	1425.0316841602325
185	281.26382	12.3741045	298.44507	269.79547	291.39	12.961804	304.57697	261.89014	400.0	400.0	203499	83.25921	5.4225965	100.65702	6.245216	-83.39747	0.30854967	1433.0144617557526
186	281.22824	23.379322	302.88272	248.76303	271.50485	52.30352	304.1961	56.77269	400.0	400.0	204599	83.23238	5.3451395	100.280846	5.113102	-83.36468	0.28238764	1440.992601633072
187	293.0986	7.9514546	302.74945	283.27475	285.1245	18.0	303.33768	229.04631	400.0	400.0	205699	83.15726	5.3040123	99.58333	5.1134496	-83.28634	0.29927525	1448.500075340271
188	295.61533	7.345764	302.9611	288.26956	287.19302	14.763807	304.1308	253.90521	400.0	400.0	206799	83.085915	5.307704	98.53859	5.0972075	-83.2136	0.29952747	1456.1427495479584
189	277.8679	8.92452	290.20892	269.4073	284.10062	21.741314	303.91702	226.23723	400.0	400.0	207899	83.02325	5.303302	97.45255	4.908961	-83.15119	0.3275968	1463.8916506767273
190	285.5121	12.957798	302.80432	271.61328	288.00262	13.026898	304.0059	255.32549	400.0	400.0	208999	82.95519	5.2979507	97.314705	3.8727274	-83.08305	0.29058948	1470.371267080307
191	286.70084	13.287625	299.13074	268.2808	285.2072	16.314201	300.6143	239.01093	400.0	400.0	210099	82.90501	5.266423	97.20064	3.8871732	-83.03548	0.32461864	1478.3120181560516
192	269.9042	16.12574	286.02994	253.77846	275.1483	52.55565	304.04196	55.790085	400.0	400.0	211199	82.86349	5.2522097	97.16791	4.7866135	-82.991165	0.33501175	1487.1436939239502
193	292.6241	5.309723	299.81512	287.15594	288.2484	12.195412	303.35086	259.04657	400.0	400.0	212299	82.82304	5.2231097	97.58042	4.0976787	-82.95632	0.36465982	1494.2677040100098
194	291.22482	4.552482	297.5408	286.98566	289.11597	11.480066	303.92502	267.91983	400.0	400.0	213399	82.79668	5.1367383	97.68883	4.175522	-82.92409	0.28821874	1501.698659658432
195	274.00952	26.089941	293.71893	237.1422	283.46967	12.700524	304.54654	244.70012	400.0	400.0	214499	82.73301	5.09891	97.33927	4.9320908	-82.85626	0.3067164	1509.2472913265228
196	295.0061	5.7458496	300.75195	289.26025	289.67816	8.214191	301.82703	273.383	400.0	400.0	215599	82.679054	5.0552216	97.12435	4.5732517	-82.802925	0.33392465	1516.7733128070831
197	274.73618	10.398087	289.3066	265.73148	282.6878	25.944601	302.49002	179.4435	400.0	400.0	216699	82.63256	5.100138	96.94071	5.381604	-82.75838	0.32217082	1524.4448053836823
198	295.91675	2.2758183	297.84167	292.72046	289.42004	14.324557	303.92984	257.61017	400.0	400.0	217799	82.616615	5.043003	96.61023	4.7663107	-82.745514	0.31882313	1533.4207909107208
199	281.56033	9.612501	293.68018	270.1682	287.37436	11.927836	303.83487	261.87112	400.0	400.0	218899	82.59442	5.0371847	96.27056	4.1255302	-82.725174	0.31974974	1540.5969281196594
200	266.10367	0.29351807	266.3972	265.81015	271.76163	38.742943	302.13733	162.2996	400.0	400.0	219999	82.60674	4.9901977	95.81128	4.144767	-82.74166	0.3335328	1548.6032428741455
201	285.10245	14.689032	300.77844	265.45984	263.1624	81.763336	304.62183	19.635084	400.0	369.8	221099	82.59403	4.992688	95.19212	3.497696	-82.72226	0.27722386	1557.303938627243
202	277.83743	28.302156	303.6203	238.43277	270.7078	56.99408	304.618	35.479214	400.0	384.35	222199	82.567024	5.026994	94.76049	2.5728226	-82.692215	0.3193948	1564.5631840229034
203	195.78731	132.46117	291.44113	8.473115	287.53116	11.820617	304.2624	253.09811	297.33334	400.0	223299	82.52993	4.988714	93.970436	2.2659798	-82.65143	0.3124201	1572.1501772403717
204	293.73413	5.9657865	301.739	287.42358	285.93936	13.1498375	304.25708	258.21332	400.0	400.0	224399	82.48746	5.0097337	93.6019	2.0165834	-82.60847	0.29649702	1579.4024348258972
205	283.3134	13.999069	299.9623	265.7115	290.46115	10.832237	303.32254	267.2777	400.0	400.0	225499	82.44034	4.9854536	93.168015	1.6387296	-82.55764	0.30036208	1586.8927171230316
206	293.07996	7.641449	301.52573	283.01846	284.7752	16.592236	303.11996	247.3698	400.0	400.0	226599	82.36306	5.04983	92.74298	1.3398952	-82.48284	0.2787383	1594.4769370555878
207	286.18243	5.88472	292.06717	280.29773	288.35117	12.1609535	301.654	248.99493	400.0	400.0	227699	82.31742	5.0775127	92.527145	1.0754642	-82.43996	0.31120303	1601.746907711029
208	289.68732	6.186362	295.2369	281.0552	288.2819	13.26712	302.13538	254.4131	400.0	400.0	228799	82.30231	5.0545382	92.65824	2.1087446	-82.42465	0.28027472	1609.4342703819275
209	294.07086	6.570556	300.95593	285.22415	282.67325	22.894892	302.27228	201.94925	400.0	400.0	229899	82.272446	4.9762273	92.83277	1.81674	-82.39056	0.290092	1615.9476537704468
210	279.4136	16.450672	300.19626	259.967	286.8097	16.308985	304.07486	251.84656	400.0	400.0	230999	82.20224	4.9840226	92.822525	1.052824	-82.31976	0.33248556	1623.1935150623322
211	273.55313	7.405792	280.95892	266.14734	288.60077	18.710949	301.2768	216.55106	400.0	400.0	232099	82.173294	4.961394	92.61524	0.42879725	-82.294426	0.2985953	1632.3273103237152
212	292.16312	9.938197	300.96115	278.27213	279.90192	71.334854	303.96188	-28.534021	400.0	400.0	233199	82.138176	4.9912925	92.39681	0.06629753	-82.26051	0.31395683	1639.5485889911652
213	294.94455	9.452468	302.07333	281.58682	288.6536	13.134592	302.87787	265.11566	400.0	400.0	234299	82.13596	4.9190516	92.52051	-0.6447649	-82.252464	0.27071285	1647.1369590759277
214	287.5223	18.336464	301.27228	261.60678	264.89893	81.69428	303.24414	0.5371008	400.0	400.0	235399	82.07481	4.941535	92.65077	-0.46101952	-82.19022	0.31043863	1654.411157131195
215	292.8377	0.3432312	293.18094	292.49448	290.29828	17.786951	303.9034	222.10483	400.0	400.0	236499	82.01933	4.952662	93.4454	0.3486557	-82.1345	0.29311672	1662.1301085948944
216	261.1993	18.158047	285.2501	241.38022	282.68106	15.979007	303.84818	241.58562	400.0	400.0	237599	81.95863	4.9487176	93.68522	-0.52775574	-82.068115	0.24499415	1671.0786020755768
217	283.44714	9.773246	297.2263	275.6215	288.9579	15.269816	304.34854	255.58008	400.0	400.0	238699	81.89576	4.9201584	93.70275	-0.29858255	-82.00117	0.26045528	1678.865355014801
218	262.21442	42.85086	293.943	201.63696	270.42163	89.54415	302.8743	-117.9866	400.0	400.0	239799	81.804085	5.0273476	93.90175	0.36043167	-81.91301	0.27479523	1686.5480389595032
219	296.44647	5.8789825	302.32547	290.5675	283.40884	17.706852	303.89114	241.49686	400.0	400.0	240899	81.76724	5.0459085	95.1059	0.22466612	-81.88126	0.3065177	1694.2267310619354
220	256.65018	44.054638	293.9968	194.78961	276.70587	17.789936	303.97742	232.73662	400.0	400.0	241999	81.7585	4.977771	95.46797	1.0323849	-81.87331	0.3033486	1701.2737922668457
221	270.88406	21.566214	292.49564	241.44077	273.39603	24.037674	304.2475	219.33026	400.0	400.0	243099	81.71428	5.0335355	95.61128	1.5437331	-81.82633	0.26488918	1708.2867953777313
222	281.35226	27.156996	303.9851	243.1645	285.74994	19.006752	304.48645	230.59216	400.0	400.0	244199	81.69247	5.055735	95.61447	1.8625913	-81.80569	0.29057646	1715.883709192276
223	280.54163	17.350388	297.892	263.19122	285.45306	14.778295	302.82913	251.57211	400.0	400.0	245299	81.66858	5.04624	95.69934	2.0714097	-81.78143	0.3011904	1723.4634640216827
224	283.60342	10.226283	292.98376	269.38055	287.3056	12.095177	304.53467	265.15845	400.0	400.0	246399	81.637794	5.0137305	95.19726	2.243875	-81.74632	0.26274458	1731.386946439743
225	277.01315	17.679296	301.4623	260.2592	280.10843	21.057787	304.55472	212.41652	400.0	400.0	247499	81.609406	4.920922	94.39627	2.1669612	-81.71702	0.2658142	1738.8185374736786
226	293.6266	4.061949	299.2682	289.86862	279.21674	20.198431	302.5005	221.81746	400.0	400.0	248599	81.547905	4.949362	93.78086	2.7936354	-81.654686	0.26396945	1746.0664422512054
227	285.89594	15.418808	301.31473	270.4771	287.84842	12.4344225	299.54843	243.02745	400.0	400.0	249699	81.50576	4.9535885	93.40614	2.9689713	-81.6104	0.26543525	1753.290322303772
228	285.06656	6.131138	293.6583	279.75934	282.9883	10.128285	300.24152	261.24213	400.0	400.0	250799	81.459496	4.9103847	93.07122	4.0958433	-81.56217	0.27239093	1760.5813267230988
229	290.1362	1.0208886	290.92322	288.69446	279.59723	12.640475	298.60825	250.4131	400.0	400.0	251899	81.395355	4.945491	92.595375	4.048845	-81.49726	0.23467757	1767.6660492420197
230	273.19003	12.302669	290.14417	261.32898	284.5135	9.476849	300.3033	261.9757	400.0	400.0	252999	81.32247	5.0039487	91.829895	3.4803777	-81.42759	0.28266177	1775.0355474948883
231	278.69598	12.68074	291.37674	266.01526	282.62137	11.651857	301.39374	261.33246	400.0	400.0	254099	81.28354	5.0108685	91.30824	3.340819	-81.39041	0.2663612	1783.155133008957
232	283.43314	13.384014	298.5621	266.0181	279.5993	18.092312	302.3245	248.82144	400.0	400.0	255199	81.25287	4.95646	91.42772	3.0340047	-81.357475	0.2560233	1790.4485573768616
233	297.7893	4.558959	303.56787	292.42368	289.81308	10.074906	302.12244	265.08453	400.0	400.0	256299	81.217514	4.899469	91.3872	3.3441715	-81.3231	0.2517767	1798.5483121871948
234	298.00998	3.6134474	301.57144	293.05554	278.68268	24.394106	301.5355	220.82834	400.0	400.0	257399	81.17158	4.888432	91.217896	4.145395	-81.27621	0.2505387	1806.626853466034
235	291.30316	10.117004	301.42017	281.18616	289.38766	12.071347	304.53558	261.4312	400.0	400.0	258499	81.13917	4.819061	91.36384	4.572481	-81.243195	0.24352029	1814.2674419879913
236	286.0432	6.239046	293.01447	277.8736	269.2079	67.58505	304.04764	-17.030394	400.0	383.3	259599	81.105804	4.830066	91.402306	4.1713276	-81.20911	0.25275064	1821.1046092510223
237	274.21164	30.213055	301.1905	232.02817	278.71765	17.89617	302.96823	242.504	400.0	400.0	260699	81.05417	4.873212	91.11093	3.5803165	-81.15759	0.2382251	1828.6766233444214
238	279.30408	17.64896	297.1013	255.2505	293.25885	9.363566	302.48657	259.94052	400.0	400.0	261799	81.01192	4.813219	90.91046	3.758613	-81.11304	0.25538114	1836.7282345294952
239	283.3911	12.073715	295.4648	271.31738	283.85974	15.402134	301.48154	246.37582	400.0	400.0	262899	80.96344	4.7692556	91.15528	3.8214889	-81.06684	0.25831944	1843.9969727993011
240	291.7997	6.8476934	296.8521	282.1187	286.32916	15.887934	304.44064	249.62875	400.0	400.0	263999	80.94468	4.7303743	91.1831	3.0313005	-81.047966	0.29170638	1852.791540145874
241	278.54526	18.235077	301.47144	256.85623	293.78622	7.3866544	304.10196	276.5244	400.0	400.0	265099	80.918594	4.7419662	90.99397	2.7380133	-81.0227	0.25769228	1860.719844341278
242	285.76346	11.04318	300.8267	274.66083	291.61618	8.311951	302.09177	274.11404	400.0	400.0	266199	80.91015	4.7549267	90.938896	2.7182322	-81.01665	0.2812809	1868.1279108524323
243	281.72614	14.256546	295.9827	267.4696	285.16928	15.184254	302.6688	256.9673	400.0	400.0	267299	80.91747	4.6948953	90.684166	3.1997252	-81.02257	0.23312426	1876.0164995193481
244	290.80066	4.9748955	294.6258	283.77432	284.56384	16.000118	303.57382	244.80898	400.0	400.0	268399	80.89625	4.710648	90.891	3.759663	-81.00178	0.2433339	1883.9426460266113
245	297.39404	4.7777405	300.8826	290.6385	285.5008	16.47484	303.7568	245.82922	400.0	400.0	269499	80.8866	4.682421	90.86222	5.2123437	-80.98597	0.24376887	1891.9904329776764
246	271.04056	9.828436	281.42538	257.8473	288.6147	10.150881	300.73596	258.2262	400.0	400.0	270599	80.83121	4.6498456	90.658615	4.792168	-80.925026	0.24816306	1899.5298426151276
247	291.6778	1.224472	292.90228	290.45334	280.0065	15.814494	297.95938	238.42975	400.0	400.0	271699	80.76865	4.6421494	90.43839	4.6835804	-80.86466	0.2522404	1908.499278306961
248	288.65976	13.866741	299.38516	269.07895	286.2318	10.0176115	298.5055	267.78925	400.0	400.0	272799	80.710106	4.642941	90.16417	5.657325	-80.80589	0.25758567	1916.4673438072205
249	208.5066	116.175255	291.9487	8.059754	280.83212	13.854951	301.66925	250.69995	323.5	400.0	273899	80.6617	4.626678	90.34127	5.0031414	-80.75766	0.28609484	1923.7399380207062
250	289.46832	3.3604584	292.82877	286.10785	286.06778	11.405947	302.0418	257.07297	400.0	400.0	274999	80.61237	4.661217	90.739235	5.1305466	-80.709236	0.23107462	1931.104778766632
