Epoch	AverageEpRet	StdEpRet	MaxEpRet	MinEpRet	AverageTestEpRet	StdTestEpRet	MaxTestEpRet	MinTestEpRet	EpLen	TestEpLen	TotalEnvInteracts	AverageQVals	StdQVals	MaxQVals	MinQVals	LossPi	LossQ	Time
1	27.520144	8.600836	36.12098	18.919308	22.16161	24.79069	58.835896	-27.274181	400.0	321.8	1099	-0.124369316	0.20974791	10.117359	-5.1292405	0.08224576	0.08148598	2.4016098976135254
2	29.859573	8.701988	41.26102	20.147346	-15.003141	21.275879	30.999868	-71.47806	400.0	125.5	2199	0.3072151	0.8683986	6.538785	-4.038257	-0.37264398	0.019268142	7.143440246582031
3	27.21055	9.138214	37.796444	15.497744	-32.2204	28.590014	10.140157	-107.80132	400.0	264.1	3299	1.0094508	1.8334881	13.120299	-5.439644	-1.1012475	0.028396353	12.953351020812988
4	19.923307	1.6036192	22.188871	18.702171	-24.985516	28.572102	20.06614	-73.35985	400.0	251.85	4399	1.6873164	2.6789973	17.329758	-7.559709	-1.7792137	0.024785079	17.954535245895386
5	41.093887	7.0365295	48.130417	34.057358	-6.6644225	26.051855	37.70538	-70.39192	400.0	394.7	5499	2.3696547	3.810068	22.948782	-13.2667	-2.4440653	0.046086323	23.825841426849365
6	21.167204	4.868605	25.797546	14.438992	0.89940584	20.663862	35.69147	-30.886091	400.0	317.4	6599	2.8301075	4.554844	41.451653	-11.621057	-2.90671	0.08384088	29.97605848312378
7	48.97943	10.874831	62.621487	36.00912	-20.303602	17.472952	23.973114	-53.98019	400.0	242.75	7699	3.53631	5.681436	37.442364	-12.731882	-3.6270416	0.08496605	35.62977457046509
8	34.09943	18.171728	55.655888	11.204809	21.228027	20.193785	52.715546	-53.12074	400.0	398.85	8799	4.1889386	6.562916	40.805202	-14.909164	-4.2962646	0.08103161	41.86202263832092
9	42.161163	10.18141	52.342575	31.979755	23.036875	23.991882	69.97299	-35.482033	400.0	384.0	9899	4.768506	7.197226	53.28912	-16.834656	-4.900839	0.1025914	48.04452061653137
10	30.276709	9.079885	43.107853	23.427841	-5.5877676	15.679034	17.418756	-43.994354	400.0	290.9	10999	5.4804125	7.485254	56.176353	-17.157787	-5.6564593	0.14044717	54.02016568183899
11	33.44229	10.227069	43.149513	19.303381	0.24336138	12.701618	25.054644	-23.62815	400.0	342.65	12099	6.1721826	7.5611076	70.67364	-17.39545	-6.346786	0.13949357	60.003477811813354
12	40.433666	9.826334	48.539734	26.605461	1.8594351	9.158692	23.402184	-10.083699	400.0	356.35	13199	6.7712326	7.627581	60.36418	-17.300968	-6.9491854	0.14488606	66.50018191337585
13	17.67376	12.275029	29.94879	5.398731	-14.160202	17.174503	21.150885	-44.786755	400.0	325.45	14299	7.356277	7.4044642	67.87098	-16.21264	-7.545584	0.16834871	74.01615023612976
14	-5.356917	29.504938	23.772339	-42.829037	-15.599376	18.298107	15.777616	-51.917236	316.25	283.4	15399	7.9527426	7.122458	85.3969	-14.080857	-8.146828	0.38769332	79.9152090549469
15	-49.152996	14.614974	-35.901783	-69.51542	-18.604176	26.521502	39.083775	-57.621365	318.66666	291.05	16499	9.202628	7.739821	77.380844	-11.611692	-9.444422	1.0273986	87.05811953544617
16	-6.58903	9.658771	9.386518	-14.975923	-4.2776403	28.670975	29.415527	-74.250946	268.75	336.1	17599	10.299885	7.9868402	64.86622	-11.022385	-10.509683	0.74763876	94.56998133659363
17	12.58291	12.646007	21.876778	-5.296569	-10.254221	34.789577	43.598057	-69.005714	400.0	315.6	18699	10.918667	7.6967344	66.89071	-9.952864	-11.13581	0.664245	102.04876184463501
18	-18.583675	21.39335	11.06845	-47.718685	-5.441133	21.273159	32.673058	-37.269115	244.2	319.2	19799	11.653636	7.6643953	70.87602	-8.511337	-11.860171	0.6847573	107.93492078781128
19	-13.174267	15.964478	14.016862	-25.471138	8.457842	20.212307	41.056572	-22.646288	203.0	351.45	20899	12.650525	7.9840446	63.94602	-13.869874	-12.886724	0.85235685	114.00176239013672
20	16.251295	15.763493	38.323715	2.5062568	5.36216	15.892905	46.503277	-15.987367	400.0	300.25	21999	13.16018	7.6329646	62.934944	-7.739579	-13.38125	0.73646706	120.10608196258545
21	8.078546	5.803739	15.285045	-0.34025344	15.541098	17.000605	62.887543	-10.4749975	264.0	331.9	23099	13.393038	7.474842	60.63407	-14.434018	-13.618594	0.658426	126.43852758407593
22	23.854387	24.446789	57.00062	-1.2312832	12.386246	17.044245	45.513474	-17.826649	288.33334	351.75	24199	13.762589	7.5704355	61.335503	-7.263651	-14.025254	0.57966965	132.5652256011963
23	5.04067	12.510939	20.232409	-10.409734	17.15118	16.6677	50.985542	-13.537671	400.0	349.25	25299	14.225255	7.7404947	64.713875	-7.2413077	-14.493331	0.59705776	138.60504150390625
24	12.710289	12.633107	33.906216	0.8018684	8.704664	13.077081	31.56735	-14.478981	313.75	314.8	26399	14.705067	8.099262	67.84115	-7.704121	-14.934336	0.61647147	145.78949069976807
25	11.688905	12.28571	27.947405	-1.7463704	-3.8746533	14.504422	25.527142	-33.3131	325.33334	291.25	27499	15.040853	8.348864	68.42307	-8.900273	-15.257532	0.6241965	152.279443025589
26	-3.9181168	9.852203	14.419106	-14.194583	0.12007084	20.593796	35.938225	-34.111343	233.4	335.8	28599	15.288572	8.349036	76.43475	-9.776115	-15.518398	0.64790976	158.42513942718506
27	3.2106616	13.430568	16.8164	-15.069714	13.373776	17.983294	39.939106	-25.76154	296.66666	324.55	29699	15.595568	8.400082	74.2112	-12.404491	-15.812257	0.7436828	164.39558792114258
28	13.720161	17.803286	38.710743	-1.4281673	15.97304	11.530723	46.99874	-4.826441	400.0	383.2	30799	15.836805	8.276499	74.35702	-14.089544	-16.07855	0.73430747	172.34652161598206
29	22.250938	25.046883	51.58115	-9.613691	20.03304	14.869904	57.94138	-10.138412	400.0	383.2	31899	16.129866	8.091071	73.05793	-13.481135	-16.382944	0.6760819	179.35320496559143
30	40.061028	13.395072	53.4561	26.665956	22.065353	21.242247	77.37243	-8.790587	400.0	383.35	32999	16.41226	7.978302	75.04993	-12.6873	-16.669704	0.681482	186.06403875350952
31	16.944721	10.517666	31.595852	5.851567	11.420389	18.740534	52.017944	-15.207266	315.25	371.55	34099	16.683607	7.801764	72.30746	-12.203017	-16.946926	0.71659696	192.62437868118286
32	14.7914915	10.0691185	24.631237	1.2744316	20.046873	18.125904	60.44177	-7.8201575	315.75	383.0	35199	17.024912	7.65586	74.19255	-11.76723	-17.291271	0.6748779	199.20135116577148
33	1.5975046	5.9717855	7.56929	-4.374281	10.12586	12.719426	33.603745	-23.560501	400.0	367.5	36299	17.48642	7.4775324	71.48075	-10.869915	-17.76351	0.7070115	205.76231217384338
34	23.21231	2.083224	25.466364	20.44237	11.81642	14.947251	53.559032	-9.875794	400.0	289.1	37399	17.941238	7.3476343	65.50849	-9.789208	-18.218782	0.71767026	211.66025972366333
35	-4.62917	7.3763275	2.4249876	-14.811657	3.5295823	24.750137	56.24039	-46.616158	400.0	361.0	38499	18.369612	7.259955	61.987316	-9.681015	-18.661402	0.7241998	218.1922345161438
36	4.959409	13.3332	16.159985	-13.777533	0.40782738	19.596891	45.5014	-30.591621	400.0	349.7	39599	18.819878	7.1969013	63.683315	-9.413734	-19.116886	0.66065365	224.58432722091675
37	9.570792	15.817966	28.248201	-10.429895	10.996264	23.827362	52.9035	-38.342033	353.33334	354.55	40699	19.2223	7.2156854	62.57655	-8.503887	-19.492489	0.63435733	230.2939100265503
38	37.057987	6.1229367	41.578037	28.401686	11.229023	18.212383	40.209484	-28.74585	400.0	325.9	41799	19.479265	7.3496776	74.041245	-8.175912	-19.729122	0.6257326	236.22631883621216
39	42.63695	8.833073	51.470024	33.80388	19.068714	16.220829	50.584793	-11.742657	400.0	394.2	42899	19.70401	7.574688	67.783226	-7.3089476	-19.94243	0.62671673	242.67666912078857
40	29.378235	16.521032	51.826912	12.545028	21.092243	22.47555	71.60387	-15.4502735	400.0	383.1	43999	19.865314	7.766122	68.1082	-6.383265	-20.108603	0.6420033	249.87423253059387
41	22.965069	16.762241	36.966347	-5.257077	28.779285	17.579895	64.56384	-3.4729447	325.25	368.6	45099	19.943325	7.921884	62.204758	-5.725496	-20.182383	0.67931896	256.19966554641724
42	27.450905	5.0326805	32.483585	22.418224	25.543245	16.724413	52.596462	-9.846601	400.0	400.0	46199	20.11338	7.961525	63.787773	-5.461695	-20.400288	0.6956366	263.1364734172821
43	26.695145	26.717644	62.68241	-1.2702638	23.84417	21.935856	67.45619	-17.186584	400.0	362.25	47299	20.524324	7.947779	66.50937	-9.533866	-20.833328	0.71089053	269.7605891227722
44	29.144382	26.932919	56.965378	-8.68212	25.569397	13.823726	54.668964	3.023531	322.75	400.0	48399	21.01603	8.007048	69.35396	-6.8085046	-21.338373	0.7180564	276.89410734176636
45	22.183252	18.71813	40.901382	3.4651217	29.54577	14.074382	52.9657	2.5899062	400.0	383.65	49499	21.34264	8.099185	68.9285	-7.817683	-21.634731	0.70963925	283.65988540649414
46	33.888557	13.056962	47.291813	16.18734	26.451176	17.329813	60.238934	-16.604973	400.0	351.85	50599	21.564402	8.15376	89.19722	-8.138201	-21.852144	0.7430097	291.64684796333313
47	35.74716	15.468695	51.59893	14.765174	28.340176	17.465488	55.597755	-1.8634744	400.0	400.0	51699	21.733332	8.190532	68.57536	-7.1207294	-22.0096	0.68158895	298.172425031662
48	29.294886	12.446775	40.553776	11.947449	23.769388	20.819706	72.33309	-8.977927	400.0	367.7	52799	21.85039	8.235813	68.12733	-6.8487496	-22.120495	0.7507958	304.3658676147461
49	31.609852	0.36780643	31.977657	31.242044	27.643152	19.845793	65.47753	-7.107971	400.0	400.0	53899	21.934402	8.262099	70.28619	-5.861985	-22.201153	0.670261	310.77451944351196
50	29.400345	3.542419	34.1654	25.6785	29.049719	21.60917	60.706917	-4.829267	400.0	400.0	54999	22.02758	8.205171	77.621	-5.5564194	-22.283625	0.72079754	317.2436079978943
51	43.296696	14.364479	59.15403	24.371843	34.45902	16.41491	68.754105	5.0887604	400.0	400.0	56099	22.079317	8.210952	71.22121	-5.0705075	-22.344599	0.7070847	325.380779504776
52	47.03999	11.281737	55.809566	31.112358	34.75376	14.815678	61.465546	11.9520235	400.0	400.0	57199	22.203407	8.212867	76.92485	-4.192633	-22.475258	0.73636705	332.2514944076538
53	21.950777	2.2118702	24.162647	19.738907	36.604538	14.379366	64.040276	5.6111856	400.0	400.0	58299	22.22789	8.244848	74.995346	-3.3925924	-22.482569	0.715103	338.9398856163025
54	23.895334	8.669244	35.37221	14.422643	26.686771	14.875598	55.794178	2.2647626	400.0	400.0	59399	22.331327	8.240095	68.12985	-2.5479674	-22.584908	0.7247238	345.3848090171814
55	21.118246	8.202393	30.461962	10.493229	22.073627	14.609558	44.96955	1.9164214	400.0	400.0	60499	22.405663	8.131217	73.03372	-2.3337255	-22.658895	0.7010942	351.78016781806946
56	26.854973	14.857551	43.93126	7.713974	18.779642	22.164509	52.238472	-22.114017	400.0	400.0	61599	22.435143	8.096602	77.59864	-2.458097	-22.668629	0.7207147	358.50676560401917
57	36.41263	18.5196	54.932228	17.893028	38.50607	20.363989	76.697	-10.037048	400.0	400.0	62699	22.4	8.051285	76.911674	-2.0408077	-22.640783	0.7167965	365.31196093559265
58	25.723572	7.4669623	32.729156	15.377926	36.914906	15.107698	59.73965	12.751053	400.0	400.0	63799	22.571743	8.023506	75.75804	-2.0883572	-22.837006	0.69779986	372.11539101600647
59	45.755432	18.11962	69.38183	25.350033	27.571817	14.704539	53.159454	-6.9343815	400.0	400.0	64899	22.77907	7.867468	70.062004	-2.3681154	-23.057522	0.6680794	380.5229380130768
60	52.796417	10.633239	65.146034	39.191006	27.361313	17.840843	62.66251	2.1791506	400.0	400.0	65999	23.032938	7.7282915	69.51349	-2.4457197	-23.306414	0.63133067	387.5186653137207
61	26.179373	12.670318	38.84969	13.509055	36.695755	17.24511	77.19687	6.2389326	400.0	400.0	67099	23.190752	7.6538935	69.00364	-2.648033	-23.44799	0.6420086	394.3428792953491
62	34.31142	12.686384	48.454586	17.679783	32.317226	14.7536545	58.45595	6.5063243	400.0	400.0	68199	23.18455	7.6328616	69.507355	-2.071538	-23.43539	0.61168146	401.1044352054596
63	40.451603	12.541081	54.640247	24.14154	29.440928	11.210264	46.465168	8.514112	400.0	400.0	69299	23.22208	7.5742874	82.24387	-2.0192137	-23.469784	0.63792	407.11562061309814
64	20.428133	8.904203	32.970642	13.186624	33.929504	8.804117	57.553146	21.92503	400.0	400.0	70399	23.264872	7.546833	80.09938	-10.131017	-23.507124	0.6219894	413.5684304237366
65	44.718307	11.839937	56.558243	32.87837	26.773636	15.245124	50.97334	4.057358	400.0	400.0	71499	23.177824	7.5004134	69.102036	-1.7137539	-23.416634	0.6299222	421.6455261707306
66	26.520136	6.803438	34.899002	18.234838	28.917913	16.563679	69.127625	-4.523963	400.0	388.5	72599	23.199102	7.534706	69.74465	-1.5454365	-23.437174	0.63366467	428.52415657043457
67	20.965263	11.365933	34.32284	6.54322	32.28727	15.817036	62.269516	0.22124095	400.0	400.0	73699	23.191738	7.520118	70.43713	-1.1615032	-23.421318	0.61695147	435.319673538208
68	25.809149	7.9748826	37.02539	19.178753	28.278091	20.290167	69.959724	-16.475943	400.0	400.0	74799	23.08	7.5465713	74.70933	-0.16554475	-23.308067	0.6259444	442.1976671218872
69	20.32247	13.424917	33.747387	6.8975525	31.113153	16.017838	62.53689	-0.2732017	400.0	400.0	75899	22.99053	7.5437093	96.49609	0.031401634	-23.218788	0.62468463	449.0908513069153
70	31.19182	3.8103287	35.330803	26.134098	27.36581	15.580017	58.805027	4.282693	400.0	385.15	76999	22.983995	7.4448485	70.2948	-0.07917082	-23.230383	0.6053102	457.42582511901855
71	32.060482	9.025835	43.100643	20.992006	27.481457	17.573576	61.57902	8.150978	400.0	400.0	78099	22.986822	7.3196435	105.53336	-26.576193	-23.2167	0.68233234	464.43000078201294
72	40.963833	14.317565	51.21251	20.71625	34.59769	19.338013	69.6416	2.6292005	400.0	400.0	79199	22.951485	7.2472115	71.091415	-1.1346987	-23.174377	0.55448246	471.19570207595825
73	51.521347	5.9591866	57.480534	45.56216	26.997334	10.967442	48.81729	8.521424	400.0	400.0	80299	22.88113	7.2330785	91.07931	-0.61034584	-23.09331	0.62202847	478.1492257118225
74	46.799152	13.214282	65.47971	37.007923	34.536858	15.655191	73.67491	17.165115	400.0	400.0	81399	22.760462	7.2019286	77.73556	-0.18767202	-22.9595	0.54646486	484.9651789665222
75	23.285856	7.620283	29.518682	12.555837	28.008152	15.5807	60.661827	5.952587	400.0	400.0	82499	22.580246	7.2162347	86.52086	0.121846676	-22.76471	0.526843	491.48128151893616
76	25.92807	11.029132	41.24808	15.731223	32.490242	16.328897	60.47883	5.2762265	400.0	400.0	83599	22.315588	7.2204056	72.99397	-0.50484955	-22.49701	0.5155807	498.03817892074585
77	40.599697	4.8675003	45.467197	35.732197	24.498743	12.608663	46.329525	5.221975	400.0	400.0	84699	22.064116	7.240404	70.500946	-1.1391535	-22.244802	0.53721577	504.48790192604065
78	21.565727	4.932925	25.559357	14.615245	31.162725	17.018475	64.89249	9.917983	400.0	400.0	85799	21.863235	7.2914042	66.66264	-1.5215614	-22.048328	0.54887986	511.3809485435486
79	43.960552	8.276871	53.678406	33.450752	37.58554	16.636875	69.25006	5.135648	400.0	400.0	86899	21.657566	7.4204364	68.98252	-1.4444318	-21.831821	0.49198353	518.2745742797852
80	31.466345	11.546624	45.71199	17.430998	28.236755	13.297878	54.273396	4.733318	400.0	384.65	87999	21.336807	7.501853	67.27732	-3.934486	-21.503721	0.5286426	525.0213282108307
81	17.373108	3.85328	21.226387	13.519827	36.68504	14.613718	62.62829	9.9002695	400.0	400.0	89099	21.112123	7.618952	68.20621	-2.3422313	-21.287514	0.4978125	531.5492010116577
82	16.573526	9.938411	30.623547	9.223355	33.610634	14.535549	63.950012	14.010929	400.0	400.0	90199	20.917784	7.7448235	89.00412	-2.6013124	-21.101654	0.56466943	538.0108435153961
83	38.26694	15.052933	50.60882	17.074528	28.7232	14.148011	52.208324	5.7116923	400.0	383.8	91299	20.76379	7.900824	73.603424	-2.8298378	-20.94704	0.5956021	545.1110186576843
84	35.79225	10.465777	45.800667	21.344925	29.348734	15.974743	62.754833	3.435171	400.0	400.0	92399	20.61074	8.035687	68.348976	-3.2533042	-20.799469	0.55244493	551.9108226299286
85	40.417828	11.770251	52.18808	28.647577	27.827969	14.855279	65.92458	5.322887	400.0	400.0	93499	20.507284	8.140791	88.696526	-3.7303298	-20.687067	0.64953256	558.7649781703949
86	27.328848	13.158857	45.261974	14.0569935	33.91341	14.985231	57.26883	4.7032156	400.0	400.0	94599	20.339218	8.207845	69.28538	-8.821958	-20.527876	0.6248667	565.6120803356171
87	29.653305	18.291473	54.13362	10.174178	30.97778	17.858013	58.81271	-14.352173	322.66666	384.0	95699	20.284117	8.265305	79.97062	-4.737404	-20.480947	0.6209141	572.0132851600647
88	35.807156	17.289557	53.221214	12.235538	33.33401	18.881924	71.20409	-5.679263	400.0	400.0	96799	20.23521	8.322659	72.23853	-4.6740284	-20.422308	0.60560006	578.8474037647247
89	23.364141	14.194144	39.073112	4.686913	28.188145	15.318727	53.64794	0.67783326	400.0	400.0	97899	20.1773	8.351173	82.23715	-4.7805543	-20.363125	0.70743084	585.3768036365509
90	39.82987	16.785229	59.73104	18.673328	23.93333	20.464193	56.27715	-11.164579	400.0	374.15	98999	20.067804	8.403019	73.84799	-5.2317886	-20.252357	0.5951346	592.1679179668427
91	48.344276	6.260006	54.604282	42.08427	32.230766	19.400587	59.61562	-25.788187	400.0	386.05	100099	19.90881	8.428734	88.27961	-5.6999245	-20.082886	0.67249525	599.5797197818756
92	33.91908	7.5101123	44.0934	26.192778	30.96554	16.94215	61.282936	2.4195855	400.0	387.55	101199	19.76289	8.446707	87.82035	-5.5486145	-19.9336	0.6885013	606.8283903598785
93	23.695822	21.331455	41.400555	-6.309639	30.242365	16.515615	64.46742	3.419182	400.0	400.0	102299	19.61341	8.519766	76.749725	-6.4429693	-19.787283	0.6123517	613.7871894836426
94	27.133932	11.53671	38.94182	11.479406	27.168375	15.301351	53.73384	1.8612789	400.0	385.05	103399	19.528067	8.476756	83.28704	-5.695437	-19.705057	0.61047786	620.620973110199
95	15.923347	0.5487175	16.472065	15.37463	32.141598	15.077427	55.464592	2.7567239	400.0	400.0	104499	19.388914	8.455684	72.2114	-5.808327	-19.564205	0.5986454	628.7108125686646
96	24.618586	15.681298	36.1304	2.4473407	30.937372	15.303893	65.42201	10.975166	400.0	400.0	105599	19.274565	8.483742	75.65205	-5.7005897	-19.441658	0.5887598	635.4820475578308
97	33.588833	6.0626874	41.829338	27.418013	24.905197	18.361063	58.136192	-16.779335	400.0	400.0	106699	19.095247	8.536998	75.78001	-5.239233	-19.253855	0.5446744	642.3458223342896
98	19.863585	11.864972	28.491873	3.0862606	34.20849	15.848796	63.501446	15.372777	400.0	400.0	107799	18.945198	8.565818	89.70857	-5.6059136	-19.100437	0.6343188	649.261688709259
99	54.633724	9.482426	64.11615	45.1513	37.85627	17.796051	66.436264	-0.14732815	400.0	400.0	108899	18.74336	8.597956	80.136734	-5.544232	-18.908445	0.56460714	656.1204028129578
100	26.414495	17.338846	48.442383	6.0714283	35.23014	20.6647	76.86445	-9.4197855	400.0	400.0	109999	18.650864	8.666294	72.41421	-5.9586887	-18.822685	0.5458544	663.0236721038818
101	17.843489	11.156498	31.0994	3.8052852	39.57785	14.593271	64.54613	4.304563	400.0	400.0	111099	18.543825	8.744859	84.29048	-9.009459	-18.718836	0.58143073	671.2219088077545
102	29.153727	20.12611	47.987938	1.2556885	43.55156	15.802053	65.6171	4.59697	400.0	400.0	112199	18.447905	8.827498	88.268814	-6.254649	-18.612692	0.60003173	677.6805493831635
103	8.33806	3.8559387	12.193999	4.482122	34.81437	18.074135	65.11686	-2.042031	400.0	400.0	113299	18.298498	8.888732	88.03596	-6.389844	-18.451754	0.55381644	684.4653432369232
104	21.252441	10.738413	29.914505	6.1187825	31.182842	15.403155	58.083794	-2.029708	400.0	400.0	114399	18.164583	8.915123	80.383965	-7.049647	-18.313429	0.5442573	691.3320572376251
105	41.043858	17.713766	63.62016	20.35362	32.293713	15.580051	66.62643	3.5019429	400.0	400.0	115499	17.97704	8.93157	85.67964	-7.504907	-18.116009	0.5545257	698.3192353248596
106	29.818567	17.104637	49.56024	7.8418374	26.28838	14.578398	45.17202	-4.5363674	400.0	400.0	116599	17.743988	8.90859	79.91998	-7.310291	-17.88412	0.57648903	706.322350025177
107	38.769363	15.84696	54.61632	22.922401	26.457958	16.459959	55.698895	-3.3135269	400.0	400.0	117699	17.5881	8.846255	80.22841	-7.2502556	-17.734715	0.5527323	714.5233201980591
108	25.951452	9.889403	39.49655	16.162588	39.205364	16.871584	63.106293	1.363875	400.0	400.0	118799	17.458172	8.761523	76.50219	-7.263896	-17.610474	0.54718804	722.8439071178436
109	36.36909	12.667084	52.12188	21.105564	31.198008	18.084412	64.44972	-1.6468264	400.0	400.0	119899	17.335573	8.6486845	85.98413	-6.760347	-17.493116	0.5347552	729.8762238025665
110	44.104	12.862203	60.341537	28.885149	28.91235	21.591455	63.520332	-11.863446	400.0	400.0	120999	17.303783	8.632678	81.01274	-7.8613586	-17.461077	0.57414585	737.9095869064331
111	10.583349	11.728835	22.312185	-1.1454862	24.258076	23.131727	79.0648	-20.740858	400.0	400.0	122099	17.310564	8.573833	97.05056	-6.3554244	-17.479025	0.5776293	744.8075675964355
112	34.69229	6.8007417	42.03776	25.642923	25.086088	18.616228	62.48105	-7.3880806	400.0	369.05	123199	17.313332	8.459785	84.75303	-26.002832	-17.490719	0.4878863	751.3596427440643
113	11.605431	16.825325	36.63413	-8.196962	22.553076	21.81409	68.494316	-21.02607	324.5	370.5	124299	17.378376	8.412941	76.12849	-6.079348	-17.558275	0.5827387	757.7656359672546
114	26.183352	2.8032875	28.986639	23.380064	25.269032	18.24541	57.698956	-14.188129	400.0	400.0	125399	17.440948	8.419092	78.25366	-5.591117	-17.615725	0.50214547	764.5806498527527
115	28.927526	4.567614	35.331852	24.995222	26.756516	20.515068	56.820618	-21.598722	400.0	354.65	126499	17.418364	8.432311	80.8853	-5.5362353	-17.587543	0.55645543	772.4495236873627
116	18.499453	11.269798	33.58185	6.4969134	37.110176	21.607405	72.787445	-3.0615892	400.0	384.5	127599	17.389175	8.4377	76.87917	-8.907536	-17.553696	0.5173812	780.3890895843506
117	20.444147	12.39768	36.731052	6.678749	21.912916	17.221468	56.15702	-11.781493	400.0	385.35	128699	17.349638	8.453697	77.3416	-11.326076	-17.511982	0.5078767	788.1959269046783
118	18.85896	8.3784895	27.237448	10.480469	30.314508	20.437	64.10404	-9.348637	400.0	400.0	129799	17.30555	8.437809	91.31552	-4.4959145	-17.461914	0.5741061	795.0974230766296
119	36.76919	8.985769	49.35559	28.958439	33.532585	18.189203	62.07439	-1.1145451	400.0	400.0	130899	17.210121	8.404833	77.602394	-4.4589763	-17.36648	0.50627166	801.3898596763611
120	23.495605	20.267326	47.0986	-2.3885303	20.248093	15.4990835	41.01628	-16.707838	400.0	385.1	131999	17.15988	8.373361	71.05902	-4.675681	-17.318153	0.5263093	808.0864436626434
121	14.933823	5.84656	22.995293	9.31157	33.94657	18.35762	58.976517	-3.3066933	400.0	400.0	133099	17.062723	8.353252	76.5273	-14.559267	-17.216183	0.53401256	816.256233215332
122	27.689003	3.7828722	31.471876	23.906132	28.643148	20.899801	71.127686	-4.557041	400.0	400.0	134199	16.981792	8.300909	71.92911	-5.8070126	-17.130753	0.5066396	824.4444394111633
123	30.458555	20.142414	57.964794	10.292145	23.412655	11.227656	45.377274	-0.7204256	400.0	400.0	135299	16.910545	8.26257	82.40138	-5.524346	-17.061512	0.5208901	831.1873142719269
124	29.531366	16.93749	44.565422	5.8650103	21.969063	18.223927	58.612507	-14.542196	400.0	384.55	136399	16.832964	8.261532	72.994156	-5.831198	-16.980917	0.5527812	837.0320293903351
125	29.96585	16.483112	46.222054	7.369115	25.166529	20.258831	62.89304	-4.1114316	400.0	354.1	137499	16.724474	8.266171	72.30349	-6.0950766	-16.871773	0.4830431	842.6919078826904
126	5.049338	11.850977	18.893452	-10.053421	20.640652	11.400128	39.488655	1.8250637	295.66666	384.55	138599	16.633165	8.262606	96.36108	-20.590845	-16.78556	0.4894433	848.5455102920532
127	4.300144	21.493116	35.76842	-24.861403	25.163614	22.43697	72.274284	-8.814032	244.5	368.0	139699	16.61387	8.286449	72.531456	-6.118465	-16.767372	0.5079227	854.7838859558105
128	12.093656	7.853618	23.047657	5.0272007	39.693813	14.1657915	63.77542	7.1137605	400.0	400.0	140799	16.525043	8.170204	84.679375	-7.4529333	-16.673523	0.5399103	861.154673576355
129	34.20801	18.744211	57.821583	11.969658	29.093018	20.543152	62.45738	-5.8287625	400.0	400.0	141899	16.419582	8.141011	74.04842	-6.396398	-16.559671	0.4847582	867.8887250423431
130	15.901675	6.3721795	24.826069	10.356241	35.250053	16.396303	63.812126	-3.7655761	400.0	400.0	142999	16.278645	8.086322	75.07832	-6.746358	-16.414135	0.47365355	875.9239399433136
131	43.79899	17.541925	61.34091	26.257063	40.488472	19.014147	73.020096	-6.531645	400.0	400.0	144099	16.114298	8.0886755	75.713455	-6.3967857	-16.243029	0.48102683	882.3510272502899
132	46.85951	16.23747	68.018524	28.553087	27.102942	21.704771	70.14157	-8.470117	400.0	400.0	145199	16.011211	8.13618	74.95441	-6.493172	-16.142765	0.46254677	890.4579613208771
133	39.942165	15.798621	61.528183	24.156404	25.850407	22.59788	55.324547	-18.127419	400.0	400.0	146299	15.882343	8.145763	91.02939	-6.429067	-16.008474	0.54357153	897.5455083847046
134	18.762335	21.71075	49.17414	-0.10096713	37.153896	16.481937	62.01086	2.5029185	376.66666	400.0	147399	15.72914	8.126634	77.42331	-6.56501	-15.853184	0.47843972	904.3369462490082
135	31.734741	8.012062	39.613205	20.74306	29.256475	18.536009	69.51504	-14.798526	400.0	400.0	148499	15.626858	8.137825	78.03369	-7.000639	-15.758492	0.47283375	910.8710162639618
136	37.461353	18.775797	56.23715	18.685556	28.170338	19.904047	68.58426	-10.525156	400.0	400.0	149599	15.536996	8.207108	79.17721	-7.3957205	-15.66741	0.45187727	917.3928203582764
137	9.553623	17.338783	29.807503	-12.543503	23.79225	17.325888	59.619125	0.79514813	400.0	400.0	150699	15.4260435	8.208039	79.604744	-8.196842	-15.552548	0.47205588	923.8767423629761
138	34.588512	7.374991	43.211506	25.195803	28.3092	16.13025	56.337616	0.36930448	400.0	367.3	151799	15.326309	8.22225	84.7578	-8.491776	-15.455014	0.4806138	930.4599957466125
139	31.65065	8.613409	43.671753	23.935387	23.169178	13.75369	45.031277	-2.0933042	400.0	367.05	152899	15.227394	8.267953	78.6228	-32.07601	-15.353149	0.5052786	938.1598036289215
140	46.037422	19.319448	65.35687	26.717974	34.756523	18.615847	63.01628	-9.279353	400.0	400.0	153999	15.124541	8.288483	78.276436	-7.574389	-15.248253	0.50394607	946.516833782196
141	47.633667	31.815334	74.63797	2.9642406	32.43293	17.507513	71.93829	0.8126908	400.0	400.0	155099	15.014349	8.358831	78.869064	-7.2216406	-15.14013	0.50205857	953.1831288337708
142	53.16917	19.839428	71.496185	25.607433	29.639862	14.036464	68.398766	6.941525	400.0	400.0	156199	14.89558	8.493112	78.647804	-6.8359103	-15.022426	0.5002377	959.9682104587555
143	28.459982	5.071085	33.113766	21.407566	32.632626	23.181463	77.58583	-2.4479535	400.0	400.0	157299	14.817717	8.534894	77.83347	-7.023715	-14.9450245	0.48637372	966.4859299659729
144	39.62219	9.788068	49.410255	29.83412	33.695488	14.101882	57.940964	4.6053743	400.0	400.0	158399	14.775275	8.601043	78.233574	-6.6622496	-14.908366	0.49871126	973.3362336158752
145	30.887728	27.385857	57.454956	-6.8011	33.19998	14.100147	67.822495	-4.3324294	400.0	400.0	159499	14.692142	8.664599	78.74414	-6.9783077	-14.821271	0.52272606	980.1089820861816
146	22.845963	3.9952712	27.640766	17.859993	31.14356	17.528952	56.019447	-1.8362075	400.0	400.0	160599	14.637145	8.747729	78.48708	-6.8717866	-14.77345	0.4766972	986.5789325237274
147	20.805136	17.043722	41.61322	-0.13458176	38.20392	20.514648	71.667145	-3.924249	400.0	400.0	161699	14.620987	8.839188	78.385284	-6.8369274	-14.7581005	0.49483055	993.1143410205841
148	20.681328	19.629883	40.31121	1.0514432	28.01879	22.533863	62.776882	-15.422982	400.0	400.0	162799	14.592228	8.856057	82.23961	-7.0303435	-14.729484	0.53598446	999.5631597042084
149	36.376377	2.0212262	39.066837	34.195023	28.551437	18.926203	60.834606	2.6046846	400.0	400.0	163899	14.585809	8.803692	77.76221	-6.8806357	-14.724102	0.5052126	1006.0641169548035
150	39.36037	2.4735024	41.997738	36.051575	28.089005	18.897455	74.41133	-3.7857459	400.0	400.0	164999	14.5833025	8.753404	78.625595	-6.5668607	-14.714728	0.49208724	1012.5152714252472
151	43.41252	6.240389	51.90001	37.074596	30.04421	13.200232	52.250507	10.23016	400.0	400.0	166099	14.582564	8.75984	80.45667	-6.3826513	-14.70949	0.5216734	1019.404129743576
152	37.170647	39.46907	76.63972	-2.2984264	32.051487	23.347233	61.789753	-5.408436	400.0	400.0	167199	14.501658	8.658742	78.648315	-8.760751	-14.632854	0.5272362	1026.2755827903748
153	47.326252	9.467885	57.82964	34.88287	23.573381	23.119528	76.08708	-7.8785863	400.0	400.0	168299	14.481545	8.590732	78.92268	-6.8872404	-14.612711	0.5339007	1033.262493133545
154	32.92645	22.311176	64.11982	13.217212	27.761469	21.339867	74.086525	-5.0062246	400.0	400.0	169399	14.434322	8.526831	93.830475	-6.943369	-14.555792	0.58301073	1040.1500504016876
155	33.864483	23.56519	64.35851	6.9743247	37.409885	15.441675	64.09925	9.602903	400.0	400.0	170499	14.307527	8.452295	78.5896	-6.2727985	-14.424581	0.52441365	1046.744910955429
156	19.109962	13.387577	32.49754	5.722385	42.39467	20.285482	80.60133	1.6169606	400.0	400.0	171599	14.230552	8.4408455	80.96472	-6.4997697	-14.347937	0.53019875	1053.6728541851044
157	36.43046	10.855848	46.308327	21.313368	31.463535	17.651293	56.812485	-0.8529178	400.0	400.0	172699	14.158701	8.399162	80.08107	-6.4084525	-14.2810955	0.53941226	1062.1932742595673
158	30.3089	13.518078	48.101444	15.3565	36.105667	17.600567	70.85322	3.8270812	400.0	400.0	173799	14.060484	8.369331	80.12719	-6.768645	-14.173363	0.57835996	1068.9690880775452
159	25.565414	13.691867	44.259552	11.848252	35.642143	22.379044	80.21853	5.023198	400.0	400.0	174899	13.98493	8.33726	78.43738	-7.217109	-14.105271	0.56138486	1077.411708831787
160	26.721756	2.0322456	28.754002	24.68951	36.32682	18.070795	68.32	-1.7046825	400.0	400.0	175999	13.924735	8.33985	79.31599	-6.252854	-14.039667	0.5801872	1085.7278981208801
161	47.720566	4.9467154	53.582478	41.48303	36.668964	20.054914	91.16946	7.135878	400.0	400.0	177099	13.820868	8.315632	82.37184	-6.370049	-13.93531	0.5440813	1092.2463788986206
162	57.44833	5.4801583	64.019516	50.604248	29.837006	15.506193	60.131054	1.2662446	400.0	400.0	178199	13.832628	8.365534	81.872894	-6.05247	-13.957951	0.5666796	1099.1457958221436
163	23.975937	10.379346	38.43866	14.572368	31.618048	12.310483	58.054024	11.961085	400.0	400.0	179299	13.784824	8.360115	81.96288	-20.210938	-13.913244	0.48940408	1107.4792928695679
164	13.796183	0.24641609	14.042599	13.549767	33.02983	19.60323	71.0084	7.2615147	400.0	400.0	180399	13.835238	8.375557	84.27775	-18.32174	-13.979652	0.5534304	1114.099300146103
165	30.684275	11.3832655	45.500202	17.823391	24.704594	16.927849	67.314026	-12.881677	400.0	400.0	181499	14.020451	8.344337	84.95667	-9.468596	-14.202875	0.52039516	1120.5157840251923
166	32.628468	19.983818	59.627285	11.895294	29.209019	26.070654	71.07495	-32.68187	400.0	400.0	182599	14.355365	8.199473	85.57541	-5.8532314	-14.555866	0.58122146	1126.8694369792938
167	40.918125	28.382412	81.05584	20.59447	23.506823	18.106546	58.75144	-23.300552	400.0	376.6	183699	14.613837	8.140462	85.35886	-6.747482	-14.777082	0.5613377	1133.6301202774048
168	36.4642	12.317622	48.781822	24.146578	21.945118	15.791288	63.10135	1.4502566	400.0	385.55	184799	14.693935	8.052734	84.156525	-11.041967	-14.836769	0.5272531	1140.3563964366913
169	44.250137	12.1434	56.9708	27.898218	26.312307	16.61901	56.390934	-1.4742115	400.0	372.2	185899	14.744027	8.092243	85.57208	-7.0729995	-14.872768	0.5176594	1146.745908498764
170	36.791065	12.806359	48.96043	19.090267	34.468212	20.982876	77.9951	9.703277	400.0	400.0	186999	14.699317	8.09452	85.67322	-7.651894	-14.820351	0.46952608	1153.3126652240753
171	16.50751	6.425257	25.127745	9.708505	36.656837	18.202057	75.41055	7.2504807	400.0	400.0	188099	14.599826	8.057624	83.824814	-8.363351	-14.720707	0.5048898	1160.1260888576508
172	36.36932	12.425755	48.795074	23.943565	29.460562	20.870197	60.03427	-13.187433	400.0	386.25	189199	14.555244	8.106292	85.42839	-8.405245	-14.675231	0.48939386	1166.6499238014221
173	32.8152	10.813005	46.874287	20.576225	44.41004	17.853268	77.61462	0.15026698	400.0	400.0	190299	14.47803	8.079591	86.36302	-8.963384	-14.605744	0.532135	1175.1273424625397
174	44.74383	13.013607	58.139072	27.11659	33.911873	17.491135	82.39916	6.0898447	400.0	388.65	191399	14.448673	8.117898	85.2208	-8.926862	-14.578553	0.49526522	1182.0542330741882
175	48.550663	13.895078	67.46854	34.487885	39.92887	15.124841	66.61909	12.053572	400.0	400.0	192499	14.446386	8.214753	87.03794	-9.209833	-14.571575	0.48729482	1188.9787981510162
176	57.561554	4.6554127	62.21697	52.906143	34.82374	14.444772	58.381565	2.9877489	400.0	400.0	193599	14.39792	8.172039	87.95991	-9.350845	-14.527132	0.5443428	1195.990199804306
177	26.263117	13.425306	36.089558	7.280815	34.626568	20.145884	75.72473	-0.47851992	400.0	400.0	194699	14.373623	8.154254	86.718216	-9.569327	-14.508994	0.48445913	1202.9128232002258
178	24.784014	14.3887205	35.695007	4.45352	34.031906	15.521676	58.393528	6.5842304	400.0	400.0	195799	14.428595	8.1826315	86.246284	-9.476276	-14.563445	0.47991362	1211.1487243175507
179	29.092903	14.658054	39.653053	8.364519	31.141651	15.229185	54.04388	0.85303825	296.66666	400.0	196899	14.441531	8.194239	86.815285	-8.986392	-14.573402	0.5333809	1217.875146150589
180	29.535746	5.602108	35.434982	22.006315	34.03231	16.533318	62.249435	0.5220476	400.0	400.0	197999	14.42946	8.233191	85.6466	-8.837493	-14.555685	0.53393877	1224.3347761631012
181	43.97362	5.338803	51.510715	39.81987	43.441277	16.84343	77.968925	8.190893	400.0	400.0	199099	14.384666	8.291306	90.09161	-8.723395	-14.507005	0.5415683	1231.163979291916
182	43.639843	10.461918	58.145782	33.864803	35.16917	21.075665	90.21981	7.775315	400.0	400.0	200199	14.388419	8.394444	86.751396	-8.705494	-14.517973	0.539285	1237.6312799453735
183	32.75451	3.045659	35.800167	29.708849	30.846502	16.106821	59.05183	4.844924	400.0	400.0	201299	14.366498	8.527655	87.3927	-10.729212	-14.498263	0.5948902	1243.9305303096771
184	50.44138	15.760407	61.67557	28.15304	28.28468	15.358112	58.87761	3.25925	400.0	400.0	202399	14.324123	8.609641	86.01068	-7.9926157	-14.458933	0.5708807	1250.8799862861633
185	34.484272	4.771257	40.81375	29.294537	41.304146	17.782682	75.955956	6.2410135	400.0	400.0	203499	14.328267	8.778078	86.93307	-7.782422	-14.472255	0.57674515	1257.7460396289825
186	26.26599	18.976646	52.91374	10.186633	36.550495	20.144196	91.4827	5.5557394	400.0	400.0	204599	14.398863	8.956995	93.05682	-7.129048	-14.548766	0.6004015	1264.1823635101318
187	10.039047	2.2249465	12.263993	7.8141003	38.886585	19.040556	79.96514	4.7940288	400.0	400.0	205699	14.48038	9.167678	98.13014	-7.1992946	-14.631049	0.6482275	1271.1228959560394
188	24.497581	7.6014104	30.818716	13.806768	33.81076	15.910701	61.869713	7.81258	400.0	400.0	206799	14.52418	9.344817	104.62471	-6.386469	-14.673966	0.66509426	1277.6793777942657
189	47.934845	22.607372	79.49214	27.71293	36.259193	15.206777	58.52875	4.0275364	400.0	400.0	207899	14.574031	9.470853	108.07728	-20.88353	-14.719006	0.708087	1284.15202999115
190	40.59364	4.029886	45.381775	35.522766	37.866337	12.237396	65.55882	11.091494	400.0	400.0	208999	14.571135	9.462574	109.64608	-5.677744	-14.714386	0.7030584	1290.6499619483948
191	20.086262	10.654221	30.740482	9.43204	27.63116	24.650394	56.376724	-53.843468	400.0	397.55	210099	14.560333	9.453282	111.1171	-5.102906	-14.705572	0.7375869	1297.536984205246
192	45.046936	7.3229027	54.14877	36.217606	33.751553	15.244011	54.88789	12.5936775	400.0	400.0	211199	14.608425	9.606183	111.19716	-5.5161285	-14.753041	0.7134541	1304.4384427070618
193	39.518814	5.1517487	46.55516	34.36414	31.196579	12.563149	51.823666	6.3866806	400.0	385.8	212299	14.572258	9.457708	110.89445	-4.7078896	-14.714631	0.8103593	1311.2020144462585
194	27.580645	25.17207	61.837334	2.0672557	26.387463	21.216522	67.51191	-16.165037	400.0	326.3	213399	14.632846	9.438253	116.56583	-5.101237	-14.7788515	0.76325893	1317.30113697052
195	24.115997	5.120141	29.236137	18.995855	34.79612	23.931675	81.32818	-35.63129	400.0	371.75	214499	14.613208	9.29559	109.06488	-7.8136935	-14.7524	0.7513788	1323.9760324954987
196	23.547333	12.577624	35.70519	6.2240777	25.891138	23.968018	73.42764	-25.059114	400.0	377.7	215599	14.634365	9.199934	110.0135	-4.747094	-14.774284	0.7541487	1330.5738289356232
197	43.000824	17.254532	60.529907	19.535032	34.217674	22.490088	76.11936	-1.1562972	400.0	384.75	216699	14.628739	9.139776	100.52709	-4.9782953	-14.767467	0.6845046	1336.9094116687775
198	37.078796	8.788322	45.84993	25.067463	32.441628	26.786263	68.22281	-27.5359	400.0	360.85	217799	14.59897	9.058141	101.73734	-3.9410524	-14.728608	0.6481363	1345.0127630233765
199	38.78534	19.850697	58.636036	18.93464	10.492098	30.722792	56.71299	-64.43095	400.0	342.4	218899	14.583467	9.011394	95.17547	-10.781876	-14.725501	0.68577623	1351.4706716537476
200	11.5952635	30.607727	40.712395	-30.701254	27.281183	14.572634	52.303505	-6.7191257	400.0	388.4	219999	14.627171	8.957525	99.92252	-5.3637743	-14.766005	0.6199211	1357.9376745224
201	40.72063	24.666132	71.666145	11.304832	19.561867	31.004917	59.608265	-51.342354	400.0	332.35	221099	14.672252	8.912751	89.522545	-10.194906	-14.806571	0.6393157	1364.3940479755402
202	17.247614	23.224627	39.29189	-16.46456	22.7755	21.793571	67.02026	-14.98984	251.75	326.95	222199	14.672761	8.904609	83.41882	-5.7602377	-14.810609	0.5919514	1372.2339141368866
203	39.74466	12.901835	56.761795	25.535315	35.760715	17.622322	63.560093	1.4318177	400.0	369.35	223299	14.691436	8.856211	81.01451	-5.2532935	-14.825069	0.60259324	1378.80419588089
204	11.235394	24.002739	37.832134	-25.706398	24.47706	14.549273	45.697594	-8.987065	291.0	356.35	224399	14.68693	8.79988	78.47903	-11.268983	-14.814779	0.6019003	1385.363554239273
205	26.967546	8.682472	39.185226	19.798418	16.428188	10.861367	36.49886	0.410511	354.0	265.45	225499	14.675802	8.800591	77.68524	-5.5518794	-14.801041	0.5591828	1391.4282500743866
206	25.949911	9.962608	39.024258	14.865601	22.336355	15.169485	52.822994	-6.720367	400.0	348.25	226599	14.650776	8.791885	75.39207	-8.214723	-14.767596	0.5668345	1398.0121276378632
207	17.179241	24.318972	56.518055	-9.991589	9.979608	14.868668	35.98237	-21.561728	280.5	261.0	227699	14.553531	8.794404	75.449455	-4.615007	-14.651231	0.5604721	1404.0395572185516
208	8.966622	21.681347	39.15494	-10.777289	17.11822	20.69198	60.554283	-22.49727	354.66666	265.5	228799	14.374905	8.768957	73.36281	-5.17754	-14.471379	0.5104186	1409.8086562156677
209	2.0440927	4.8908453	8.2477045	-3.8772616	30.13627	19.281637	63.490803	-3.9740105	168.8	385.05	229899	14.215253	8.748318	74.29784	-5.5226083	-14.314604	0.5240177	1416.5148763656616
210	31.617086	19.926323	57.50977	9.039328	33.580467	21.934229	77.56754	1.5572318	400.0	385.25	230999	14.102904	8.715303	71.04336	-5.22777	-14.2094145	0.51610726	1423.2260463237762
211	25.47891	10.426391	39.87387	15.5149765	32.592007	14.963314	58.219677	10.005086	400.0	400.0	232099	14.001464	8.686017	70.15131	-5.8253174	-14.111424	0.53487104	1430.1867730617523
212	36.274616	18.59085	53.553104	10.473786	36.262356	15.601585	71.6496	9.015608	400.0	400.0	233199	13.905827	8.675718	70.16732	-7.040965	-14.010491	0.50894654	1438.569181919098
213	23.896544	0.5245857	24.42113	23.371958	32.789158	17.398006	56.30128	-7.9304657	400.0	384.5	234299	13.802375	8.704705	71.45838	-6.1612825	-13.906724	0.50739634	1444.415768146515
214	53.14482	13.594152	71.53959	39.10741	33.5725	18.22155	64.605	4.199332	400.0	400.0	235399	13.723643	8.748339	70.63431	-6.115177	-13.833072	0.48373374	1450.8457896709442
215	21.396088	8.1042385	33.12815	13.06797	27.33617	16.002577	53.782936	3.4534783	321.75	400.0	236499	13.6510935	8.780823	71.33161	-6.475715	-13.761211	0.5002278	1457.6741797924042
216	51.300102	2.3905907	53.690693	48.90951	26.066319	11.37704	56.63312	0.3556062	400.0	400.0	237599	13.540448	8.784563	72.403564	-8.339954	-13.641262	0.50759345	1464.1054379940033
217	34.883007	10.420687	42.28698	20.145988	33.13186	18.946356	66.89411	1.635769	400.0	400.0	238699	13.40054	8.766616	72.69592	-7.1825137	-13.496168	0.5904187	1470.972324371338
218	32.02604	21.962996	63.71396	2.7042544	35.609653	20.324486	80.48304	3.4692836	319.5	368.7	239799	13.300766	8.759007	76.11333	-27.783634	-13.39908	0.5495653	1477.8194408416748
219	21.405163	6.8910227	28.296186	14.514141	44.967094	12.409945	61.50951	20.89083	400.0	400.0	240899	13.18826	8.776885	80.07716	-6.8096657	-13.287801	0.49190685	1486.3374745845795
220	44.20461	19.983446	72.313705	27.617031	41.720837	17.359394	72.257	2.1108541	400.0	400.0	241999	13.107371	8.807236	74.35236	-7.4963846	-13.208014	0.50218034	1492.733653306961
221	37.11652	11.117609	45.046707	21.394049	31.294012	17.834425	61.786762	-0.24448188	400.0	400.0	243099	13.019788	8.745067	77.355774	-7.707951	-13.121158	0.5265932	1499.1039061546326
222	23.880472	5.256257	28.802103	16.595186	34.1052	13.836126	59.13036	2.3820145	400.0	400.0	244199	12.914582	8.673129	79.02972	-17.13885	-13.014036	0.5162682	1505.6771500110626
223	23.94587	32.25449	56.20036	-8.308619	38.269753	21.619635	95.702835	4.1849885	400.0	400.0	245299	12.843345	8.628116	75.304794	-7.651482	-12.949626	0.49180552	1512.6561706066132
224	58.21919	4.9274225	63.506756	51.644695	39.67615	16.602163	73.77444	-2.1621985	400.0	400.0	246399	12.819632	8.605215	74.74098	-11.152931	-12.930804	0.49513018	1519.5790605545044
225	43.942875	11.696946	58.656006	30.03874	42.168724	24.7247	82.32424	-6.214769	400.0	400.0	247499	12.783056	8.534298	74.08379	-8.394354	-12.890909	0.48265293	1526.4969472885132
226	31.42775	18.744205	55.745872	10.131426	45.15327	18.438578	82.088745	12.419193	400.0	400.0	248599	12.74601	8.507029	74.36932	-8.250795	-12.851694	0.46021447	1533.389081478119
227	39.78512	15.804011	55.58913	23.981108	32.218414	18.656738	71.62904	0.4205148	400.0	400.0	249699	12.6787615	8.4537115	74.44584	-7.5936356	-12.779993	0.48080412	1540.2541799545288
228	46.31847	14.013667	65.48109	32.358818	35.9237	20.648647	72.04547	-0.8854855	400.0	400.0	250799	12.595893	8.420163	80.98579	-8.224091	-12.695457	0.50038964	1547.1439261436462
229	30.781687	16.077095	47.949436	9.288095	23.633846	15.181052	53.249046	-4.810211	400.0	400.0	251899	12.531977	8.422603	78.66601	-8.817134	-12.634629	0.47758985	1553.9693558216095
230	34.2216	11.792601	48.098293	19.27225	31.3885	15.526981	61.83636	7.791296	400.0	400.0	252999	12.458639	8.394516	70.87571	-9.466978	-12.561076	0.5369556	1561.1463534832
231	39.82214	8.782172	48.604313	31.039968	46.43736	18.21327	84.13604	5.029795	400.0	400.0	254099	12.43222	8.41248	72.033455	-8.689942	-12.537372	0.48100913	1568.1195838451385
232	25.999369	11.028424	39.240883	12.241669	33.757725	17.337427	60.37108	4.317975	400.0	400.0	255199	12.4077835	8.397653	76.45495	-10.282402	-12.513476	0.4410506	1575.2835805416107
233	43.242218	16.279446	57.965153	20.552444	31.131893	13.11891	55.227703	10.808488	400.0	400.0	256299	12.359822	8.392517	72.13779	-8.947538	-12.465523	0.48956588	1582.3487577438354
234	13.943466	1.8980097	16.581436	12.194947	36.038216	17.57262	78.47428	9.012652	400.0	400.0	257399	12.282243	8.378117	76.754906	-7.778516	-12.383076	0.48161212	1588.9713158607483
235	45.76812	12.069967	57.83809	33.698154	32.115944	20.387226	67.54344	2.0027518	400.0	400.0	258499	12.234071	8.420187	70.79895	-9.216141	-12.33225	0.5047985	1597.1681127548218
236	45.617386	8.9447975	55.377323	33.76807	28.97286	15.782597	60.514553	10.392597	400.0	400.0	259599	12.151586	8.4288645	74.04745	-8.4789505	-12.245849	0.478792	1605.0484523773193
237	39.79338	13.298734	58.414886	28.199184	32.69921	16.184326	73.368	5.412748	400.0	400.0	260699	12.089791	8.450544	74.71856	-8.688332	-12.190325	0.5010831	1611.4953207969666
238	31.09033	13.407723	40.742477	12.129984	38.27202	21.535494	87.97259	-1.3099375	400.0	400.0	261799	12.048009	8.42516	84.00224	-11.424061	-12.153796	0.47296175	1618.2041399478912
239	45.27778	14.686935	59.964714	30.590843	30.268951	15.459874	71.0828	-3.7801354	400.0	400.0	262899	12.036076	8.386115	71.67315	-8.371947	-12.13959	0.5097158	1625.2998185157776
240	28.952682	21.354877	59.151627	13.600275	44.41992	15.462613	70.46444	7.311349	400.0	400.0	263999	11.96952	8.288104	75.588585	-9.12546	-12.067072	0.44737568	1632.04270195961
241	35.37175	13.672107	46.942734	16.170818	32.755653	17.603216	61.000324	-5.6904054	400.0	400.0	265099	11.91713	8.246969	100.10449	-11.301983	-12.018985	0.48620504	1638.788732290268
242	20.634909	6.1251907	27.960968	12.968932	31.350576	15.522088	68.641335	4.71571	400.0	400.0	266199	11.901475	8.224007	73.12105	-7.2111616	-12.009011	0.4183506	1645.5317981243134
243	33.050125	0.4927616	33.542885	32.55736	32.6822	21.563118	85.67797	-2.0654285	400.0	400.0	267299	11.906547	8.198441	77.6862	-7.128716	-12.01916	0.45266375	1652.036470413208
244	19.667906	23.174824	50.9876	-4.3535347	28.35488	15.743266	55.839474	-14.772103	400.0	400.0	268399	11.941656	8.155903	84.46738	-6.928048	-12.064574	0.413915	1660.1514666080475
245	43.010326	14.394201	60.834145	25.582363	33.270477	17.391596	70.277466	5.266274	400.0	400.0	269499	12.049597	8.127894	71.95773	-7.5079684	-12.179144	0.4547517	1666.9624226093292
246	17.26644	1.9724864	20.026457	15.536027	32.028816	12.937757	65.375916	8.937846	400.0	400.0	270599	12.1247	8.080867	76.599724	-7.2461467	-12.25061	0.43506536	1675.4037630558014
247	46.51677	7.8533726	54.37014	38.663395	25.571121	19.147282	61.17359	-6.518718	400.0	400.0	271699	12.190013	8.095016	77.45518	-7.8977737	-12.302789	0.41606513	1683.714716911316
248	21.928802	27.475805	56.22684	-11.035186	32.79163	17.54979	75.157715	-6.9388003	400.0	400.0	272799	12.215849	8.098069	72.38692	-7.8433676	-12.329783	0.41727144	1692.0014629364014
249	37.320297	3.3206532	39.98799	32.639412	34.085346	25.003164	71.227165	-16.525084	400.0	400.0	273899	12.266963	8.0578785	76.60997	-8.6844225	-12.387458	0.4061444	1700.1744091510773
250	23.595407	11.010329	33.383663	8.213975	43.707054	19.048264	69.29984	4.27529	400.0	400.0	274999	12.331984	8.045154	74.4796	-13.103307	-12.448296	0.40627575	1706.8518235683441
