Epoch	AverageEpRet	StdEpRet	MaxEpRet	MinEpRet	AverageTestEpRet	StdTestEpRet	MaxTestEpRet	MinTestEpRet	EpLen	TestEpLen	TotalEnvInteracts	AverageQVals	StdQVals	MaxQVals	MinQVals	LossPi	LossQ	Time
1	-28.676743	26.867256	-1.8094848	-55.544	-161.236	5.397761	-153.30733	-170.4434	400.0	400.0	1099	-0.19541197	0.08749916	0.2065358	-0.57030183	0.1927676	0.021985926	4.219409942626953
2	-11.689691	34.957825	37.420567	-41.165287	-23.045979	102.654434	96.9422	-167.28233	400.0	400.0	2199	-0.33091283	0.35334522	1.3853798	-1.3809944	0.28362542	0.012840316	18.485166549682617
3	-49.11793	6.9594173	-41.07997	-58.055614	68.57285	27.928112	124.08099	0.6021297	400.0	400.0	3299	-0.013702471	0.88409793	3.6799757	-2.1277406	-0.17063957	0.007505291	35.96087288856506
4	6.7468333	15.129169	27.291962	-8.698826	72.31027	28.154001	139.76456	40.815052	400.0	400.0	4399	0.76577145	1.5391815	6.110279	-2.1793303	-0.971965	0.015238564	49.55326986312866
5	17.721807	35.52366	53.24547	-17.801853	56.26988	24.275917	93.36853	14.488657	400.0	400.0	5499	1.7637364	2.2686346	8.394765	-2.1860938	-1.9685107	0.029083945	64.5410532951355
6	-44.52701	4.2023396	-39.26293	-49.547897	80.8441	32.39898	137.82396	28.71518	400.0	400.0	6599	2.4921901	2.8410645	10.74452	-2.4262278	-2.70307	0.043814104	78.24194645881653
7	-52.4355	2.4874737	-49.1385	-55.14637	54.602985	29.755707	111.4486	7.389096	400.0	400.0	7699	2.8472474	3.3238304	12.940705	-2.3102608	-3.0624425	0.050731186	92.21918773651123
8	-17.650473	26.628403	12.164484	-52.480526	53.287273	32.355885	136.83617	5.682963	400.0	400.0	8799	3.4335191	3.9249732	16.096638	-2.2170634	-3.6501896	0.06908431	106.39931082725525
9	-46.562813	9.354296	-37.208515	-55.917107	31.593063	23.990057	81.03258	-6.666321	400.0	400.0	9899	3.8282158	4.4042754	18.680372	-2.0848117	-4.0494914	0.07983713	118.9304838180542
10	-17.705496	18.255766	5.4598536	-39.159058	32.923195	39.422836	98.35483	-25.498142	400.0	400.0	10999	4.2932296	4.7380686	21.116447	-1.8320256	-4.5225754	0.09352405	132.51097345352173
11	-31.409698	20.853	-2.467098	-50.78159	66.46754	56.26083	157.45262	-25.633772	400.0	400.0	12099	4.9172883	5.1678677	23.11204	-1.7056737	-5.148693	0.1143728	146.8307433128357
12	-12.542043	42.72302	43.816547	-59.58046	101.292656	74.758064	256.02942	-7.765703	400.0	400.0	13199	5.447208	5.790784	25.508354	-1.9109935	-5.68132	0.14504899	160.61023116111755
13	-0.92089367	29.45319	28.532297	-30.374084	82.532974	57.38465	189.7468	4.501972	400.0	400.0	14299	5.972326	6.292676	27.550562	-2.1437147	-6.2094045	0.15984647	174.36425065994263
14	9.117868	31.126936	49.185707	-26.703875	85.913315	49.932964	211.26714	-1.0131911	400.0	400.0	15399	6.695202	6.9593134	29.511927	-2.3487115	-6.938252	0.19449203	189.39354991912842
15	108.1239	78.84984	201.55064	8.689292	69.703476	47.584225	141.29767	-20.672663	400.0	400.0	16499	7.495067	7.5786824	31.208551	-2.5204382	-7.7390404	0.23203011	204.13596653938293
16	28.347414	45.818935	72.82694	-34.69971	91.23564	56.996685	206.43553	6.4545875	400.0	400.0	17599	8.466017	8.337164	33.161663	-2.4472744	-8.720392	0.247551	218.2372226715088
17	90.752655	25.497524	116.250175	65.25513	60.43321	71.171425	178.96533	-76.48731	400.0	400.0	18699	9.345839	8.869981	34.99413	-2.240094	-9.607039	0.2652514	233.24914073944092
18	65.23752	68.115456	127.39947	-29.573286	78.57842	76.01785	221.35768	-42.8966	400.0	400.0	19799	10.429	9.514965	36.5395	-2.0866306	-10.704618	0.330546	247.66966366767883
19	24.577906	23.811773	54.78585	-3.4144683	78.94728	86.774925	225.0247	-49.476364	400.0	400.0	20899	11.235549	10.016245	38.122597	-5.5276685	-11.515414	0.36237544	262.04113245010376
20	31.520681	32.19065	74.95652	-2.0020275	89.80808	73.45866	205.78137	-27.542818	400.0	400.0	21999	12.025328	10.399338	39.611866	-2.360724	-12.307429	0.39248362	276.11567664146423
21	73.37834	50.069996	123.44833	23.308342	82.40979	93.77451	251.2624	-48.813442	400.0	400.0	23099	12.778678	10.792789	41.026688	-2.5446372	-13.080509	0.4402424	290.34104013442993
22	135.2751	21.668392	165.16113	114.46712	117.18785	82.02889	245.1495	-68.38584	400.0	400.0	24199	14.443187	11.7498045	41.70234	-2.8892088	-14.785927	0.50922394	305.0629153251648
23	74.91285	109.037315	160.90884	-78.93289	120.79924	65.259155	246.23418	-10.68252	400.0	400.0	25299	16.148518	12.435043	42.408867	-3.203122	-16.505852	0.5791413	319.76304817199707
24	169.76552	4.2298365	174.35693	164.1492	157.57004	47.847595	242.11978	5.9161606	400.0	400.0	26399	17.587404	12.866639	43.187725	-3.3952239	-17.939777	0.5869627	334.43590927124023
25	108.25751	16.506195	124.7637	91.75131	105.222	79.73511	252.60866	-34.374508	400.0	400.0	27499	19.138607	13.230914	43.90493	-3.3576958	-19.483	0.59985393	349.4419164657593
26	51.07161	97.65545	130.78453	-86.45402	111.39337	64.54534	234.55495	-18.719374	400.0	400.0	28599	20.38644	13.355108	44.784477	-3.053834	-20.725958	0.57604295	364.5233201980591
27	75.15375	107.39828	202.23523	-60.42382	79.6829	93.027306	225.89389	-79.1844	400.0	400.0	29699	21.621984	13.551225	45.597103	-2.873661	-21.947355	0.5953604	378.61774587631226
28	138.72733	75.251434	239.85455	59.456055	99.47417	79.930176	188.2068	-75.366394	400.0	400.0	30799	22.641682	13.626203	46.346233	-2.8026571	-22.948307	0.58541393	393.19884276390076
29	161.49454	37.362274	198.85681	124.13226	73.175095	94.246475	183.69424	-87.0655	400.0	400.0	31899	23.788305	13.731088	47.098248	-2.9322462	-24.075077	0.5818224	408.375125169754
30	106.55843	88.17444	178.89995	-17.573252	101.09169	71.998825	206.04471	-38.895473	400.0	400.0	32999	24.618671	13.773663	47.962433	-2.8093207	-24.892262	0.57679904	423.46969723701477
31	23.545584	58.645126	105.67121	-27.537838	129.10187	84.1424	241.0895	-103.10598	400.0	400.0	34099	25.228088	13.825183	48.69704	-2.316106	-25.496624	0.5553415	436.99307203292847
32	121.73946	17.861135	146.94106	107.65879	132.29352	72.74975	252.18425	-20.65864	400.0	400.0	35199	25.78137	13.855584	49.58479	-2.404447	-26.053019	0.5713016	451.4886386394501
33	132.2483	4.884655	137.13297	127.363655	123.212135	70.08832	204.94847	-55.793015	400.0	400.0	36299	26.526255	13.998897	50.579494	-2.5749617	-26.791292	0.57752925	466.0207419395447
34	153.9452	42.58348	210.01868	106.88602	132.3369	75.75065	228.01915	-109.710205	400.0	400.0	37399	27.349485	14.148619	51.32652	-2.651049	-27.609818	0.6369365	481.23585176467896
35	168.13936	56.364895	214.97125	88.86124	128.57007	62.478992	230.1548	-34.40899	400.0	400.0	38499	28.148521	14.391808	51.92725	-2.9258745	-28.389961	0.6201944	496.27813386917114
36	180.9541	28.617992	216.10068	146.00201	148.47224	55.243286	224.7602	9.721789	400.0	400.0	39599	28.80068	14.58032	52.428932	-3.198127	-29.0397	0.67987067	510.31857466697693
37	62.909508	107.18901	170.09853	-44.279507	134.68515	68.96329	233.81119	-30.722197	400.0	400.0	40699	29.3746	14.718015	52.992245	-3.48331	-29.614937	0.72806174	524.2148501873016
38	102.60238	47.48246	146.0055	36.527374	98.22822	83.40525	184.68488	-93.94548	400.0	400.0	41799	29.949965	14.77556	53.381565	-4.012835	-30.195448	0.735154	538.6293840408325
39	137.8724	85.96901	222.6039	19.998806	115.015976	121.258675	290.36545	-114.906906	400.0	400.0	42899	30.430206	14.682998	53.819824	-4.6337276	-30.672554	0.7625251	553.1301527023315
40	152.44185	14.13736	167.08011	133.32915	99.75358	96.11879	211.78136	-85.0566	400.0	400.0	43999	31.070116	14.716911	54.228188	-5.300508	-31.30446	0.75374514	568.8986151218414
41	221.77888	30.06691	251.8458	191.71198	124.330795	82.29241	230.12273	-84.08783	400.0	400.0	45099	31.663116	14.753154	54.613686	-5.9441466	-31.895775	0.7814559	584.1308724880219
42	127.79655	38.230408	181.3351	94.50313	97.95158	87.12172	199.63417	-67.20498	400.0	400.0	46199	32.25181	14.806213	54.944683	-7.0133634	-32.489082	0.84323776	599.265429019928
43	78.7476	90.47017	164.5423	-46.34908	142.15402	64.02761	204.79622	-52.309	400.0	400.0	47299	32.803936	14.666688	55.241364	-7.673064	-33.0491	0.85894495	614.124906539917
44	132.59203	6.9697986	142.08759	125.55451	147.44456	39.385376	205.08177	54.555336	400.0	400.0	48399	33.20902	14.56272	55.595535	-8.311787	-33.454426	0.8235942	629.1214570999146
45	76.539444	132.52596	209.0654	-55.986507	149.85115	68.005646	242.77258	-50.43531	400.0	400.0	49499	33.72676	14.46555	55.852257	-8.811306	-33.96838	0.8498047	644.3465828895569
46	151.59029	14.769942	171.70988	136.66962	159.59781	48.4728	221.82722	16.64257	400.0	400.0	50599	34.19767	14.344392	55.999447	-8.66431	-34.437534	0.8605982	659.523839712143
47	92.14176	106.40705	172.80588	-58.20696	160.73805	68.041595	247.04141	-64.40993	400.0	400.0	51699	34.55364	14.254966	56.296432	-7.818932	-34.79495	0.8200956	674.422149181366
48	145.48285	23.729677	178.98953	127.10989	118.277306	41.946526	204.2096	48.193222	400.0	400.0	52799	34.98843	14.201493	56.59335	-7.3760295	-35.22513	0.8206293	689.4271018505096
49	168.14755	0.8195877	168.96713	167.32796	106.32063	87.60134	278.58032	-54.22209	400.0	400.0	53899	35.481255	14.147858	56.741634	-6.5096354	-35.71392	0.81266344	704.0858330726624
50	120.181	43.132614	168.83145	63.98912	160.63737	54.670895	245.58846	3.4906676	400.0	400.0	54999	35.894756	14.067513	56.805054	-5.497136	-36.125977	0.81547993	719.1937119960785
51	119.834015	119.78433	268.80856	-24.491411	159.6423	44.052364	243.3826	99.22116	400.0	400.0	56099	36.287296	14.078232	56.872665	-4.6635394	-36.52135	0.82283425	734.1911640167236
52	136.95854	38.518276	189.70805	98.81079	137.07538	81.133896	234.61392	-76.706085	400.0	400.0	57199	36.603176	14.162092	56.913097	-2.927627	-36.83751	0.7850969	748.9360847473145
53	160.63086	14.934364	175.56523	145.6965	145.64745	38.007896	209.20761	86.29946	400.0	400.0	58299	37.00394	14.207717	57.11565	-1.0053995	-37.233242	0.7984047	764.1824867725372
54	96.977745	49.544746	165.86053	51.428074	159.24557	66.72213	267.75134	-14.123272	400.0	400.0	59399	37.34624	14.23857	57.04606	-0.1752173	-37.57819	0.8563012	779.190192937851
55	183.93108	4.051908	189.66104	181.01508	122.158554	82.23876	249.08086	-29.453112	400.0	400.0	60499	37.76076	14.259451	57.1417	0.23022923	-37.98252	0.8044388	793.9819896221161
56	175.65346	29.247507	211.02359	139.39851	141.91975	90.594444	238.95892	-81.09781	400.0	400.0	61599	38.162685	14.2806225	57.31675	0.9996876	-38.38242	0.807152	809.1672756671906
57	102.99608	131.15266	234.14874	-28.156586	136.67006	66.66914	237.27568	-41.967438	400.0	400.0	62699	38.42245	14.295967	57.438942	2.132603	-38.636517	0.805778	822.566522359848
58	94.49716	27.014559	131.48694	67.72598	135.34074	72.363014	246.94887	-38.32499	400.0	400.0	63799	38.58378	14.261853	57.6038	2.5861874	-38.79522	0.7842278	837.0261025428772
59	171.46928	54.309834	236.0433	103.16861	144.96262	66.69466	239.97815	-58.623856	400.0	400.0	64899	38.815422	14.208253	57.769474	2.423931	-39.023205	0.7882776	850.300683259964
60	86.261505	108.77494	220.23787	-46.19219	158.30406	80.61936	277.1012	-32.368607	400.0	400.0	65999	39.061306	14.21721	57.891106	1.9997845	-39.264782	0.78454125	864.044026851654
61	162.44681	2.0409927	164.4878	160.4058	148.7592	40.1729	214.61694	71.6305	400.0	400.0	67099	39.146458	14.2420225	58.02117	1.1022086	-39.3491	0.80724037	876.8694636821747
62	77.243	74.353966	171.75229	-9.933609	161.45651	78.257965	245.41882	-56.913273	400.0	400.0	68199	39.24548	14.250999	58.205578	0.12642944	-39.437855	0.7773727	891.0985672473907
63	177.45534	38.882496	231.60358	142.08969	150.56198	68.64148	227.76468	-86.28297	400.0	400.0	69299	39.353447	14.313015	58.455032	-0.7589918	-39.5477	0.79166603	906.0621931552887
64	162.35387	19.32844	184.68103	137.53355	182.8064	40.912727	244.10533	53.443935	400.0	400.0	70399	39.567566	14.386056	58.59192	-1.3159114	-39.758102	0.8243162	920.8885478973389
65	177.9613	16.55117	194.51248	161.41014	152.36903	77.07007	245.82321	-26.363441	400.0	400.0	71499	39.74988	14.466289	58.81543	-1.591612	-39.93821	0.86633986	934.9080817699432
66	145.05939	77.08799	218.32123	38.511623	164.16272	56.344013	245.47552	-4.5961366	400.0	400.0	72599	39.8955	14.528856	59.02874	-1.6626174	-40.08766	0.8485399	949.8630931377411
67	70.55059	121.85608	177.31686	-99.98235	159.13588	44.313843	228.44286	64.31802	400.0	400.0	73699	39.99508	14.658702	59.228886	-1.9490186	-40.183628	0.86457795	964.7487826347351
68	184.68343	8.236622	192.71327	173.3607	140.0604	68.38247	219.63177	-32.356842	400.0	400.0	74799	40.06068	14.7327385	59.325287	-1.82738	-40.251095	0.8835226	978.1854014396667
69	128.96948	49.15978	178.12926	79.8097	164.67612	69.83449	260.11954	25.554653	400.0	400.0	75899	40.320045	14.77526	59.439243	-1.9800487	-40.512848	0.88265306	992.8983557224274
70	112.50872	27.094835	148.28818	82.74179	150.60277	74.5047	251.39902	-89.48912	400.0	400.0	76999	40.473003	14.803264	59.51322	-2.2529025	-40.66802	0.92918926	1006.8710913658142
71	164.24837	40.771812	213.39821	113.56347	140.30841	118.22966	262.8994	-114.59997	400.0	400.0	78099	40.651237	14.852077	59.61094	-2.2029629	-40.84735	0.90232235	1021.0836770534515
72	174.48	63.004562	242.01361	90.37662	151.56097	55.4287	245.05132	16.572004	400.0	400.0	79199	40.85497	14.923648	59.715683	-1.6154084	-41.046135	0.94304264	1035.5930151939392
73	-81.79814	40.34544	-41.4527	-122.143585	161.53732	80.27875	254.27983	-27.06638	400.0	400.0	80299	40.85877	15.022697	59.783722	-1.1983708	-41.049175	0.9354857	1051.0136935710907
74	155.70824	44.740227	191.40608	92.617966	170.61002	55.987404	246.72664	-1.6618916	400.0	400.0	81399	40.89929	15.095886	59.78696	-0.7465972	-41.09819	0.96041507	1065.110514640808
75	109.7438	51.871983	179.37868	54.944088	155.5187	53.769707	220.91176	8.040416	400.0	400.0	82499	41.07152	15.134579	59.814205	-0.5911083	-41.26205	1.0376858	1079.980856180191
76	177.57256	29.5654	206.70848	137.03358	182.13542	49.300064	250.97513	26.269926	400.0	400.0	83599	41.248756	15.154312	59.855835	0.030341059	-41.435383	0.9645468	1094.9696922302246
77	26.07426	71.31679	97.39105	-45.24253	170.06848	66.230316	259.58096	-13.825159	400.0	400.0	84699	41.241234	15.240195	59.903553	0.14028768	-41.426216	0.99606735	1109.3278405666351
78	123.8731	71.6602	204.1301	30.154596	135.95882	64.46833	254.294	2.5347135	400.0	400.0	85799	41.30358	15.251986	59.89002	0.47190487	-41.485214	0.9782581	1122.4761130809784
79	193.09868	10.395849	205.21349	179.8278	136.3766	74.10083	242.66455	-24.04524	400.0	400.0	86899	41.42171	15.249397	59.986984	1.1698979	-41.603203	0.9816457	1135.607344865799
80	79.31608	38.228325	128.56337	35.375717	152.67198	44.807144	241.81091	65.3149	400.0	400.0	87999	41.49099	15.22651	60.01357	1.9683219	-41.668354	0.9585032	1149.3839464187622
81	80.49928	59.552063	140.05135	20.94722	136.92247	57.754055	234.17168	-19.79388	400.0	400.0	89099	41.42818	15.228384	60.00837	2.8194075	-41.603756	0.98379993	1162.0153028964996
82	160.06898	20.446419	187.25586	137.94681	146.77531	67.00244	218.38507	-37.04136	400.0	400.0	90199	41.52843	15.174128	59.97603	3.2403367	-41.7086	1.0069348	1176.0781717300415
83	84.2483	114.40247	179.89984	-76.581795	161.07089	38.882515	223.67876	61.752224	400.0	400.0	91299	41.617805	15.135048	59.895355	2.7255437	-41.794556	0.9854843	1190.214872598648
84	143.63966	27.129784	177.921	111.5782	151.83237	41.992447	216.3156	71.5589	400.0	400.0	92399	41.649498	15.120978	59.873684	1.3360301	-41.82992	1.0067887	1205.1094732284546
85	178.95482	31.689697	210.64452	147.26512	132.4628	80.3599	240.0862	-112.96368	400.0	400.0	93499	41.81324	15.083706	59.85371	0.81512666	-41.99112	0.9949382	1219.370442390442
86	115.41897	89.77819	219.87413	0.68519825	163.95474	36.86059	241.9698	91.54708	400.0	400.0	94599	41.864944	15.100065	59.7859	0.017912	-42.043793	0.96256393	1232.0864806175232
87	143.5243	65.738365	201.54645	51.605583	159.76785	74.78576	247.38399	-95.33465	400.0	400.0	95699	41.95021	15.049307	59.692738	-1.9634918	-42.129887	0.9505696	1247.2582869529724
88	123.95911	64.1666	196.9088	40.74257	170.52614	41.903294	250.82983	85.08781	400.0	400.0	96799	42.037533	14.979417	59.696667	-1.8491453	-42.219196	0.96257734	1262.4655752182007
89	151.08049	19.595673	170.67616	131.48482	167.86455	56.821236	248.53745	7.7379756	400.0	400.0	97899	42.14941	14.952861	59.695084	-1.4171131	-42.330376	0.9746561	1276.4608671665192
90	146.204	38.635128	198.84457	107.20551	164.36707	40.354866	212.70248	83.85795	400.0	400.0	98999	42.21798	14.895183	59.630856	-1.5452124	-42.402996	1.0186262	1290.5509297847748
91	117.490074	99.85665	203.84305	-22.456236	159.73962	66.50887	234.91441	-25.96855	400.0	400.0	100099	42.26279	14.897643	59.5364	-1.4910216	-42.4466	0.9878844	1305.1905896663666
92	179.73708	24.439838	206.64955	147.49927	145.83011	52.491283	224.71245	16.285347	400.0	400.0	101199	42.396854	14.904076	59.56623	-1.0275435	-42.577522	1.0149173	1319.5554342269897
93	192.02924	4.4614487	196.49068	187.56778	123.60801	97.28191	247.72287	-57.30983	400.0	400.0	102299	42.589275	14.848502	59.4432	0.060069114	-42.770847	0.97540283	1333.9955396652222
94	162.1108	6.5245295	167.22842	152.9028	141.13893	65.50276	212.36465	-27.466267	400.0	400.0	103399	42.70243	14.84156	59.353733	-0.3186077	-42.88473	1.0110658	1348.5928409099579
95	168.09337	25.805202	195.6035	133.57156	155.34062	45.76461	223.19072	53.872765	400.0	400.0	104499	42.86967	14.78041	59.324554	-1.5558572	-43.051296	0.9463716	1364.0883684158325
96	173.74542	2.4940126	175.66946	170.22337	150.51584	60.10366	212.23631	-60.44922	400.0	400.0	105599	43.040043	14.736942	59.230904	-0.9106097	-43.215908	0.950692	1379.4917466640472
97	212.97913	26.213097	239.19223	186.76604	147.47714	66.95097	238.12134	-23.775072	400.0	400.0	106699	43.118725	14.741253	59.182743	0.33641255	-43.295757	0.9667684	1393.6981332302094
98	120.30001	49.171494	170.93217	53.70388	171.01866	50.536175	239.29402	28.172516	400.0	400.0	107799	43.218864	14.700011	59.127064	-0.62656224	-43.39408	0.9509437	1408.4139444828033
99	186.74168	5.158214	190.8278	179.46521	152.17467	74.355835	247.73099	-92.32398	400.0	400.0	108899	43.369675	14.654283	58.88843	0.3097298	-43.543724	0.93938434	1422.4492185115814
100	173.39851	17.451189	193.76236	151.14177	161.97964	43.95817	248.293	91.86253	400.0	400.0	109999	43.457855	14.665273	59.017456	0.43170083	-43.630695	0.89873445	1437.1289103031158
101	193.32812	16.696213	210.02434	176.63191	158.83658	56.618935	225.52852	-21.360699	400.0	400.0	111099	43.554928	14.633523	59.04772	0.9435974	-43.72418	0.8801831	1451.7388570308685
102	103.53208	26.678911	136.92317	71.62395	162.82985	40.521282	246.38239	67.01128	400.0	400.0	112199	43.621063	14.573779	59.337456	1.3786383	-43.78318	0.86071247	1466.0396881103516
103	180.06714	11.070167	188.55472	164.43065	157.7206	42.899597	226.65968	82.537224	400.0	400.0	113299	43.65741	14.55391	59.39688	1.1729245	-43.81942	0.8391755	1481.3287372589111
104	146.90239	5.2431407	153.10393	140.28146	164.90465	38.495945	238.47554	107.20544	400.0	400.0	114399	43.68916	14.497078	59.623924	1.4424312	-43.852234	0.8462064	1495.5565886497498
105	190.91476	3.9539566	194.86873	186.96082	139.419	66.03127	239.6782	-27.62513	400.0	400.0	115499	43.757458	14.46069	59.722958	1.1933118	-43.916504	0.8513057	1509.7416379451752
106	164.58575	14.781504	185.06438	150.71205	187.15869	42.369865	251.80699	65.75032	400.0	400.0	116599	43.83587	14.402512	59.82839	0.7777362	-43.996365	0.878008	1524.2995436191559
107	198.79193	5.079851	205.69778	193.62459	177.11813	51.61001	254.54886	39.908405	400.0	400.0	117699	43.93232	14.333158	59.94383	1.0100284	-44.093925	0.8436529	1539.4981706142426
108	180.07231	26.060778	207.12674	144.87047	154.71799	39.298424	214.16856	82.51029	400.0	400.0	118799	44.03753	14.271273	59.83009	0.16530806	-44.20465	0.9353043	1554.9579668045044
109	196.0016	44.79959	240.8012	151.20201	185.02599	55.957493	262.2925	-19.077608	400.0	400.0	119899	44.14811	14.227777	59.90652	1.0713216	-44.315166	0.8845674	1570.4064092636108
110	89.682655	95.72299	214.51756	-18.083672	113.80813	120.36481	253.78822	-102.78537	400.0	400.0	120999	44.225616	14.164451	60.022682	1.6582156	-44.39588	0.922526	1585.5515484809875
111	106.55194	135.4922	211.97696	-84.72963	100.73897	114.557274	224.31758	-117.420296	400.0	400.0	122099	44.29543	14.171886	60.071857	1.3779434	-44.4642	0.92932135	1600.4249358177185
112	28.791414	123.13031	201.1147	-79.05255	117.27319	111.2654	230.93398	-101.40102	400.0	400.0	123199	44.35054	14.150115	59.980297	1.3740257	-44.51965	0.90309095	1615.2920095920563
113	147.77089	26.21056	173.98145	121.560326	170.282	56.04879	253.33968	-11.7887745	400.0	400.0	124299	44.416386	14.114674	59.87936	1.1522303	-44.585087	0.8965174	1629.5743491649628
114	88.02472	75.247055	174.63397	-8.827143	153.93376	89.798164	248.70863	-112.14198	400.0	400.0	125399	44.47247	14.089565	59.7132	0.3594343	-44.63715	0.9019606	1643.7763299942017
115	178.98503	46.473537	218.30396	113.71633	159.5875	95.39645	249.08139	-105.26475	400.0	400.0	126499	44.511055	14.096792	59.616302	0.08049377	-44.67406	0.9059725	1657.7284002304077
116	141.25682	20.50843	159.43135	112.59512	139.30022	109.52604	250.39682	-121.38529	400.0	400.0	127599	44.53318	14.070005	59.476685	-0.36100358	-44.689297	0.91145533	1672.5282573699951
117	143.1414	17.726048	160.86745	125.41535	151.25012	80.96909	248.41469	-98.529915	400.0	400.0	128699	44.572037	13.990351	59.32857	-0.50258964	-44.72775	0.89657366	1687.147658586502
118	89.226036	118.40733	182.44075	-77.85417	156.34117	91.91325	231.06256	-113.77857	400.0	400.0	129799	44.51811	14.021513	59.40637	-0.6161537	-44.678707	0.89886695	1702.1794247627258
119	195.85893	38.424168	230.25375	142.2284	163.51828	42.902065	227.73381	17.43138	400.0	400.0	130899	44.642853	13.92289	59.46737	-0.71224576	-44.80612	0.9435667	1716.853568315506
120	187.37694	7.774156	196.20045	177.28491	130.09412	100.6126	247.39027	-103.88658	400.0	400.0	131999	44.700466	13.919157	59.606026	-1.1150978	-44.86299	0.94570804	1731.057651758194
121	156.24794	10.516968	166.76491	145.73097	139.936	77.35073	239.53789	-46.135605	400.0	400.0	133099	44.767616	13.89409	59.751205	-1.4707783	-44.930634	0.8994504	1745.9182436466217
122	173.75256	53.692398	212.50468	97.8255	156.7018	80.39087	240.4706	-61.80479	400.0	400.0	134199	44.89532	13.8753	59.81631	-1.2954409	-45.06058	0.9127675	1760.212045431137
123	73.68992	91.88767	203.5854	5.518789	160.0231	53.175488	232.15019	6.666501	400.0	400.0	135299	44.902782	13.883731	59.794827	-0.84622043	-45.07151	0.9510731	1772.873835325241
124	176.22597	8.719882	183.85239	164.02034	168.58054	35.043743	221.32373	89.07942	400.0	400.0	136399	44.978687	13.884004	59.896023	-0.8527938	-45.14073	0.90252805	1785.4102146625519
125	198.93245	24.570618	223.50307	174.36183	148.6917	80.31416	243.13881	-95.69958	400.0	400.0	137499	45.07622	13.868622	59.919605	-0.76265216	-45.23856	0.9351182	1799.4417102336884
126	172.41302	23.518541	191.02248	139.2347	148.43613	59.566147	227.86006	-30.349543	400.0	400.0	138599	45.160336	13.8926325	60.08733	-0.7630496	-45.320953	0.92462593	1813.7820842266083
127	81.0481	81.86945	168.32153	-28.478092	145.69443	78.71467	243.72092	-77.30001	400.0	400.0	139699	45.20294	13.889896	60.180847	-0.9344058	-45.364567	0.9146412	1827.947197675705
128	207.66805	6.8309717	215.8875	199.16245	172.91771	42.76043	239.71944	79.43597	400.0	400.0	140799	45.243587	13.90725	60.174255	-0.9682327	-45.407745	0.96178	1840.873824596405
129	180.51637	66.97362	247.48999	113.542755	169.22516	54.211494	232.63919	44.1403	400.0	400.0	141899	45.367218	13.825226	60.18135	-1.3430568	-45.52281	0.95217454	1854.134150505066
130	173.54466	24.680546	201.27097	141.32033	175.12308	47.418568	239.86201	56.323914	400.0	400.0	142999	45.40838	13.7763195	60.247925	-1.7572985	-45.56181	0.9180281	1869.3116836547852
131	178.32556	26.04905	203.07657	142.3202	147.27841	80.61144	244.29309	-74.597206	400.0	400.0	144099	45.47058	13.7153225	60.269485	-1.5583243	-45.62378	0.92402756	1884.3765366077423
132	70.51058	14.870422	91.10968	56.543335	180.46078	75.061005	265.57117	-57.247456	400.0	400.0	145199	45.477993	13.694609	60.23541	-1.2286652	-45.63339	0.90640056	1899.8183245658875
133	147.0717	45.714596	192.7863	101.35711	165.30223	47.51535	246.94019	57.57911	400.0	400.0	146299	45.491035	13.672166	60.285526	-0.8607919	-45.64276	0.9252265	1914.5302124023438
134	200.96953	18.892887	220.10136	175.25146	150.4042	79.30912	225.60643	-64.29905	400.0	400.0	147399	45.52225	13.611204	60.364117	-0.7327403	-45.678905	0.94138896	1929.5509736537933
135	200.83087	29.05625	225.327	160.01091	168.85713	55.10392	233.05923	-14.24623	400.0	400.0	148499	45.589138	13.614232	60.386627	-0.7579029	-45.743755	0.8964457	1944.8318145275116
136	196.13954	4.840761	200.7291	189.44574	134.03026	81.43784	220.88861	-69.50258	400.0	400.0	149599	45.664845	13.5706215	60.360935	-0.30233154	-45.81815	0.9532011	1957.7841334342957
137	214.70943	30.225204	244.93463	184.48422	158.3428	47.547375	231.96555	57.258717	400.0	400.0	150699	45.764427	13.495718	60.338284	0.08183424	-45.914894	0.91559213	1972.788083076477
138	145.35072	32.704998	191.57336	120.81592	160.82233	25.154379	216.0912	110.04794	400.0	400.0	151799	45.792587	13.480869	60.379215	0.42677927	-45.94073	0.9775322	1987.91801071167
139	113.4911	112.687744	205.56114	-45.194374	141.56363	90.91898	226.09023	-79.39391	400.0	400.0	152899	45.821827	13.405328	60.280106	0.7569293	-45.9733	0.9852894	2001.9250483512878
140	182.7285	14.601034	202.009	166.68654	184.9207	36.020187	237.01688	71.77218	400.0	400.0	153999	45.82418	13.385559	60.32634	0.30354702	-45.976482	0.9456344	2014.9110989570618
141	193.50203	8.233154	201.73518	185.26888	171.22285	41.660378	241.47624	74.77579	400.0	400.0	155099	45.901543	13.3775625	60.390186	0.12934807	-46.049793	0.9499212	2030.4990282058716
142	170.23526	17.610016	184.13321	145.38924	167.13159	39.608772	242.55046	58.473484	400.0	400.0	156199	45.9349	13.344739	60.28426	-0.030632563	-46.08144	0.95146173	2045.0083918571472
143	145.9518	12.915319	163.60135	133.05537	164.16527	32.78057	220.24457	95.32148	400.0	400.0	157299	45.971783	13.299884	60.179974	-0.60221094	-46.11359	0.9398111	2059.684012413025
144	92.84475	137.91963	214.15839	-100.080696	184.65814	35.05249	256.98038	116.54721	400.0	400.0	158399	45.9396	13.307032	60.10536	-0.087297395	-46.08128	0.8953429	2074.2880811691284
145	49.422253	83.72943	133.15169	-34.307182	174.49869	37.06475	221.97054	100.0865	400.0	400.0	159499	45.894768	13.345261	60.045403	-0.07237089	-46.038048	0.9476851	2088.7894542217255
146	191.09001	25.03402	216.7946	157.15434	158.7889	45.310978	228.10638	31.506844	400.0	400.0	160599	45.892654	13.363142	59.780033	-0.6869545	-46.035263	0.9076527	2103.426104784012
147	140.4605	28.690292	179.99141	112.77802	176.20279	47.516006	229.8476	28.907642	400.0	400.0	161699	45.896244	13.38988	59.598347	-1.6926665	-46.040676	0.93835735	2117.227040529251
148	150.58813	19.039854	173.28954	126.69714	146.67503	56.18446	230.21529	-57.746952	400.0	400.0	162799	45.914474	13.4091215	59.86844	-1.5699074	-46.057743	0.8951523	2131.59862613678
149	207.47916	42.857903	250.33707	164.62126	154.08536	55.17102	223.18242	15.11244	400.0	400.0	163899	45.986412	13.415893	60.026466	-1.7443908	-46.12805	0.8974044	2146.2882630825043
150	174.07887	32.8857	220.4589	147.90979	185.00693	36.771942	233.44447	86.62596	400.0	400.0	164999	46.029327	13.414741	59.718678	-2.0137942	-46.170597	0.9244477	2159.750448703766
151	144.93146	31.35967	189.02448	118.76204	173.08679	39.79137	228.85529	84.5501	400.0	400.0	166099	46.070103	13.417738	59.79471	-2.2573476	-46.209015	0.93455654	2174.61567735672
152	138.48558	14.342851	157.22589	122.39407	180.30476	38.595627	233.89668	88.52887	400.0	400.0	167199	46.06243	13.393819	59.930225	-1.2975234	-46.202007	0.9657038	2189.09205698967
153	83.59496	94.385475	177.98044	-10.790514	170.93808	35.441296	250.96263	107.497314	400.0	400.0	168299	46.035717	13.412921	59.71436	-1.2532494	-46.17469	0.94146997	2203.861449956894
154	159.80371	1.4344732	161.82104	158.60973	170.38638	30.417892	247.20345	120.128784	400.0	400.0	169399	46.01943	13.387957	59.616364	-1.8188953	-46.16245	0.9621393	2219.4094338417053
155	121.00173	64.32935	174.7831	30.565208	151.15561	74.98269	233.69284	-92.43408	400.0	400.0	170499	46.037666	13.341431	59.44266	-1.3588673	-46.17787	0.95379895	2234.2518990039825
156	166.77202	52.38076	215.2485	94.02461	163.86578	88.19138	247.11395	-95.382545	400.0	400.0	171599	46.021626	13.308701	59.25611	-1.3263853	-46.16122	0.95453566	2250.1172161102295
157	209.15366	31.931847	241.0855	177.2218	180.97733	28.69205	234.77097	118.21169	400.0	400.0	172699	46.063232	13.263646	58.9873	-1.5820541	-46.20056	0.8998763	2265.8406405448914
158	195.50104	5.8951287	201.8326	187.6382	167.04268	40.977306	251.90846	97.64188	400.0	400.0	173799	46.12407	13.2286415	59.185936	-2.2565565	-46.26304	0.9036202	2281.3901398181915
159	134.0182	85.31344	204.15517	13.931026	150.57387	67.80554	219.67203	-69.29569	400.0	400.0	174899	46.06826	13.27261	59.064293	-2.4565597	-46.200874	0.87257946	2296.986670732498
160	194.20256	26.153309	213.05585	157.21854	148.55267	92.87966	257.11057	-118.03745	400.0	400.0	175999	46.13997	13.213152	59.208298	-2.2078886	-46.27573	0.9304857	2312.5890295505524
161	201.02948	3.9749985	205.00449	197.05449	128.76059	71.73438	211.06873	-67.30053	400.0	400.0	177099	46.124836	13.210903	59.267952	-2.402296	-46.259632	0.913022	2327.320285797119
162	195.25969	21.199293	219.3582	167.765	164.01678	56.451225	236.85321	-51.96103	400.0	400.0	178199	46.182133	13.183433	59.369564	-2.787175	-46.317116	0.91846114	2342.2632796764374
163	180.83571	31.331034	225.1387	158.06415	182.74832	31.583496	233.70311	99.5495	400.0	400.0	179299	46.19269	13.1727495	59.606552	-3.501103	-46.326607	0.92547846	2357.6426136493683
164	105.06185	101.09591	187.46461	-37.32211	184.6937	29.061226	249.53432	122.77472	400.0	400.0	180399	46.164658	13.195502	59.784283	-3.8904831	-46.296898	0.91967964	2373.2364802360535
165	211.97015	7.755951	219.7261	204.2142	164.95963	64.73399	241.17238	-81.37923	400.0	400.0	181499	46.180584	13.170735	59.733257	-4.5814133	-46.313126	0.9152891	2388.1996245384216
166	103.35659	123.9724	195.46747	-71.89027	178.63153	55.269142	228.61191	-40.351566	400.0	400.0	182599	46.194656	13.171221	59.75923	-4.808795	-46.32486	0.93112093	2403.3759384155273
167	181.81639	3.5519524	186.6859	178.31374	174.33487	27.66875	235.64276	129.84004	400.0	400.0	183699	46.20032	13.170387	59.699265	-4.933202	-46.330948	0.9357788	2418.916015148163
168	201.82674	22.310204	232.05782	178.88947	180.81734	30.843784	228.04033	105.51276	400.0	400.0	184799	46.253822	13.161624	60.49754	-4.6049047	-46.389034	0.943579	2434.455721616745
169	189.0378	15.869507	204.9073	173.16829	141.80185	79.46419	227.64589	-72.234695	400.0	400.0	185899	46.30004	13.21089	60.489544	-4.394111	-46.44041	0.96774745	2447.5468912124634
170	154.30147	41.237476	189.4458	96.42483	172.67397	46.897694	248.0506	18.195744	400.0	400.0	186999	46.375614	13.301694	60.674637	-1.3628793	-46.518826	0.935997	2460.699506521225
171	200.58824	30.87615	234.49754	159.80872	182.7911	30.448118	240.45067	125.91769	400.0	400.0	188099	46.456993	13.334009	60.152874	-3.0426764	-46.590805	0.9584948	2475.4953083992004
172	97.49945	54.937527	152.41153	22.44409	175.33481	35.02218	228.60934	108.56204	400.0	400.0	189199	46.45075	13.305509	60.190144	-3.7968066	-46.582584	1.0093764	2490.973777770996
173	197.28403	9.3643875	206.64842	187.91965	138.884	79.79361	222.02951	-106.04746	400.0	400.0	190299	46.48457	13.314213	60.289318	-4.7097864	-46.61625	0.97273535	2505.154350757599
174	181.12823	12.876786	195.45537	164.22981	166.24075	68.24569	246.01865	-79.24663	400.0	400.0	191399	46.520622	13.291786	60.165363	-5.7759037	-46.65128	0.94172096	2519.906514644623
175	186.46648	9.190375	196.64	174.37479	169.01323	82.985344	242.7865	-67.80834	400.0	400.0	192499	46.543816	13.301184	59.922775	-6.0379777	-46.674355	0.9455724	2534.773996591568
176	187.06712	10.446245	196.72722	172.5573	159.5582	91.78793	245.89828	-93.3709	400.0	400.0	193599	46.58086	13.291735	60.030727	-5.8609834	-46.71497	1.0237218	2549.8493440151215
177	168.75067	25.05973	193.81041	143.69095	161.04276	61.644997	221.4576	-75.874626	400.0	400.0	194699	46.64123	13.262751	60.16191	-4.7074666	-46.77144	0.95238394	2564.8706393241882
178	140.68239	14.64479	160.70995	126.09943	177.01804	73.33881	230.91219	-113.04002	400.0	400.0	195799	46.663586	13.263059	60.125946	-3.0594265	-46.79676	0.9651385	2580.094779729843
179	146.24721	14.608518	162.39235	127.01157	128.61716	87.151375	247.36586	-116.42149	400.0	400.0	196899	46.67176	13.268005	59.82655	-2.731814	-46.7988	0.9492296	2594.8632910251617
180	180.02934	48.348263	225.0898	112.96263	149.58807	70.874466	226.08958	-49.226723	400.0	400.0	197999	46.705837	13.209983	60.045776	-2.8393326	-46.832886	1.0225773	2609.7701852321625
181	167.1026	3.3684921	170.47108	163.7341	171.04398	60.83024	248.56793	-37.029675	400.0	400.0	199099	46.71808	13.167569	59.858013	-2.8432412	-46.847485	0.9679095	2624.62850189209
182	192.0368	9.295851	205.18077	185.24971	153.15002	53.070038	221.88449	-11.847724	400.0	400.0	200199	46.707516	13.143338	59.56194	-4.0220046	-46.838966	1.0058663	2639.278340816498
183	146.89265	58.691124	193.92328	64.148445	169.11674	50.46109	227.93875	-2.743995	400.0	400.0	201299	46.73214	13.098052	60.334446	-4.804419	-46.863968	0.9737671	2652.529631614685
184	164.80153	51.989983	205.90862	91.45507	137.40413	66.276535	248.84654	-100.69832	400.0	400.0	202399	46.841454	13.030661	60.214367	-5.275064	-46.974937	0.96301246	2668.041509628296
185	200.80475	5.397789	206.20255	195.40697	170.4299	36.20107	244.2016	124.935936	400.0	400.0	203499	46.88912	12.984338	60.175617	-4.742213	-47.023365	0.9558565	2682.896734714508
186	140.68513	19.644333	160.5983	113.9521	152.66122	63.659485	217.97179	-36.94221	400.0	400.0	204599	46.960945	12.97487	60.02052	-5.3050456	-47.09655	0.935162	2698.014220714569
187	93.34431	100.11557	170.22958	-48.060368	171.00047	60.555305	245.11432	-63.052734	400.0	400.0	205699	46.980415	12.95124	60.28355	-5.0734916	-47.11916	0.9635043	2712.730069875717
188	167.80196	55.52768	227.1096	93.573074	131.88162	84.61362	247.7796	-15.394364	400.0	400.0	206799	47.07518	12.879355	60.371742	-5.8955884	-47.21381	0.95585924	2727.944575548172
189	125.24057	15.268784	140.50935	109.97179	163.51144	72.82224	233.912	-82.026054	400.0	400.0	207899	47.087757	12.895041	60.31188	-6.7470465	-47.225666	0.929077	2742.8381044864655
190	147.64696	32.47231	188.72702	109.330605	152.30421	63.633324	239.56403	15.08578	400.0	400.0	208999	47.11858	12.860079	60.531185	-7.7852077	-47.254704	0.91163725	2756.7997176647186
191	187.6834	20.31777	202.32095	158.95143	153.81609	97.5039	244.81355	-92.88113	400.0	400.0	210099	47.170586	12.828112	60.465538	-8.955818	-47.30438	0.92767864	2771.3206675052643
192	144.37935	36.745644	180.1464	93.84767	137.5224	81.4982	228.60359	-27.490334	400.0	400.0	211199	47.264614	12.79028	60.814873	-9.323071	-47.395844	0.9199895	2785.928013086319
193	199.34009	2.063408	201.4035	197.27669	179.90251	50.136948	239.45361	40.26893	400.0	400.0	212299	47.268456	12.754455	60.08703	-9.934582	-47.400784	0.92904943	2799.334553003311
194	123.703514	36.643543	155.79854	72.42028	138.5285	72.54634	223.2058	-55.395187	400.0	400.0	213399	47.300606	12.7481365	60.150074	-10.457488	-47.42942	0.9057532	2812.3323850631714
195	192.49773	36.448353	241.90282	155.06425	169.66089	66.814766	225.57104	-84.793785	400.0	400.0	214499	47.305527	12.706883	60.190945	-10.752706	-47.433636	0.90841776	2826.1477947235107
196	43.280132	106.60791	188.70216	-63.88661	156.8693	45.893467	211.95102	3.5998104	400.0	400.0	215599	47.29865	12.680932	60.38725	-11.069391	-47.42639	0.9335041	2839.4326543807983
197	92.16524	110.425446	202.59068	-18.26021	141.63467	83.091545	245.3345	-52.082256	400.0	400.0	216699	47.2313	12.736091	60.030743	-11.773803	-47.356476	0.8942624	2854.371834039688
198	136.0844	49.25008	183.61554	68.22859	160.12967	62.408134	232.72995	2.7242033	400.0	400.0	217799	47.164394	12.797076	60.202744	-12.170163	-47.288128	0.90301293	2867.795852661133
199	79.24427	120.70674	187.59935	-89.16794	151.37856	72.64825	224.91092	-56.08846	400.0	400.0	218899	47.173588	12.795041	59.865524	-12.627888	-47.29619	0.9133951	2882.5044865608215
200	124.00608	102.80648	205.02571	-21.05335	171.42189	76.11345	246.87012	-77.13081	400.0	400.0	219999	47.055874	12.907173	60.05782	-12.820639	-47.17972	0.9090829	2897.6248109340668
201	85.78043	57.599968	143.3804	28.180468	153.84587	69.80063	223.39825	-84.01672	400.0	400.0	221099	47.03628	12.931498	59.738323	-13.135216	-47.16039	0.95237195	2912.394332408905
202	107.358116	123.39885	224.56523	-63.217697	153.6196	72.16437	230.86996	-50.76177	400.0	400.0	222199	46.985695	12.967041	59.299896	-13.166889	-47.11136	0.9447377	2927.364114999771
203	109.109436	82.42342	183.59972	-5.7812524	124.96623	91.248215	220.40262	-83.74696	400.0	400.0	223299	46.923477	12.991435	59.2029	-13.410119	-47.047005	0.95453167	2941.925665140152
204	165.79135	29.123013	202.1901	130.90146	147.66267	77.92175	222.97307	-99.78889	400.0	400.0	224399	46.933437	12.970751	59.262394	-13.129224	-47.057415	0.936433	2956.0411643981934
205	202.53864	2.7089233	205.24756	199.82971	139.21236	72.023895	214.96043	-65.04171	400.0	400.0	225499	46.929733	12.937512	59.198055	-12.936906	-47.056286	0.9292334	2971.5632107257843
206	131.55342	49.949146	195.55235	73.660355	151.69669	42.461136	206.4717	7.9986563	400.0	400.0	226599	46.925465	12.887907	59.188797	-11.985477	-47.050743	0.8667346	2987.276624917984
207	78.43704	114.22824	210.85393	-67.905426	155.6287	69.6967	233.58437	-33.197075	400.0	400.0	227699	46.915833	12.863185	59.151325	-11.018935	-47.04209	0.8940775	3002.6311450004578
208	143.18907	3.7572727	148.10742	138.98834	129.5866	73.694786	224.19527	-45.704994	400.0	400.0	228799	46.8763	12.860375	59.16568	-9.368458	-47.002506	0.9379663	3018.213882923126
209	162.85054	4.7052765	167.55582	158.14526	172.35391	30.643148	233.79785	125.00388	400.0	400.0	229899	46.903366	12.780481	59.108288	-9.622273	-47.029716	0.91715884	3033.1044795513153
210	188.7677	33.65923	224.21365	143.5292	129.298	74.64869	221.22906	-99.85339	400.0	400.0	230999	46.94485	12.751944	59.268738	-9.509168	-47.069435	0.9002946	3048.5729179382324
211	132.53644	36.9915	179.18044	88.70079	159.20406	62.453262	230.57837	-74.81351	400.0	400.0	232099	46.888184	12.787184	59.279747	-8.827029	-47.012886	0.9253774	3063.1871416568756
212	135.36674	37.87102	168.70384	82.396675	174.78465	42.908993	251.27135	92.102356	400.0	400.0	233199	46.9215	12.710966	59.27824	-9.527629	-47.04548	0.91558677	3078.7667582035065
213	196.8795	12.296997	209.1765	184.5825	164.17783	62.816532	239.19606	-66.20636	400.0	400.0	234299	46.947956	12.674525	59.31543	-9.278348	-47.071445	0.9272693	3094.1820783615112
214	184.50879	25.31473	220.23576	164.6601	163.07922	55.408443	242.59648	19.510756	400.0	400.0	235399	46.94713	12.704501	59.328156	-10.975548	-47.06813	0.9058121	3108.925583600998
215	153.8257	19.36814	175.03215	128.20908	173.95642	40.931072	233.4351	99.80678	400.0	400.0	236499	46.930862	12.713173	59.263203	-10.559572	-47.051323	0.92322314	3123.492646217346
216	210.04303	36.051838	242.67902	159.80202	146.01558	49.211166	235.06937	41.811886	400.0	400.0	237599	46.955883	12.716195	59.06661	-10.161362	-47.074116	0.9227194	3138.040974855423
217	176.2392	9.7354355	185.97464	166.50377	175.37724	37.362602	242.77513	94.752556	400.0	400.0	238699	46.928627	12.737664	58.832214	-9.693974	-47.045895	0.94435704	3152.7254676818848
218	134.3314	49.667454	194.01808	72.41924	152.86288	56.392845	218.53749	-33.17537	400.0	400.0	239799	46.91129	12.778419	58.664352	-10.851188	-47.02893	0.9046228	3167.5607883930206
219	154.43245	11.299261	163.59483	138.51335	186.4407	67.71669	242.85463	-58.93723	400.0	400.0	240899	46.879856	12.789346	58.681572	-11.013864	-46.997112	0.9002034	3182.329164981842
220	172.05066	17.620537	196.88968	157.90128	169.70526	41.936237	247.526	92.2625	400.0	400.0	241999	46.85849	12.801583	58.94878	-12.103313	-46.97372	0.90850306	3197.3369178771973
221	178.83176	17.526161	196.35793	161.3056	160.5014	56.512154	242.50818	7.2017984	400.0	400.0	243099	46.84356	12.810435	58.509716	-12.558231	-46.96164	0.8923804	3212.539435148239
222	167.5928	26.388214	203.14285	139.9866	174.38612	68.73342	255.85103	-80.64018	400.0	400.0	244199	46.89411	12.766815	59.16705	-12.42274	-47.014297	0.88329315	3227.1962320804596
223	229.14612	20.967972	247.91522	199.88005	179.81653	27.228033	226.85654	128.91742	400.0	400.0	245299	46.91843	12.750674	58.964725	-12.847311	-47.035755	0.8989849	3241.5041472911835
224	133.34167	23.876457	157.39847	100.79302	175.14969	40.888783	238.4813	101.46764	400.0	400.0	246399	46.956337	12.700297	59.040237	-12.849319	-47.07542	0.8883559	3254.9562599658966
225	148.49812	12.412155	160.91028	136.08597	171.51926	75.82421	259.8927	-88.109634	400.0	400.0	247499	46.929115	12.686262	59.053604	-12.131534	-47.046005	0.9036701	3269.393309354782
226	169.54054	16.894436	193.27098	155.27055	174.54675	36.4696	236.0299	99.61185	400.0	400.0	248599	46.914	12.687361	59.31827	-11.861052	-47.030186	0.86197466	3283.808102607727
227	172.79753	20.362034	187.6324	144.00572	159.98691	65.29864	245.15189	-86.83052	400.0	400.0	249699	46.927856	12.6439905	59.74211	-11.97634	-47.044506	0.8787388	3298.2745378017426
228	154.63448	51.51474	220.77345	95.10976	177.8508	33.999306	246.72818	117.571655	400.0	400.0	250799	46.95009	12.610097	59.15707	-12.984904	-47.0663	0.90087813	3312.684210062027
229	194.0348	36.96881	231.00362	157.066	176.76285	57.733276	260.42416	-14.478804	400.0	400.0	251899	46.941895	12.589725	58.93146	-13.370494	-47.059326	0.8749773	3327.5847532749176
230	189.26546	33.418427	224.62317	144.42853	160.65977	62.96528	253.32019	-16.91751	400.0	400.0	252999	46.9507	12.577988	59.019417	-13.648526	-47.068638	0.90215206	3343.178193807602
231	120.7066	25.717058	157.05165	101.38158	170.6895	38.775414	222.39767	52.167976	400.0	400.0	254099	46.96455	12.543874	58.97704	-12.258243	-47.08038	0.87519956	3355.993364095688
232	165.28596	38.235474	194.70392	111.284935	154.79332	70.73671	221.31334	-111.62254	400.0	400.0	255199	46.963593	12.519828	58.863045	-12.866625	-47.082466	0.9052071	3370.9873876571655
233	191.10162	19.320564	210.4222	171.78107	180.30527	32.565865	250.71303	120.460495	400.0	400.0	256299	46.95719	12.516998	59.26686	-12.585929	-47.07633	0.88105047	3385.653005361557
234	204.25038	25.775213	230.43222	169.19527	169.23355	41.35806	236.33247	92.45433	400.0	400.0	257399	47.017075	12.505935	59.021587	-12.442679	-47.138092	0.85088354	3399.510360479355
235	132.9265	5.921003	140.58327	126.1625	187.08682	34.509125	265.88004	135.65477	400.0	400.0	258499	47.036602	12.530808	58.583942	-12.357638	-47.151592	0.86070424	3415.110549926758
236	172.11713	6.6168365	181.45232	166.88876	150.08218	70.35558	238.27733	-77.96405	400.0	400.0	259599	47.05216	12.501678	58.456963	-11.863668	-47.167797	0.8629742	3430.1887757778168
237	192.06091	14.463722	206.52464	177.5972	156.8286	78.78556	278.7289	-82.828	400.0	400.0	260699	47.045696	12.524683	58.624184	-10.343799	-47.160282	0.8633844	3443.495270252228
238	155.1356	9.102537	164.86996	142.9735	157.05357	62.350376	246.49263	-11.981414	400.0	400.0	261799	47.064423	12.493487	58.433475	-7.416383	-47.178787	0.88498306	3457.9855914115906
239	106.04083	104.737305	199.83055	-40.138824	150.28282	85.99085	244.81622	-125.46127	400.0	400.0	262899	47.06087	12.545713	58.737972	-7.7738867	-47.175865	0.8707221	3472.729503393173
240	187.2749	50.80414	258.58057	143.99202	122.08134	99.761665	239.69691	-111.98632	400.0	400.0	263999	47.064716	12.529635	58.758087	-6.2333417	-47.1802	0.85778564	3487.4223341941833
241	112.08061	72.3633	184.44391	39.717323	165.58325	56.261127	225.14815	21.00116	400.0	400.0	265099	47.05925	12.541488	59.64846	-4.812974	-47.174156	0.89260745	3502.5871970653534
242	187.82153	40.501328	222.68927	131.03392	136.02225	69.83789	213.9579	-56.068542	400.0	400.0	266199	47.085995	12.52601	59.308117	-5.016107	-47.199886	0.900286	3517.255369901657
243	133.51515	11.575018	146.38618	118.32041	164.03545	67.42247	234.90852	-70.678925	400.0	400.0	267299	47.078114	12.543978	59.736916	-4.6799192	-47.19443	0.96980244	3532.2758235931396
244	79.88043	110.64709	159.44882	-76.59061	120.090164	88.41091	204.96614	-93.97801	400.0	400.0	268399	47.085632	12.499809	59.362137	-5.17964	-47.202415	0.9310114	3547.944950580597
245	220.31924	16.62741	236.94666	203.69183	154.60518	68.84839	240.48323	-40.72594	400.0	400.0	269499	47.079063	12.526088	59.285995	-5.551155	-47.197407	0.9247097	3562.952887535095
246	190.0625	19.749275	217.65776	172.53302	157.70674	85.2336	235.58495	-110.85782	400.0	400.0	270599	47.140682	12.472644	59.207577	-5.544456	-47.25768	0.9614125	3577.487318754196
247	182.79846	37.03487	234.98402	152.84924	134.18985	111.2505	229.80469	-125.58728	400.0	400.0	271699	47.199196	12.44415	59.642982	-5.028423	-47.317265	0.9444522	3592.5658614635468
248	130.86255	99.03801	230.60367	-4.1641912	161.11105	88.09382	236.33943	-70.19774	400.0	400.0	272799	47.227966	12.447922	59.63897	-5.240362	-47.346313	0.9669908	3607.7171959877014
249	33.67333	92.0804	125.75373	-58.407074	140.63786	75.55052	235.93309	-78.18357	400.0	400.0	273899	47.221554	12.458307	59.462654	-7.0836573	-47.33977	0.93194556	3626.120614051819
250	128.26686	31.5732	155.18544	83.95562	166.17197	59.75911	260.496	9.541179	400.0	400.0	274999	47.198463	12.452294	59.65844	-5.570165	-47.31573	0.96830875	3641.6674180030823
