Epoch	AverageEpRet	StdEpRet	MaxEpRet	MinEpRet	AverageTestEpRet	StdTestEpRet	MaxTestEpRet	MinTestEpRet	EpLen	TestEpLen	TotalEnvInteracts	AverageQVals	StdQVals	MaxQVals	MinQVals	LossPi	LossQ	Time
1	-49.892166	9.273809	-40.61836	-59.165977	-168.99213	6.141977	-154.95615	-176.72519	400.0	400.0	1099	-0.03158562	0.21040913	0.47050226	-0.34018615	0.029361749	0.017923271	3.2333993911743164
2	-27.282022	12.644401	-13.941897	-44.2648	-25.028973	87.81181	92.48015	-130.14023	400.0	400.0	2199	-0.21294008	0.6368988	2.090415	-2.2858148	0.17780238	0.0127017405	17.76669454574585
3	-9.47975	18.06849	12.449911	-31.803404	63.161327	19.01754	99.99516	18.640429	400.0	400.0	3299	0.00842947	1.1959596	3.974451	-2.5742714	-0.16941904	0.013124562	30.95675802230835
4	-28.77814	22.372385	-1.1584594	-55.953995	-15.253116	75.03792	92.787544	-130.67519	400.0	400.0	4399	0.6778909	1.6097627	6.6380887	-2.6241508	-0.86619586	0.018290143	44.91928482055664
5	-0.5316639	55.569374	55.03771	-56.101036	64.83205	25.391222	129.96906	24.30694	400.0	400.0	5499	1.5355202	2.2838504	8.102602	-2.6456695	-1.7297596	0.026313169	59.56605315208435
6	-44.775967	16.504942	-22.091572	-60.88087	58.925762	25.084274	105.91479	15.253485	400.0	400.0	6599	2.092174	2.6491115	10.5053215	-2.4417188	-2.3040621	0.025867702	73.50710010528564
7	5.8709717	22.893671	37.610516	-15.533358	66.50057	31.606106	130.16438	-7.013986	400.0	400.0	7699	2.8030086	3.1361647	12.898933	-2.3505075	-3.0255854	0.034831043	86.3081443309784
8	-12.722707	39.360104	21.390703	-67.87183	51.053898	31.392105	106.39796	-1.6261861	400.0	400.0	8799	3.788806	3.7724059	15.334175	-2.2616727	-4.0183616	0.052872915	98.72714304924011
9	-40.46691	12.772431	-27.694479	-53.23934	33.652092	43.353443	117.562675	-47.158707	400.0	400.0	9899	4.457216	4.324444	17.46809	-2.3187845	-4.694176	0.068924144	111.91137862205505
10	-8.37839	31.285255	35.584	-34.676064	76.7901	32.87433	134.54695	17.05296	400.0	400.0	10999	5.0711904	4.898515	19.468536	-2.3205934	-5.309708	0.091307536	126.74254107475281
11	-19.317146	5.046804	-15.190326	-26.423607	61.02131	45.428654	186.90884	6.8387966	400.0	400.0	12099	5.8565702	5.3689394	21.352108	-2.1703112	-6.10183	0.11399864	139.41176581382751
12	-55.537704	4.5265837	-49.412254	-60.211044	79.61333	47.363667	179.58986	21.598566	400.0	400.0	13199	6.3799424	5.757016	23.380394	-2.181049	-6.6287603	0.122952215	150.78500652313232
13	-5.8662977	4.132412	-1.7338854	-9.99871	81.21224	54.606457	203.74348	-8.693681	400.0	400.0	14299	6.9717145	6.2469125	25.4327	-2.8255074	-7.2244425	0.14517899	162.27586603164673
14	-19.39137	26.666239	4.1568065	-56.675163	95.47181	92.6959	232.16458	-36.73599	400.0	400.0	15399	7.5216255	6.7113523	27.103891	-2.7465072	-7.778305	0.15783705	176.66817474365234
15	83.05312	16.311972	105.8502	68.59831	107.30678	78.47389	248.21799	-21.127384	400.0	400.0	16499	8.201028	7.3752403	28.710663	-2.6612034	-8.445006	0.17890936	191.7756791114807
16	89.51702	24.885397	109.10627	54.402035	99.88108	55.480804	171.12422	-28.622808	400.0	400.0	17599	8.896351	7.9092283	30.27008	-2.6171684	-9.129016	0.19175851	204.36864686012268
17	95.011765	26.76205	121.77382	68.24972	119.62959	53.025692	205.21573	30.107311	400.0	400.0	18699	9.607068	8.434615	31.528976	-3.1599033	-9.829945	0.22228943	217.2931661605835
18	126.03623	63.076645	200.76848	46.4882	135.74155	65.43121	231.99979	40.06659	400.0	400.0	19799	10.501854	9.102621	33.580887	-2.6547275	-10.715092	0.279899	229.30351090431213
19	165.60826	49.307404	235.30095	128.755	91.68275	75.31643	213.39195	-67.19761	400.0	400.0	20899	11.716576	9.967543	34.722027	-2.8647919	-11.922916	0.3287014	242.3745560646057
20	42.059036	40.40034	95.18164	-2.7169049	101.23833	79.4362	231.0484	-56.547924	400.0	400.0	21999	12.401253	10.459271	35.69123	-2.837702	-12.604591	0.3682352	254.33958983421326
21	193.0914	13.066307	206.15771	180.0251	145.5877	68.333916	229.00856	22.38049	400.0	400.0	23099	13.348869	11.023475	36.680668	-2.5502796	-13.553141	0.35114035	266.13600850105286
22	142.68843	40.709133	179.1164	85.86613	139.60321	62.122715	245.54056	21.778618	400.0	400.0	24199	14.595648	11.667219	37.52654	-2.7078261	-14.796988	0.38900647	278.63475584983826
23	112.405914	42.701244	143.22083	52.021515	135.28108	68.5051	246.04123	19.197245	400.0	400.0	25299	15.485964	11.962771	38.323772	-2.770442	-15.69024	0.44034395	290.5941460132599
24	79.70722	85.4467	198.68933	1.9363832	130.7758	54.00018	225.09543	-13.054917	400.0	400.0	26399	16.36986	12.272763	39.13256	-3.2060592	-16.574192	0.44960013	302.5934591293335
25	170.69986	23.194527	193.8944	147.50534	113.52885	51.322487	198.50658	22.793877	400.0	400.0	27499	17.212564	12.558047	39.83418	-3.6951869	-17.417955	0.47742188	316.7747919559479
26	136.24191	25.689732	169.31415	106.682205	142.28284	49.176514	235.51181	40.453613	400.0	400.0	28599	18.240583	12.839218	40.514935	-3.924219	-18.443333	0.5021584	329.7454123497009
27	197.16042	52.57906	235.9842	122.82703	119.455734	48.83545	176.8221	-36.003803	400.0	400.0	29699	19.316013	13.215213	41.489838	-4.113793	-19.520596	0.5163878	343.2195293903351
28	118.320854	85.11497	232.72124	28.69767	138.92825	55.440285	226.31604	18.901787	400.0	400.0	30799	20.34682	13.52068	42.198494	-4.2105546	-20.548676	0.5241959	355.94405722618103
29	94.37406	0.6215439	94.995605	93.75252	129.56497	68.89103	257.53015	-75.734184	400.0	400.0	31899	21.111095	13.670844	43.06434	-4.2172184	-21.309319	0.5509375	369.2633547782898
30	128.14532	57.31946	206.65697	71.41889	146.0831	52.419273	237.3513	16.838772	400.0	400.0	32999	21.86134	13.79415	43.782116	-3.9277582	-22.055435	0.6057838	380.5974500179291
31	130.62315	50.79198	171.80864	59.06419	155.8806	51.970062	219.40654	-9.122134	400.0	400.0	34099	22.666664	13.959664	44.39203	-3.315692	-22.855164	0.636156	392.2415964603424
32	174.16795	19.089643	200.39716	155.5177	141.15364	65.17241	237.26535	-10.740623	400.0	400.0	35199	23.503752	14.124749	44.921745	-4.247803	-23.687435	0.6758748	403.65146112442017
33	118.9469	56.88406	175.83096	62.06284	156.48636	43.72164	206.91821	31.889402	400.0	400.0	36299	24.245674	14.328797	45.469967	-5.0034437	-24.425678	0.6506211	415.1195697784424
34	139.44484	56.78965	206.53017	67.6626	127.81824	76.98294	226.5839	-58.758305	400.0	400.0	37399	24.884743	14.46887	46.031483	-5.6301765	-25.060888	0.6476283	428.53589129447937
35	191.888	32.44482	227.58295	149.0725	132.32632	66.40953	212.5881	-35.527676	400.0	400.0	38499	25.664667	14.6635275	46.546284	-5.80781	-25.837543	0.6327157	440.0437226295471
36	210.67125	35.56761	254.47696	167.35864	107.512985	81.17707	232.34663	-119.86144	400.0	400.0	39599	26.445213	14.836437	47.166004	-6.264412	-26.617548	0.66849136	452.43826246261597
37	98.31422	60.62997	158.94418	37.684246	126.476036	90.84601	212.38724	-121.334526	400.0	400.0	40699	27.13713	15.034099	47.608433	-6.7619224	-27.311686	0.6943608	464.35929822921753
38	17.21664	97.58278	153.51984	-69.634605	147.50786	53.766045	243.89943	-8.39678	400.0	400.0	41799	27.25993	15.309102	48.344162	-7.7422953	-27.433384	0.6947631	477.4900872707367
39	158.5376	14.76981	178.5732	143.4059	153.0838	55.314697	219.53044	23.799053	400.0	400.0	42899	27.729116	15.533254	48.811726	-8.78001	-27.905104	0.7146422	489.23959493637085
40	125.009865	21.300743	155.03586	107.89628	145.1271	32.565968	207.34296	100.59565	400.0	400.0	43999	28.383736	15.687366	49.412567	-9.505217	-28.566431	0.75467396	501.1217827796936
41	131.2967	68.99962	200.29633	62.29708	141.93901	56.54954	215.23647	17.517061	400.0	400.0	45099	28.920742	15.814887	49.92503	-10.138042	-29.100143	0.821488	512.8410601615906
42	118.23814	19.008389	143.2221	97.15376	152.26157	47.898914	239.43668	-15.073689	400.0	400.0	46199	29.54104	15.910705	50.48162	-10.750632	-29.719835	0.8402625	524.5515968799591
43	138.65837	7.345984	146.72453	128.95537	133.77707	36.86642	197.04712	75.268936	400.0	400.0	47299	30.092768	15.941712	50.883686	-11.481264	-30.269524	0.86065805	536.0554888248444
44	151.80302	5.444138	157.94675	144.71259	155.9979	36.111362	215.92064	89.2731	400.0	400.0	48399	30.612215	16.044413	51.22821	-11.864945	-30.790625	0.85663676	547.7488763332367
45	136.39119	24.816315	161.2075	111.574875	155.18265	38.91936	247.26558	85.126015	400.0	400.0	49499	31.254345	16.083502	51.652687	-12.185226	-31.432152	0.8952929	559.3547055721283
46	113.2606	10.339232	127.070595	102.194756	159.99747	44.1682	245.79987	60.12086	400.0	400.0	50599	31.67232	16.080366	51.96331	-12.158182	-31.846853	0.9554226	572.800724029541
47	135.06915	20.434816	149.52083	106.16996	147.2806	35.77391	207.24629	40.478683	400.0	400.0	51699	32.100895	16.042233	52.198284	-12.252159	-32.266064	1.0052737	584.168948173523
48	132.62764	18.393898	153.37065	108.66206	133.69524	55.102516	230.04556	-10.044407	400.0	400.0	52799	32.44591	15.990173	52.363766	-12.325243	-32.61612	1.003179	597.3069570064545
49	122.673096	15.2803955	137.95349	107.3927	115.42861	60.415398	178.20544	-28.425203	400.0	400.0	53899	32.902897	15.9527445	52.66122	-12.232258	-33.07291	0.9803751	609.3651313781738
50	141.80162	34.610043	182.35397	97.78912	149.57797	51.20642	247.23741	15.224101	400.0	400.0	54999	33.30011	15.887045	52.87573	-11.996738	-33.471382	0.9977164	622.4225645065308
51	169.44243	12.304306	183.28413	153.38925	135.99442	58.811092	222.82605	-4.301894	400.0	400.0	56099	33.758022	15.88566	53.078693	-11.770063	-33.93304	1.0021324	633.4695348739624
52	80.12066	23.42854	106.58537	49.62392	110.82576	73.20967	217.50523	-60.14846	400.0	400.0	57199	34.149178	15.83576	53.394836	-11.587641	-34.324104	0.9535229	645.8874151706696
53	113.93417	45.443336	159.3775	68.49084	138.07582	54.81784	198.39864	-9.104263	400.0	400.0	58299	34.37924	15.860413	53.732254	-11.217484	-34.55851	0.96817315	657.8936793804169
54	114.40226	44.1228	165.22919	57.640755	135.79709	60.430767	221.9078	-12.396324	400.0	400.0	59399	34.698193	15.866833	54.02554	-10.753567	-34.87709	1.0800849	669.5494961738586
55	150.08586	6.8354254	158.16795	141.45195	107.96659	78.7322	201.71164	-44.24166	400.0	400.0	60499	35.106102	15.863406	54.306206	-10.4184675	-35.284	0.980243	680.4327540397644
56	94.54514	29.943983	127.95915	55.308357	116.83437	47.94492	210.73982	13.471752	400.0	400.0	61599	35.44043	15.856036	54.56152	-10.678795	-35.61548	1.0421686	691.5336997509003
57	120.009796	13.689777	133.69957	106.320015	129.78345	43.147034	222.22331	3.7956998	400.0	400.0	62699	35.732227	15.845977	54.785206	-11.051397	-35.905533	1.0469749	703.3770945072174
58	100.217384	54.392498	177.1376	61.232567	93.39284	76.62765	218.0483	-69.20724	400.0	400.0	63799	36.027573	15.792176	55.043026	-11.472338	-36.199398	1.0164118	715.7301075458527
59	137.80638	9.573186	150.68169	127.74398	107.99205	58.04035	190.07391	-52.05761	400.0	400.0	64899	36.34065	15.766423	55.34588	-11.658927	-36.51105	1.0331947	727.1228096485138
60	111.68557	55.333584	188.9886	62.503635	74.85227	82.75209	222.66481	-77.72545	400.0	400.0	65999	36.564484	15.71936	55.498814	-12.162095	-36.739105	1.087563	739.764910697937
61	197.12228	34.62542	231.74771	162.49687	93.47378	85.282074	238.36966	-56.911526	400.0	400.0	67099	36.8695	15.709487	55.848022	-12.721888	-37.050938	1.0778893	751.5647959709167
62	-13.6642885	17.506418	7.5309925	-35.342636	92.899734	78.63626	201.2545	-53.173443	400.0	400.0	68199	37.02351	15.886477	56.27876	-12.861205	-37.20312	1.0572661	762.960373878479
63	148.25934	41.548782	199.77585	98.02683	135.57993	66.58965	235.39543	-11.379527	400.0	400.0	69299	37.0786	16.028008	56.56196	-12.836479	-37.256485	1.0382376	774.4202952384949
64	102.16825	10.947589	114.98067	88.23502	158.80771	41.065205	246.7068	72.502235	400.0	400.0	70399	37.37208	15.989174	56.94619	-12.899743	-37.545624	1.0302926	785.6024839878082
65	129.74783	63.660316	193.40814	66.08751	105.18784	79.96583	224.39961	-86.888626	400.0	400.0	71499	37.561153	16.029583	57.157104	-12.839282	-37.73654	1.1033856	798.7601535320282
66	150.75233	33.50407	185.23892	105.37026	152.9401	74.12595	237.88931	-51.270233	400.0	400.0	72599	37.773457	16.067207	57.430836	-12.620428	-37.94603	1.110008	809.9777357578278
67	87.40746	106.48884	177.34024	-62.17193	134.82588	69.82934	213.55777	-49.00835	400.0	400.0	73699	37.89698	16.15242	57.625874	-12.866162	-38.063957	1.0309932	820.0959362983704
68	101.124565	84.54458	188.39014	-13.291121	141.27658	45.905502	225.07448	69.86749	400.0	400.0	74799	37.986736	16.160042	57.71599	-12.847943	-38.152657	1.0962673	830.3066508769989
69	134.44	27.935677	162.37569	106.50433	140.22745	61.55712	209.42786	-59.89034	400.0	400.0	75899	38.207504	16.08439	57.905712	-12.279648	-38.371235	1.1350628	842.1419901847839
70	179.3764	9.429016	192.58824	171.20683	141.94264	43.215496	224.12856	27.512999	400.0	400.0	76999	38.41603	16.02717	58.00636	-11.418303	-38.575115	1.1241267	854.3519380092621
71	143.06477	14.847612	158.17047	122.88098	138.79662	72.5996	227.75627	-77.81035	400.0	400.0	78099	38.593132	15.980726	58.13608	-10.871423	-38.753708	1.1178385	866.8330535888672
72	101.89956	28.256273	123.48062	61.98311	149.75493	68.569336	239.0141	-25.110256	400.0	400.0	79199	38.73815	15.8767	58.190903	-11.042638	-38.899227	1.1205128	879.148378610611
73	113.73168	10.979889	124.71157	102.75179	142.84822	54.90741	216.7726	-10.649479	400.0	400.0	80299	38.825592	15.7993555	58.296215	-10.852128	-38.98646	1.0583512	892.8658928871155
74	156.24664	16.788458	179.97351	143.63777	139.39235	51.63799	225.65094	22.995197	400.0	400.0	81399	39.001934	15.715164	58.446342	-11.276817	-39.16166	1.0475355	906.8006582260132
75	131.14966	9.683938	140.50252	117.809456	145.77107	47.446224	200.8922	16.210905	400.0	400.0	82499	39.145206	15.664983	58.571045	-11.389253	-39.304985	1.0471697	921.0018081665039
76	109.41476	21.770588	129.5551	79.17747	156.24525	48.671013	264.82385	55.18408	400.0	400.0	83599	39.320503	15.5777645	58.600014	-12.103317	-39.482563	1.0230798	935.5957005023956
77	177.86053	9.84034	187.70087	168.02019	167.10678	50.827885	222.13022	52.121635	400.0	400.0	84699	39.464687	15.534304	58.743137	-12.402299	-39.62466	1.0511148	950.4744303226471
78	175.8266	33.188034	201.0562	128.93689	133.09058	53.903297	231.58801	-12.237113	400.0	400.0	85799	39.69611	15.50599	58.882217	-12.698877	-39.860523	0.9955551	965.581414937973
79	134.51323	5.5475936	140.12433	126.95896	144.75974	65.95843	263.3946	31.732592	400.0	400.0	86899	39.91432	15.466417	59.0906	-12.602256	-40.08176	1.0749378	984.1844580173492
80	138.485	8.309038	149.63647	129.70088	150.7846	42.66726	230.88481	46.754845	400.0	400.0	87999	40.119884	15.422228	59.20745	-12.886103	-40.287643	1.0146482	999.7290968894958
81	121.78221	38.985687	160.7679	82.796524	154.7522	39.04051	228.62047	65.41588	400.0	400.0	89099	40.297226	15.39516	59.320087	-12.909371	-40.46271	0.99585295	1018.0080759525299
82	177.81915	20.513884	203.22365	152.9848	151.36154	44.701862	231.59418	45.67355	400.0	400.0	90199	40.478012	15.389172	59.48866	-13.075529	-40.637383	1.0349278	1036.931850194931
83	165.76274	26.375809	203.00943	145.39633	149.36234	31.09925	205.41724	89.728714	400.0	400.0	91299	40.68072	15.303187	59.431618	-12.804953	-40.83978	1.0505644	1053.5092260837555
84	99.569725	37.39803	151.49112	64.88863	136.35544	63.782387	247.41307	-6.6759224	400.0	400.0	92399	40.721542	15.302477	59.60599	-13.372802	-40.880768	1.030619	1071.2777025699615
85	103.57171	11.800041	115.37175	91.77167	128.3135	50.00412	219.58896	61.470467	400.0	400.0	93499	40.869076	15.232589	59.649082	-13.617238	-41.028603	1.0650264	1089.4916944503784
86	177.72192	63.014206	256.17834	101.892784	146.33286	46.655388	206.37094	13.451102	400.0	400.0	94599	40.98237	15.239797	59.703674	-13.772064	-41.135838	1.0530553	1106.9682097434998
87	164.09877	17.246262	179.71371	140.06537	165.84314	31.796785	219.68315	81.16941	400.0	400.0	95699	41.13964	15.219362	59.82606	-13.986334	-41.2938	1.0329611	1126.4534587860107
88	142.78029	26.829136	179.19858	115.35242	154.00677	34.36959	220.1551	100.187965	400.0	400.0	96799	41.22712	15.205689	59.96784	-14.1504965	-41.377987	1.0809505	1145.2236714363098
89	125.27518	32.382465	157.65764	92.89271	154.57465	39.657177	250.49396	95.58345	400.0	400.0	97899	41.325115	15.176847	59.791656	-14.297667	-41.475994	1.044073	1168.3560240268707
90	142.95619	27.191025	172.51723	106.87693	139.79196	41.02615	228.32404	81.59059	400.0	400.0	98999	41.418266	15.111893	59.814465	-14.471499	-41.56944	1.0949359	1190.9779825210571
91	125.63324	57.546158	194.51512	53.658245	146.3898	36.281654	213.38002	96.44375	400.0	400.0	100099	41.44519	15.047848	59.76941	-14.460732	-41.59842	1.0634063	1224.2500681877136
92	152.86838	9.079116	163.80688	141.57613	152.57741	58.700516	228.19835	-37.459427	400.0	400.0	101199	41.53636	15.045954	59.72802	-13.458049	-41.68733	1.0375534	1243.8460550308228
93	199.03102	15.478912	214.50993	183.55211	163.38028	37.8606	246.14554	102.674614	400.0	400.0	102299	41.67954	14.945858	59.632397	-12.734594	-41.827484	0.9841182	1263.0171744823456
94	118.24414	34.572296	166.54865	87.54428	153.07874	56.75221	223.27979	22.161945	400.0	400.0	103399	41.7708	14.86655	59.510124	-11.92251	-41.91956	0.9989231	1281.728910446167
95	154.13484	40.470566	189.77496	97.53158	154.82176	43.117775	226.1256	72.84672	400.0	400.0	104499	41.903156	14.815548	59.44533	-11.981278	-42.053112	1.0089574	1301.7440361976624
96	188.42207	23.891584	221.7775	167.07812	162.93373	43.193314	243.20032	89.35775	400.0	400.0	105599	42.026924	14.7609415	59.377476	-11.900371	-42.178616	1.0007696	1321.9464843273163
97	201.81053	4.214447	206.02498	197.59608	170.35193	40.394367	250.97128	80.20504	400.0	400.0	106699	42.135395	14.764841	59.299316	-10.737337	-42.287193	1.0376452	1340.9609677791595
98	112.48878	34.609646	157.79285	73.79314	172.97646	38.927425	235.79332	98.36118	400.0	400.0	107799	42.196533	14.725052	59.234932	-9.309565	-42.34478	1.0289038	1358.826161623001
99	131.57396	20.706432	153.80766	103.953125	155.32233	49.736626	217.92271	64.04872	400.0	400.0	108899	42.289932	14.657891	59.145813	-7.8693395	-42.431946	1.0107664	1377.5861740112305
100	124.21594	43.37083	185.2421	88.37368	144.73598	52.40886	247.06923	29.322607	400.0	400.0	109999	42.331963	14.572816	59.223316	-7.605927	-42.47767	1.028957	1396.6437628269196
101	207.77911	16.282005	224.06111	191.4971	155.47122	47.38744	235.9153	70.62768	400.0	400.0	111099	42.41928	14.561914	59.64327	-6.2779503	-42.56438	1.0083706	1415.3809039592743
102	142.97197	24.585592	167.35884	109.31606	166.61018	39.771873	232.98843	92.85216	400.0	400.0	112199	42.53658	14.478784	59.449192	-5.638964	-42.679317	1.0370566	1432.574820280075
103	151.04582	22.451637	179.93172	125.18719	144.66595	46.267906	227.90295	39.295326	400.0	400.0	113299	42.573288	14.422012	58.85777	-4.8631434	-42.710815	1.0317074	1450.2697987556458
104	117.122154	48.832005	162.89061	49.451946	132.1238	48.2755	226.92947	17.435137	400.0	400.0	114399	42.549583	14.383974	59.051136	-4.5712	-42.684746	1.0441219	1470.121289730072
105	184.18695	31.995811	216.18275	152.19113	152.02576	48.885418	226.38272	35.865143	400.0	400.0	115499	42.612595	14.300551	58.76084	-4.474842	-42.748104	1.0884652	1488.1197261810303
106	154.09492	25.499435	183.539	121.341896	137.31891	53.301693	192.2772	-34.34643	400.0	400.0	116599	42.65176	14.227118	58.57483	-4.5593867	-42.789425	1.0514691	1506.836054801941
107	160.40776	38.578938	207.44315	112.9473	152.91548	43.73227	223.59709	40.769775	400.0	400.0	117699	42.752026	14.149702	58.542564	-4.2942514	-42.888474	1.0476637	1526.876285791397
108	139.71117	44.1345	200.32127	96.49908	150.17218	58.46222	232.39853	-23.176281	400.0	400.0	118799	42.763943	14.063069	58.670063	-3.928827	-42.901203	1.0947099	1546.9352881908417
109	104.273994	9.137978	113.41197	95.13602	149.79782	42.705532	230.9191	76.08553	400.0	400.0	119899	42.76904	13.993583	58.500404	-4.556101	-42.904636	1.0610688	1568.0111470222473
110	116.74442	23.914076	141.88008	84.58135	162.12544	41.52344	234.72412	67.31049	400.0	400.0	120999	42.809345	13.922374	58.147125	-5.1602135	-42.94992	1.0809633	1587.7109518051147
111	186.4688	36.643578	217.34988	134.98804	156.37332	54.49813	244.80763	71.85258	400.0	400.0	122099	42.860485	13.853692	58.846703	-5.9619946	-43.000603	1.0435647	1607.3351066112518
112	171.1358	46.19163	236.43954	137.04634	161.90685	52.580265	236.07957	44.97404	400.0	400.0	123199	42.997723	13.804905	58.602566	-6.7072973	-43.13994	0.99987996	1627.1688487529755
113	166.13068	41.439957	207.57063	124.69072	138.94637	64.58177	241.41615	-27.803612	400.0	400.0	124299	43.10548	13.730271	58.2304	-7.335093	-43.246555	1.0253589	1647.1601431369781
114	138.65334	32.095623	169.02693	94.25564	148.58267	52.925133	225.99959	0.21263157	400.0	400.0	125399	43.17947	13.694948	59.580303	-7.794064	-43.3219	1.0078975	1667.2188155651093
115	170.3026	6.125642	177.68779	162.68834	122.87738	50.66503	214.19234	16.143288	400.0	400.0	126499	43.32846	13.612756	59.26409	-7.667777	-43.472565	1.0559106	1688.4126896858215
116	154.175	58.629295	205.19916	72.063515	160.16626	57.56761	242.70778	44.919605	400.0	400.0	127599	43.382996	13.60442	59.29018	-7.8121862	-43.525753	1.0517306	1709.328383922577
117	124.886024	37.29313	162.17915	87.592896	144.16763	40.851868	209.73718	49.7533	400.0	400.0	128699	43.505634	13.512175	59.633663	-7.5153337	-43.64971	1.0922736	1730.1534752845764
118	163.35597	48.886745	199.5998	94.24721	158.69177	66.25984	254.05669	-52.757877	400.0	400.0	129799	43.55472	13.482056	59.109966	-6.83363	-43.694904	1.0004679	1749.0499629974365
119	161.568	51.83864	234.54752	119.048416	173.13387	43.20334	237.75082	79.90965	400.0	400.0	130899	43.682865	13.39083	59.550198	-6.2260847	-43.82258	1.093524	1767.9785642623901
120	122.026955	45.143707	173.55469	63.619545	148.05598	36.140404	223.7058	92.79036	400.0	400.0	131999	43.733406	13.348799	60.00027	-5.957839	-43.874084	1.1122802	1790.589772939682
121	146.32153	11.9244	158.24594	134.39714	158.84592	49.244495	242.61598	93.26809	400.0	400.0	133099	43.861954	13.294375	59.86045	-6.0351977	-44.00151	1.056074	1809.8910670280457
122	129.45949	132.2572	242.40558	-56.12721	168.17162	39.98296	252.5921	74.43166	400.0	400.0	134199	43.927334	13.278395	59.46529	-5.713717	-44.068302	1.0806013	1833.6365349292755
123	170.49095	47.44901	233.48561	118.971954	150.13272	58.582123	252.91959	28.76979	400.0	400.0	135299	43.927357	13.373191	59.810215	-5.235264	-44.073025	1.1332107	1857.0122764110565
124	133.8738	35.980354	184.74785	107.56932	161.03703	34.319103	223.97432	88.748024	400.0	400.0	136399	44.047977	13.330879	60.254402	-5.283474	-44.190628	1.094244	1878.4705877304077
125	117.02773	61.776676	178.80441	55.251057	137.47057	46.752758	245.66074	39.610554	400.0	400.0	137499	44.096874	13.29212	59.88066	-5.447834	-44.2418	1.1023979	1898.7338335514069
126	156.15263	30.477234	178.41435	113.05921	146.1087	42.838165	211.01872	44.490456	400.0	400.0	138599	44.202007	13.245981	59.83696	-5.2460055	-44.347805	1.0914491	1918.6632883548737
127	134.72467	37.12343	170.2585	83.48786	146.45291	45.757725	211.7943	50.451122	400.0	400.0	139699	44.286716	13.214601	59.864796	-4.878676	-44.431793	1.0665154	1939.6011641025543
128	167.45338	41.79346	198.06381	108.36129	158.93979	44.17032	228.36691	68.47457	400.0	400.0	140799	44.406555	13.179894	60.024357	-4.1942196	-44.550823	1.0820634	1962.656992673874
129	121.88736	10.747208	132.63457	111.14015	151.0522	41.925182	230.90393	33.52978	400.0	400.0	141899	44.508945	13.146597	60.10406	-3.3719091	-44.653614	1.1126312	1982.2145411968231
130	142.81203	37.2057	169.55661	90.19765	150.82938	44.108326	232.82797	35.599873	400.0	400.0	142999	44.57782	13.170434	60.27559	-2.6451087	-44.718727	1.069377	2003.1436443328857
131	152.67921	33.708992	188.95682	107.756165	159.87149	35.466694	223.12842	87.74166	400.0	400.0	144099	44.595047	13.179757	60.308834	-1.9714942	-44.73463	1.0714931	2024.2505905628204
132	145.12447	26.171324	176.88684	112.78816	144.55254	43.075428	239.61731	54.670143	400.0	400.0	145199	44.703674	13.158621	60.41336	-2.0334263	-44.841793	1.0921484	2045.7114877700806
133	145.32637	36.08359	181.40996	109.242775	142.17542	48.23231	223.84756	42.00866	400.0	400.0	146299	44.747955	13.149591	60.22922	-2.26546	-44.88323	1.0972881	2065.666591644287
134	110.89854	22.765104	134.1821	80.00107	144.12425	42.21732	205.84137	54.931366	400.0	400.0	147399	44.81308	13.095579	60.58319	-1.7502024	-44.947365	1.1210021	2085.638140439987
135	117.28437	87.80245	215.90125	2.6311522	157.32016	45.126427	234.19078	62.02682	400.0	400.0	148499	44.75193	13.168805	60.575783	-0.9790655	-44.884262	1.0800257	2105.7691102027893
136	159.91528	44.926006	197.73683	96.79289	152.26587	39.408478	254.30783	84.012436	400.0	400.0	149599	44.830193	13.150546	60.98348	-0.6491094	-44.968792	1.1264527	2126.3913700580597
137	121.661224	4.666111	126.32733	116.99511	133.74222	37.11388	205.03954	63.507652	400.0	400.0	150699	44.881054	13.124093	60.25317	-1.1570767	-45.02128	1.1011608	2146.8271129131317
138	86.59589	19.036219	101.920395	59.76502	123.013954	50.51479	185.37834	8.938478	400.0	400.0	151799	44.887573	13.140008	60.324013	-1.1882122	-45.026386	1.1312801	2166.905438899994
139	173.53351	35.39804	199.97195	123.50005	148.3602	52.89575	229.81966	25.46035	400.0	400.0	152899	44.95448	13.080749	60.86695	-1.4081879	-45.089996	1.1583319	2188.120611667633
140	198.86664	24.590113	217.76787	164.13623	144.26932	65.36751	254.00945	-76.228516	400.0	400.0	153999	44.953316	13.095855	60.75499	-1.7794893	-45.086143	1.1271994	2209.597480773926
141	132.48328	3.796646	136.27992	128.68663	137.36795	46.494034	246.8681	54.399967	400.0	400.0	155099	45.019203	13.033629	60.61921	-2.21232	-45.154766	1.1548364	2232.427283525467
142	146.66597	47.60847	203.55544	87.035645	135.5063	73.28792	220.49615	-75.40705	400.0	400.0	156199	45.041306	13.004171	60.736156	-2.0682023	-45.179325	1.168243	2252.4519169330597
143	114.24099	27.683096	149.19579	81.49426	136.8495	65.78067	251.28839	-19.705847	400.0	400.0	157299	45.06578	13.010553	61.038578	-1.4549619	-45.19794	1.1588092	2271.4366278648376
144	134.7065	37.18041	186.1759	99.65789	157.84612	41.320633	216.30486	43.12776	400.0	400.0	158399	45.06958	12.964193	60.62185	-1.456126	-45.201775	1.0951927	2292.188512802124
145	123.1539	104.57915	227.73305	18.574753	142.99629	60.76215	224.90753	-47.205856	400.0	400.0	159499	45.07503	12.966489	60.58348	-2.1566765	-45.204796	1.1400198	2312.909662246704
146	129.187	44.361027	175.43195	69.3507	144.59322	41.6365	221.51099	47.541164	400.0	400.0	160599	45.02749	12.976824	60.70715	-2.0904877	-45.157642	1.122499	2333.090366601944
147	113.592766	49.1183	175.70166	55.598103	163.20493	34.993336	239.22707	86.689766	400.0	400.0	161699	45.03258	12.931472	60.782036	-1.1006634	-45.160454	1.1001936	2353.8509335517883
148	178.81499	37.190834	206.13069	126.2325	170.5999	44.8654	245.88802	106.15072	400.0	400.0	162799	44.975624	12.947961	60.828167	-0.5694307	-45.10044	1.0921693	2373.4374799728394
149	183.82321	47.306526	231.12973	136.51668	135.20248	50.875614	207.70486	27.97927	400.0	400.0	163899	45.033527	12.893687	60.8619	-1.1005775	-45.15639	1.0772607	2392.7501516342163
150	161.30656	45.930275	195.94539	96.400406	166.75357	44.861687	235.70471	33.30898	400.0	400.0	164999	45.02913	12.87389	61.109688	-1.3482578	-45.151505	1.048837	2411.9004349708557
151	177.25444	27.72514	215.08359	149.41002	156.61006	35.50883	219.02254	71.93046	400.0	400.0	166099	45.05179	12.856047	61.12891	-1.9730997	-45.175575	1.1159184	2431.1650965213776
152	157.41045	56.553	206.57538	78.19768	143.73738	40.65474	200.50868	54.72193	400.0	400.0	167199	45.01894	12.863294	61.10054	-1.8105668	-45.143047	1.1234297	2448.7685079574585
153	109.604706	14.704441	124.30915	94.90027	126.67131	44.7788	190.70708	3.9790454	400.0	400.0	168299	44.97576	12.881959	61.036808	-1.9040179	-45.095654	1.1358256	2465.219452857971
154	146.70793	25.682465	179.6952	117.051346	151.13045	48.23895	259.86172	78.29526	400.0	400.0	169399	44.994812	12.85938	61.002155	-1.8932539	-45.11761	1.1318957	2478.9493732452393
155	155.5529	20.63158	184.58476	138.51576	149.07272	47.661057	228.62386	47.394203	400.0	400.0	170499	45.017	12.840531	61.09197	-1.3913825	-45.140816	1.1400912	2493.490407705307
156	171.65492	16.747097	195.1646	157.41628	156.9114	36.029343	224.49777	94.39345	400.0	400.0	171599	44.99673	12.839307	61.042076	-0.9617689	-45.120007	1.1261203	2506.231635093689
157	114.600494	6.588459	121.18895	108.01203	159.5107	41.93683	233.79643	74.11779	400.0	400.0	172699	45.048042	12.816311	61.046528	-0.72918344	-45.174316	1.1489731	2521.3802568912506
158	184.67517	40.027596	227.83153	131.37225	149.38182	66.17012	221.58838	-80.99003	400.0	400.0	173799	45.084736	12.806485	61.30662	-0.47288778	-45.217487	1.1185256	2532.879698753357
159	116.27335	105.41308	207.59705	-31.431925	159.11682	51.005222	230.22464	50.224346	400.0	400.0	174899	45.157887	12.875473	61.004875	-3.0167487	-45.29002	1.0966531	2545.402065038681
160	205.90086	34.58121	243.9683	160.27875	149.75662	46.348896	236.61238	74.47818	400.0	400.0	175999	45.252052	12.863896	61.096607	-1.9915215	-45.38649	1.1310742	2562.5880267620087
161	177.97403	17.817825	195.79185	160.1562	153.95451	51.31344	237.53925	67.36486	400.0	400.0	177099	45.35029	12.827989	61.40461	-1.0988524	-45.486805	1.1442664	2580.357739686966
162	148.17546	52.0279	200.57935	77.24401	131.8954	50.4783	202.83911	-22.415848	400.0	400.0	178199	45.452515	12.78553	61.285954	0.22451726	-45.5941	1.1300143	2596.8820214271545
163	124.90091	11.70286	133.94005	108.37485	140.42682	78.2609	238.21921	-49.392277	400.0	400.0	179299	45.53682	12.75565	61.578903	1.592487	-45.68008	1.1336495	2614.5093133449554
164	149.95811	39.46246	183.53601	94.564476	144.42987	55.855762	210.81874	-26.667873	400.0	400.0	180399	45.650604	12.721873	62.310402	1.6693164	-45.794895	1.0903444	2640.2469840049744
165	145.6601	1.4593353	147.11943	144.20076	144.69275	66.246086	218.25647	-55.663105	400.0	400.0	181499	45.755817	12.711507	61.685402	1.7300655	-45.900883	1.0696502	2659.340973854065
166	131.242	70.02924	230.05261	76.04962	159.1485	40.465996	228.7288	91.38283	400.0	400.0	182599	45.866505	12.648661	62.711582	2.1487	-46.012268	1.1392355	2677.667838573456
167	120.87375	26.854267	142.8624	83.06335	167.3619	39.10789	248.6863	89.0553	400.0	400.0	183699	45.976196	12.605213	62.150436	2.4975305	-46.117252	1.1100137	2699.401452064514
168	127.99476	18.099852	142.31346	102.46048	168.06343	39.22956	223.1007	85.56746	400.0	400.0	184799	46.048264	12.562646	62.25618	2.989299	-46.184196	1.0710948	2724.939656019211
169	170.89043	62.48373	233.37416	108.4067	134.81654	80.72545	254.29668	-85.16814	400.0	400.0	185899	46.092136	12.559024	62.48126	2.8825126	-46.2307	1.0756632	2745.7288806438446
170	158.84166	22.42033	177.99406	127.38176	164.4606	41.825672	206.53813	57.09493	400.0	400.0	186999	46.170753	12.53601	62.324375	3.107601	-46.30642	1.0575186	2765.7262995243073
171	154.40247	18.194977	180.12773	141.04626	154.10239	40.285454	237.27939	47.128014	400.0	400.0	188099	46.223415	12.535369	62.556164	3.5619636	-46.358635	1.0710478	2786.514464855194
172	89.482025	107.26122	188.04176	-59.657444	152.38164	54.930904	254.6142	-16.540913	400.0	400.0	189199	46.236	12.516107	62.561066	3.1598449	-46.371017	1.0747464	2808.754649877548
173	129.75192	40.101784	169.8537	89.65013	175.88405	35.52871	220.56233	99.498024	400.0	400.0	190299	46.293827	12.508819	62.408497	3.7233655	-46.42981	1.0715951	2829.9221312999725
174	105.74603	28.676558	143.68153	74.36092	155.75317	56.123707	224.4989	-4.715781	400.0	400.0	191399	46.31197	12.482895	62.10985	3.8878396	-46.449936	1.1348394	2849.6161456108093
175	161.83377	51.428955	230.68735	107.11425	154.55176	48.677055	247.74442	52.913246	400.0	400.0	192499	46.373955	12.471374	62.524918	3.7431574	-46.508842	1.0769138	2871.5734968185425
176	86.40713	36.457703	113.01749	34.857174	155.00095	46.963257	226.75175	59.92137	400.0	400.0	193599	46.330482	12.473438	62.08024	3.6093967	-46.463596	1.1577058	2906.363977909088
177	134.9241	25.868122	160.79222	109.05598	150.65132	41.94912	214.62248	72.3202	400.0	400.0	194699	46.378853	12.402253	62.59752	3.7038233	-46.509453	1.0645655	2934.3942296504974
178	86.7261	37.72852	119.32388	33.845783	170.59383	39.64711	246.43759	77.87572	400.0	400.0	195799	46.359364	12.402873	62.36218	3.144881	-46.492584	1.1028997	2956.263415336609
179	130.596	71.94999	209.84846	35.702347	163.89114	32.51267	232.92479	90.84134	400.0	400.0	196899	46.34307	12.399608	62.57043	2.3711493	-46.47428	1.0782036	2979.337663412094
180	157.90845	14.554768	171.71063	137.78288	142.62393	55.239822	219.89117	12.589445	400.0	400.0	197999	46.352448	12.377616	62.236256	1.2024586	-46.482956	1.180124	2997.842180490494
181	100.29436	31.002655	131.29701	69.2917	159.02986	41.763332	228.59111	90.25413	400.0	400.0	199099	46.365776	12.34968	62.16408	0.589658	-46.496223	1.0796171	3019.8589923381805
182	177.18819	37.29667	204.22307	124.44833	139.75241	60.82129	195.67989	-57.10611	400.0	400.0	200199	46.347233	12.3496475	61.028416	1.036721	-46.481327	1.1279355	3038.778788089752
183	126.30346	42.095966	185.68063	92.890755	159.14677	37.162582	220.56735	54.818523	400.0	400.0	201299	46.372356	12.318533	62.778694	2.4327285	-46.504498	1.1001598	3061.683429002762
184	115.948906	16.091667	138.63518	103.05258	131.18433	42.080406	209.5526	51.957127	400.0	400.0	202399	46.424072	12.237742	62.963753	3.4281445	-46.55474	1.0872531	3079.453012228012
185	211.14476	2.5626678	213.70743	208.58209	155.70038	56.99404	221.32626	-18.795298	400.0	400.0	203499	46.409172	12.224534	62.953217	3.1486704	-46.543133	1.0904057	3095.467512845993
186	176.5045	7.872634	187.23463	168.56734	163.83493	33.823982	216.77785	107.881744	400.0	400.0	204599	46.488644	12.176267	62.714977	2.5079036	-46.620647	1.090487	3109.5027034282684
187	67.878975	102.04294	180.2679	-66.709915	148.9057	52.148354	240.84859	58.840366	400.0	400.0	205699	46.426487	12.229207	61.823193	1.7998457	-46.556465	1.0834506	3122.9334828853607
188	117.569885	36.92328	169.78119	90.77321	167.09534	43.437378	232.85837	84.630775	400.0	400.0	206799	46.47601	12.186323	61.891884	1.1799659	-46.603928	1.0649824	3137.0245411396027
189	103.79811	23.16251	126.960625	80.635605	151.63664	33.306522	208.8367	97.56607	400.0	400.0	207899	46.420605	12.185043	61.835094	0.13136703	-46.55009	1.0368243	3151.5572526454926
190	171.52339	40.082855	220.00853	121.84765	149.57532	43.9542	205.5132	1.1584854	400.0	400.0	208999	46.421986	12.17293	61.296577	-0.5265408	-46.54669	1.0987118	3165.0560204982758
191	167.2006	25.593035	203.39034	148.62328	169.69943	28.770868	215.5024	110.4241	400.0	400.0	210099	46.38656	12.142669	61.49196	-1.0493991	-46.5106	1.0581504	3180.2902612686157
192	135.97667	47.318726	177.65326	69.79646	126.77556	47.26523	191.42921	-5.343249	400.0	400.0	211199	46.4151	12.11418	60.7773	-1.4819921	-46.54125	1.0768721	3193.4230976104736
193	180.24411	9.538254	189.78236	170.70586	161.07358	55.420696	251.64313	-0.60120946	400.0	400.0	212299	46.381294	12.0910015	61.030678	-1.5372947	-46.508022	1.0963863	3206.80490398407
194	129.93419	53.14777	191.53897	61.84016	130.45724	62.235214	227.8137	13.95169	400.0	400.0	213399	46.363613	12.07614	60.845592	-1.8925141	-46.493103	1.0280279	3219.2486684322357
195	174.86534	9.697423	187.11652	163.40201	174.99734	35.427425	228.70976	110.320526	400.0	400.0	214499	46.42377	12.008647	61.264446	-3.11345	-46.552372	1.0750997	3232.4696369171143
196	176.23448	40.10765	212.87605	120.41727	159.40031	41.957645	230.2534	67.36345	400.0	400.0	215599	46.47915	11.95884	60.71872	-4.2334113	-46.61037	1.0792224	3245.29109787941
197	198.19583	27.766449	225.96228	170.42938	138.72446	51.16196	216.12495	28.316595	400.0	400.0	216699	46.526756	11.924147	60.675774	-5.5009255	-46.656216	1.0819505	3259.1365509033203
198	168.80803	20.767435	198.15263	153.08713	139.03519	59.37356	206.10791	-7.6522455	400.0	400.0	217799	46.54758	11.904207	60.396618	-6.150787	-46.67935	1.0939516	3270.3599202632904
199	140.46352	10.10302	149.0429	126.279274	148.80716	56.05705	231.47319	-37.317043	400.0	400.0	218899	46.59904	11.860396	60.622578	-5.9420443	-46.7318	1.054765	3283.6580538749695
200	174.26506	31.058783	217.93365	148.33672	158.49728	49.83259	240.28198	51.154266	400.0	400.0	219999	46.640064	11.869018	60.44683	-5.8148155	-46.771336	1.0299147	3297.4275527000427
201	146.36281	48.470222	194.83302	97.892586	121.24119	103.66841	226.45708	-119.99282	400.0	400.0	221099	46.67943	11.802845	60.430897	-5.395524	-46.816727	1.1002896	3309.450883626938
202	148.88963	49.056526	208.4282	88.27909	149.712	72.340355	219.05557	-92.576645	400.0	400.0	222199	46.72615	11.774543	60.377045	-5.619642	-46.8612	1.1005733	3321.4495499134064
203	136.17824	88.38006	211.26086	12.100799	116.57113	80.90121	219.41116	-95.15125	400.0	400.0	223299	46.72304	11.78067	60.049698	-5.96909	-46.855324	1.0851955	3333.6140475273132
204	98.76468	80.46921	212.31543	35.461697	131.50851	84.782234	222.48676	-88.37418	400.0	400.0	224399	46.736465	11.725716	60.105736	-5.342574	-46.869232	1.0974454	3345.6867337226868
205	65.17332	87.7011	152.87442	-22.527786	149.2562	71.60312	232.09279	-68.08549	400.0	400.0	225499	46.733284	11.6876545	60.013607	-6.4319344	-46.86605	1.0693817	3358.629229784012
206	151.17291	52.114246	222.54613	99.57281	128.50757	76.16865	255.7114	-98.78872	400.0	400.0	226599	46.75709	11.682844	59.971355	-5.20243	-46.890553	1.0343608	3371.233885526657
207	136.65991	50.616417	199.54494	75.60088	156.63504	50.953815	249.63947	19.585598	400.0	400.0	227699	46.76207	11.67076	59.995857	-5.733485	-46.8965	1.0739483	3383.7751121520996
208	113.33729	63.80572	169.09016	24.016022	147.66077	61.03454	230.44606	1.9151629	400.0	400.0	228799	46.824333	11.625598	60.1313	-5.937054	-46.962917	1.0705671	3395.5232586860657
209	79.4738	156.93237	236.40617	-77.45858	134.347	47.71264	241.00728	18.758522	400.0	400.0	229899	46.8283	11.613584	60.146973	-5.432226	-46.961697	1.0705491	3407.536897420883
210	198.05345	24.108988	220.02518	164.48889	113.113625	79.48434	214.35468	-76.82544	400.0	400.0	230999	46.829155	11.659527	60.081223	-3.755636	-46.96299	1.0440657	3420.8366661071777
211	139.97197	24.382591	174.45047	122.295876	105.38695	83.19753	220.82892	-95.24929	400.0	400.0	232099	46.854973	11.647567	60.209835	-3.2338562	-46.987072	1.0449373	3432.5884857177734
212	54.090076	106.74797	157.40501	-92.89426	110.49336	80.26117	194.07278	-109.39431	400.0	400.0	233199	46.8595	11.672614	60.399937	-2.887584	-46.99845	1.0697014	3444.4279577732086
213	146.48358	11.853844	158.33742	134.62973	130.95406	62.446682	210.21564	-53.209785	400.0	400.0	234299	46.87967	11.753746	60.928783	-1.9464666	-47.01939	1.0003942	3455.838108778
214	173.10883	9.783739	186.90869	165.33987	125.02547	66.036415	220.39116	-106.50572	400.0	400.0	235399	46.96947	11.7573395	61.050167	-1.2737476	-47.107338	1.0430195	3467.885402441025
215	152.05412	36.528564	178.51038	100.40005	132.43074	44.45897	201.93198	57.423096	400.0	400.0	236499	47.04384	11.724915	61.195934	-0.8861546	-47.184963	1.0498039	3480.25803232193
216	120.47794	55.08823	194.06366	61.528225	137.4452	55.4708	217.94936	-58.16937	400.0	400.0	237599	47.098057	11.741293	61.194847	-0.44965348	-47.232323	1.0237515	3492.221130847931
217	144.61859	31.790165	176.40875	112.82842	145.52686	40.993298	196.54407	45.740646	400.0	400.0	238699	47.112644	11.733556	61.182644	-0.7176414	-47.249657	1.0635933	3504.584515094757
218	119.00973	16.222803	141.21074	102.898705	118.55898	52.234173	187.8677	-11.028855	400.0	400.0	239799	47.134087	11.724546	61.25211	-1.5100124	-47.266533	1.0787057	3516.5182650089264
219	114.37797	41.476425	168.18149	67.244385	114.77439	66.821175	188.8769	-66.799355	400.0	400.0	240899	47.13213	11.74325	61.37148	-1.6528326	-47.261086	1.0490311	3529.066131591797
220	76.23986	97.93224	160.06047	-61.151684	124.491905	47.50027	183.60294	20.830229	400.0	400.0	241999	47.064205	11.762562	61.370575	-1.7374928	-47.195053	1.0770426	3540.380990743637
221	155.29366	2.09346	157.38712	153.2002	134.14879	52.94707	214.15723	28.371328	400.0	400.0	243099	47.02824	11.785025	61.233906	-2.0437565	-47.155537	1.102832	3553.403005838394
222	113.86698	22.528528	140.41582	85.339	92.71534	79.90715	182.53242	-102.313194	400.0	400.0	244199	47.038204	11.77355	61.12531	-2.4404476	-47.1698	1.060308	3565.302968263626
223	140.78955	25.096905	176.02345	119.46971	114.33336	77.71004	216.43576	-85.91893	400.0	400.0	245299	47.017887	11.791046	60.82246	-2.6445017	-47.14829	1.0855839	3576.4740946292877
224	156.48651	21.376287	186.57155	138.8776	101.7673	83.05839	192.20604	-95.37078	400.0	400.0	246399	47.059593	11.79947	60.72722	-2.923404	-47.19495	1.1183882	3587.655250787735
225	153.0263	24.84439	177.8707	128.18192	121.02722	70.564835	225.26765	-57.832397	400.0	400.0	247499	47.059532	11.807601	60.805607	-2.884304	-47.188347	1.128106	3599.062148809433
226	57.914825	101.98592	148.04105	-84.665665	135.05563	88.759766	231.87561	-117.02513	400.0	400.0	248599	47.050007	11.804214	60.729496	-3.103242	-47.178272	1.1199238	3610.9882674217224
227	131.51248	32.207676	176.7369	104.20278	121.05686	66.00461	192.00674	-58.41827	400.0	400.0	249699	47.00486	11.861663	60.93045	-4.2840385	-47.130753	1.1613157	3622.8796286582947
228	35.019485	99.51105	124.793976	-103.72446	103.2867	94.212555	213.32527	-116.391235	400.0	400.0	250799	46.96244	11.864148	60.949368	-4.6967936	-47.088722	1.1366012	3634.4125192165375
229	45.36263	118.263535	163.62616	-72.9009	96.913635	92.03584	206.59758	-116.84229	400.0	400.0	251899	46.88763	11.877247	60.979717	-4.3359833	-47.01709	1.145539	3646.0779271125793
230	142.87468	19.043758	164.24841	117.99733	138.51596	71.15842	236.86151	-73.43701	400.0	400.0	252999	46.90234	11.953127	61.192974	-3.810834	-47.037678	1.1992844	3657.518702507019
231	87.52499	104.13931	171.66472	-59.22473	94.95553	89.79717	201.553	-116.36217	400.0	400.0	254099	46.910072	12.05007	61.65031	-2.8667247	-47.055702	1.1763718	3667.7626516819
232	137.25401	19.98999	164.27269	116.541016	116.97866	83.07401	214.91191	-107.12851	400.0	400.0	255199	47.01906	12.179674	62.590385	-2.3690608	-47.174282	1.2266259	3679.171220302582
233	111.02937	73.245056	184.27443	37.78432	115.44657	101.06571	251.62303	-136.19598	400.0	400.0	256299	47.119858	12.312278	63.387604	-1.4481194	-47.271847	1.2077464	3690.3685998916626
234	134.87148	42.924335	193.22523	91.20747	97.83139	110.0219	232.39763	-109.50591	400.0	400.0	257399	47.213493	12.447456	63.813126	-1.1104126	-47.37057	1.2674092	3702.2409777641296
235	106.30291	54.61521	155.94139	30.236732	118.289566	103.20512	242.53525	-92.673195	400.0	400.0	258499	47.3764	12.520827	64.0046	-1.8384014	-47.536747	1.2688866	3713.5482230186462
236	112.75643	11.180758	126.47557	99.08856	99.41255	80.54672	187.02156	-90.41308	400.0	400.0	259599	47.48193	12.620903	64.30411	-1.2378399	-47.63519	1.3091888	3724.948707342148
237	57.127552	145.18979	202.31734	-88.06223	116.51015	88.48019	202.77731	-95.866325	400.0	400.0	260699	47.590446	12.688192	64.448746	-2.114304	-47.75253	1.2997489	3736.708444595337
238	123.17672	32.36098	158.5375	80.33563	115.985916	103.689316	226.77675	-116.74681	400.0	400.0	261799	47.684635	12.730664	64.47563	-2.6891325	-47.842037	1.3459964	3748.041920185089
239	171.70184	23.381556	190.60002	138.75403	124.392296	69.411354	200.71217	-70.26929	400.0	400.0	262899	47.817165	12.768007	64.3819	-2.6503582	-47.974335	1.309902	3759.693463563919
240	140.36809	44.20363	192.54694	84.46311	130.3295	72.94308	195.08891	-82.780716	400.0	400.0	263999	47.946297	12.797726	64.18635	-2.2716236	-48.101593	1.2748673	3771.074734210968
241	52.383728	116.34003	168.72375	-63.9563	153.32036	77.87523	232.08247	-115.541435	400.0	400.0	265099	47.93362	12.850371	63.999508	-2.142298	-48.08377	1.3123225	3780.892913579941
242	84.13496	55.654293	134.8729	6.656996	119.680504	65.162476	194.83247	-42.38181	400.0	400.0	266199	47.96765	12.855844	63.79233	-1.9120573	-48.113716	1.2389972	3794.1355471611023
243	131.87819	25.699366	155.7567	96.21029	119.19672	85.04442	229.93312	-108.12607	400.0	400.0	267299	47.973976	12.803278	63.4327	-2.0555825	-48.11798	1.3086928	3806.592812538147
244	143.07423	12.4217825	153.46567	125.612114	99.563416	74.00313	207.99225	-100.25484	400.0	400.0	268399	48.01631	12.734835	63.124336	-2.0932283	-48.15836	1.2162435	3819.37518286705
245	172.55606	31.502243	204.0583	141.05382	146.48317	34.806896	191.18825	71.1817	400.0	400.0	269499	48.026196	12.695434	62.749084	-2.0724206	-48.16415	1.225413	3831.143690109253
246	176.1274	19.74128	203.45694	157.52304	139.20068	40.39009	196.04158	61.047638	400.0	400.0	270599	47.97559	12.690941	62.31475	-2.1255436	-48.114502	1.2183603	3843.8789551258087
247	88.12322	52.220516	161.28807	42.84301	138.0057	56.25196	211.34004	-49.07909	400.0	400.0	271699	47.961697	12.649122	62.12016	-1.4341036	-48.101917	1.2557927	3856.7250533103943
248	130.25444	29.601294	170.01982	99.04079	130.82822	80.04911	206.08684	-118.6857	400.0	400.0	272799	47.95955	12.633403	62.23861	-2.0161712	-48.09885	1.1990083	3869.4189417362213
249	43.386646	144.59187	187.97852	-101.20522	146.9889	26.418242	199.18411	100.35441	400.0	400.0	273899	47.894302	12.641328	62.107307	-2.4375217	-48.016987	1.1799386	3881.107171058655
250	105.11887	65.37409	197.41772	54.3489	138.29984	59.085365	237.7908	-10.671783	400.0	400.0	274999	47.72337	12.623394	61.768013	-2.334856	-47.850918	1.1940806	3893.616158246994
