Epoch	AverageEpRet	StdEpRet	MaxEpRet	MinEpRet	AverageTestEpRet	StdTestEpRet	MaxTestEpRet	MinTestEpRet	EpLen	TestEpLen	TotalEnvInteracts	AverageQVals	StdQVals	MaxQVals	MinQVals	LossPi	LossQ	Time
1	-51.591766	36.36138	-0.17370157	-77.90241	-31.988602	14.939769	-5.8960915	-49.26117	332.33334	61.45	1099	-0.33091393	0.47635558	21.37271	-12.466583	0.26649627	0.56562245	1.0745015144348145
2	-63.13051	28.854507	-23.545858	-102.87028	-38.076714	4.65747	-29.662754	-47.651394	237.5	47.4	2199	-0.56758815	0.7300545	14.824997	-9.316819	0.5224276	0.07013169	5.402679920196533
3	-53.239277	39.405407	22.851429	-86.97034	-39.348335	5.765213	-31.172197	-53.04594	263.0	47.6	3299	-1.2928946	1.4709241	10.807566	-13.272013	1.2547425	0.117313236	10.253758430480957
4	-45.197075	17.830154	-27.306082	-68.4824	-40.395428	20.883133	1.3292761	-95.19816	259.5	87.05	4399	-2.0046167	2.4163907	15.652126	-17.734291	1.9559126	0.258116	14.72221302986145
5	-85.96977	32.42978	-52.41234	-135.65678	-40.600613	15.637641	-4.936394	-76.59251	267.75	91.4	5499	-2.432434	3.068833	18.740673	-16.798748	2.3475742	0.3596916	18.839323043823242
6	-67.93168	40.338398	8.610005	-127.34905	-38.40533	8.128037	-24.375015	-52.509415	204.33333	60.0	6599	-3.0476434	3.6577802	24.696014	-27.677559	2.9657063	0.4830959	23.73900318145752
7	-43.149773	15.685866	-18.409746	-65.07986	-42.534355	10.024991	-27.579285	-62.676968	196.4	57.95	7699	-3.73011	4.1706862	24.906208	-23.707579	3.6470082	0.70222133	28.3280668258667
8	-81.65478	33.84229	-16.340528	-111.07392	-35.684017	7.3606095	-21.202644	-55.674698	236.6	49.7	8799	-4.4465294	4.5573597	18.523201	-23.340393	4.3756895	0.776774	32.52506613731384
9	-62.08394	38.79046	-6.7913375	-100.352844	-38.49339	8.629239	-9.871012	-49.585716	243.5	53.05	9899	-5.16679	4.907754	15.466514	-24.998663	5.082902	0.85402364	37.460771560668945
10	-90.91272	36.77706	-44.71647	-146.54869	-20.989918	14.082125	5.4574995	-45.85327	282.0	55.2	10999	-5.8316526	5.2440658	24.544756	-26.516972	5.7429724	0.9621962	41.98048710823059
11	-67.38805	50.701954	17.331917	-116.76147	-18.109016	16.553354	5.7929955	-45.02042	247.5	52.8	12099	-6.4614415	5.428567	23.377861	-29.195368	6.3688035	1.0985097	46.60758876800537
12	-52.93107	24.058935	-13.693527	-86.69959	-23.33744	18.57407	10.014101	-45.1331	252.4	51.75	13199	-6.9059896	5.647753	18.079641	-27.97097	6.800097	1.1580815	50.8618700504303
13	-51.56772	29.562433	-9.5947075	-91.41188	-14.900264	20.840328	19.65837	-46.796272	170.66667	54.55	14299	-7.336532	5.885448	20.200657	-28.158545	7.2328496	1.2225964	55.12013864517212
14	-49.03328	40.46261	-5.1822524	-139.54874	-22.981236	15.999566	4.615341	-46.860596	112.181816	52.7	15399	-7.859579	6.249322	20.515762	-44.195045	7.7589703	1.4466616	59.44968795776367
15	-24.216145	18.67867	11.036369	-49.249092	-21.26416	15.337785	5.3117304	-49.591118	53.9	58.0	16499	-8.508522	6.89644	30.2083	-48.582256	8.399014	2.7406979	64.26011800765991
16	-31.424856	22.113365	2.696983	-80.618454	-26.623829	22.554893	13.045445	-55.604515	80.53846	100.05	17599	-8.626267	7.0515265	21.748001	-44.92927	8.40776	2.8847928	69.69429516792297
17	-35.140163	22.803263	2.2269425	-71.92357	-27.07259	23.597794	9.542165	-76.413864	109.9	97.85	18699	-8.4296465	6.9771523	17.961306	-36.32681	8.213244	2.4944634	73.98044681549072
18	-22.681797	18.363579	17.2396	-47.51638	-17.475866	10.945578	0.6995501	-32.68759	117.4	110.6	19799	-8.112837	7.146573	21.279108	-31.952364	7.858349	2.3431273	79.73748350143433
19	-14.519871	19.86026	8.638079	-52.149178	-21.204256	14.716518	0.20073427	-55.42994	119.77778	126.3	20899	-7.5595474	7.458326	24.75799	-30.266932	7.27626	2.260977	84.54437303543091
20	-31.44141	27.778183	2.3495905	-84.052246	-18.093283	12.716632	5.023508	-55.614525	123.77778	104.1	21999	-6.8281326	7.9102745	28.49341	-29.7675	6.504582	2.184968	88.90356087684631
21	-7.967077	11.937733	15.516847	-25.103575	-14.374353	16.923857	20.743122	-48.198402	119.55556	145.7	23099	-6.1418056	8.229054	30.324524	-30.807426	5.800432	2.070863	93.54102110862732
22	-22.439032	11.687892	-0.48423886	-35.54428	-20.176563	14.934871	11.222209	-45.11994	184.5	113.6	24199	-5.2747846	8.600002	31.476757	-32.049442	4.8958836	2.0291739	97.98143744468689
23	-21.702536	18.017372	11.937534	-52.236374	-21.511164	18.324389	5.566179	-57.729225	114.6	139.1	25299	-4.399072	8.878484	32.04285	-32.57954	4.0113254	1.9546872	102.94680833816528
24	-18.914614	25.071487	15.216849	-70.07862	-18.73885	17.451696	27.40676	-49.16849	110.14286	196.65	26399	-3.635385	9.200529	32.43403	-35.442905	3.2306108	1.9476949	108.23345398902893
25	-26.444258	16.095694	0.07875963	-56.081184	-19.565954	18.78129	16.34889	-55.714687	201.85715	314.5	27499	-2.8815966	9.45319	32.939888	-35.572506	2.459934	1.8454163	114.19990849494934
26	-15.996	20.092472	12.1062765	-40.84999	-21.377102	25.394281	33.158367	-46.599247	253.25	273.6	28599	-1.996553	9.6825905	40.078693	-34.97007	1.5666575	1.7376544	119.68823313713074
27	-7.9110374	26.66013	12.150818	-45.587673	-6.0414743	36.293022	51.08288	-57.650364	400.0	271.0	29699	-1.1515161	9.793175	38.438988	-34.489426	0.70695037	1.6547117	125.47968411445618
28	-0.07997638	12.211302	18.086372	-15.892406	-9.705851	26.441988	42.50286	-41.640682	276.0	277.5	30799	-0.23005371	9.9070425	43.939568	-33.674118	-0.22685614	1.6299944	131.24081325531006
29	53.182755	1.212059	54.394814	51.970695	9.525839	22.16334	46.590614	-30.493662	400.0	400.0	31899	0.81603247	10.111635	41.801193	-32.254498	-1.2853328	1.4619344	139.16854882240295
30	18.082922	3.7512186	22.355255	13.223185	9.231056	16.709904	40.415497	-21.63415	400.0	400.0	32999	1.7980648	10.225558	43.68021	-30.914442	-2.2601204	1.4928092	145.49315333366394
31	17.92592	34.36139	65.06719	-15.859061	23.572475	24.47601	64.53242	-19.786047	400.0	400.0	34099	2.6968474	10.367099	38.72533	-30.153587	-3.1635227	1.4031773	151.57614421844482
32	48.637493	19.81206	76.6121	33.292793	24.994165	21.540737	85.92905	-0.44055927	400.0	400.0	35199	3.5448494	10.510049	54.552326	-29.451626	-4.0042453	1.4256967	157.92309427261353
33	25.447845	30.901333	56.34918	-5.4534855	20.750538	13.163668	54.16871	-4.6160645	400.0	400.0	36299	4.3317432	10.60541	48.564102	-28.363209	-4.7887497	1.4598688	164.24981546401978
34	20.323557	24.832651	54.407112	-4.0479054	16.461689	14.72925	58.420128	-7.5661545	400.0	400.0	37399	5.0915985	10.651784	46.215015	-27.65517	-5.542381	1.4055635	170.621262550354
35	27.42716	8.791147	36.127262	15.385714	23.145382	19.819262	55.938347	-11.520653	400.0	400.0	38499	5.8275127	10.727048	58.860367	-26.370125	-6.2778215	1.429159	176.8006775379181
36	21.985575	8.670804	28.717953	9.743545	34.257347	23.254051	77.233894	-4.012695	400.0	400.0	39599	6.549997	10.745239	56.40684	-25.253887	-6.986861	1.4254205	183.41502022743225
37	-10.696076	2.8282099	-7.8678665	-13.524286	29.621313	17.272112	60.39423	-10.3777485	400.0	400.0	40699	7.153047	10.697105	52.820827	-24.686146	-7.58831	1.5016328	189.90164875984192
38	14.744729	13.8230715	34.10576	2.7235172	31.84928	22.504236	77.01928	-0.8889751	400.0	400.0	41799	7.630041	10.697935	47.363148	-24.172338	-8.054723	1.3769684	196.39032864570618
39	29.183798	14.617795	40.24814	8.528625	30.551846	21.539583	80.072266	-0.31588286	400.0	400.0	42899	8.145512	10.672117	59.717945	-23.901104	-8.563201	1.4054086	202.53172326087952
40	17.983221	17.650223	41.412395	-1.1879691	26.419998	18.154816	70.68386	-4.307615	400.0	400.0	43999	8.562431	10.60608	48.695755	-23.794775	-8.973135	1.3672172	209.38282823562622
41	22.728125	14.187821	36.915947	8.540303	36.02439	20.432398	63.863674	-6.7802505	400.0	400.0	45099	8.944121	10.529342	59.713245	-23.981085	-9.3476715	1.3133577	215.89595913887024
42	38.19736	0.8434135	39.210514	37.14566	29.391153	22.146402	68.28519	-7.4259844	400.0	400.0	46199	9.281139	10.50898	66.44875	-24.56451	-9.682642	1.346358	222.39258313179016
43	26.167511	7.7359285	34.9772	16.144934	23.517492	21.254564	63.391335	-5.0239472	400.0	400.0	47299	9.621888	10.436707	59.001076	-24.27855	-10.008507	1.2669942	229.0013964176178
44	34.955986	3.6068625	40.04051	32.06031	26.130764	19.578003	58.905468	-6.6498103	400.0	400.0	48399	9.830215	10.416621	53.857998	-25.08034	-10.208093	1.3129352	236.96497058868408
45	23.1982	2.5808897	25.779089	20.61731	35.63031	21.446302	58.94039	-8.600883	400.0	400.0	49499	10.090198	10.353372	61.21398	-25.221148	-10.4681225	1.2542456	243.15846633911133
46	32.14925	17.428167	52.549187	9.970405	38.73085	19.973421	80.74792	-9.84673	400.0	400.0	50599	10.276258	10.297791	66.32182	-25.195171	-10.641779	1.2654177	249.22703433036804
47	44.205006	14.30506	54.402714	23.97482	34.272057	20.281883	70.65209	-4.25106	400.0	400.0	51699	10.458751	10.246725	64.73115	-24.92065	-10.818268	1.2022237	255.72436380386353
48	18.753153	16.347517	40.40844	0.91491723	29.440487	22.95417	74.843285	-11.352353	400.0	400.0	52799	10.645179	10.15567	60.33322	-25.045486	-11.000775	1.1939796	262.22110629081726
49	50.148903	9.723663	59.872566	40.42524	21.899551	14.551853	52.28218	-0.9870196	400.0	400.0	53899	10.837287	10.124168	75.112434	-24.37829	-11.182253	1.176053	268.64280939102173
50	38.277374	22.616585	69.18329	15.6911745	30.968899	14.370936	52.227158	7.206733	400.0	400.0	54999	11.008674	10.12031	67.45199	-24.467209	-11.34913	1.1094353	275.5751242637634
51	21.326319	13.876287	35.789352	2.6081781	29.239834	19.728424	75.89452	-5.873983	400.0	400.0	56099	11.116578	10.073327	72.31258	-25.00034	-11.457649	1.1583184	283.12159538269043
52	37.0211	4.1614175	41.100506	31.307852	39.828526	20.350191	70.89084	-5.248184	400.0	400.0	57199	11.26325	10.083261	68.082	-24.435364	-11.602001	1.1489282	289.2225601673126
53	16.693382	10.089502	26.782885	6.603881	29.673656	20.402716	67.09108	-5.5110226	400.0	400.0	58299	11.343928	10.056433	63.032948	-24.697626	-11.680725	1.0291191	295.72481966018677
54	38.94249	21.158125	58.25351	9.492719	27.991913	16.648745	51.422085	-1.830961	400.0	400.0	59399	11.452565	10.08532	79.5342	-24.250504	-11.786417	1.095985	302.1438457965851
55	23.466265	16.396507	45.01596	5.2768307	31.68902	24.11078	78.67293	-11.460839	400.0	400.0	60499	11.605933	10.050674	64.55819	-24.051346	-11.940588	1.0930219	310.09359526634216
56	45.401646	19.242006	72.47307	29.470987	27.914541	17.008764	61.44792	-3.5935316	400.0	400.0	61599	11.811185	10.056951	69.97161	-23.75951	-12.141193	1.0778826	316.54073452949524
57	43.490776	13.0306	56.521374	30.460175	26.700943	18.536737	61.165066	-3.7261088	400.0	400.0	62699	11.917305	10.087618	60.408512	-23.53041	-12.239526	1.0517079	324.34707045555115
58	45.28432	10.631909	60.087765	35.60229	29.39452	18.323374	84.1707	6.118858	400.0	400.0	63799	12.090564	10.0953045	60.121464	-23.375877	-12.420085	1.0123473	330.78810000419617
59	3.5691586	5.881159	9.77939	-4.3272843	32.061424	20.481056	68.824036	-5.929856	400.0	400.0	64899	12.251103	10.076005	79.31671	-23.946487	-12.569656	1.0417926	338.3769860267639
60	44.164673	1.7491889	45.77586	41.733486	37.283497	17.989412	70.40673	-0.07832295	400.0	400.0	65999	12.292658	10.09625	69.341576	-22.974136	-12.600313	1.0633576	344.68295431137085
61	35.220116	13.788634	49.00875	21.431482	39.102543	23.940002	85.21832	-4.941592	400.0	400.0	67099	12.398702	10.111209	72.337425	-23.21542	-12.704108	1.0581433	351.0810537338257
62	35.79591	18.309906	58.64621	13.821975	33.58715	18.055231	60.67836	-9.454725	400.0	400.0	68199	12.445586	10.096109	63.314125	-23.341822	-12.741319	1.0138894	357.42352986335754
63	57.029453	6.303688	65.409454	50.205746	28.824957	21.961765	87.50029	-10.966106	400.0	400.0	69299	12.497533	10.088024	85.104164	-23.771032	-12.793426	1.0509814	363.89168214797974
64	29.275919	7.849367	36.706768	18.418667	17.101406	26.863718	70.27482	-23.373598	400.0	400.0	70399	12.544284	10.091745	78.75492	-23.825867	-12.8355875	1.0223097	371.6630914211273
65	43.746735	33.460236	77.20697	10.286501	38.216736	23.548567	85.51125	-10.636979	400.0	400.0	71499	12.599951	10.121782	68.62311	-23.675669	-12.893351	1.0062588	378.11666202545166
66	15.500176	18.673307	34.121113	-10.027077	26.936207	21.236776	64.388954	-12.308028	400.0	400.0	72599	12.618078	10.081701	88.403114	-24.24651	-12.906073	1.0219332	384.5720353126526
67	38.676113	10.7191925	53.81116	30.36743	29.218292	16.880674	56.19778	-2.7760959	400.0	400.0	73699	12.662136	10.063839	66.68279	-25.286705	-12.94951	0.9803446	391.3091082572937
68	9.352477	12.158974	24.107933	-5.671711	30.745737	24.805199	64.97278	-14.863665	400.0	400.0	74799	12.665763	10.027258	65.70102	-24.178324	-12.948729	0.96001595	398.9262590408325
69	28.731197	11.258758	39.989956	17.47244	36.445656	24.293184	81.98972	-1.0722835	400.0	400.0	75899	12.69086	9.991299	92.14048	-23.982004	-12.971548	0.9662402	406.6588771343231
70	44.027893	23.57066	73.31039	15.592963	30.32085	19.319649	73.94017	-11.560175	400.0	400.0	76999	12.6938305	10.009178	81.50294	-24.376183	-12.972702	1.0142975	412.9824182987213
71	9.996768	15.265476	31.109005	-4.4654064	18.006065	35.216408	80.890816	-33.598682	400.0	400.0	78099	12.725939	9.98149	72.63515	-24.039877	-13.003205	0.95181274	419.25494480133057
72	36.40201	12.314508	53.55215	25.20488	27.16882	25.713486	69.15726	-14.3748255	400.0	400.0	79199	12.75233	10.011901	102.346176	-25.11466	-13.026327	1.1317724	425.80272936820984
73	46.696445	28.093868	74.79031	18.602577	33.45403	29.212744	85.03468	-8.778232	400.0	400.0	80299	12.805356	9.96251	72.810005	-25.034184	-13.075393	0.8819015	433.6788697242737
74	27.656471	17.1269	45.238266	4.4379473	30.103592	16.524319	60.56137	-4.3046536	400.0	400.0	81399	12.783398	9.913876	66.36516	-25.679657	-13.053512	0.9072326	441.2552309036255
75	33.29482	18.437561	56.070267	10.912792	24.478682	17.388905	72.76195	2.4892704	400.0	400.0	82499	12.809974	9.90356	68.23207	-25.564302	-13.074471	0.93238616	448.66080355644226
76	28.41642	20.448147	44.29411	-0.45360366	18.924154	19.138939	58.527348	-11.088736	400.0	400.0	83599	12.818394	9.869488	76.19961	-26.824303	-13.078671	1.0317086	456.3118517398834
77	35.453075	39.31319	74.766266	-3.8601167	28.836557	14.126842	54.93273	5.5021324	400.0	400.0	84699	12.833534	9.89327	83.1283	-27.004845	-13.096138	0.917568	462.4345781803131
78	2.2932208	11.051933	12.300328	-13.1079855	25.594135	16.89611	54.77131	-5.1393714	400.0	400.0	85799	12.802896	9.837464	96.778	-25.762897	-13.063794	0.95301116	469.88337326049805
79	12.710411	1.0009153	13.920334	11.469201	28.083607	20.40986	66.32228	-3.7282095	400.0	400.0	86899	12.781858	9.785799	84.04544	-26.22594	-13.034237	0.9164042	476.55388832092285
80	8.612976	17.981281	25.535267	-16.28644	36.9826	26.210419	85.102196	0.31874317	400.0	400.0	87999	12.799099	9.77673	85.02084	-26.80575	-13.055882	0.9617516	482.8970549106598
81	36.32664	6.0264664	42.353107	30.300175	23.669203	21.644411	77.30423	-11.097591	400.0	400.0	89099	12.760917	9.718512	70.43067	-27.074877	-13.015038	0.9608512	488.44726371765137
82	16.222443	27.132883	50.20827	-16.198128	34.998352	20.464155	66.0119	2.4302833	400.0	400.0	90199	12.791084	9.701508	91.267105	-46.995777	-13.046676	1.0711036	494.4224739074707
83	27.650583	23.440058	60.510586	7.436434	32.128124	20.644382	64.31305	-6.8536935	400.0	400.0	91299	12.779938	9.656075	74.03778	-28.408915	-13.029137	0.88311315	500.74664855003357
84	55.30687	13.483495	73.18128	40.617622	32.75482	23.190542	92.572266	-8.031821	400.0	400.0	92399	12.791173	9.652288	89.86984	-27.9298	-13.040148	0.9260601	507.16879510879517
85	44.03849	16.033081	60.07157	28.00541	31.799362	20.654362	73.26882	-5.8382382	400.0	400.0	93499	12.865772	9.66242	69.403076	-28.209522	-13.110024	0.9280944	513.2467391490936
86	39.944157	13.55302	53.489304	21.427513	31.753946	19.497288	93.10095	5.4269977	400.0	400.0	94599	12.849599	9.63025	84.17818	-28.67334	-13.092665	0.9564809	521.1099512577057
87	34.89078	18.361183	49.55363	8.999989	17.743324	24.614689	67.58957	-21.296257	400.0	400.0	95699	12.811714	9.602245	72.212555	-28.52572	-13.054603	0.93250996	527.697018623352
88	38.193554	11.825641	54.71281	27.674648	37.951626	23.429998	90.1038	5.2196064	400.0	400.0	96799	12.853919	9.573021	70.50674	-30.839077	-13.097918	0.94141644	533.7134425640106
89	61.162575	34.351223	95.5138	26.811352	33.140835	24.800186	78.86023	-3.5473058	400.0	400.0	97899	12.902986	9.582127	66.630325	-28.67191	-13.149286	0.91067183	540.3135964870453
90	55.303112	14.067704	74.76604	42.001446	32.126053	21.83584	75.192	-2.8934224	400.0	400.0	98999	12.937878	9.526942	75.53114	-28.734367	-13.176286	1.0029641	546.8346107006073
91	31.922995	37.33595	84.71907	4.900052	26.12829	14.482814	47.355072	2.7450223	400.0	400.0	100099	12.974869	9.543304	81.27479	-28.362305	-13.210336	0.89205575	553.1607303619385
92	27.530287	20.012793	55.69864	11.063733	34.547935	21.805382	96.57974	7.177038	400.0	400.0	101199	13.017994	9.48985	79.239395	-29.048744	-13.253405	0.993833	558.8493323326111
93	17.581062	7.955139	25.536201	9.625923	31.42802	15.987389	59.505768	7.1171017	400.0	400.0	102299	13.038291	9.425735	75.210266	-28.80484	-13.275731	0.8711491	564.4795954227448
94	34.666046	9.959055	46.389927	22.044882	34.618332	14.886857	61.886395	8.567348	400.0	400.0	103399	13.048473	9.382179	72.464905	-28.574778	-13.284046	0.88800913	570.9293310642242
95	30.17066	10.133689	39.29097	16.036976	29.518316	16.396736	60.24367	2.9747367	400.0	400.0	104499	13.019116	9.353285	77.677986	-28.826862	-13.253231	0.86348957	577.0827925205231
96	31.911959	18.369287	54.196983	9.207468	34.778584	15.770503	58.35491	8.3621435	400.0	400.0	105599	13.111707	9.290993	79.154854	-28.363243	-13.349548	0.86013186	583.5423460006714
97	35.455547	1.4675713	36.92312	33.987976	36.03512	16.830359	75.67472	1.7355437	400.0	400.0	106699	13.141438	9.237904	85.597084	-28.714817	-13.381069	0.9034174	591.5058948993683
98	33.082783	22.486149	63.907772	10.902327	32.722893	16.789976	68.53159	2.43968	400.0	400.0	107799	13.218835	9.173882	80.04814	-28.599995	-13.457021	0.86198705	597.6917135715485
99	30.36069	5.904481	37.504543	23.044653	33.869923	17.38168	60.97658	5.8933663	400.0	400.0	108899	13.270526	9.185462	98.888214	-33.182102	-13.507634	1.0329605	604.1333911418915
100	40.949947	25.481066	71.62105	9.2317915	33.05468	17.499931	67.3534	6.2377553	400.0	400.0	109999	13.337671	9.139939	69.82579	-27.676044	-13.570885	0.8317638	610.6194875240326
101	20.979115	9.434143	30.413258	11.544971	38.38638	19.18343	72.31398	0.5135567	400.0	400.0	111099	13.379451	9.111844	85.05139	-26.667004	-13.613341	0.8563017	617.0599837303162
102	34.366898	9.59529	41.280926	20.797932	34.858963	18.822403	73.82332	13.262366	400.0	400.0	112199	13.403982	9.056524	98.12621	-28.295433	-13.636314	0.97307265	624.6367914676666
103	32.896336	8.519113	39.723663	20.885952	27.748291	18.740946	61.86021	-2.1312494	400.0	400.0	113299	13.440189	9.022208	70.07197	-27.255085	-13.670005	0.77305967	631.1040604114532
104	32.719837	23.677534	63.221592	5.503565	37.928898	20.607021	86.03757	5.1571407	400.0	400.0	114399	13.419257	9.003421	73.84558	-27.600683	-13.646396	0.8844786	637.4929070472717
105	22.822575	0.5055342	23.32811	22.317041	39.284416	19.341944	78.992134	7.8370585	400.0	400.0	115499	13.448605	8.944023	80.89676	-27.615568	-13.675297	0.8939566	643.6585137844086
106	27.879013	1.6921576	30.271461	26.635471	25.553198	17.228765	61.204556	-7.3189907	400.0	400.0	116599	13.4559965	8.9274845	82.753204	-27.044596	-13.682079	0.8475405	651.4636421203613
107	42.921932	15.648412	65.02572	30.934017	30.740381	16.058807	59.65157	-5.188762	400.0	400.0	117699	13.479576	8.890155	80.43379	-27.379118	-13.70712	0.8226663	658.0649108886719
108	43.40442	16.488678	62.00935	21.927917	38.893547	19.752535	82.59249	0.51629376	400.0	400.0	118799	13.500925	8.848165	74.925545	-26.326977	-13.726171	0.7571269	665.6917760372162
109	12.726576	4.805172	17.531748	7.9214044	35.948048	15.874857	65.30868	6.062705	400.0	400.0	119899	13.532514	8.839784	98.65174	-78.30983	-13.753514	0.99336016	672.1060576438904
110	26.608156	13.831439	45.343784	12.372565	37.31595	22.237894	82.18123	6.603736	400.0	400.0	120999	13.53866	8.788038	71.33693	-27.604824	-13.761103	0.81982726	678.7182364463806
111	32.7625	19.303247	46.491184	5.463741	28.536205	16.57557	61.506157	5.915547	400.0	400.0	122099	13.602689	8.770815	107.139244	-26.900877	-13.828112	0.77944416	685.1471753120422
112	36.41293	13.499448	46.54021	17.333897	38.84225	17.549864	68.98747	6.774088	400.0	400.0	123199	13.5964155	8.750107	65.67428	-27.028305	-13.817274	0.8128429	691.6615772247314
113	36.22816	20.547758	56.77592	15.680404	33.9347	21.85137	73.36753	-2.636608	400.0	400.0	124299	13.646117	8.732741	85.24764	-27.52425	-13.867955	0.7756728	697.3515918254852
114	22.722658	7.991566	33.90751	15.725942	37.05105	24.121294	94.92726	5.0627427	400.0	400.0	125399	13.68707	8.669634	72.902626	-26.904879	-13.912029	0.746604	704.7330238819122
115	48.73325	17.641806	68.24458	25.511671	29.243036	18.822422	67.669754	-2.5238998	400.0	400.0	126499	13.76092	8.671111	75.67105	-29.704191	-13.986479	0.892068	710.7836804389954
116	34.506866	15.043526	55.213367	19.923708	35.991753	20.054579	78.966324	5.1660066	400.0	400.0	127599	13.806224	8.682607	91.2884	-28.128061	-14.027517	0.9048081	718.2559280395508
117	40.62217	5.216528	45.838696	35.40564	28.508617	21.387089	75.96345	-2.9144561	400.0	400.0	128699	13.831489	8.642818	69.428215	-28.329535	-14.051708	0.74844605	724.3063409328461
118	51.52859	16.730562	67.34267	28.380033	24.25979	19.124365	57.205555	-2.3296952	400.0	400.0	129799	13.8908825	8.662002	88.95055	-33.82762	-14.116645	0.7900724	731.7330920696259
119	47.805264	9.081552	59.04481	36.803455	39.613483	25.281485	88.632996	5.405766	400.0	400.0	130899	13.942415	8.612106	71.971214	-27.51048	-14.168168	0.8071294	737.3252201080322
120	47.057262	3.8993082	51.58829	42.069756	29.54594	18.883083	91.04356	3.8860157	400.0	400.0	131999	14.027063	8.601125	107.98872	-33.635307	-14.2479315	0.91783583	744.811854839325
121	23.57621	7.225856	30.802067	16.350355	36.22222	18.350235	67.26764	3.0208004	400.0	400.0	133099	14.042196	8.571199	71.41487	-26.929308	-14.259763	0.8089988	750.9297344684601
122	47.31824	19.280632	71.53739	24.360224	37.936333	16.9405	69.47965	9.2336035	400.0	400.0	134199	14.0842285	8.571893	81.88215	-27.57584	-14.300281	0.85566837	757.2222952842712
123	44.40331	8.103308	51.25501	33.022205	34.40702	15.334128	63.338943	5.871897	400.0	400.0	135299	14.115023	8.557698	107.3505	-44.14293	-14.330884	0.9831641	763.0858829021454
124	40.946148	12.397579	51.27648	23.512604	40.187004	18.780706	73.69235	15.438995	400.0	400.0	136399	14.149286	8.515485	76.88868	-27.981949	-14.363871	0.7714181	769.1859657764435
125	19.559368	3.8126488	23.372017	15.746719	32.62735	13.193406	62.161446	12.016685	400.0	400.0	137499	14.179802	8.525106	77.47902	-28.532589	-14.394443	0.75490534	775.3829953670502
126	25.579529	8.435557	32.788467	13.74333	36.89051	23.006168	86.27585	4.226969	400.0	400.0	138599	14.170204	8.516407	95.180885	-29.764256	-14.384068	0.85903126	781.6176557540894
127	26.259409	10.344064	39.293774	13.990835	31.126383	26.949816	93.999565	-0.10956654	400.0	400.0	139699	14.185946	8.497331	89.17636	-29.707033	-14.400195	0.8851276	787.7694211006165
128	27.15415	13.23026	44.084854	11.7914715	41.488377	25.325106	94.463326	10.33959	400.0	400.0	140799	14.209901	8.507602	96.62286	-28.698442	-14.418541	0.83835274	794.3504798412323
129	40.932873	25.032574	65.96545	15.9003	38.722145	14.943431	73.2435	18.26537	400.0	400.0	141899	14.253738	8.545024	91.7699	-28.345608	-14.466803	0.7728985	802.3988664150238
130	25.400604	20.458136	41.477226	-3.469404	28.041626	20.824762	78.90139	-6.011634	400.0	400.0	142999	14.24658	8.526629	101.81453	-28.818466	-14.454478	0.90820324	810.3209347724915
131	48.786133	27.678955	69.230034	9.655326	35.553017	21.045586	81.003265	-0.2043734	400.0	400.0	144099	14.262939	8.515981	75.809364	-28.987707	-14.472164	0.76683265	816.4144387245178
132	33.954838	20.299103	61.817986	14.038769	33.232193	15.09283	65.19755	5.238265	400.0	400.0	145199	14.290781	8.514076	76.50046	-31.735527	-14.502584	0.8141577	822.7865788936615
133	51.043724	26.90777	77.95149	24.135952	30.551273	12.104125	56.95523	10.284941	400.0	400.0	146299	14.353897	8.5163555	84.40869	-28.519327	-14.563881	0.803305	830.3356211185455
134	35.640965	25.130812	69.06918	8.474474	29.595646	22.525229	68.79296	-4.4516897	400.0	400.0	147399	14.3713	8.517116	81.86274	-28.794785	-14.580963	0.82240236	837.0691986083984
135	30.05097	27.943565	53.089245	-9.274511	35.23128	16.989098	67.06638	-4.7343163	400.0	400.0	148499	14.385666	8.481336	79.73373	-28.394524	-14.592186	0.7676448	843.5349173545837
136	28.597572	10.815865	38.30607	13.506956	34.12625	19.458204	69.96414	5.679323	400.0	400.0	149599	14.371343	8.461723	69.49527	-28.701817	-14.574664	0.7826511	850.0342628955841
137	18.84594	8.556911	27.402851	10.289028	35.7788	18.964878	74.8092	-1.4410565	400.0	400.0	150699	14.385285	8.442376	98.45173	-28.606056	-14.591521	0.8273134	857.5719454288483
138	25.950485	20.1018	43.302784	-2.2268636	34.065853	26.078773	83.578835	-3.6579251	400.0	400.0	151799	14.392459	8.408917	90.92633	-27.580067	-14.597209	0.770799	863.8868110179901
139	40.452717	12.562532	53.572113	23.518198	38.19329	20.269232	74.97832	-4.273352	400.0	400.0	152899	14.374524	8.383905	127.59157	-43.322372	-14.580707	0.923034	870.1701922416687
140	49.08246	27.568523	87.84363	26.066782	40.778694	24.571743	86.87952	-2.7864547	400.0	400.0	153999	14.428806	8.3934965	82.64206	-28.77726	-14.633032	0.7462323	876.306587934494
141	3.520392	5.0557923	8.576184	-1.5354005	35.909958	20.538776	77.90316	-2.3709857	400.0	400.0	155099	14.409299	8.363114	74.01121	-27.869637	-14.610721	0.7316223	884.1117231845856
142	17.211569	15.499259	39.117104	5.5870643	35.809814	23.638111	85.74168	2.1327367	400.0	400.0	156199	14.407473	8.347508	84.241425	-27.13993	-14.6042	0.7647086	890.1781892776489
143	14.411181	9.59338	26.946978	3.6499796	39.92722	18.577044	72.28234	1.7730129	400.0	400.0	157299	14.393303	8.311082	68.54459	-27.846169	-14.595343	0.7491608	897.2448995113373
144	24.250008	26.981934	62.32161	2.9889266	49.594604	21.49684	79.65559	-2.070646	400.0	400.0	158399	14.375578	8.26458	92.92563	-26.757444	-14.572795	0.74242634	903.3643882274628
145	35.861065	9.30646	45.167526	26.554605	44.681793	18.908926	86.50054	-2.0619006	400.0	400.0	159499	14.379676	8.275904	72.74382	-27.046516	-14.581012	0.7297228	909.793895483017
146	34.53383	23.097116	63.889454	7.450345	40.258476	21.731281	84.47355	-0.457087	400.0	400.0	160599	14.398746	8.279247	94.31956	-26.6652	-14.5978985	0.7912154	915.980984210968
147	31.334955	9.600235	44.349663	21.479494	31.88381	19.850323	75.929985	3.337589	400.0	400.0	161699	14.386817	8.2727785	83.68474	-43.606663	-14.587691	0.8353744	923.3728666305542
148	17.694017	7.7182612	27.847456	9.147701	44.97941	21.338015	78.827286	2.1331916	400.0	400.0	162799	14.375526	8.267713	88.79365	-26.199476	-14.577446	0.7454064	929.4890174865723
149	52.10876	42.747078	94.85584	9.361682	40.863834	20.100998	88.07113	0.9762817	400.0	400.0	163899	14.40467	8.278151	70.69797	-25.438341	-14.599801	0.72570366	935.9231426715851
150	28.187193	17.584692	41.98097	3.3701775	41.451496	23.697271	86.9114	8.510475	400.0	400.0	164999	14.406043	8.295208	92.306175	-26.864801	-14.599915	0.81917655	942.4528322219849
151	46.678463	26.995153	84.74898	25.1766	43.071518	23.990202	86.19939	4.875133	400.0	400.0	166099	14.424805	8.311534	76.23599	-25.761837	-14.617989	0.75354904	949.9481372833252
152	10.605303	10.406045	23.685585	-1.7750721	43.210785	20.891277	86.2039	7.6774116	400.0	400.0	167199	14.404747	8.288809	79.23278	-25.565056	-14.59794	0.7793053	956.447384595871
153	43.113976	15.364061	58.47804	27.749916	45.16481	15.667866	65.871086	11.897166	400.0	400.0	168299	14.403128	8.29656	100.195625	-25.966866	-14.593988	0.7558213	962.9552986621857
154	18.380287	11.899453	28.524414	1.6798959	36.563713	23.612804	88.96343	-6.5446177	400.0	400.0	169399	14.39553	8.295233	100.10215	-25.309116	-14.586046	0.7355451	969.3284556865692
155	41.019104	6.537243	50.050415	34.79175	34.039425	18.589077	82.41134	4.276892	400.0	400.0	170499	14.363095	8.267412	87.852165	-25.254498	-14.548558	0.74588025	976.3583788871765
156	44.95932	7.986897	51.114952	33.679863	35.572216	24.203138	74.318794	-7.157533	400.0	400.0	171599	14.346294	8.289486	79.41266	-25.62939	-14.530275	0.8002661	983.9801526069641
157	14.855892	5.055315	19.911207	9.800577	32.77218	20.707104	76.97816	-0.29233935	400.0	400.0	172699	14.276823	8.271677	78.23918	-31.58731	-14.460006	0.6879221	991.667980670929
158	49.136456	19.331608	75.66433	30.147966	37.375168	21.68202	78.91576	-1.4209849	400.0	400.0	173799	14.24092	8.326867	81.014336	-25.266489	-14.423084	0.7347791	999.4672882556915
159	8.098759	7.1101546	16.772865	-0.64299166	42.80459	23.518444	90.156624	-5.0838513	400.0	400.0	174899	14.20784	8.319453	115.06834	-24.840477	-14.388725	0.76309645	1006.2623693943024
160	62.76042	9.755829	76.531876	55.150425	45.435413	21.56258	78.91732	3.401432	400.0	400.0	175999	14.168667	8.3027935	91.84624	-24.283134	-14.348495	0.8153544	1012.6040117740631
161	19.808018	10.410441	30.218458	9.397575	39.402676	17.621572	69.4013	10.4995165	400.0	400.0	177099	14.10021	8.3292465	77.1309	-26.745968	-14.273924	0.78381026	1019.1433317661285
162	41.778347	20.915943	66.81549	15.618991	37.921307	24.546013	87.780266	-2.371609	400.0	400.0	178199	14.083342	8.348502	109.5753	-28.47841	-14.261674	0.73715794	1025.5064902305603
163	46.505947	18.737183	69.25492	23.36345	36.98903	27.25648	84.42056	-8.89482	400.0	400.0	179299	14.070232	8.36569	90.3943	-40.50398	-14.247233	0.8090968	1031.9765257835388
164	40.221786	30.869825	83.8783	18.37071	41.893833	17.476015	72.21313	2.1760895	400.0	400.0	180399	14.024682	8.327632	82.32701	-24.213463	-14.206116	0.7100038	1038.3587305545807
165	52.11506	3.4605083	55.57557	48.654552	31.847538	16.705006	64.96745	0.6216359	400.0	400.0	181499	14.026261	8.362588	82.17839	-26.064497	-14.201296	0.7806514	1046.2301795482635
166	19.897566	18.071657	45.051334	3.4036574	37.29911	18.226011	72.450745	6.9958463	400.0	400.0	182599	14.052065	8.408857	88.15124	-25.737528	-14.2315445	0.7312998	1053.0043015480042
167	59.407726	14.998981	72.38597	38.38836	39.91842	19.388319	82.710655	5.722399	400.0	400.0	183699	14.036256	8.342993	79.82414	-57.890583	-14.222697	0.8004595	1059.4421656131744
168	41.221535	28.774166	79.227104	9.624643	34.69941	28.053347	99.44805	-0.077268325	400.0	400.0	184799	14.060832	8.344402	71.99521	-27.941498	-14.238972	0.7247119	1065.8327226638794
169	14.148666	12.901588	27.050255	1.2470782	27.120142	24.39781	80.20943	-11.559596	400.0	400.0	185899	14.054377	8.326305	77.18408	-29.026056	-14.235419	0.7180526	1073.493264913559
170	33.072906	4.2357063	37.34995	27.302307	37.357407	23.248114	84.13218	5.8698416	400.0	400.0	186999	14.037388	8.314825	75.520546	-28.933365	-14.2189045	0.7239059	1081.0252122879028
171	15.230732	2.6903548	17.633968	11.474636	36.510185	22.092772	76.936554	-1.1109661	400.0	400.0	188099	14.0597105	8.310354	77.53521	-26.828953	-14.2373495	0.69123685	1087.3517608642578
172	42.462856	24.37697	74.988434	16.30461	33.15426	24.392698	69.36907	-2.9964101	400.0	400.0	189199	14.06349	8.301898	130.4159	-45.432835	-14.2450905	0.804573	1093.7198538780212
173	14.647699	3.118988	17.766687	11.528711	31.084187	16.976608	77.72616	8.491112	400.0	400.0	190299	14.090246	8.307212	86.788185	-49.307804	-14.27012	0.8333466	1100.2057707309723
174	37.96635	12.589045	51.70874	21.292803	40.70043	19.264793	77.60575	-3.96943	400.0	400.0	191399	14.091472	8.270971	81.810684	-28.38818	-14.269752	0.73109096	1106.6249277591705
175	42.46689	17.635912	66.42435	24.482477	41.19911	20.151625	83.99936	2.875125	400.0	400.0	192499	14.094225	8.267541	79.57934	-27.802963	-14.271512	0.705306	1114.3980305194855
176	57.818333	22.364847	83.00576	28.657343	31.089514	21.118906	86.76296	-2.555188	400.0	400.0	193599	14.087826	8.248265	81.51479	-28.216232	-14.265265	0.7408242	1120.4066052436829
177	38.37552	5.245495	43.621014	33.130024	40.87327	22.874619	80.24192	4.3789215	400.0	400.0	194699	14.095334	8.239015	88.84772	-28.045027	-14.270517	0.81537306	1127.0649094581604
178	36.89922	28.478027	75.586105	7.860899	33.121326	20.572075	73.385254	-5.607068	400.0	400.0	195799	14.105156	8.244881	82.05237	-26.31892	-14.282194	0.6689743	1133.6718318462372
179	39.2374	14.3141575	54.439365	20.059813	37.502144	22.80293	89.6834	4.9587626	400.0	400.0	196899	14.121439	8.2392025	78.32014	-27.035114	-14.297015	0.7043743	1140.1320700645447
180	37.00028	27.321133	61.627495	-1.0968832	26.63696	21.78653	79.730064	-7.4029307	400.0	400.0	197999	14.124207	8.249005	89.80535	-27.341312	-14.300309	0.720794	1147.9154937267303
181	37.495327	8.082512	45.57784	29.412815	46.772335	24.304459	96.477356	-1.3878243	400.0	400.0	199099	14.116123	8.229846	132.39606	-27.705738	-14.288459	0.77670074	1154.324048280716
182	40.825665	14.535251	58.51513	22.913275	37.45997	21.352722	74.95555	-5.085822	400.0	400.0	200199	14.134596	8.202231	86.12562	-29.558052	-14.30825	0.76460385	1160.7894277572632
183	19.053963	6.925158	26.841728	10.017147	33.196663	21.702845	80.64702	2.7351427	400.0	400.0	201299	14.125521	8.214286	81.53431	-27.238504	-14.298629	0.6679995	1167.0798571109772
184	34.797268	14.499686	54.370483	19.716486	38.947475	22.200968	80.76778	7.1783047	400.0	400.0	202399	14.129541	8.205299	97.1251	-52.708824	-14.298782	0.8092154	1173.3975574970245
185	21.770927	2.1779442	23.948872	19.592983	39.3039	16.251692	69.39863	13.463832	400.0	400.0	203499	14.102328	8.162632	80.98202	-33.96092	-14.269709	0.6516883	1179.6392285823822
186	34.436752	9.541242	42.818172	21.088161	35.52852	18.268364	62.280056	-2.2940874	400.0	400.0	204599	14.098747	8.179003	114.46023	-28.155277	-14.266852	0.77020216	1187.4489433765411
187	28.78541	21.239124	55.12915	3.1172948	36.00846	20.84266	81.25481	5.4545584	400.0	400.0	205699	14.052196	8.164449	88.26645	-28.62533	-14.218759	0.729519	1193.0819573402405
188	23.085154	11.292768	35.248657	8.040881	27.034313	21.457832	73.00449	-8.144801	400.0	400.0	206799	14.020847	8.1702175	82.00946	-27.840837	-14.186174	0.68472636	1200.6729562282562
189	22.458757	12.718839	35.177597	9.739919	39.254784	15.249205	66.7971	7.0543303	400.0	400.0	207899	13.981263	8.145833	95.5209	-27.942822	-14.147017	0.69319683	1207.0769069194794
190	37.10382	25.410494	65.32861	3.72849	35.567493	20.38223	68.70777	0.5792808	400.0	400.0	208999	13.916137	8.14783	82.130486	-28.209541	-14.079052	0.7362752	1213.4104299545288
191	42.237537	21.535292	69.66941	17.064182	36.566654	28.096966	98.459045	-10.903657	400.0	400.0	210099	13.920564	8.16067	114.326065	-49.578545	-14.085676	0.7392148	1219.76739859581
192	34.879616	13.59059	54.07539	24.446337	35.094036	16.205664	81.53548	14.887646	400.0	400.0	211199	13.911697	8.167176	75.29926	-27.789564	-14.077633	0.6140872	1226.192540884018
193	43.19238	9.850857	53.043236	33.341522	33.365677	16.162363	65.471725	5.423024	400.0	400.0	212299	13.890629	8.146005	88.434166	-28.882645	-14.054884	0.679573	1232.4055466651917
194	43.317677	31.247488	85.119194	10.003894	31.941212	22.308807	79.05395	3.8201005	400.0	400.0	213399	13.8592005	8.159844	85.54225	-29.067802	-14.020914	0.7185233	1238.5413212776184
195	35.13954	15.484093	56.055733	19.067146	28.173138	17.6691	60.205868	3.5309412	400.0	400.0	214499	13.812287	8.165197	84.193375	-36.634098	-13.974018	0.79280895	1245.0941393375397
196	33.937958	10.482269	46.27208	20.649166	40.24224	31.454685	103.80169	-10.940504	400.0	400.0	215599	13.795942	8.162426	84.86165	-40.60523	-13.958806	0.77261406	1251.2771129608154
197	50.023933	6.2073803	56.231316	43.816555	35.336205	21.888592	78.84956	-4.6222095	400.0	400.0	216699	13.786681	8.138188	112.862526	-30.622154	-13.94886	0.8093678	1257.9766175746918
198	29.784126	17.604925	52.905273	10.226086	34.050182	19.781363	84.326355	3.95096	400.0	400.0	217799	13.757409	8.1271105	77.10341	-35.19892	-13.914705	0.7361094	1264.5230844020844
199	42.684845	27.290314	76.129555	9.282251	43.815407	20.75422	80.62305	-0.14420778	400.0	400.0	218899	13.714026	8.088722	94.96915	-27.95621	-13.870951	0.6235967	1272.4288671016693
200	34.3205	18.324213	54.821724	10.34254	45.2676	23.807411	95.70026	6.488471	400.0	400.0	219999	13.702374	8.12611	69.95246	-28.328758	-13.860052	0.6434703	1280.6636991500854
201	23.885815	1.7760944	25.66191	22.10972	33.329628	20.275766	90.670654	1.8003858	400.0	400.0	221099	13.649314	8.118401	69.40063	-27.261599	-13.806231	0.6432462	1286.7754247188568
202	26.553839	15.111732	46.43872	9.829786	35.49764	27.931261	100.44052	-0.5349663	400.0	400.0	222199	13.593596	8.098113	120.88005	-49.86703	-13.748912	0.8022776	1293.5000364780426
203	36.219833	18.713911	52.971478	10.099925	37.621548	22.10417	85.494	5.19562	400.0	400.0	223299	13.56476	8.074728	82.46003	-28.778147	-13.723748	0.6428841	1301.285474061966
204	47.66515	13.303988	62.013046	29.95092	31.463781	18.590189	75.12672	2.796902	400.0	400.0	224399	13.5680275	8.095951	75.71092	-28.467495	-13.724694	0.6283495	1309.7316896915436
205	36.13736	1.4857693	37.623127	34.65159	36.31469	25.143572	85.33417	-2.8590918	400.0	400.0	225499	13.508851	8.077582	101.83663	-36.653004	-13.666931	0.76887095	1318.3608934879303
206	26.695574	14.853112	47.694504	15.742056	43.075245	24.209242	92.824615	-0.8603538	400.0	400.0	226599	13.520461	8.091875	73.02313	-27.832148	-13.680197	0.6462085	1326.1777775287628
207	26.210327	6.043364	34.483078	20.215303	38.526653	18.494793	71.38199	6.425824	400.0	400.0	227699	13.473113	8.05314	99.26846	-39.228252	-13.631341	0.71270496	1332.4657766819
208	53.46848	7.6536474	60.41946	42.80756	34.224	16.965252	76.838745	9.371204	400.0	400.0	228799	13.501989	8.088094	93.19541	-47.649387	-13.6589	0.66925335	1338.4907116889954
209	27.09361	14.46871	41.56232	12.624901	40.0316	22.02239	79.608055	1.289954	400.0	400.0	229899	13.485009	8.0560055	67.4231	-27.681738	-13.641727	0.62805045	1345.9536774158478
210	39.899704	30.280298	81.71883	11.0079565	43.70298	19.755108	69.569145	1.5935394	400.0	400.0	230999	13.472754	8.081734	98.33724	-29.540009	-13.629582	0.75593406	1352.3597235679626
211	27.8993	20.295057	55.839863	8.243262	41.99184	15.658873	70.80867	11.474689	400.0	400.0	232099	13.448648	8.093773	93.45877	-29.87358	-13.603462	0.627235	1358.722286939621
212	23.773438	4.1809845	28.896957	18.655684	40.142982	23.745762	90.87604	-6.814831	400.0	400.0	233199	13.443199	8.0661335	89.627106	-28.249313	-13.597968	0.6884406	1364.7582030296326
213	51.59043	7.4119587	59.002388	44.17847	31.104303	14.845901	62.388752	8.267633	400.0	400.0	234299	13.445921	8.06983	90.52807	-28.02589	-13.600893	0.6543168	1372.315220117569
214	28.42364	5.955776	36.383945	22.059782	32.60032	13.271604	58.396355	6.5341897	400.0	400.0	235399	13.422447	8.09955	78.26696	-30.06288	-13.575419	0.6660105	1378.7406435012817
215	33.407963	3.6189325	38.470284	30.225117	39.32745	22.032293	76.50972	5.4285855	400.0	400.0	236499	13.37957	8.109726	83.92115	-28.23089	-13.532271	0.637223	1385.0404064655304
216	23.972937	15.704613	45.44431	8.319183	37.115307	23.94719	82.19858	1.6084663	400.0	400.0	237599	13.365526	8.118209	87.646286	-32.337425	-13.5189705	0.73281735	1391.4978394508362
217	33.207367	0.3004303	33.507797	32.906937	36.458946	21.671108	74.60636	1.8841785	400.0	400.0	238699	13.356857	8.060817	72.87815	-27.93122	-13.509139	0.6149914	1397.9051628112793
218	33.07655	21.736652	52.29572	2.6897967	38.144234	14.473205	68.46481	5.0877175	400.0	400.0	239799	13.29843	8.059732	80.025276	-29.38077	-13.450443	0.6152061	1404.3732314109802
219	49.26623	29.520855	82.40631	10.707042	40.81565	20.231533	76.715904	5.039804	400.0	400.0	240899	13.333598	8.134884	90.775444	-30.563007	-13.487161	0.70637834	1410.859878540039
220	29.96882	14.455694	49.75062	15.610156	40.940197	20.111965	89.5102	6.8125963	400.0	400.0	241999	13.280281	8.13931	119.2978	-79.431564	-13.431493	0.79444826	1416.5323572158813
221	28.647411	0.4933052	29.140717	28.154106	33.335793	18.52835	65.94295	-3.4037232	400.0	400.0	243099	13.276917	8.1225395	99.954056	-28.479456	-13.431371	0.6419377	1422.607522726059
222	23.71382	17.896336	47.56759	4.461197	47.244198	22.119667	93.05721	2.367092	400.0	400.0	244199	13.285869	8.104896	79.26494	-28.452824	-13.437545	0.66208816	1429.129313468933
223	39.753906	22.61031	56.688473	7.797168	34.621147	23.434662	73.703514	0.7399507	400.0	400.0	245299	13.273495	8.099921	79.5809	-27.671247	-13.4248295	0.6594216	1436.9672935009003
224	53.726746	27.177448	79.86224	16.253626	38.42384	18.631271	72.55381	9.4839735	400.0	400.0	246399	13.281965	8.097688	68.64921	-27.338339	-13.433512	0.59060824	1442.5965490341187
225	24.083662	4.9567204	29.040382	19.126942	32.047527	22.05874	73.40861	-10.28196	400.0	400.0	247499	13.270127	8.101964	111.05196	-28.799189	-13.419228	0.7062901	1450.39812707901
226	9.966418	10.745266	21.196241	-4.5146885	43.165817	14.961729	86.940384	23.963037	400.0	400.0	248599	13.252032	8.091423	85.879105	-29.0338	-13.401204	0.67195493	1456.467850446701
227	36.98144	27.657728	71.4607	3.7477388	42.688824	26.914064	104.33013	3.7447472	400.0	400.0	249699	13.231308	8.087973	96.84095	-44.83646	-13.3796835	0.7160547	1464.0390794277191
228	48.385773	21.96875	78.3116	26.192879	38.068012	24.360752	82.24891	-4.7372804	400.0	400.0	250799	13.261564	8.140286	82.6997	-29.064196	-13.414929	0.5881162	1469.6529533863068
229	46.529984	0.8142681	47.344254	45.715717	28.91303	17.892937	68.95635	5.339464	400.0	400.0	251899	13.248052	8.134161	93.9842	-28.646759	-13.396482	0.6532604	1475.8963284492493
230	30.861265	28.578014	71.26544	9.833802	37.04211	17.7345	67.4677	-2.306858	400.0	400.0	252999	13.235389	8.152346	77.60036	-28.74447	-13.384545	0.644274	1481.5577635765076
231	38.82153	5.747651	45.39562	31.394526	38.79252	22.738144	83.71652	10.068979	400.0	400.0	254099	13.254359	8.17221	78.347916	-26.688147	-13.40234	0.6998614	1489.1235237121582
232	35.691967	4.2602296	39.692757	29.790342	32.822563	22.95377	86.96818	-0.5463081	400.0	400.0	255199	13.23628	8.170117	110.30663	-31.46381	-13.382118	0.7468234	1495.607102394104
233	57.640762	32.497673	90.138435	25.143093	36.931442	21.021446	75.27298	3.004722	400.0	400.0	256299	13.200517	8.123519	87.10869	-29.433323	-13.345332	0.62147504	1503.4231650829315
234	29.901102	10.508211	42.71488	16.97585	29.26363	21.391794	80.176956	-1.8449768	400.0	400.0	257399	13.182882	8.151495	79.883385	-27.150738	-13.326506	0.6394913	1509.8380074501038
235	34.927006	32.505596	80.38814	6.2900963	34.378994	19.158564	72.15208	2.7911372	400.0	400.0	258499	13.159424	8.169528	92.32955	-26.005981	-13.304559	0.65526235	1517.6369948387146
236	15.986759	11.704917	32.345287	5.61511	30.916193	22.7488	83.00133	-7.759583	400.0	400.0	259599	13.170363	8.17876	91.16276	-38.34745	-13.314356	0.67125225	1525.4182064533234
237	59.28427	0.11848068	59.402752	59.16579	39.55194	26.311132	92.25087	-8.269362	400.0	400.0	260699	13.10106	8.140555	84.22023	-27.150549	-13.2466545	0.5730929	1531.5264115333557
238	25.665047	20.141645	44.59278	-2.2334194	37.01863	19.60175	76.07337	2.6819043	400.0	400.0	261799	13.113947	8.167787	97.96079	-32.703358	-13.256387	0.7457202	1538.2838888168335
239	24.296404	13.936366	41.033375	6.9146643	39.396427	23.03244	99.92132	6.0377464	400.0	400.0	262899	13.103826	8.165608	82.296524	-27.100842	-13.255676	0.6907555	1544.3439004421234
240	44.3302	25.218082	79.94981	24.984085	39.24533	22.805946	82.02896	4.737129	400.0	400.0	263999	13.099963	8.172992	105.22084	-28.362423	-13.241445	0.67783743	1550.8263993263245
241	40.68811	5.4994106	46.18752	35.188698	43.519527	27.004808	97.66062	1.2283292	400.0	400.0	265099	13.090172	8.128325	92.00747	-31.36737	-13.236336	0.65293974	1558.600335597992
242	17.918777	8.501652	27.206068	6.662508	33.691635	17.541637	68.69245	2.611303	400.0	400.0	266199	13.119669	8.1550455	122.32916	-41.161552	-13.26421	0.6871591	1565.9789621829987
243	21.258215	7.266424	28.516148	11.328995	39.12953	26.053116	81.59764	-1.2594457	400.0	400.0	267299	13.086443	8.160493	81.75591	-27.700672	-13.228185	0.6738049	1572.5773344039917
244	49.55769	26.547213	80.49758	15.671063	41.43746	17.865541	74.42797	15.308126	400.0	400.0	268399	13.053481	8.15039	85.49915	-26.594894	-13.196385	0.59868485	1578.5670742988586
245	45.36006	7.614311	52.974373	37.74575	35.619286	22.941172	74.902306	-4.265681	400.0	400.0	269499	13.075932	8.178567	91.290344	-27.237482	-13.22194	0.61227804	1584.5904562473297
246	40.12404	5.998575	45.948383	31.870321	40.656364	21.721848	81.77747	1.8537772	400.0	400.0	270599	13.067782	8.188927	81.637146	-28.706776	-13.214234	0.63600904	1592.6638333797455
247	21.431425	6.0391803	29.341581	14.687151	41.310654	23.203026	95.06175	4.277716	400.0	400.0	271699	13.050443	8.157222	87.89085	-35.939	-13.192505	0.62709796	1600.5048742294312
248	25.208784	18.451115	46.183014	1.2782071	28.718647	17.061049	58.468933	-5.2818565	400.0	400.0	272799	13.041898	8.143149	106.443474	-31.369793	-13.184971	0.67623866	1606.8483200073242
249	25.22636	6.5503826	31.776743	18.675978	40.729874	19.060785	75.91145	8.851988	400.0	400.0	273899	13.062434	8.148588	86.52341	-28.55352	-13.203758	0.6855556	1614.3138477802277
250	16.86609	11.850148	33.376297	6.121238	43.195644	21.38297	77.396255	-5.644943	400.0	400.0	274999	13.039955	8.126741	90.51654	-27.228504	-13.185658	0.5767933	1620.2582006454468
