Epoch	AverageEpRet	StdEpRet	MaxEpRet	MinEpRet	AverageTestEpRet	StdTestEpRet	MaxTestEpRet	MinTestEpRet	EpLen	TestEpLen	TotalEnvInteracts	AverageQVals	StdQVals	MaxQVals	MinQVals	LossPi	LossQ	Time
1	-8.302238	17.578432	9.276194	-25.88067	-168.70811	5.9112086	-155.97658	-176.8423	400.0	400.0	1099	0.08851757	0.09536184	0.44019338	-0.28233567	-0.08680612	0.021253835	5.0180463790893555
2	-19.307745	6.2802887	-13.876399	-28.109337	56.28471	23.93264	108.39935	28.250555	400.0	400.0	2199	-0.01334188	0.35369682	1.438725	-1.0578951	-0.0008194906	0.012187395	31.010989904403687
3	-42.029278	17.971682	-16.6308	-55.540913	61.41091	46.844288	114.28682	-82.69322	400.0	400.0	3299	0.1600637	0.8189667	3.6313307	-1.4546851	-0.33166754	0.003103623	58.1096510887146
4	-16.278627	12.489486	-0.29629284	-30.781677	70.15528	15.224988	102.36203	48.08891	400.0	400.0	4399	0.7727745	1.3380903	5.780296	-1.7064706	-0.97182506	0.0024510531	87.34546661376953
5	-31.724045	28.78378	-2.940266	-60.507824	76.39525	16.290188	100.59973	48.981094	400.0	400.0	5499	1.4917563	1.9003819	7.8216515	-2.2215257	-1.6900779	0.0035957303	114.26319479942322
6	-26.74106	28.42087	-1.0451043	-66.35482	65.12209	19.789982	95.873856	34.999107	400.0	400.0	6599	2.0863132	2.5526314	9.635477	-2.3802161	-2.2883346	0.002854929	140.4624171257019
7	-42.960766	9.056343	-33.54704	-55.188423	72.56819	18.761213	100.35227	39.746994	400.0	400.0	7699	2.5031013	3.0930538	11.366128	-2.6572607	-2.7080503	0.00430818	165.95281958580017
8	-24.479551	17.205463	-7.1904097	-47.951668	68.47526	17.133362	103.849556	42.73988	400.0	400.0	8799	3.1020153	3.5664077	13.430495	-2.5638318	-3.3111138	0.005661085	191.66169929504395
9	-9.517984	2.1971836	-7.320801	-11.715168	72.68478	20.981709	111.54853	38.36951	400.0	400.0	9899	3.9158568	3.9988303	15.437579	-2.4727473	-4.1300807	0.006845001	218.3357756137848
10	-24.929619	22.840103	2.325577	-53.569584	63.43641	23.58398	106.63025	10.282547	400.0	400.0	10999	4.5333242	4.392879	17.418467	-2.4663289	-4.75303	0.008621009	244.08560180664062
11	-50.339985	7.2749434	-41.43931	-59.25918	82.1852	36.684166	159.73322	10.3504305	400.0	400.0	12099	4.9339385	4.686701	19.122183	-2.423785	-5.159262	0.012394247	269.31606125831604
12	-10.346792	21.561277	19.859722	-29.056698	108.21088	52.984535	236.17537	35.774612	400.0	400.0	13199	5.4781747	5.1525874	20.90763	-2.3477507	-5.709249	0.01645941	295.7341022491455
13	-22.76605	9.263666	-13.502384	-32.029716	106.62533	55.55425	206.1908	37.91821	400.0	400.0	14299	6.0313463	5.552649	22.616766	-2.2390835	-6.268598	0.022313736	321.4110426902771
14	-9.975212	17.182222	10.435304	-31.599808	163.23807	77.56344	287.41287	7.459907	400.0	400.0	15399	6.6343555	5.9104514	24.10618	-2.1819696	-6.878025	0.026310757	347.93874526023865
15	139.94911	59.387707	220.14742	78.25079	173.33974	78.71976	281.24664	35.377155	400.0	400.0	16499	7.522412	6.6163206	26.654531	-2.1061053	-7.761479	0.032495428	373.02142882347107
16	102.933495	39.176765	147.70807	52.285698	168.80177	78.62974	266.64014	25.761267	400.0	400.0	17599	8.538413	7.215152	28.629444	-2.1420658	-8.769391	0.03453672	399.49053502082825
17	132.29883	43.749886	176.0487	88.548935	149.41637	95.62448	274.16028	3.6243799	400.0	400.0	18699	9.524574	7.817667	30.516037	-2.148061	-9.75001	0.036675747	426.38774037361145
18	175.20349	48.270725	216.964	107.55637	134.58365	108.91293	304.4728	-0.78758913	400.0	400.0	19799	10.671324	8.541007	32.407898	-2.2008219	-10.895924	0.043159593	450.87461733818054
19	135.02583	122.03344	233.30124	-36.972355	120.852455	120.00657	300.03818	-71.15652	400.0	400.0	20899	12.115965	9.610904	34.765545	-2.2652164	-12.342706	0.04035021	476.0416171550751
20	122.44236	102.814064	207.05344	-22.268373	152.76463	101.834656	267.7356	-66.83387	400.0	400.0	21999	12.894424	10.333261	36.87797	-2.379424	-13.125	0.04262529	501.7517194747925
21	-15.325982	40.151836	24.825853	-55.477818	178.77095	86.68064	269.4399	-39.39898	400.0	400.0	23099	13.9730015	11.065534	38.754765	-2.5324714	-14.213878	0.054869093	527.9830851554871
22	220.09996	21.97605	249.11688	195.95128	198.71811	88.08163	264.25107	-50.84505	400.0	400.0	24199	15.142707	11.904521	41.289364	-2.5740943	-15.386129	0.048619308	554.9610917568207
23	223.24141	42.57323	283.3508	190.20905	189.6185	69.03893	287.0391	44.45316	400.0	400.0	25299	16.78469	12.870775	42.966934	-2.6711953	-17.029264	0.054650467	580.4878933429718
24	138.94495	46.225708	179.44601	74.25376	181.92328	87.65338	255.51091	-11.522366	400.0	400.0	26399	18.146927	13.557196	44.355335	-2.799799	-18.391203	0.05301461	606.2964549064636
25	121.53177	105.95177	227.48354	15.580006	226.4747	53.74669	291.96732	101.38727	400.0	400.0	27499	19.295408	14.131727	45.928333	-2.9745502	-19.539751	0.053013846	631.2680404186249
26	222.1819	38.29921	253.36902	168.23776	225.77856	48.89673	282.09122	42.156395	400.0	400.0	28599	20.68822	14.813378	47.488884	-3.086435	-20.930416	0.05457601	658.0570480823517
27	218.15459	53.63469	277.9539	147.84389	240.64792	34.730877	289.90262	168.83795	400.0	400.0	29699	22.202717	15.491535	49.08274	-3.122722	-22.44254	0.049389783	685.5113205909729
28	231.26534	14.34819	248.50424	213.37653	237.26726	39.924873	305.8041	137.95766	400.0	400.0	30799	23.760101	16.18456	50.698605	-3.1631541	-24.001242	0.066223234	712.6967568397522
29	220.78653	13.232079	234.01862	207.55446	233.2728	43.300224	295.48212	153.43149	400.0	400.0	31899	25.235447	16.737598	52.281242	-3.1076305	-25.47885	0.071601845	740.3220355510712
30	208.97481	13.205245	221.94388	190.85326	245.86308	27.502314	304.04926	193.56456	400.0	400.0	32999	26.696878	17.21935	53.65141	-3.0290418	-26.937763	0.07312356	768.1852462291718
31	233.32811	28.587149	266.26654	196.55785	247.97505	32.431606	312.36203	193.82039	400.0	400.0	34099	28.07384	17.669186	54.90597	-3.114118	-28.315075	0.07101858	793.7167246341705
32	226.28618	6.544405	231.30223	217.04218	241.74338	34.04371	303.83514	153.79726	400.0	400.0	35199	29.539545	18.091206	56.269283	-3.2196987	-29.778622	0.07463617	821.486163854599
33	237.2152	21.481369	258.69656	215.73383	221.67172	92.42167	320.3891	-20.90457	400.0	400.0	36299	30.834545	18.462034	57.391388	-3.200804	-31.068012	0.06439231	847.7377526760101
34	258.14758	11.211587	268.2103	242.50462	236.04521	68.81447	294.2105	-16.578423	400.0	400.0	37399	32.155125	18.839106	58.542145	-3.5209503	-32.38159	0.06850087	874.2934920787811
35	225.57219	16.429829	245.59772	205.3544	234.02841	47.66709	312.76135	124.65518	400.0	400.0	38499	33.388496	19.181808	59.73139	-3.8042583	-33.61159	0.06325084	901.570565700531
36	242.64174	44.15092	292.69012	185.28606	242.46648	38.20538	300.10184	149.13603	400.0	400.0	39599	34.643215	19.578377	60.778446	-3.8612623	-34.86783	0.06611141	928.9072980880737
37	202.9032	12.5337305	215.43692	190.36946	251.61966	32.395924	310.02164	196.23456	400.0	400.0	40699	35.803795	19.881886	61.889103	-3.8867419	-36.03106	0.06767616	955.4857761859894
38	277.14743	30.380169	315.71503	241.46738	252.15079	35.06419	293.5507	186.04155	400.0	400.0	41799	37.009	20.232927	62.788456	-4.2156086	-37.237892	0.057968315	983.0035393238068
39	230.21783	18.706408	255.44934	210.71565	260.89032	31.245974	308.29303	190.9137	400.0	400.0	42899	38.238186	20.546862	63.791298	-4.422217	-38.4701	0.06535381	1011.1491463184357
40	255.58667	53.240803	308.14377	182.61565	241.63742	25.00339	298.7457	195.76498	400.0	400.0	43999	39.463326	20.825829	64.72695	-4.733572	-39.7036	0.07620632	1038.2921977043152
41	231.09854	34.504616	265.60315	196.59392	255.89702	38.216106	308.64056	180.86095	400.0	400.0	45099	40.66574	21.029472	65.60713	-4.773099	-40.907024	0.07220049	1065.5981137752533
42	246.39104	9.399664	258.87622	236.19615	271.78754	24.23031	330.68668	226.92857	400.0	400.0	46199	41.80423	21.212566	66.34685	-4.7715673	-42.03902	0.0557075	1092.0617396831512
43	235.20966	25.878407	256.75662	198.81715	270.97617	28.135698	324.81125	203.10406	400.0	400.0	47299	42.929073	21.305122	67.15253	-4.6538844	-43.167023	0.06554313	1118.204666852951
44	253.57469	17.56268	278.01294	237.51491	244.94751	51.487835	289.67215	132.08174	400.0	400.0	48399	43.98991	21.428701	67.86959	-4.6607637	-44.221027	0.056530535	1146.597365140915
45	262.9447	9.3964615	272.34116	253.54823	266.1377	27.323278	325.88657	191.95859	400.0	400.0	49499	45.024616	21.530313	68.58994	-4.833043	-45.252865	0.06198875	1173.4935822486877
46	270.251	21.318546	290.36172	240.74341	265.0083	24.133444	311.55048	214.53467	400.0	400.0	50599	46.041218	21.574469	69.139305	-4.840803	-46.270874	0.0552117	1201.8663311004639
47	234.00781	26.392176	270.45386	208.81448	259.71768	28.98799	299.94763	199.81903	400.0	400.0	51699	46.994595	21.49822	69.80198	-4.8640456	-47.224052	0.053424608	1228.6635012626648
48	239.41457	26.220078	273.49698	209.72304	262.5019	24.22223	315.5489	225.25235	400.0	400.0	52799	47.86609	21.486115	70.316246	-5.0298715	-48.094143	0.0501762	1257.5676243305206
49	261.19653	9.812157	271.0087	251.38438	271.48727	23.281021	313.7837	230.34764	400.0	400.0	53899	48.790417	21.452898	70.77124	-5.288405	-49.013657	0.05392168	1285.1191878318787
50	248.54643	16.187134	271.00058	233.46017	275.60147	23.47298	312.92416	233.33893	400.0	400.0	54999	49.5866	21.411156	71.251495	-5.3160014	-49.805794	0.048428725	1313.290937423706
51	262.0728	1.1131601	263.03632	260.5129	267.173	21.219042	313.0155	219.28738	400.0	400.0	56099	50.413677	21.33504	71.739525	-5.5650253	-50.629482	0.057317875	1341.3973903656006
52	264.6588	30.992947	295.94073	222.4298	264.88562	21.774021	302.1835	222.33655	400.0	400.0	57199	51.22567	21.241808	72.22371	-5.9557085	-51.43785	0.043129202	1366.8747613430023
53	274.82922	9.010193	283.83942	265.81903	261.77005	22.391813	296.46677	214.84528	400.0	400.0	58299	51.947994	21.213112	72.66915	-6.308219	-52.158363	0.05714698	1395.4852211475372
54	248.82054	39.50686	302.87024	209.5417	265.32526	69.5238	313.47705	-26.91412	400.0	400.0	59399	52.66288	21.133812	73.09689	-6.44195	-52.87027	0.04683482	1421.6924040317535
55	247.3105	42.628994	293.57385	190.70311	261.99933	26.770172	321.5827	220.7985	400.0	400.0	60499	53.36681	21.069185	73.508286	-6.3539224	-53.569542	0.04556151	1449.6974849700928
56	262.3771	13.299587	279.47162	247.03635	269.10077	23.397896	310.43558	220.05618	400.0	400.0	61599	53.953583	21.016865	73.871864	-6.150429	-54.15217	0.048109088	1478.9935383796692
57	244.0621	31.285553	275.34766	212.77655	281.7836	21.293188	315.3265	246.64612	400.0	400.0	62699	54.538776	20.96453	74.185394	-6.2474055	-54.73391	0.04534738	1507.1862213611603
58	273.4012	23.764814	291.81522	239.84584	281.0381	19.764166	315.7462	235.45027	400.0	400.0	63799	55.17101	20.890179	74.55217	-5.9379797	-55.366726	0.04423494	1534.538958311081
59	171.47609	51.452427	238.55666	113.51907	261.49472	31.585443	309.69006	176.91649	400.0	400.0	64899	55.624878	20.845484	74.85513	-5.766373	-55.816727	0.03995212	1562.7158591747284
60	265.0488	12.696494	279.51587	248.60498	275.4508	25.39534	323.48682	227.07776	400.0	400.0	65999	56.12208	20.822802	75.180016	-5.104144	-56.311672	0.04095829	1590.7589149475098
61	263.32355	3.5019073	266.82547	259.82166	277.06653	26.321093	318.57834	222.01445	400.0	400.0	67099	56.640987	20.830336	75.46067	-4.5471783	-56.82712	0.03914096	1619.9160788059235
62	240.51549	26.473274	275.51306	211.50024	272.93512	26.173283	322.2438	229.05154	400.0	400.0	68199	57.089314	20.822458	75.722176	-4.2442994	-57.270863	0.045261562	1645.9995205402374
63	271.5619	11.221699	284.33115	257.01642	275.065	23.392172	317.1234	228.60118	400.0	400.0	69299	57.504635	20.878927	75.97952	-4.0308685	-57.68501	0.040910494	1673.8931930065155
64	271.0698	21.509499	298.465	245.92165	270.37378	24.085466	311.46118	230.66997	400.0	400.0	70399	57.98243	20.852726	76.25207	-3.7388902	-58.161358	0.04865724	1699.6916146278381
65	242.8659	9.417427	252.28334	233.44849	280.136	29.235329	331.2135	231.26974	400.0	400.0	71499	58.423023	20.877638	76.56674	-3.6734164	-58.59894	0.03950705	1725.6218211650848
66	265.43576	29.660954	305.16956	233.92511	277.43802	25.96671	326.60306	232.79868	400.0	400.0	72599	58.83105	20.88945	76.892815	-3.9622703	-59.00562	0.03705814	1754.1997430324554
67	249.50726	21.725094	278.61713	226.44167	267.4491	25.284443	317.50754	226.07448	400.0	400.0	73699	59.200012	20.89153	77.146706	-4.346959	-59.373085	0.039866723	1782.8464584350586
68	259.47446	1.4959226	261.20117	257.55255	284.3249	26.314892	324.61917	227.19682	400.0	400.0	74799	59.593777	20.885271	77.37445	-4.465377	-59.766052	0.04625139	1810.2764749526978
69	298.45935	9.2873535	307.7467	289.172	274.1464	33.633884	324.47122	190.18636	400.0	400.0	75899	60.02529	20.874926	77.67494	-3.7696712	-60.193237	0.04359724	1836.271139383316
70	284.21677	43.532425	315.0283	222.65262	276.42258	30.712006	329.49765	189.8233	400.0	400.0	76999	60.40869	20.883167	77.86543	-3.3016205	-60.57659	0.038594417	1864.44291472435
71	153.55939	165.33751	294.81946	-78.43647	276.0041	27.333359	311.47678	211.77773	400.0	400.0	78099	60.748875	20.88982	78.074265	-2.7425165	-60.918777	0.04575168	1893.8691461086273
72	280.13785	15.4342165	298.16306	260.46497	263.88165	46.051807	330.93024	119.23009	400.0	400.0	79199	60.942295	20.96629	78.27768	-2.7113872	-61.11534	0.045708507	1923.5408985614777
73	253.55966	19.47802	273.0377	234.08165	284.09317	16.476597	324.24182	255.66087	400.0	400.0	80299	61.286053	20.990059	78.48941	-2.5643704	-61.456577	0.049767703	1952.7201380729675
74	233.29964	78.35881	301.0234	123.47546	266.01904	85.41546	317.2829	-97.94477	400.0	400.0	81399	61.659504	20.87799	78.7049	-3.5131133	-61.82956	0.046716154	1981.9667201042175
75	272.3641	6.2926145	278.02374	263.58685	278.56317	24.60147	326.74017	230.92775	400.0	400.0	82499	61.938683	20.885792	78.852036	-4.753767	-62.104774	0.048970222	2011.7550888061523
76	267.387	16.985327	289.37952	248.02422	257.6037	41.287468	311.5825	144.67262	400.0	400.0	83599	62.314953	20.766262	79.035965	-5.944565	-62.47973	0.04938771	2040.6795098781586
77	267.38736	23.380165	290.76752	244.00719	261.5972	84.264915	331.80075	-59.824226	400.0	400.0	84699	62.592834	20.718317	79.21428	-6.9344945	-62.755512	0.043411583	2069.6239836215973
78	140.8277	146.83041	253.82822	-66.54308	280.67236	17.606936	311.02847	250.67635	400.0	400.0	85799	62.764618	20.802378	79.39701	-7.8176837	-62.925056	0.045273956	2099.3567299842834
79	287.90714	22.687862	310.76996	256.98016	270.79327	23.150793	306.79303	229.00926	400.0	400.0	86899	62.829002	20.98728	79.54919	-7.7143297	-62.990044	0.051794905	2129.4268760681152
80	268.30603	13.065493	285.43106	253.7343	260.84137	46.736225	301.3114	78.733505	400.0	400.0	87999	63.17558	20.899664	79.74205	-7.626919	-63.33696	0.05494813	2159.7446246147156
81	260.52768	19.253227	279.7809	241.27446	248.45442	90.678345	330.01114	-47.22357	400.0	400.0	89099	63.412205	20.857119	79.82729	-6.608827	-63.57487	0.04854731	2189.330790758133
82	263.33508	16.44792	285.8428	246.99663	269.11334	47.352844	323.82498	89.90248	400.0	400.0	90199	63.708347	20.746096	80.003136	-4.6837935	-63.8698	0.04900157	2220.2479813098907
83	273.16125	14.771733	290.88278	254.721	256.78647	86.63144	315.44363	-50.867123	400.0	400.0	91299	64.00096	20.604506	80.12012	-4.4410057	-64.1617	0.051941864	2250.1250278949738
84	269.30563	13.0972595	287.65295	257.93216	266.02942	40.86662	304.51263	113.52198	400.0	400.0	92399	64.20375	20.585192	80.17713	-3.9840162	-64.3636	0.047980737	2279.60612988472
85	276.04938	4.192444	280.24182	271.85693	235.22746	86.50821	325.88364	1.3070786	400.0	400.0	93499	64.544785	20.433481	80.33227	-4.140498	-64.701584	0.049717873	2308.489691734314
86	168.85849	167.0668	311.07523	-65.64441	259.6871	70.27455	321.19168	-30.463924	400.0	400.0	94599	64.61341	20.492983	80.406944	-3.6779647	-64.76899	0.044513613	2337.719442844391
87	267.55228	11.752143	282.03677	253.25179	249.56885	95.85695	323.7411	-103.44699	400.0	400.0	95699	64.72755	20.465769	80.4981	-3.6265285	-64.88339	0.041320894	2367.629763841629
88	240.10884	26.212183	260.83023	203.12888	252.70634	86.14463	319.6642	-100.567154	400.0	400.0	96799	64.8906	20.360594	80.589035	-3.7500632	-65.043434	0.051914584	2396.3116602897644
89	84.44888	170.13138	254.58026	-85.682495	262.2917	37.75015	305.2073	137.29732	400.0	400.0	97899	64.96855	20.463089	80.68731	-3.6326635	-65.11964	0.047214106	2423.2241468429565
90	162.18704	71.27847	261.55917	97.84439	275.03143	15.744325	303.94028	240.17831	400.0	400.0	98999	64.95404	20.551748	80.79264	-3.2689333	-65.10688	0.0486265	2451.7210128307343
91	251.997	9.783145	265.80862	244.38843	267.94763	21.052244	307.4766	228.6796	400.0	400.0	100099	65.05776	20.501854	80.92361	-3.0412376	-65.21356	0.04811959	2480.809857606888
92	278.0934	9.168681	289.71527	267.3029	256.10895	74.26607	316.95547	-52.688374	400.0	400.0	101199	65.26077	20.404572	80.88695	-2.8520873	-65.41595	0.04114981	2509.3790934085846
93	226.41693	30.242432	256.65936	196.1745	272.31653	24.422972	307.91217	228.33679	400.0	400.0	102299	65.44041	20.317274	81.00605	-2.973491	-65.594215	0.050153807	2538.005446910858
94	225.37013	4.495331	230.17235	219.36125	256.81314	73.65705	318.80606	-46.903027	400.0	400.0	103399	65.58404	20.239166	80.99959	-3.2255352	-65.73551	0.04294781	2566.9149944782257
95	242.42432	11.930048	251.40504	225.56468	269.2303	24.220552	307.29868	223.39847	400.0	400.0	104499	65.75074	20.167656	81.069664	-3.378506	-65.900154	0.04460059	2597.3110411167145
96	255.88298	8.095084	262.14325	244.45209	273.08902	19.469965	310.0825	234.0366	400.0	400.0	105599	65.94942	20.047058	81.17584	-3.387105	-66.09909	0.04528442	2626.440107822418
97	275.4877	5.957672	281.44537	269.53003	270.7221	30.097673	307.12253	178.0224	400.0	400.0	106699	66.05513	20.03668	81.20074	-3.8275838	-66.2033	0.045762453	2655.65771985054
98	279.58267	6.317539	285.69836	270.8843	269.5628	22.826288	308.83432	230.59058	400.0	400.0	107799	66.25412	19.946993	81.19296	-4.3686023	-66.39832	0.037054706	2684.7715322971344
99	251.4027	28.196041	291.2667	230.65138	270.09442	19.726355	315.9059	228.44505	400.0	400.0	108899	66.46585	19.761486	81.29668	-4.6349025	-66.608955	0.045650285	2713.4786076545715
100	259.70694	39.754997	298.89563	205.20021	272.35922	26.915876	305.72598	168.36998	400.0	400.0	109999	66.53571	19.722967	81.30845	-5.0554876	-66.67812	0.043266844	2743.797183275223
101	279.83698	0.2397461	280.07672	279.59723	267.36554	33.99484	308.5828	168.57314	400.0	400.0	111099	66.648575	19.626266	81.38169	-5.4954824	-66.79066	0.041899797	2774.1848855018616
102	265.41583	16.535257	278.9001	242.1282	269.70502	25.462383	325.42896	225.03387	400.0	400.0	112199	66.81153	19.531866	81.40123	-6.1499486	-66.95241	0.04711017	2803.780659198761
103	260.02652	6.214659	268.81332	255.46791	272.1782	29.637524	315.78522	220.51018	400.0	400.0	113299	66.958015	19.440865	81.443085	-6.2536187	-67.09828	0.043605804	2834.3792119026184
104	262.91174	25.385496	284.4402	227.26721	267.72882	28.709496	313.7967	217.61226	400.0	400.0	114399	67.059685	19.366888	81.49958	-6.4555326	-67.19869	0.04356351	2864.3226923942566
105	238.1113	4.4149246	242.52623	233.69638	263.25146	64.76749	319.1297	2.574076	400.0	400.0	115499	67.20363	19.281757	81.55844	-6.9953566	-67.34071	0.041893784	2894.400907754898
106	271.72025	39.217777	299.70013	216.25867	274.8702	27.314861	323.11603	225.12791	400.0	400.0	116599	67.30413	19.24102	81.6493	-7.5708084	-67.43933	0.04530282	2924.640599012375
107	279.59998	8.794193	291.917	271.9498	281.6662	18.026083	322.50006	235.99928	400.0	400.0	117699	67.379814	19.306093	81.66262	-8.174377	-67.514336	0.04171821	2954.2666652202606
108	271.85178	9.611618	285.43106	264.53558	282.59232	23.08936	314.24597	231.44406	400.0	400.0	118799	67.60726	19.213318	81.7194	-8.70958	-67.74216	0.049300842	2985.03905582428
109	240.1197	27.635666	267.75537	212.48404	275.9973	20.422623	306.71005	233.44585	400.0	400.0	119899	67.6635	19.22514	81.77064	-9.362284	-67.796	0.044758722	3014.2422745227814
110	264.21582	35.843586	308.16748	220.36917	273.2873	21.93965	314.3196	217.03058	400.0	400.0	120999	67.82395	19.121363	81.83147	-9.827429	-67.95509	0.04735989	3044.069725036621
111	274.63998	18.169294	290.17047	249.14658	283.3808	18.909485	316.80066	232.97774	400.0	400.0	122099	67.87371	19.139	81.91488	-10.399035	-68.00364	0.041434325	3072.670511007309
112	284.43652	16.64464	298.59222	261.07132	284.1143	20.376316	305.98407	239.51859	400.0	400.0	123199	67.98692	19.119179	81.97545	-10.039971	-68.11639	0.049544886	3102.4051995277405
113	274.05487	7.332718	281.3876	266.72217	256.1075	77.86946	322.1943	-72.532936	400.0	400.0	124299	68.14218	19.079384	82.03265	-9.72858	-68.27172	0.041052002	3132.1688680648804
114	278.13635	11.002748	291.96988	265.04984	259.9811	91.55246	314.0992	-123.95707	400.0	400.0	125399	68.25196	19.0497	82.09935	-9.360149	-68.382965	0.043836143	3162.3566257953644
115	282.95767	12.674377	294.59726	265.33322	280.03442	24.331083	324.6457	238.49153	400.0	400.0	126499	68.36352	18.996141	82.13033	-8.079091	-68.493484	0.039108902	3189.4772918224335
116	152.89265	195.766	320.03802	-121.816925	273.11005	20.182707	319.9384	242.35608	400.0	400.0	127599	68.36171	19.078299	82.16257	-6.6248407	-68.4922	0.042794015	3220.97039103508
117	264.06458	1.1118622	265.17645	262.95273	278.05426	25.43363	315.8598	225.32605	400.0	400.0	128699	68.396614	19.176504	82.255745	-6.3044705	-68.52862	0.043464836	3251.2397179603577
118	280.29138	29.757946	306.61414	238.69345	276.914	25.084648	318.09744	224.97023	400.0	400.0	129799	68.50201	19.13877	82.283516	-6.3533406	-68.63634	0.05080013	3281.340304374695
119	273.22018	12.343605	290.67563	264.32663	272.66492	26.2594	313.83118	230.40036	400.0	400.0	130899	68.67233	18.954977	82.35977	-6.230801	-68.80476	0.045436956	3311.4515192508698
120	252.61604	27.481306	288.53812	221.80833	271.2909	27.717342	316.72296	211.67085	400.0	400.0	131999	68.747665	18.916523	82.433	-5.303539	-68.87841	0.04544194	3341.2231583595276
121	259.75266	21.65213	281.4048	238.10052	282.3422	27.84989	333.77185	242.06874	400.0	400.0	133099	68.8535	18.879618	82.43065	-4.850462	-68.98251	0.04224943	3370.5302267074585
122	259.50464	22.51316	276.5543	227.69365	281.34442	30.891628	328.0213	198.02116	400.0	400.0	134199	68.98097	18.813927	82.47878	-4.3690414	-69.10861	0.04705896	3399.604108810425
123	286.68195	19.40408	313.8352	269.6698	270.66733	28.381294	298.64456	171.02055	400.0	400.0	135299	69.0767	18.772013	82.5257	-5.134594	-69.20624	0.049269293	3430.559912443161
124	276.63388	25.421865	312.46262	256.1442	266.06482	29.894114	318.39444	200.5557	400.0	400.0	136399	69.22088	18.7069	82.521324	-5.1316147	-69.349915	0.045777913	3459.9175827503204
125	290.58527	9.571655	300.15692	281.0136	281.88605	24.343712	329.21567	233.51074	400.0	400.0	137499	69.3794	18.569094	82.56555	-4.9678917	-69.50709	0.051280063	3488.1596581935883
126	249.00737	10.926	263.29153	236.76253	277.35388	20.060091	308.10834	223.54314	400.0	400.0	138599	69.415344	18.602116	82.56462	-4.696132	-69.54123	0.046101123	3519.3075432777405
127	253.10307	23.808798	285.0272	227.87137	265.46344	15.997764	301.9598	233.69366	400.0	400.0	139699	69.48532	18.549955	82.613754	-4.9559426	-69.61017	0.045566823	3552.04185962677
128	246.48792	28.656223	274.68182	207.17993	258.03967	78.801994	321.20908	-65.810234	400.0	400.0	140799	69.517265	18.525047	82.609184	-5.049134	-69.64155	0.047157906	3581.582193374634
129	273.35605	0.08239746	273.43845	273.27365	273.39062	22.916277	304.91315	201.24704	400.0	400.0	141899	69.69232	18.351978	82.638954	-5.8277073	-69.8149	0.046082336	3613.1025335788727
130	269.9548	9.034727	280.36246	258.33224	251.66057	105.44714	328.35587	-56.00748	400.0	400.0	142999	69.71196	18.360653	82.61537	-6.6841655	-69.834465	0.0408617	3644.713492870331
131	255.82344	21.204586	285.77408	239.55515	276.5174	26.85935	320.22928	221.75066	400.0	400.0	144099	69.78891	18.262663	82.634315	-7.433499	-69.91084	0.050118495	3680.08376121521
132	250.13074	12.106912	263.60703	234.24611	273.08267	18.051641	309.35684	233.18031	400.0	400.0	145199	69.87193	18.13853	82.644806	-8.832546	-69.99364	0.043448374	3710.9887487888336
133	275.6311	8.232788	283.8639	267.39832	273.7912	27.266603	320.94083	213.10109	400.0	400.0	146299	69.91404	18.119522	82.65184	-9.430112	-70.03469	0.046619542	3741.5711505413055
134	271.91635	13.559852	284.69098	253.14311	268.03696	22.67849	308.58954	230.54501	400.0	400.0	147399	69.99677	18.01323	82.60729	-10.107722	-70.116516	0.038662873	3768.8442685604095
135	145.73962	152.42528	282.14435	-67.01555	272.50482	30.47744	324.424	202.85059	400.0	400.0	148499	69.987434	18.08791	82.61017	-10.612168	-70.106895	0.051674422	3799.516152858734
136	267.7565	12.442332	285.07162	256.3865	268.93784	36.639687	321.98538	181.82814	400.0	400.0	149599	69.96266	18.123579	82.5723	-11.586791	-70.07906	0.046380922	3830.623846769333
137	280.4616	10.718979	291.18057	269.7426	265.03403	25.860554	301.17535	185.8171	400.0	400.0	150699	70.04722	18.063856	82.5621	-12.937216	-70.16182	0.04119712	3859.614607334137
138	258.04953	10.884982	271.0297	244.3928	279.24847	26.30437	322.5921	221.93266	400.0	400.0	151799	70.07572	18.04312	82.55651	-13.523401	-70.190926	0.04957473	3890.1378943920135
139	274.6943	13.940519	292.47205	258.425	273.63422	25.971388	318.8663	226.36038	400.0	400.0	152899	70.12759	18.019852	82.568756	-14.5669365	-70.24281	0.04717818	3921.4545769691467
140	270.78928	21.23497	299.56345	248.95766	265.90448	20.64059	295.45538	231.9971	400.0	400.0	153999	70.16396	17.97529	82.56159	-16.088673	-70.27959	0.056111347	3952.806300163269
141	254.71014	38.627075	293.33722	216.08307	280.61203	21.485865	327.2955	233.46857	400.0	400.0	155099	70.25179	17.89158	82.51076	-16.259563	-70.367966	0.04164595	3984.2529752254486
142	250.39099	10.324017	264.99133	243.06412	284.83868	20.177628	320.18173	241.59961	400.0	400.0	156199	70.296524	17.865559	82.49666	-18.287552	-70.413185	0.050577153	4015.9732081890106
143	257.6852	16.338501	280.12488	241.69398	270.23676	34.142044	315.9746	175.04543	400.0	400.0	157299	70.37309	17.843498	82.48907	-17.400776	-70.4893	0.044739597	4047.7924847602844
144	259.15506	15.902052	281.49426	245.74202	263.224	69.95028	311.6913	-22.932953	400.0	400.0	158399	70.4047	17.831007	82.4867	-18.632278	-70.52075	0.040873013	4079.0256068706512
145	269.11963	3.5990143	272.71866	265.52063	270.7193	19.193823	309.4464	239.61252	400.0	400.0	159499	70.46639	17.81352	82.56057	-19.893867	-70.579605	0.045817904	4110.376026630402
146	256.9598	18.281027	282.67398	241.78326	273.73822	31.318201	316.3592	170.17227	400.0	400.0	160599	70.533646	17.786425	82.55257	-20.760387	-70.64824	0.052227125	4142.400913476944
147	271.24808	12.411048	288.7536	261.3915	263.5982	70.66779	319.56335	-3.5655935	400.0	400.0	161699	70.61926	17.776215	82.6475	-22.946146	-70.73398	0.060350675	4174.942973613739
148	266.41708	25.258947	296.89035	235.03868	273.46182	33.53083	324.34482	182.4894	400.0	400.0	162799	70.6438	17.786976	82.65429	-23.44988	-70.759125	0.049080923	4206.43869972229
149	238.5382	37.566788	276.10498	200.9714	265.1184	39.36068	320.8186	157.45854	400.0	400.0	163899	70.698875	17.740013	82.66546	-23.266457	-70.811325	0.044636697	4241.2103180885315
150	260.1884	16.201038	283.04205	247.34985	260.1531	78.25512	311.40155	-71.3756	400.0	400.0	164999	70.744255	17.707743	82.65528	-23.172274	-70.85763	0.045055002	4284.418733119965
151	173.68182	103.22985	247.74886	27.69806	277.8023	34.940174	327.64423	158.19821	400.0	400.0	166099	70.77567	17.69414	82.651825	-23.420504	-70.887344	0.05274096	4331.099189519882
152	257.15552	27.096916	294.52466	231.12076	266.3677	36.1314	307.15854	184.77255	400.0	400.0	167199	70.689575	17.753132	82.66951	-23.822771	-70.80222	0.057341266	4377.91449713707
153	282.86325	16.093384	298.95663	266.76987	249.16397	79.22053	313.71	-75.49489	400.0	400.0	168299	70.759514	17.691355	82.66525	-23.69934	-70.87104	0.051117133	4433.854439020157
154	242.8255	15.778256	257.86444	221.03008	275.46716	24.065344	315.2982	226.11911	400.0	400.0	169399	70.817215	17.681152	82.557396	-23.972012	-70.927475	0.047880724	4490.072460651398
155	273.68912	22.151997	303.37518	250.17896	268.48346	76.63858	322.08505	-57.52976	400.0	400.0	170499	70.89602	17.643267	82.60307	-24.7377	-71.00684	0.050437186	4544.330309152603
156	256.04202	41.94185	301.07623	200.09413	281.99994	30.585516	321.43848	174.85944	400.0	400.0	171599	70.920746	17.62634	82.57535	-24.708515	-71.03046	0.046965346	4591.639251708984
157	264.84253	7.477646	272.3202	257.3649	274.88568	26.691797	320.33456	197.18639	400.0	400.0	172699	70.93119	17.613174	82.63934	-24.64091	-71.041954	0.0481999	4636.072397947311
158	233.3379	40.651863	281.53937	182.10187	260.67465	26.825888	308.56015	213.15326	400.0	400.0	173799	71.0013	17.532192	82.577286	-25.59649	-71.11163	0.06283656	4685.435885190964
159	240.99048	32.43462	285.74533	209.90907	286.03946	18.215107	324.32047	257.21155	400.0	400.0	174899	70.978195	17.531061	82.56108	-25.52105	-71.08875	0.049608935	4740.567183256149
160	250.92146	53.24325	296.41296	176.21266	280.6424	19.712692	325.37228	251.16904	400.0	400.0	175999	71.03588	17.48885	82.5482	-25.43372	-71.145	0.047800653	4798.544631958008
161	236.96548	0.20458221	237.17006	236.7609	277.43213	24.858253	315.79816	225.6681	400.0	400.0	177099	71.06635	17.482368	82.618286	-25.504982	-71.17372	0.04829806	4858.6939561367035
162	284.42026	16.268692	306.9696	269.1895	277.54257	24.169767	316.9075	219.48973	400.0	400.0	178199	71.10736	17.411419	82.5811	-25.846125	-71.215126	0.05190439	4915.763943195343
163	248.24052	46.453403	293.10773	184.24878	267.40735	29.779247	290.75815	153.55586	400.0	400.0	179299	71.18094	17.351723	82.56984	-25.777035	-71.28746	0.04241882	4978.887873649597
164	270.8837	16.978466	294.7096	256.3925	279.3334	21.801603	315.27603	232.53395	400.0	400.0	180399	71.189	17.345665	82.57457	-26.24366	-71.296326	0.04900978	5029.5691385269165
165	226.31833	7.7455444	234.06387	218.57278	251.05392	61.464825	309.01184	8.616188	400.0	400.0	181499	71.19399	17.331633	82.57416	-26.698586	-71.29929	0.049004935	5171.314356327057
166	259.0841	26.566725	289.77017	224.96715	273.0091	26.551983	324.01532	222.74323	400.0	400.0	182599	71.23877	17.30212	82.56338	-27.12016	-71.34275	0.04634667	5318.123351573944
167	260.81265	8.174301	270.8186	250.79575	238.16785	106.02203	314.06213	-75.98311	400.0	400.0	183699	71.282486	17.269764	82.53286	-27.208717	-71.384995	0.044517696	5451.805440425873
168	244.6938	50.056923	301.90198	179.97931	250.43645	75.488655	321.0743	-64.74267	400.0	400.0	184799	71.24561	17.343248	82.5249	-27.305532	-71.34822	0.049270194	5607.119415283203
169	180.78009	24.32299	205.10309	156.4571	258.5901	93.654495	321.71185	-79.55537	400.0	400.0	185899	71.23094	17.342642	82.525566	-28.678434	-71.33552	0.046152405	5750.136379003525
170	276.64847	22.531143	305.32993	250.28654	267.16733	43.22585	312.08377	102.31849	400.0	400.0	186999	71.269646	17.300608	82.51989	-27.685602	-71.373924	0.044583816	5894.443152427673
171	259.5239	25.923655	294.39136	232.27953	269.60733	29.929972	321.13974	169.88248	400.0	400.0	188099	71.29476	17.275326	82.530426	-27.34221	-71.40086	0.046734683	6011.511941194534
172	282.1142	17.583492	306.6936	266.55978	247.84058	83.74135	314.8349	-100.79263	400.0	400.0	189199	71.33964	17.219915	82.5247	-27.099741	-71.4476	0.042300012	6127.683130741119
173	236.06488	4.961319	241.0262	231.10356	260.45273	27.335434	300.67	186.74562	400.0	400.0	190299	71.404274	17.114275	82.51514	-26.248775	-71.5105	0.0397507	6252.903383255005
174	259.82736	26.97647	297.39844	235.30554	246.31906	89.11405	321.55847	-125.101	400.0	400.0	191399	71.410515	17.124907	82.54885	-24.82971	-71.516556	0.03741426	6380.264050960541
175	276.09375	10.293881	287.78946	262.73898	266.33905	26.300665	311.0746	207.39073	400.0	400.0	192499	71.48696	17.06038	82.53647	-24.259531	-71.591286	0.054637663	6491.157235860825
176	263.64792	12.095027	275.5759	247.06664	286.81522	23.988144	320.42307	232.22238	400.0	400.0	193599	71.50881	17.051228	82.55666	-24.96773	-71.61292	0.043862425	6603.537235021591
177	235.80669	1.6893616	237.49605	234.11732	257.9617	34.514515	304.0267	174.97345	400.0	400.0	194699	71.556114	16.96433	82.55697	-24.293497	-71.65928	0.04499754	6728.116217136383
178	255.618	21.085587	278.85046	227.8125	270.90253	29.843771	317.9381	191.06853	400.0	400.0	195799	71.58096	16.933321	82.612976	-24.206285	-71.684204	0.044069164	6838.5410323143005
179	258.46188	20.538176	280.6522	231.13658	292.48465	28.315077	335.8384	246.93803	400.0	400.0	196899	71.604774	16.90847	82.59603	-24.42898	-71.70686	0.039020248	6953.119404554367
180	244.78624	7.6737404	251.24841	234.00467	271.10638	43.312553	320.7325	125.403946	400.0	400.0	197999	71.64936	16.873817	82.65668	-24.849453	-71.75199	0.052562088	7077.585328102112
181	261.13828	13.450325	274.5886	247.68794	270.25427	25.074053	323.03363	220.26353	400.0	400.0	199099	71.67228	16.880922	82.64874	-24.04031	-71.775696	0.040066566	7190.3270971775055
182	257.5945	22.320347	286.57523	232.2697	269.0569	35.43879	316.14832	147.64774	400.0	400.0	200199	71.70952	16.823486	82.68242	-23.902721	-71.81363	0.042406145	7319.270190477371
183	271.24014	14.834067	292.18228	259.69943	272.41544	35.890602	319.29346	169.01816	400.0	400.0	201299	71.74765	16.841045	82.70571	-23.407015	-71.85135	0.043315936	7444.766011238098
184	264.56116	15.72303	286.77655	252.63002	280.86066	24.882515	317.98734	188.53961	400.0	400.0	202399	71.81558	16.756718	82.77536	-24.24265	-71.91989	0.050200723	7553.847087621689
185	258.75174	20.196587	278.94833	238.55516	268.2409	24.822733	326.42374	233.02725	400.0	400.0	203499	71.823105	16.769373	82.73292	-23.592613	-71.926636	0.04543046	7671.304173231125
186	287.21414	4.3393183	292.48947	281.8612	271.83652	22.805605	314.96005	231.14244	400.0	400.0	204599	71.91798	16.695066	82.70643	-23.676022	-72.01993	0.038824085	7796.820283174515
187	262.14255	4.7277584	268.62897	257.49496	274.65494	19.752602	307.71497	230.39302	400.0	400.0	205699	71.951614	16.69863	82.74057	-23.855185	-72.05433	0.041885335	7906.819528579712
188	290.6293	10.003103	304.47635	281.19824	275.81778	27.664692	317.84686	211.78659	400.0	400.0	206799	72.05861	16.600973	82.751884	-23.83787	-72.15927	0.044418477	8018.475624084473
189	233.76779	3.1993332	236.96712	230.56845	284.1883	29.108496	324.24573	197.23305	400.0	400.0	207899	72.045456	16.69289	82.78012	-24.034777	-72.14655	0.046766154	8145.356106042862
190	281.3751	9.119884	294.26935	274.67856	274.65253	29.459167	310.4918	190.60811	400.0	400.0	208999	72.06688	16.685036	82.76949	-23.86541	-72.168976	0.050541703	8254.859325170517
191	239.96342	39.985924	285.8693	188.4133	259.2922	40.826736	305.94565	119.97625	400.0	400.0	210099	72.10952	16.634613	82.784256	-24.71742	-72.210266	0.047705043	8373.019104719162
192	253.20393	42.39239	286.5931	193.38692	263.56134	32.05039	314.00638	203.33049	400.0	400.0	211199	72.1936	16.566504	82.80253	-25.655048	-72.293304	0.053784214	8496.892073869705
193	258.3458	3.471283	261.81708	254.87451	285.45523	24.710297	328.7106	230.6973	400.0	400.0	212299	72.23478	16.479977	82.81657	-25.847889	-72.33335	0.047141902	8605.59765458107
194	239.17155	27.64818	262.87222	200.38907	270.70242	82.171104	338.3413	-71.752975	400.0	400.0	213399	72.157166	16.56838	82.828186	-25.931269	-72.256744	0.047888514	8718.560131311417
195	271.90372	17.267248	289.7708	248.55449	274.56418	82.75142	316.18005	-77.420105	400.0	400.0	214499	72.2553	16.450884	82.78661	-25.973166	-72.35501	0.045114428	8837.83675289154
196	255.44807	21.085823	284.5924	235.41019	289.05618	21.582579	329.06592	253.61342	400.0	400.0	215599	72.250755	16.471256	82.76255	-25.863699	-72.35093	0.046867065	8946.198714971542
197	275.96344	12.079361	288.04282	263.8841	275.09995	23.416735	316.4111	236.63948	400.0	400.0	216699	72.29592	16.411734	82.76983	-25.244463	-72.39616	0.046344277	9066.84158539772
198	254.40204	22.973215	286.6258	234.70192	276.08038	25.4259	324.12436	233.80774	400.0	400.0	217799	72.31794	16.362446	82.73207	-25.6729	-72.41712	0.04746038	9178.073287963867
199	282.43762	17.140879	304.40552	262.57825	278.03827	18.701223	313.7997	251.95755	400.0	400.0	218899	72.35977	16.332153	82.71883	-25.670174	-72.45698	0.046642367	9287.9811668396
200	273.06015	17.330246	287.31055	248.66644	276.98923	16.676304	303.48373	238.91777	400.0	400.0	219999	72.35581	16.322636	82.695755	-26.12196	-72.450554	0.04504301	9410.473927974701
201	289.64005	5.685486	295.32553	283.95456	273.76654	27.89377	314.069	227.37445	400.0	400.0	221099	72.37671	16.233032	82.71207	-26.466696	-72.47007	0.04336325	9523.455719709396
202	275.284	8.0753355	284.22238	264.65887	268.31763	34.110634	333.36676	218.59674	400.0	400.0	222199	72.37519	16.269464	82.67661	-26.834324	-72.468605	0.047851644	9637.771946907043
203	264.78137	18.182402	284.026	240.38974	259.24432	30.444988	302.3412	210.27246	400.0	400.0	223299	72.37374	16.275219	82.70359	-27.313988	-72.46744	0.044187218	9762.764535665512
204	267.3787	47.522823	309.28125	200.92181	261.5474	28.854492	324.7117	192.2078	400.0	400.0	224399	72.42416	16.225916	82.714165	-27.688622	-72.518524	0.046378907	9874.189393997192
205	226.86014	30.741646	257.60178	196.11848	282.23563	19.896631	313.18988	243.8927	400.0	400.0	225499	72.39568	16.19147	82.73234	-27.877647	-72.49188	0.04154294	9985.559964418411
206	260.92273	22.71413	279.2333	228.91049	275.4175	25.121843	314.78772	226.96394	400.0	400.0	226599	72.42009	16.194134	82.740776	-27.978516	-72.514656	0.04188376	10108.547580718994
207	134.0417	170.50052	262.78464	-106.89303	242.65274	58.09798	305.6803	60.105545	400.0	400.0	227699	72.39849	16.218987	82.786835	-27.709475	-72.49134	0.0492176	10222.663452386856
208	250.00592	7.799404	260.26724	241.37169	253.057	77.34831	318.80057	-60.2455	400.0	400.0	228799	72.38932	16.246145	82.76254	-27.707264	-72.48227	0.042738445	10333.64778804779
209	267.19287	23.34304	290.53592	243.84984	274.02606	27.535025	329.7666	231.184	400.0	400.0	229899	72.37678	16.24894	82.77641	-27.253233	-72.468796	0.043533776	10457.517432451248
210	257.02356	2.3902767	259.8111	253.97379	279.99118	27.360016	325.8357	206.66331	400.0	400.0	230999	72.35623	16.27022	82.746475	-26.033327	-72.448494	0.04078604	10569.762002944946
211	294.93143	11.917376	311.72308	285.2842	278.74783	37.622395	319.001	170.6245	400.0	400.0	232099	72.39525	16.241238	82.75334	-25.770054	-72.487305	0.049019273	10681.213700056076
212	264.65363	8.457887	270.64438	252.69237	238.69382	107.59927	318.72256	-86.65931	400.0	400.0	233199	72.3921	16.23994	82.76993	-25.516752	-72.48336	0.041997522	10805.134027719498
213	283.967	10.513245	294.48026	273.45377	277.45868	32.274265	314.4182	167.50597	400.0	400.0	234299	72.45005	16.15247	82.77538	-22.926374	-72.54069	0.04640121	10918.446712732315
214	261.21518	23.510672	285.25153	229.30183	286.86514	17.269165	314.71573	252.9124	400.0	400.0	235399	72.42665	16.212492	82.785645	-15.12975	-72.51668	0.04525216	11033.296097040176
215	282.2473	10.784341	295.47794	269.06192	268.06714	70.02493	325.76382	-22.73862	400.0	400.0	236499	72.44729	16.17017	82.85227	-14.059112	-72.53697	0.04022785	11158.006443977356
216	268.52817	19.632677	295.73392	250.12439	267.49823	84.6785	322.19598	-79.09703	400.0	400.0	237599	72.49791	16.132765	82.8575	-14.02179	-72.58915	0.047073014	11269.311077833176
217	260.156	12.365036	272.52106	247.79099	261.84015	79.04727	309.4751	-60.066578	400.0	400.0	238699	72.51987	16.107414	82.85291	-14.6397505	-72.6127	0.03975099	11385.21528172493
218	260.1522	1.3353708	261.30206	258.27988	260.96878	80.96629	316.46674	-84.32175	400.0	400.0	239799	72.52509	16.158804	82.81023	-15.352431	-72.618286	0.043785132	11512.603265047073
219	282.0519	16.932676	301.071	259.94162	277.16357	17.715961	309.9416	237.14967	400.0	400.0	240899	72.5673	16.106485	82.81839	-15.140601	-72.66127	0.043110233	11624.521047592163
220	272.50012	12.4375305	289.65872	260.57043	278.79626	22.66108	314.81042	224.70052	400.0	400.0	241999	72.59312	16.09923	82.831635	-13.490717	-72.6873	0.040733483	11735.916362524033
221	265.44144	22.775574	288.217	242.66586	265.99347	80.75479	312.97748	-69.24071	400.0	400.0	243099	72.66259	16.047083	82.8398	-13.400486	-72.75722	0.042749554	11859.145857095718
222	278.1395	16.406347	295.9739	256.36917	267.5702	24.320057	311.17294	201.26857	400.0	400.0	244199	72.75446	15.949602	82.87982	-13.601035	-72.84811	0.04421619	11972.934292793274
223	276.0405	24.518639	296.0636	241.51257	275.41397	21.94332	311.26157	240.649	400.0	400.0	245299	72.74451	16.013134	82.85178	-14.021307	-72.83801	0.043339107	12091.497525215149
224	267.83707	23.464428	288.18262	234.9616	278.61554	39.428635	325.15207	162.53944	400.0	400.0	246399	72.7982	15.975528	82.89982	-13.908132	-72.89257	0.04230608	12214.148612499237
225	263.4275	10.8465805	274.27408	252.58092	271.81342	32.6755	324.77066	205.01231	400.0	400.0	247499	72.833374	15.990984	82.87872	-13.401905	-72.927	0.04301191	12328.376719236374
226	244.66663	9.90709	258.67273	237.35156	290.38904	20.990088	322.75864	257.1654	400.0	400.0	248599	72.89106	15.892395	82.92765	-12.746185	-72.984406	0.04130125	12444.026596307755
227	281.0522	12.39514	297.58316	267.7365	271.53915	23.042948	308.11127	231.20732	400.0	400.0	249699	72.90556	15.847815	82.95493	-12.816643	-72.99968	0.047147542	12569.085544586182
228	262.90347	10.178563	275.3576	250.42535	264.94403	72.43294	317.25815	-31.756084	400.0	400.0	250799	72.97199	15.821332	82.952835	-12.838713	-73.06321	0.04152326	12680.217457294464
229	284.36975	15.126663	299.4964	269.24307	289.3108	23.467577	321.76355	246.78894	400.0	400.0	251899	72.96111	15.852986	82.975845	-12.771756	-73.05159	0.040924843	12791.158597707748
230	272.22726	13.682522	291.41177	260.44794	272.75558	17.852995	303.6886	240.77487	400.0	400.0	252999	73.01332	15.762586	83.033714	-12.95066	-73.10254	0.046917897	12918.50722694397
231	261.25058	15.183874	282.60925	248.65292	261.59244	85.72047	330.5163	-100.856415	400.0	400.0	254099	73.03897	15.779965	83.01446	-13.79441	-73.12689	0.04823853	13041.476920604706
232	250.92688	24.50599	269.46045	216.2988	273.84357	23.766886	327.27115	229.16666	400.0	400.0	255199	73.059425	15.823363	83.03697	-13.731866	-73.14601	0.05215405	13152.552475452423
233	285.15057	9.836914	294.9875	275.31366	264.67535	29.379156	312.03278	202.05913	400.0	400.0	256299	73.038315	15.873035	83.04269	-13.187694	-73.12751	0.044808507	13270.332491636276
234	273.0392	16.387636	289.82968	250.80954	280.10648	23.434013	322.93365	218.03152	400.0	400.0	257399	73.05514	15.841344	83.01627	-13.436388	-73.14574	0.04689805	13395.345974445343
235	258.94177	14.921049	274.02313	238.61943	276.84848	19.230415	311.5472	228.7611	400.0	400.0	258499	73.10107	15.814508	83.08001	-14.591214	-73.19144	0.047212224	13509.065948009491
236	253.56883	5.309029	259.9055	246.91284	280.14053	19.647043	304.24347	226.41263	400.0	400.0	259599	73.101425	15.847015	83.0464	-13.864437	-73.19182	0.05239936	13620.012752771378
237	282.40106	9.072174	291.47324	273.3289	268.91257	23.493742	311.59363	237.6932	400.0	400.0	260699	73.174095	15.782833	83.01437	-13.813627	-73.26315	0.05135457	13746.90573477745
238	286.42538	9.362013	293.74673	273.2112	275.39435	16.892693	309.84122	248.44606	400.0	400.0	261799	73.17024	15.785145	83.024956	-14.098839	-73.259476	0.044612218	13871.97250008583
239	268.26077	31.799574	310.52533	233.8206	277.1411	17.499968	319.72266	244.40111	400.0	400.0	262899	73.180336	15.7670355	83.00159	-14.779085	-73.270355	0.047994614	13984.264027357101
240	273.35532	9.81637	286.71762	263.4141	283.17172	19.525967	320.71097	241.64908	400.0	400.0	263999	73.27063	15.645046	82.98528	-15.891191	-73.36056	0.049813837	14103.482388019562
241	266.6611	0.79977417	267.46088	265.86133	271.8084	26.847605	322.1849	229.22185	400.0	400.0	265099	73.25736	15.703114	82.94255	-16.101877	-73.3475	0.04985583	14228.658088207245
242	272.20847	11.764532	285.66263	257.00522	278.1022	24.88872	319.17474	224.95631	400.0	400.0	266199	73.30128	15.62734	82.9495	-17.098377	-73.39191	0.05143863	14346.141477108002
243	256.4087	13.709887	275.64423	244.68448	277.64136	22.81596	323.3392	238.35565	400.0	400.0	267299	73.334564	15.596868	82.94546	-17.705925	-73.42339	0.04684972	14459.520343065262
244	278.8311	11.562449	294.51685	266.98782	283.07953	26.794498	324.41278	238.97035	400.0	400.0	268399	73.31489	15.647697	82.92901	-18.337246	-73.403366	0.048930172	14590.220859766006
245	244.58835	1.8771591	246.4655	242.71118	278.95212	22.213343	319.50418	227.35884	400.0	400.0	269499	73.3628	15.582563	82.92649	-18.811106	-73.45091	0.047874123	14701.97900724411
246	270.1942	19.847439	292.966	244.59686	281.98773	21.380882	323.3209	249.61119	400.0	400.0	270599	73.35898	15.579219	82.94101	-19.336733	-73.44594	0.04672663	14816.52137517929
247	268.05185	9.300617	277.67462	255.47491	265.22046	31.933294	324.3865	201.4678	400.0	400.0	271699	73.40383	15.582776	82.90417	-19.941944	-73.48929	0.045704827	14943.86332154274
248	271.25888	11.191483	284.61856	257.22968	270.87164	18.375572	311.69296	234.06882	400.0	400.0	272799	73.38932	15.591589	82.87296	-20.724928	-73.47538	0.045736343	15063.961349248886
249	255.12022	8.059128	263.17935	247.0611	274.32928	25.49958	325.85193	235.15227	400.0	400.0	273899	73.39695	15.651397	82.87963	-20.668968	-73.48111	0.045599427	15174.89670419693
250	267.2422	13.992401	285.3068	251.21465	272.4913	26.350399	325.73123	219.14777	400.0	400.0	274999	73.411545	15.662538	83.01714	-20.470709	-73.49658	0.04636018	15296.206643104553
