Epoch	AverageEpRet	StdEpRet	MaxEpRet	MinEpRet	AverageTestEpRet	StdTestEpRet	MaxTestEpRet	MinTestEpRet	EpLen	TestEpLen	TotalEnvInteracts	AverageQVals	StdQVals	MaxQVals	MinQVals	LossPi	LossQ	Time
1	-46.970154	8.927219	-38.042934	-55.897373	-168.23965	7.483338	-156.57057	-178.42862	400.0	400.0	1099	0.027152482	0.2679081	0.85942113	-0.48110747	-0.04086351	0.014879681	3.168565273284912
2	1.7258148	58.93203	81.288124	-59.546158	-159.58705	19.336542	-99.182655	-178.89548	400.0	400.0	2199	0.098860696	0.8055254	3.014792	-1.3216182	-0.15135835	0.010136259	14.208438158035278
3	-20.243141	29.625263	19.988901	-50.48445	49.601	18.866718	84.86679	13.526745	400.0	400.0	3299	0.28938985	1.3926834	5.787987	-1.6022055	-0.4553303	0.0041228877	26.812663555145264
4	-5.2702026	34.673306	36.9824	-47.94634	49.868797	23.493576	106.93742	9.806474	400.0	400.0	4399	0.8177443	2.005306	8.586398	-1.7274034	-1.0071579	0.0036974044	39.38474655151367
5	-34.353325	1.3114643	-33.04186	-35.664787	40.259453	43.175175	146.91513	-25.334246	400.0	400.0	5499	1.6137171	2.6372507	11.035039	-1.7964902	-1.8132958	0.003733146	50.58683657646179
6	-21.846075	12.349801	-4.461728	-31.992476	66.49223	40.7151	144.3753	0.90159035	400.0	400.0	6599	2.3250458	3.121427	13.422418	-1.7787232	-2.5347402	0.005169398	62.213576555252075
7	-28.551254	5.8676505	-20.57433	-34.519737	73.91952	34.382652	140.00983	18.568245	400.0	400.0	7699	3.1140997	3.6322994	15.8057165	-1.7151841	-3.3276641	0.0071698744	73.20147156715393
8	-43.260136	8.515388	-31.230242	-49.753536	74.47167	25.07569	119.15559	9.555597	400.0	400.0	8799	3.6908965	4.0834947	18.121798	-1.6754396	-3.9097984	0.009541664	84.67227387428284
9	-23.239185	8.149707	-15.089478	-31.388891	106.08315	61.218277	264.0878	32.377777	400.0	400.0	9899	4.235371	4.3410673	20.43197	-1.5478647	-4.4611316	0.008023753	96.85699391365051
10	-30.282028	29.667137	11.660845	-52.150818	104.51144	43.06408	226.01062	31.004143	400.0	400.0	10999	4.7922115	4.7862926	22.765976	-1.5305405	-5.0226364	0.009416084	108.78601336479187
11	-26.495264	19.328922	-7.2509794	-52.929726	84.95229	52.694363	228.02145	30.813963	400.0	400.0	12099	5.314822	5.2392583	25.080112	-1.5753459	-5.550275	0.01271534	120.06444430351257
12	-34.395977	19.775755	-15.691575	-61.75456	109.466225	61.920574	243.37956	13.550818	400.0	400.0	13199	6.0547433	5.7839117	27.331697	-1.5948598	-6.2946553	0.015714055	130.41359400749207
13	-25.085579	16.251133	-8.834448	-41.33671	144.21935	54.560955	241.83113	31.309156	400.0	400.0	14299	6.493127	6.121917	29.405228	-1.6039392	-6.738032	0.018567717	140.31316614151
14	-17.663061	20.9257	-0.88085926	-47.163296	135.09784	49.488987	236.51091	46.63315	400.0	400.0	15399	6.9381547	6.4827113	32.161373	-1.5855285	-7.187985	0.020914504	150.30093359947205
15	180.57135	74.74749	254.38731	78.13334	170.18341	65.87772	274.1435	76.65767	400.0	400.0	16499	7.9611855	7.5856247	33.566936	-1.5904531	-8.2070465	0.026107596	161.49331164360046
16	137.02542	94.68457	264.4327	37.638603	177.45126	48.087723	268.24896	89.26013	400.0	400.0	17599	9.562015	9.105869	35.557247	-1.7231439	-9.802638	0.03717247	172.36522817611694
17	199.22377	54.31137	253.53514	144.9124	141.83281	67.5829	247.59169	35.125404	400.0	400.0	18699	10.935158	10.131194	37.887554	-1.80878	-11.174176	0.043060478	183.7504985332489
18	243.95013	14.324972	262.47943	227.5928	173.35423	73.334785	301.16516	55.221607	400.0	400.0	19799	12.795421	11.554395	39.888824	-1.8792526	-13.0319395	0.048708823	195.1024203300476
19	173.77203	71.14768	238.78621	74.76039	171.42123	74.187744	277.311	40.834885	400.0	400.0	20899	14.420756	12.591896	42.166344	-1.8194958	-14.65339	0.054224737	206.62964010238647
20	161.5136	94.474556	247.48245	29.956144	143.96684	87.7071	271.9634	23.299034	400.0	400.0	21999	15.797178	13.4942045	43.791183	-3.0278082	-16.025429	0.05664883	219.12104606628418
21	118.144356	61.12748	179.27184	57.01688	196.38713	79.55717	279.99762	34.184143	400.0	400.0	23099	17.152235	14.284446	45.241882	-3.0822008	-17.379673	0.053756386	229.95717477798462
22	216.9211	57.85116	258.38553	135.10976	212.05136	64.85343	307.30215	22.990139	400.0	400.0	24199	18.66464	15.061371	46.585705	-3.3506348	-18.89069	0.05851034	241.1565806865692
23	238.69624	21.080189	267.09995	216.65321	145.6667	116.29183	280.36963	-7.1533937	400.0	400.0	25299	20.484695	15.959626	47.77959	-3.3455462	-20.708902	0.055178855	254.24179482460022
24	254.2848	6.4881845	262.3451	246.45747	227.71756	49.78154	265.37225	22.284853	400.0	400.0	26399	22.194263	16.774887	48.99599	-3.1261249	-22.419052	0.059779774	266.07138752937317
25	130.81038	92.71417	223.52455	38.096207	187.70985	85.58719	280.62524	1.789305	400.0	400.0	27499	23.601696	17.404114	50.4188	-2.912245	-23.832624	0.06438613	277.958877325058
26	176.28914	81.766495	251.38402	62.589157	204.26306	66.23757	264.39664	9.435347	400.0	400.0	28599	24.789204	17.881424	51.47203	-2.558424	-25.025654	0.069349095	289.83477663993835
27	243.20967	4.8247485	249.99808	239.21935	181.77414	77.59067	269.9633	7.569263	400.0	400.0	29699	26.48056	18.436459	52.40747	-1.9656824	-26.72142	0.06876039	302.7257037162781
28	196.71367	19.806482	216.6549	169.70763	228.39682	28.712706	280.56226	150.34764	400.0	400.0	30799	28.004763	18.793474	53.53706	-1.5979935	-28.24508	0.077091634	314.5693144798279
29	208.79846	39.98449	248.78294	168.81396	214.53032	29.802647	255.37349	155.20027	400.0	400.0	31899	29.436897	19.068066	54.550022	-1.7568411	-29.671993	0.066549666	325.7874662876129
30	159.51562	105.820435	248.11801	10.767521	198.85818	50.23137	271.19626	61.920235	400.0	400.0	32999	30.741226	19.333292	55.637543	-2.0612671	-30.963139	0.08022718	336.7101113796234
31	230.90007	24.038282	257.16055	199.07361	221.46042	59.094334	285.78214	-19.582092	400.0	400.0	34099	31.74081	19.584696	57.15908	-1.9963355	-31.946491	0.09289422	349.64755034446716
32	153.52466	38.45286	207.82881	123.87679	230.95093	32.867905	290.72684	157.03278	400.0	400.0	35199	32.787834	19.82187	58.2266	-2.2211797	-32.974438	0.09589362	360.8449385166168
33	201.47952	43.449097	244.92862	158.03043	234.28362	36.062344	285.72897	169.98819	400.0	400.0	36299	33.580032	20.097517	59.35748	-2.1912353	-33.753403	0.09490801	372.1775772571564
34	235.98816	25.5642	257.038	200.00798	232.0113	42.104996	300.55234	113.89941	400.0	400.0	37399	34.5647	20.477142	60.5618	-2.3648357	-34.743828	0.09420271	383.5220911502838
35	235.97388	11.614965	246.60033	219.81308	237.44263	36.019043	296.43958	156.19568	400.0	400.0	38499	35.609337	20.818794	61.665703	-2.505461	-35.79432	0.091488086	394.8537263870239
36	243.91093	25.21324	262.2973	208.2599	252.8437	21.067831	291.06125	201.84514	400.0	400.0	39599	36.675526	21.081675	62.708035	-2.491064	-36.86919	0.10700042	406.1632421016693
37	261.3673	17.546867	278.91418	243.82045	243.7677	26.846262	294.3278	185.60307	400.0	400.0	40699	37.84344	21.292685	63.64304	-2.4276874	-38.04363	0.102549575	417.4449293613434
38	246.37785	26.444962	282.77994	220.74915	230.42676	29.618736	285.199	169.9154	400.0	400.0	41799	38.919453	21.487993	64.588135	-2.5719705	-39.12657	0.096123144	427.5106158256531
39	231.82704	13.94933	245.12415	212.55843	231.25455	33.282856	280.72482	173.3175	400.0	400.0	42899	40.061905	21.595913	65.42238	-2.7213502	-40.269917	0.102977514	440.54782485961914
40	218.20525	37.4576	268.62234	178.91853	240.33536	24.850685	277.62405	195.48373	400.0	400.0	43999	41.068207	21.708994	66.39939	-2.6132524	-41.274124	0.09869421	451.72911262512207
41	73.18192	156.12582	229.30775	-82.94391	175.65205	120.02878	286.89157	-102.558426	400.0	400.0	45099	41.864174	21.824495	67.290886	-2.338845	-42.067028	0.09952106	462.99105501174927
42	245.51086	2.4583564	248.5242	242.50249	143.44827	144.2778	272.84067	-125.37625	400.0	400.0	46199	42.623737	21.98874	67.956505	-1.880843	-42.831783	0.10623946	474.69865012168884
43	128.10687	165.50505	250.34972	-105.874016	204.10104	98.10208	290.65106	-75.43596	400.0	400.0	47299	43.34045	22.027285	68.5463	-2.0693412	-43.54999	0.11716062	485.0290312767029
44	219.7936	25.57735	251.55226	188.91954	227.9791	74.5639	283.3849	-77.99332	400.0	400.0	48399	44.15387	22.103125	69.10279	-2.3972406	-44.3622	0.11634412	496.1275267601013
45	39.09066	114.20611	153.29677	-75.11545	232.6459	77.15654	294.4027	-75.81599	400.0	400.0	49499	44.90034	22.068321	69.58475	-2.5166829	-45.10929	0.12783289	508.9128496646881
46	206.61829	45.346478	265.9063	155.80467	245.53694	56.374737	301.28946	43.173916	400.0	400.0	50599	45.59821	22.049927	69.8941	-2.616024	-45.814236	0.13159421	521.726452589035
47	239.04433	29.461432	273.7235	201.70525	204.90784	95.931786	299.28378	-17.019495	400.0	400.0	51699	46.500713	21.973038	70.003365	-2.5252619	-46.71147	0.1325156	533.1655650138855
48	176.7135	123.96528	274.36746	1.7958372	218.50119	85.14708	300.74457	-72.51755	400.0	400.0	52799	47.098015	21.90279	70.19114	-2.1720371	-47.31384	0.12839267	546.0063412189484
49	225.76495	8.504684	234.26964	217.26027	216.23564	100.30773	283.27533	-82.24361	400.0	400.0	53899	47.899685	21.80383	70.36093	-1.8736359	-48.1177	0.12639745	558.4443018436432
50	254.7268	34.423622	289.415	207.80188	211.3927	99.92298	285.45804	-77.5065	400.0	400.0	54999	48.683487	21.647736	70.51729	-1.6958724	-48.902954	0.12593001	570.7887420654297
51	246.54839	15.541667	268.5265	235.36736	203.45059	103.973335	286.22006	-90.870384	400.0	400.0	56099	49.47835	21.433933	71.00779	-1.6345316	-49.69266	0.11499319	582.8021492958069
52	111.771645	153.14389	246.16624	-102.50775	187.27547	127.91279	296.52832	-73.075554	400.0	400.0	57199	50.099552	21.216475	71.48268	-1.4322821	-50.30737	0.11552534	594.562826871872
53	245.38719	11.833237	257.22043	233.55396	203.85014	92.27542	274.65985	-68.784294	400.0	400.0	58299	50.63272	20.952929	71.952545	-1.4918674	-50.8342	0.11071824	606.060311794281
54	213.6803	29.81313	254.51923	184.18503	217.8591	76.218666	276.3865	-87.21313	400.0	400.0	59399	51.188198	20.777243	72.39791	-1.5814779	-51.387974	0.10609374	618.7469453811646
55	126.01711	158.64275	248.3055	-98.02411	226.43668	42.62652	290.27594	138.4777	400.0	400.0	60499	51.686176	20.542435	72.806984	-1.4253906	-51.8812	0.11708093	631.6083364486694
56	219.06001	19.094793	244.32777	198.17555	143.7506	115.61698	256.63022	-94.27295	400.0	400.0	61599	52.074596	20.378996	73.210754	-1.176512	-52.265156	0.105894834	642.7580306529999
57	164.28119	61.366844	225.64804	102.91435	197.90291	105.7956	283.62845	-112.26563	400.0	400.0	62699	52.44645	20.263298	73.52259	-0.54451483	-52.636448	0.11926733	653.9088931083679
58	221.52574	12.197702	233.44136	204.76564	229.67807	35.382885	289.14868	131.59518	400.0	400.0	63799	52.911892	20.062656	73.70488	0.18045542	-53.100754	0.1069516	665.2281503677368
59	107.19818	136.02765	241.80891	-79.125015	236.311	31.030264	279.58557	164.10773	400.0	400.0	64899	53.22562	19.899847	73.87025	0.83746654	-53.41649	0.10646735	677.749350309372
60	137.40569	143.18945	249.34758	-64.704216	227.5812	29.630926	261.03998	157.74817	400.0	400.0	65999	53.55143	19.819036	74.051605	1.1074662	-53.74396	0.1083527	688.9292101860046
61	192.07658	1.3156891	193.39227	190.7609	199.09732	88.9512	275.21786	-52.707455	400.0	400.0	67099	53.811054	19.761024	74.17274	0.85508704	-53.998215	0.10607984	700.7080760002136
62	232.38953	9.157464	242.26863	220.198	198.17233	86.48149	261.76324	-53.059063	400.0	400.0	68199	54.20491	19.699896	74.35731	0.309717	-54.38839	0.09762824	711.535498380661
63	221.66872	14.26346	234.56816	201.78871	210.43942	64.254974	267.03638	-40.457756	400.0	400.0	69299	54.49523	19.697773	74.54396	-0.0012419745	-54.67865	0.10078047	722.3068478107452
64	219.30243	25.545265	241.4619	183.5132	224.98709	24.455694	279.51065	175.33481	400.0	400.0	70399	54.81328	19.639456	74.69819	-0.13334945	-54.992397	0.10803863	733.4048879146576
65	215.35168	43.913994	259.2657	171.4377	212.88171	68.961464	268.1273	-62.944973	400.0	400.0	71499	55.095943	19.645805	74.86056	-0.16143729	-55.270214	0.103413604	746.3578078746796
66	233.97173	17.248632	257.6739	217.1278	206.71382	36.287975	265.66943	131.37056	400.0	400.0	72599	55.45804	19.643581	75.041374	-0.7086359	-55.63644	0.1022609	756.1437404155731
67	199.75447	25.841248	226.30595	164.73203	209.50139	45.101997	270.16605	84.55289	400.0	400.0	73699	55.71837	19.622963	75.10798	-0.8630262	-55.904785	0.10102641	767.4571039676666
68	208.99046	31.75786	240.84818	165.64523	196.08145	67.66604	272.30588	-22.556168	400.0	400.0	74799	56.01554	19.54734	75.10411	-0.57146287	-56.198242	0.09494393	778.8971984386444
69	234.37906	0.19761658	234.57668	234.18144	209.31958	56.87373	274.66553	40.661915	400.0	400.0	75899	56.32575	19.438175	75.180305	-0.35164592	-56.507187	0.099210665	790.9406521320343
70	229.89941	1.3886751	231.86172	228.85042	169.42973	112.76232	288.21246	-31.832893	400.0	400.0	76999	56.633236	19.327726	75.284805	-0.045514263	-56.819332	0.09776078	803.1043627262115
71	191.81847	40.59537	245.21452	146.85512	130.35324	140.27962	283.07394	-75.31974	400.0	400.0	78099	56.968853	19.181587	75.45063	0.3174004	-57.1466	0.09430266	816.1761918067932
72	150.97162	130.2233	255.12448	-32.639202	172.92068	102.91866	286.17426	-43.80808	400.0	400.0	79199	57.107388	19.11806	75.54364	0.66814417	-57.283688	0.097151496	827.5297842025757
73	64.48256	124.21054	188.6931	-59.727974	202.55182	85.98396	277.5112	-34.780342	400.0	400.0	80299	57.08447	19.20381	75.616936	0.80400956	-57.261765	0.10060128	838.929928779602
74	216.04419	64.55327	288.14545	131.4988	222.22827	53.58572	276.97794	11.375809	400.0	400.0	81399	57.25987	19.157564	75.67581	0.521169	-57.437664	0.09324965	851.9487972259521
75	78.70716	98.64787	211.19891	-25.374613	229.6595	68.66983	291.43866	-49.0534	400.0	400.0	82499	57.35895	19.229328	76.09972	0.5615642	-57.546265	0.107531905	864.0692856311798
76	259.048	11.950189	272.5855	243.51784	216.25186	91.73801	287.7734	-79.84889	400.0	400.0	83599	57.623062	19.187042	77.0011	0.8590001	-57.814598	0.09898369	877.0213205814362
77	213.7985	13.285942	227.08444	200.51256	191.50516	83.981125	270.38736	-38.982643	400.0	400.0	84699	57.914448	19.143314	77.43432	1.2115647	-58.108887	0.10023461	886.9973719120026
78	194.14874	15.215564	211.81047	174.6728	183.99103	106.69451	273.0085	-88.747734	400.0	400.0	85799	58.19526	19.096937	77.564606	1.4098986	-58.3927	0.10762242	897.353036403656
79	240.82324	15.8606825	259.76532	220.94835	207.96713	65.47215	256.7241	-66.95759	400.0	400.0	86899	58.533077	19.032167	77.58079	0.70635116	-58.733734	0.10650271	907.8684017658234
80	207.5315	27.138529	233.92003	170.20253	238.35098	25.08499	290.0533	178.20479	400.0	400.0	87999	58.906208	18.944578	77.74306	0.4977799	-59.108387	0.10825675	918.3374807834625
81	247.88673	2.9651031	250.85184	244.92163	242.56047	30.690744	287.09216	154.3715	400.0	400.0	89099	59.206352	18.934877	78.0584	0.28252038	-59.408382	0.10618463	930.2089807987213
82	186.43977	50.75684	255.4756	134.89464	229.79204	22.245815	287.5229	193.41537	400.0	400.0	90199	59.507553	18.8786	78.47109	0.7618933	-59.707287	0.10682305	941.6127963066101
83	207.37836	43.482273	267.559	166.3436	229.1176	35.98918	277.9946	143.57442	400.0	400.0	91299	59.834045	18.80342	78.90565	2.1312153	-60.03139	0.11585847	953.9068267345428
84	207.33435	30.268875	249.45653	179.67033	209.16647	40.592422	278.09024	131.13182	400.0	400.0	92399	60.03162	18.794931	79.39335	4.1065664	-60.23049	0.11006718	965.1593837738037
85	234.77191	19.334518	254.10643	215.4374	230.41423	32.006676	276.74258	147.5147	400.0	400.0	93499	60.3531	18.740513	79.67384	5.102016	-60.55152	0.11260238	976.3101449012756
86	215.01295	12.348385	231.61227	202.01534	239.44572	28.713085	285.75552	160.76796	400.0	400.0	94599	60.603916	18.651808	79.801	4.8426867	-60.799736	0.106128	988.8859300613403
87	235.13556	24.784225	256.1744	200.33833	248.71992	26.181839	302.45016	199.90112	400.0	400.0	95699	60.854286	18.583445	80.00852	4.321881	-61.05385	0.10637652	1000.9567856788635
88	240.9222	11.799932	257.27917	229.8811	238.53842	36.68017	277.99484	137.03038	400.0	400.0	96799	61.144764	18.52097	80.38027	4.5382404	-61.3484	0.1075618	1013.8740718364716
89	177.87915	5.6303787	183.50952	172.24876	229.818	33.942345	267.95947	138.60167	400.0	400.0	97899	61.43264	18.467464	81.698044	4.6981506	-61.632343	0.10558852	1024.449066877365
90	216.0138	18.766212	235.65921	190.73795	237.62924	29.621344	292.2159	151.67924	400.0	400.0	98999	61.691242	18.415728	81.20547	5.3593125	-61.88831	0.108186916	1037.3078603744507
91	220.87614	13.444983	233.757	202.32317	242.67603	25.70418	292.1416	197.61154	400.0	400.0	100099	61.907787	18.420525	80.67261	5.6916227	-62.100056	0.11369861	1049.2675058841705
92	213.61217	16.635103	237.11932	201.05237	237.86841	27.973568	284.89917	168.7487	400.0	400.0	101199	62.078014	18.440563	80.9644	5.346433	-62.262516	0.11334597	1060.9853103160858
93	263.11133	5.831375	268.9427	257.27994	217.58072	25.309935	246.03181	139.28313	400.0	400.0	102299	62.224472	18.436623	81.12051	4.990931	-62.408424	0.11062444	1073.8884127140045
94	219.43526	14.369613	238.81427	204.44771	193.80788	72.92373	265.10632	-82.7775	400.0	400.0	103399	62.492184	18.457792	81.40798	4.367867	-62.68928	0.11136184	1085.604210615158
95	220.51186	11.792135	234.44447	205.60872	231.10458	25.993156	282.45514	182.04062	400.0	400.0	104499	62.742268	18.512732	81.33285	2.6038527	-62.937576	0.10878703	1097.375920534134
96	122.89373	140.70639	236.83372	-75.35858	227.52042	29.659174	263.0862	162.47351	400.0	400.0	105599	62.942036	18.57534	81.10473	2.061897	-63.13746	0.11047096	1108.860252380371
97	239.63887	13.072693	252.71156	226.56618	206.69339	65.91792	278.95395	-38.127666	400.0	400.0	106699	62.99843	18.828365	81.34313	2.4227414	-63.19467	0.15613416	1120.0367472171783
98	228.3131	18.497425	253.7203	210.21623	199.14798	67.22713	278.03265	59.062046	400.0	400.0	107799	63.19193	18.900148	81.50688	3.5288978	-63.379597	0.13128419	1131.1006572246552
99	174.38976	91.93534	250.27641	45.01846	165.9448	87.3433	293.85193	13.264664	400.0	400.0	108899	63.372784	18.823534	81.61567	3.402969	-63.556564	0.14025734	1142.933711528778
100	234.93001	7.9985557	240.83104	223.62195	218.14514	72.21308	314.0529	-30.035965	400.0	400.0	109999	63.4649	18.803373	81.5807	3.9475312	-63.654488	0.15719968	1154.2349030971527
101	238.42337	4.1307526	242.55412	234.29262	221.99658	59.167187	274.10107	-22.446783	400.0	400.0	111099	63.595905	18.735497	81.969475	4.089484	-63.781067	0.13681282	1165.1897599697113
102	205.91927	18.058151	229.04324	184.97076	220.51384	32.188324	284.23523	140.54369	400.0	400.0	112199	63.757267	18.56456	81.991875	4.323373	-63.938976	0.16524631	1177.1709349155426
103	216.6833	31.875322	258.85522	181.806	225.14462	24.794146	264.0529	170.42001	400.0	400.0	113299	63.907696	18.492334	81.80191	4.285654	-64.10527	0.13671681	1189.0656158924103
104	213.96407	67.4351	275.19504	120.02942	216.50102	31.455523	261.11044	123.91658	400.0	400.0	114399	64.06501	18.372131	81.20104	3.2883549	-64.25442	0.14087068	1200.9249336719513
105	183.7562	21.97297	205.72917	161.78323	207.97742	43.176872	262.77783	95.82703	400.0	400.0	115499	64.17601	18.228817	80.843506	3.0165222	-64.36317	0.13461041	1213.9262211322784
106	224.87828	22.918087	252.28844	196.1942	232.25041	26.269598	273.17947	178.81912	400.0	400.0	116599	64.29776	18.019138	80.3857	3.3157737	-64.47351	0.12727943	1226.8179652690887
107	210.76257	9.141626	217.48653	197.83789	213.4385	64.70918	290.65378	-41.13281	400.0	400.0	117699	64.348045	17.910908	80.07523	2.9435782	-64.52887	0.14203383	1238.2429349422455
108	216.7887	26.047888	253.6232	197.97937	221.22372	19.06	253.25563	172.48991	400.0	400.0	118799	64.49648	17.773222	80.00648	3.619267	-64.68445	0.13647373	1249.1997470855713
109	194.05666	14.994797	209.05145	179.06186	218.04175	27.790369	270.3774	166.49312	400.0	400.0	119899	64.548386	17.732855	79.84388	3.844058	-64.732285	0.14488727	1260.3804152011871
110	215.84906	41.562984	271.52887	171.69838	204.34631	16.787804	235.96599	177.74767	400.0	400.0	120999	64.65947	17.579447	80.12507	3.4836867	-64.835754	0.15663616	1271.4453716278076
111	186.9113	16.489859	210.22179	174.67415	208.6322	56.813168	263.22845	-20.061712	400.0	400.0	122099	64.67247	17.479197	80.34747	3.143843	-64.849915	0.13258956	1282.8933503627777
112	209.83203	11.243539	224.71167	197.53702	227.33777	14.906173	254.21515	204.45305	400.0	400.0	123199	64.716194	17.344196	80.46881	2.0493433	-64.88666	0.13930577	1294.085645198822
113	218.62694	18.334412	236.96135	200.29253	201.98666	39.751343	257.45496	54.883686	400.0	400.0	124299	64.75334	17.18621	80.48069	1.5277492	-64.91442	0.12791443	1306.3316867351532
114	216.35474	16.047354	237.28583	198.29358	217.64954	24.737696	251.50899	159.59637	400.0	400.0	125399	64.731155	17.063786	80.73603	1.1964233	-64.88883	0.12560256	1318.7706606388092
115	193.0141	31.816221	219.83566	148.31657	213.0953	55.975464	276.46692	-6.3464026	400.0	400.0	126499	64.641975	16.98228	80.836624	1.4289289	-64.78621	0.11975127	1330.5504100322723
116	134.58398	106.37566	211.56874	-15.840003	211.86394	36.467464	253.92838	88.46574	400.0	400.0	127599	64.342766	17.06693	80.88152	-0.052067854	-64.48319	0.1163457	1343.0865440368652
117	214.27005	28.644493	242.91454	185.62555	227.40804	26.904823	275.48676	171.118	400.0	400.0	128699	64.234985	17.01497	80.807144	-1.5247383	-64.373146	0.116780035	1354.3740088939667
118	192.33313	10.233994	205.66139	180.78331	216.21591	29.78223	294.0269	147.42297	400.0	400.0	129799	64.12051	17.005398	80.581055	-3.6838076	-64.26797	0.113293014	1367.3578941822052
119	187.46281	12.51821	198.85178	170.03049	188.3368	54.81668	230.26447	18.760273	400.0	400.0	130899	64.07492	17.000427	80.801605	-6.3705263	-64.2321	0.12839086	1378.6106576919556
120	194.52765	15.253084	214.74837	177.91138	171.80946	55.968594	236.30385	-5.522829	400.0	400.0	131999	64.11817	17.103897	81.1916	-8.534057	-64.293365	0.12624206	1391.641269683838
121	167.36238	11.123581	178.48596	156.2388	172.47238	60.72009	263.49033	-31.28818	400.0	400.0	133099	64.230896	17.166365	81.59101	-9.246938	-64.393425	0.12280623	1402.704280614853
122	175.02917	11.9843	184.78734	158.14932	190.58704	48.90526	266.97205	32.71623	400.0	400.0	134199	64.19613	17.122824	81.41207	-9.192198	-64.33013	0.10757589	1415.5004017353058
123	182.02666	36.47758	224.0759	135.12122	221.87405	31.522497	269.72662	158.77625	400.0	400.0	135299	64.049545	16.984283	80.463135	-9.631627	-64.18406	0.14116788	1425.744264125824
124	205.93803	5.754116	214.0747	201.76718	191.00648	70.547165	266.15805	-52.196724	400.0	400.0	136399	63.972	16.856445	79.81868	-9.340179	-64.12335	0.1313607	1437.1420512199402
125	212.21225	2.5312653	214.74352	209.68098	230.98396	71.09638	283.21143	-56.018784	400.0	400.0	137499	63.999416	16.731403	80.02891	-8.970344	-64.16283	0.11315825	1448.2374472618103
126	127.81603	144.95543	253.02153	-75.35984	205.5792	64.10761	287.91833	-57.38969	400.0	400.0	138599	64.02413	16.634119	80.193504	-8.551049	-64.18443	0.11883018	1460.7088241577148
127	250.38417	4.8827567	256.58176	244.64825	232.79044	48.952576	294.816	73.02389	400.0	400.0	139699	64.02675	16.582281	80.51582	-7.897097	-64.18822	0.13434446	1471.8047497272491
128	233.49763	25.18206	254.21713	198.05342	221.6492	65.54711	293.67773	-2.0579312	400.0	400.0	140799	63.997936	16.522938	80.74452	-7.7154555	-64.16569	0.117021985	1484.410002708435
129	232.8916	11.132774	244.02438	221.75883	225.61052	30.117325	278.4033	172.56702	400.0	400.0	141899	64.187775	16.27231	80.84392	-6.322112	-64.35591	0.13095765	1497.4692368507385
130	227.60713	15.039899	239.15956	206.3647	215.59468	38.947487	267.53644	85.35843	400.0	400.0	142999	64.21023	16.26058	80.83489	-5.6839843	-64.377304	0.11720301	1509.0782718658447
131	201.18433	35.314404	227.97585	151.28758	222.44736	25.79374	280.6491	165.86493	400.0	400.0	144099	64.28626	16.158165	80.75713	-5.1921062	-64.45141	0.12031017	1522.1021721363068
132	266.08896	11.531099	275.99472	249.9175	225.81071	27.889082	274.13553	180.12335	400.0	400.0	145199	64.35304	16.059599	80.723625	-5.2893453	-64.51578	0.1321002	1534.8195362091064
133	185.72774	17.079666	202.8074	168.64807	226.27234	21.175386	259.85672	185.38245	400.0	400.0	146299	64.39642	16.028261	80.67026	-3.419881	-64.5561	0.11999816	1546.199224948883
134	207.39893	11.00717	221.30821	194.39156	224.49454	23.719994	255.80426	165.01726	400.0	400.0	147399	64.391426	15.997878	80.553444	-2.8699722	-64.55036	0.13513978	1559.1081721782684
135	233.86183	12.126573	250.10892	220.98384	228.1873	36.02496	296.78424	148.43391	400.0	400.0	148499	64.46053	15.937876	80.54436	-2.720592	-64.626945	0.13810378	1570.629324913025
136	224.97371	1.2423967	226.13426	223.251	233.48433	24.88197	286.07935	168.19041	400.0	400.0	149599	64.54529	15.84848	80.69836	-1.2065876	-64.71253	0.11919469	1582.1661179065704
137	195.34021	19.777794	215.11801	175.56242	212.68884	64.26592	275.9047	-49.373447	400.0	400.0	150699	64.607735	15.761684	80.70466	-0.16698179	-64.77007	0.10806159	1593.7347157001495
138	238.99016	19.216934	262.01675	214.97615	225.58975	20.604235	268.50113	202.79128	400.0	400.0	151799	64.665	15.687092	80.718025	-0.10904818	-64.82517	0.12828344	1605.056168794632
139	223.25317	13.650361	241.74509	209.20769	213.72041	66.07916	265.28662	-33.140755	400.0	400.0	152899	64.709435	15.583021	80.68191	0.3637831	-64.86706	0.1269832	1616.4216697216034
140	246.28064	15.262728	263.94315	226.70447	232.9313	28.365227	270.81143	146.08974	400.0	400.0	153999	64.705376	15.572405	80.587006	1.7890661	-64.85899	0.11732169	1627.997097492218
141	223.65189	15.486992	239.13889	208.1649	218.60786	72.321266	281.4248	-76.45254	400.0	400.0	155099	64.74866	15.505851	80.45395	1.5842249	-64.90137	0.11366197	1639.476989030838
142	208.74776	51.252186	256.02606	137.52971	229.39462	22.281267	270.93607	179.99097	400.0	400.0	156199	64.74239	15.492731	80.20452	1.4346752	-64.89369	0.1123029	1650.951896429062
143	226.6129	29.468973	248.77849	184.96631	230.90262	33.232407	277.48642	155.68027	400.0	400.0	157299	64.77972	15.454345	79.91241	0.7877649	-64.928566	0.1096438	1662.7826206684113
144	242.17957	4.373989	247.01399	236.42036	222.4587	70.02373	281.92984	-34.779	400.0	400.0	158399	64.81272	15.420355	79.91883	0.3433371	-64.9688	0.12026881	1674.2518000602722
145	247.513	16.67978	264.19278	230.83322	230.69382	28.779654	264.59006	140.10736	400.0	400.0	159499	64.90447	15.42254	80.43745	-1.0153123	-65.06635	0.117382385	1687.2116680145264
146	224.12701	33.20603	270.88333	196.96118	220.99617	24.918959	279.2797	179.81187	400.0	400.0	160599	64.99852	15.424111	81.212875	-1.4375165	-65.16034	0.10933935	1698.1724338531494
147	250.6324	32.53056	278.30112	204.96744	203.49725	39.254734	278.71188	103.91687	400.0	400.0	161699	65.09536	15.460204	82.186066	-0.59133804	-65.25947	0.13063441	1709.8262717723846
148	195.92378	16.82153	219.6373	182.42448	229.4128	22.995577	264.09897	199.89972	400.0	400.0	162799	65.14088	15.479328	83.257545	-0.18925837	-65.295	0.1181687	1722.0279269218445
149	171.85791	68.96849	240.8264	102.88943	216.0187	25.006691	261.73505	160.08238	400.0	400.0	163899	65.16735	15.403428	83.92543	0.7818265	-65.3125	0.12823115	1734.019816160202
150	234.83025	15.283571	255.69023	219.4985	235.9053	20.497217	274.3896	183.50645	400.0	400.0	164999	65.12994	15.325461	83.94633	1.6593132	-65.266884	0.12311984	1745.7342829704285
151	216.86775	31.581352	261.30722	190.78488	226.20505	16.229542	254.48215	200.8633	400.0	400.0	166099	65.109436	15.305702	83.98221	2.4065752	-65.2532	0.13925464	1757.5828697681427
152	234.7542	13.158395	253.01717	222.5303	227.60782	66.27247	278.0328	-45.41203	400.0	400.0	167199	65.05821	15.272392	83.20142	3.4901233	-65.19675	0.11240812	1769.227693080902
153	226.46436	39.984764	266.44913	186.4796	226.67383	34.482307	262.16956	118.1714	400.0	400.0	168299	64.99619	15.256601	81.72202	4.5508537	-65.132355	0.10855331	1780.860756635666
154	223.52165	31.560238	260.35645	183.27603	221.20633	22.04725	270.411	179.84885	400.0	400.0	169399	64.999344	15.18417	80.3811	4.4880023	-65.14168	0.104313076	1792.6589713096619
155	199.83644	58.694294	248.48557	117.26691	236.7482	24.54295	274.82986	180.10603	400.0	400.0	170499	65.06076	15.120436	79.87334	4.3740764	-65.20482	0.11268071	1803.4190657138824
156	220.31573	28.049738	245.79	181.24463	241.45381	18.947752	275.42816	189.61214	400.0	400.0	171599	65.08301	15.102077	80.107635	4.5338078	-65.22971	0.12418829	1814.647468328476
157	228.20511	4.9202805	233.12538	223.28482	229.21304	59.44392	266.895	-19.81203	400.0	400.0	172699	65.06038	15.116632	80.22588	4.5739584	-65.20764	0.12141087	1825.986762046814
158	249.11592	18.071735	262.15735	223.56046	240.01566	22.658241	280.50565	194.13362	400.0	400.0	173799	65.105774	15.032453	80.13657	4.876933	-65.25022	0.10776194	1837.2620375156403
159	232.63432	15.159183	253.18898	217.08153	227.68369	27.872358	264.2176	159.6622	400.0	400.0	174899	65.099525	14.9722	79.871445	4.5866985	-65.242485	0.1011893	1847.8424706459045
160	221.34746	22.027216	238.1325	190.22842	234.02737	18.604145	272.69028	187.12294	400.0	400.0	175999	65.15357	14.868965	79.620995	3.9103417	-65.29743	0.11330765	1859.3406839370728
161	240.47412	17.444466	257.91858	223.02965	236.14987	26.116304	284.09134	165.01344	400.0	400.0	177099	65.158615	14.81015	79.41609	3.8101833	-65.30467	0.1231485	1870.7935922145844
162	227.90926	22.255281	247.89433	196.8598	228.26694	36.51216	264.70612	99.31761	400.0	400.0	178199	65.225945	14.738657	79.27628	4.0538397	-65.37442	0.109043635	1882.1348915100098
163	113.47916	164.42361	234.08945	-118.99613	228.3385	24.288605	272.08258	179.43373	400.0	400.0	179299	65.22332	14.760987	79.10871	3.9443057	-65.37577	0.09418661	1893.6896951198578
164	240.45354	8.037905	250.83015	231.24574	230.21497	28.308117	298.8649	171.24213	400.0	400.0	180399	65.28365	14.7869005	79.01893	3.867827	-65.44108	0.10805609	1907.2589373588562
165	225.19586	2.53257	227.72842	222.66328	239.40756	26.784092	294.36224	182.7715	400.0	400.0	181499	65.33158	14.818684	79.01054	3.390787	-65.48811	0.11090653	1920.664113521576
166	226.78615	14.638184	246.4584	211.36732	221.80647	18.39628	256.07516	178.5058	400.0	400.0	182599	65.43706	14.816893	79.03098	3.4753406	-65.593414	0.10402064	1931.3137905597687
167	237.78693	10.116676	249.33466	224.69814	238.25876	26.531738	277.94305	195.93388	400.0	400.0	183699	65.51066	14.824179	78.93656	3.8920434	-65.66216	0.107343294	1944.3238687515259
168	237.50165	12.891371	252.11981	220.75789	217.86307	67.92485	270.11087	-68.52909	400.0	400.0	184799	65.58774	14.811619	78.75478	4.2430167	-65.737175	0.10429194	1955.6242303848267
169	207.07188	15.254715	222.3266	191.81717	241.88972	18.343758	269.6621	196.22304	400.0	400.0	185899	65.59756	14.825123	78.74301	4.004477	-65.747	0.101400994	1967.2948820590973
170	232.58372	35.39308	272.94153	186.7642	238.34663	26.176792	279.57617	163.93517	400.0	400.0	186999	65.664	14.8158045	78.81666	3.6509044	-65.81591	0.09688617	1980.3967237472534
171	222.77083	6.6801453	227.73157	213.32773	240.20102	25.84651	291.22534	197.35568	400.0	400.0	188099	65.693634	14.8551035	78.81715	3.363857	-65.84735	0.096856736	1991.8061842918396
172	243.55388	24.797607	262.24585	208.51082	245.82397	27.413399	295.29822	198.19096	400.0	400.0	189199	65.800514	14.836917	78.78971	3.5972812	-65.957085	0.106471196	2003.2603437900543
173	269.52527	0.17350769	269.6988	269.35178	250.52266	16.267525	277.43732	215.38509	400.0	400.0	190299	65.89047	14.85002	79.11432	3.2421682	-66.04555	0.10194196	2015.3132998943329
174	231.8896	6.6166425	239.13005	223.13597	235.69312	47.251396	287.0511	47.038853	400.0	400.0	191399	65.99415	14.833527	79.29038	2.9697032	-66.145386	0.11045546	2026.6737072467804
175	245.86736	21.023323	273.37973	222.35042	243.0275	21.651756	285.2878	215.35219	400.0	400.0	192499	66.026436	14.857388	79.35157	2.7695699	-66.172615	0.10383573	2038.4200465679169
176	236.88203	30.589472	279.93936	211.73071	238.08955	21.998245	272.43848	202.20827	400.0	400.0	193599	66.060295	14.80671	79.33722	2.3298552	-66.20142	0.11352395	2049.850394010544
177	223.82907	7.9176636	231.74673	215.9114	219.35217	72.78831	271.69678	-85.9947	400.0	400.0	194699	66.069695	14.773122	79.19618	1.8824309	-66.20788	0.09942101	2062.030563354492
178	240.71947	18.612478	266.64133	223.79887	195.72263	104.85262	277.62253	-131.41252	400.0	400.0	195799	66.07202	14.745524	78.98809	0.04505682	-66.20822	0.11759807	2073.3550646305084
179	228.12285	14.579289	241.18912	207.7771	165.47052	148.53178	285.32553	-99.53543	400.0	400.0	196899	66.00998	14.8007	79.06803	-0.7389332	-66.14888	0.11436991	2084.6417043209076
180	221.40971	11.4124	237.12158	210.35733	203.23296	102.91472	270.59427	-106.11164	400.0	400.0	197999	66.0735	14.74691	79.19202	-1.0832745	-66.21523	0.11144112	2096.4070954322815
181	260.61243	1.7055206	262.31793	258.9069	223.77669	77.27739	274.5895	-104.89683	400.0	400.0	199099	66.09521	14.765719	79.24888	-0.88505125	-66.23561	0.10623184	2107.9568767547607
182	128.6825	149.70619	241.17159	-82.89256	237.21341	26.964827	280.81125	186.5936	400.0	400.0	200199	66.07771	14.791366	79.289635	-1.0029846	-66.21617	0.11636641	2119.247250318527
183	123.56091	136.76636	249.71635	-66.48593	229.90117	26.546598	283.21085	175.64943	400.0	400.0	201299	66.00761	14.882223	80.023735	-1.5862324	-66.14402	0.11476602	2129.7919049263
184	92.65283	159.6734	245.15865	-127.82169	230.02278	69.17209	282.87936	-56.105408	400.0	400.0	202399	65.91107	14.941496	81.70346	-1.2698802	-66.04308	0.12296058	2143.139466047287
185	233.28049	3.5555267	236.83601	229.72496	230.27205	26.503304	278.14722	192.40973	400.0	400.0	203499	65.83945	14.987895	82.30744	-1.7285309	-65.9734	0.13545845	2154.8686685562134
186	245.74858	11.346299	256.92078	230.18779	227.69778	76.06303	296.32755	-90.78373	400.0	400.0	204599	65.86176	14.893877	83.2782	-1.7700769	-65.9942	0.107983634	2167.4554669857025
187	140.79497	113.22488	238.8308	-17.86574	230.21745	23.11746	265.07666	174.5396	400.0	400.0	205699	65.81772	14.839435	83.42446	-2.5123053	-65.949646	0.119016364	2178.373952150345
188	222.49512	4.969349	226.06122	215.46767	244.1084	29.709913	285.1359	179.83565	400.0	400.0	206799	65.74174	14.803389	82.15488	-2.7996733	-65.87244	0.13083097	2191.200099468231
189	232.35599	17.197235	249.55322	215.15875	233.4259	78.64945	291.61234	-93.7724	400.0	400.0	207899	65.761116	14.705542	79.6145	-2.633983	-65.89008	0.12906586	2202.2412724494934
190	202.49107	10.263444	216.30318	191.7215	235.0234	21.688389	281.4401	188.34807	400.0	400.0	208999	65.70087	14.646741	78.99345	-1.7692783	-65.82966	0.12237377	2215.0261795520782
191	249.59656	3.0067208	253.8013	246.94586	243.3311	34.760284	306.93463	176.74786	400.0	400.0	210099	65.65215	14.63845	78.91475	-1.3967803	-65.784935	0.12801597	2226.6611137390137
192	222.71613	31.057323	252.2541	179.79636	246.88168	26.046667	296.40762	186.21132	400.0	400.0	211199	65.68881	14.571944	78.67556	-1.1841999	-65.82265	0.13201022	2238.6460280418396
193	219.54553	24.12741	243.67294	195.41812	244.45955	24.942307	284.82687	195.65701	400.0	400.0	212299	65.715775	14.541304	78.1082	-1.4131337	-65.85084	0.11811092	2251.1924064159393
194	244.9593	5.909757	252.2512	237.77655	244.27847	21.817476	286.65283	186.52226	400.0	400.0	213399	65.73985	14.511435	78.06291	-0.9512509	-65.87846	0.13026863	2262.7237215042114
195	232.67378	17.895147	255.64076	211.98471	241.67105	32.30094	293.19208	188.5934	400.0	400.0	214499	65.80938	14.46943	77.99883	-0.5884872	-65.95131	0.11170429	2274.8279373645782
196	223.5887	35.701405	273.72894	193.38513	228.37407	60.042732	265.98343	-16.238737	400.0	400.0	215599	65.849174	14.505678	77.98558	0.27960226	-65.994705	0.12551671	2286.480924129486
197	232.60873	5.6829143	238.29164	226.92581	252.66035	19.383091	285.3052	220.87796	400.0	400.0	216699	65.92107	14.523656	78.19267	0.10536486	-66.064514	0.11892156	2298.2503542900085
198	247.73805	25.549887	266.73468	211.6213	264.90912	25.955606	302.76605	202.23541	400.0	400.0	217799	65.97976	14.552949	78.257904	0.39588085	-66.12315	0.12191592	2311.326503276825
199	237.7152	4.764356	241.10394	230.97742	256.79065	24.932371	303.55954	200.5342	400.0	400.0	218899	66.03839	14.609931	78.34786	-0.6076704	-66.18102	0.12043901	2323.161503314972
200	253.1728	8.290615	263.13922	242.8413	251.74088	20.909506	289.99118	216.88448	400.0	400.0	219999	66.05213	14.721114	78.326805	-1.6851496	-66.196655	0.13648003	2335.031896829605
201	241.67719	30.969902	272.6471	210.70729	252.62492	22.751236	288.85178	210.43623	400.0	400.0	221099	66.17817	14.7117	78.24681	-2.8281338	-66.3282	0.15110599	2346.5328755378723
202	254.25008	17.978554	278.2978	235.07617	266.25836	19.391994	303.724	221.21931	400.0	400.0	222199	66.29917	14.721481	78.18842	-3.8899827	-66.45014	0.12159393	2357.9192526340485
203	257.2942	9.789668	268.43198	244.60359	248.31308	24.193462	285.045	200.22105	400.0	400.0	223299	66.392265	14.790131	78.21575	-5.014913	-66.53795	0.12747884	2368.0482318401337
204	234.86433	7.551139	245.45166	228.36195	247.11983	22.36155	287.02234	210.99506	400.0	400.0	224399	66.49429	14.743109	78.31269	-5.4145374	-66.63742	0.13764833	2378.431475162506
205	244.95166	29.058586	274.01025	215.89308	215.53354	69.1537	267.56592	-74.334984	400.0	400.0	225499	66.53132	14.749888	78.28949	-7.00886	-66.6727	0.108828805	2389.7686541080475
206	256.4475	15.949652	270.02405	234.05971	243.3956	21.797962	286.43326	190.1327	400.0	400.0	226599	66.60732	14.722835	78.32276	-8.1674385	-66.749344	0.12395121	2401.352457046509
207	227.63686	13.310738	242.83028	210.41551	245.5867	25.655186	285.95477	196.35437	400.0	400.0	227699	66.6407	14.72969	78.421074	-9.44435	-66.78591	0.12839234	2412.8650846481323
208	227.26685	12.517446	244.77475	216.24692	224.7262	80.21212	272.97952	-109.70379	400.0	400.0	228799	66.716	14.696493	78.4067	-10.701197	-66.861694	0.13224734	2425.971165418625
209	232.06717	5.8326416	237.89981	226.23453	222.93912	79.306305	282.2367	-114.22823	400.0	400.0	229899	66.80449	14.595813	78.436	-10.8655815	-66.94822	0.12243416	2438.28537273407
210	215.5857	24.217163	234.08105	181.37509	221.75346	67.75518	268.6966	-62.82178	400.0	400.0	230999	66.8531	14.553418	78.40996	-11.186072	-66.99575	0.123518646	2448.802896261215
211	243.13086	5.145687	247.28465	235.87933	202.8668	75.94081	270.39816	-89.53013	400.0	400.0	232099	66.88524	14.533054	78.550125	-10.7877445	-67.02589	0.13399486	2460.243613243103
212	233.91496	22.07486	265.1255	217.69601	231.7658	18.664305	264.33105	194.52922	400.0	400.0	233199	66.875305	14.539623	78.91789	-10.664107	-67.01288	0.14159468	2471.3988938331604
213	224.4235	9.389542	233.81303	215.03395	228.63469	22.936462	260.99927	181.29857	400.0	400.0	234299	66.91588	14.499601	78.96337	-8.258121	-67.05298	0.10952342	2482.672187566757
214	233.07104	9.741563	246.78644	225.08957	229.28203	23.638351	272.6627	194.1456	400.0	400.0	235399	66.951775	14.45466	79.04387	-6.1044235	-67.08666	0.125952	2493.3134863376617
215	247.50464	8.636104	256.5291	235.86551	239.24173	13.895634	269.03418	210.43706	400.0	400.0	236499	66.948326	14.426335	79.0328	-4.507221	-67.08287	0.13505103	2504.4924972057343
216	232.39563	28.20912	271.2614	205.17046	224.27596	27.191305	271.38208	176.17752	400.0	400.0	237599	66.9823	14.364938	78.91583	-3.9543853	-67.11368	0.11795778	2515.3730068206787
217	232.40146	26.498697	258.90015	205.90276	234.16277	45.575684	281.4625	56.715157	400.0	400.0	238699	66.9513	14.3810835	78.9295	-3.481646	-67.07828	0.10543729	2526.530202150345
218	241.98235	1.9541727	244.69997	240.18867	233.92009	14.789393	263.00006	209.97426	400.0	400.0	239799	66.93644	14.342998	78.87521	-3.953983	-67.06163	0.119928494	2538.7141938209534
219	223.6789	21.593613	252.75873	201.0644	226.6105	18.770115	261.55908	183.74759	400.0	400.0	240899	66.89729	14.325782	78.99358	-3.1286328	-67.0251	0.13040257	2550.75981092453
220	223.93785	26.913054	257.82593	191.98824	231.49565	21.657259	277.98846	181.2859	400.0	400.0	241999	66.881966	14.277905	79.07566	-3.2312024	-67.0079	0.11908165	2562.2110121250153
221	222.05402	13.594734	235.64876	208.45929	230.17508	25.213795	275.09308	174.56253	400.0	400.0	243099	66.82698	14.255036	79.09136	-3.7144449	-66.953896	0.122249454	2575.327084541321
222	235.02257	9.165072	247.34337	225.37703	219.57718	20.8218	249.27068	175.91203	400.0	400.0	244199	66.87598	14.132507	79.061676	-3.6056771	-67.002205	0.12255163	2587.0536127090454
223	213.87407	25.75526	244.89069	181.82861	208.31863	45.249	246.90898	28.657642	400.0	400.0	245299	66.82627	14.117001	79.02965	-3.2347925	-66.952515	0.11788612	2599.859461784363
224	186.7132	27.528124	210.34558	148.10466	223.73555	19.95706	258.5972	163.45076	400.0	400.0	246399	66.803215	14.040213	78.903595	-4.5740476	-66.92806	0.113894485	2611.931468963623
225	220.90642	32.74234	253.64876	188.16408	229.64236	19.600895	268.94006	184.45703	400.0	400.0	247499	66.776306	13.981975	78.87633	-5.9157815	-66.899826	0.11086681	2623.392617225647
226	224.2159	15.043504	245.45578	212.54169	234.64226	19.790396	268.47943	191.12498	400.0	400.0	248599	66.75959	13.903202	78.61019	-6.761964	-66.88379	0.10902097	2634.585399389267
227	177.36603	17.582052	192.2227	152.67061	224.1904	23.931526	261.48383	154.17543	400.0	400.0	249699	66.676575	13.944656	78.34566	-5.768003	-66.79946	0.10724983	2646.3557686805725
228	210.40941	15.282142	230.10486	192.85567	220.06746	20.137579	262.44022	186.18166	400.0	400.0	250799	66.70725	13.853224	77.65769	-5.345879	-66.82804	0.10957614	2657.823002576828
229	234.43314	16.043541	250.47667	218.38959	232.62776	39.289936	274.80383	111.71281	400.0	400.0	251899	66.65982	13.860527	77.53556	-4.429935	-66.78152	0.1133009	2669.926507472992
230	242.73885	16.531908	263.90515	223.55647	227.39763	25.04134	286.5259	188.54315	400.0	400.0	252999	66.632416	13.852987	77.54672	-4.5090876	-66.7525	0.10757008	2681.0966420173645
231	218.51762	10.869055	232.27925	205.70657	235.36838	29.273617	282.12494	150.01094	400.0	400.0	254099	66.59105	13.897271	77.497375	-3.7182808	-66.709236	0.101862185	2692.3034665584564
232	241.52881	17.44736	263.5428	220.87018	250.31914	21.428558	284.23068	213.91248	400.0	400.0	255199	66.567184	13.907671	77.44662	-2.802462	-66.6848	0.111413404	2704.0221343040466
233	92.336136	147.20903	239.54517	-54.87289	246.24667	22.933304	289.8186	204.09222	400.0	400.0	256299	66.48336	13.978634	77.62051	-2.4409993	-66.60278	0.11433555	2716.067958831787
234	218.18788	15.393444	235.11406	197.86876	239.04553	27.685755	281.4507	172.76482	400.0	400.0	257399	66.46815	14.007422	77.84692	-2.1868527	-66.58801	0.11442285	2729.2925741672516
235	239.2367	1.9662993	241.99883	237.57735	240.67712	21.024055	271.52173	204.33374	400.0	400.0	258499	66.45519	14.050613	78.01128	-2.2709014	-66.574646	0.116256535	2741.1060543060303
236	261.68353	7.523673	270.262	251.94307	235.60905	19.407463	262.70383	194.0264	400.0	400.0	259599	66.4649	14.041976	78.243645	-3.551529	-66.58544	0.11177336	2753.102902173996
237	237.23152	14.868103	252.09962	222.36342	234.44096	22.615147	270.3987	173.71642	400.0	400.0	260699	66.50159	14.078394	78.45775	-4.3463745	-66.62663	0.12321406	2764.768584728241
238	197.6205	12.251812	210.6418	181.21063	236.19804	23.215797	284.53705	207.96724	400.0	400.0	261799	66.500565	14.060469	78.57312	-3.6800816	-66.627075	0.12526874	2777.6368069648743
239	237.75676	23.13468	258.87323	205.55618	236.10812	18.560753	272.94153	198.80809	400.0	400.0	262899	66.53885	14.041979	78.69617	-3.775625	-66.667046	0.118116625	2788.735316514969
240	211.60316	26.122295	239.17743	176.52504	235.8686	24.266693	288.77704	196.8228	400.0	400.0	263999	66.59793	13.99137	78.774994	-4.131862	-66.7233	0.12211545	2800.832494735718
241	218.81485	26.39898	245.21384	192.41588	235.92561	23.283848	276.00977	191.218	400.0	400.0	265099	66.59958	14.001563	78.80217	-4.493997	-66.72377	0.11732462	2811.9804253578186
242	249.09529	20.975513	272.41748	221.55922	226.61691	23.710138	278.2099	189.59325	400.0	400.0	266199	66.659676	13.949292	78.89861	-3.9941454	-66.78267	0.116075076	2823.861801147461
243	219.2629	31.634445	262.78397	188.52771	227.93704	20.779453	266.37415	192.88953	400.0	400.0	267299	66.63539	13.9986515	78.941185	-3.9629962	-66.75408	0.11123094	2835.3439207077026
244	210.44978	7.398956	220.90138	204.78831	239.7299	21.302786	284.12726	201.54779	400.0	400.0	268399	66.6343	13.97202	79.10886	-3.701406	-66.75155	0.12620334	2846.8634130954742
245	253.62431	3.966507	257.59082	249.6578	213.5621	66.17936	262.9684	-63.986572	400.0	400.0	269499	66.59899	14.022466	79.21749	-2.5646446	-66.71695	0.12448367	2858.2950875759125
246	246.94576	10.349324	255.2673	232.35779	228.54749	17.10353	254.74702	197.08711	400.0	400.0	270599	66.60467	14.023938	79.47954	-1.4318175	-66.72465	0.116119884	2869.0511746406555
247	220.54366	36.07852	256.01495	171.04593	226.32304	19.955954	255.23984	170.70656	400.0	400.0	271699	66.62678	14.032858	79.684715	-0.87742454	-66.74774	0.12463115	2882.137891292572
248	232.24086	25.086594	253.39471	196.99834	225.36758	27.089003	279.1071	179.91754	400.0	400.0	272799	66.6457	14.039471	79.73696	-2.4391735	-66.766594	0.109491825	2893.8414690494537
249	200.15128	35.04	235.19127	165.11127	245.85593	23.02344	295.4407	204.78598	400.0	400.0	273899	66.645805	14.102381	79.90392	-3.485126	-66.765205	0.117546916	2906.7892322540283
250	216.62938	14.367559	236.83316	204.65791	242.76167	22.624964	286.5856	196.23013	400.0	400.0	274999	66.65965	14.129635	79.868034	-4.4787064	-66.78003	0.11930131	2916.862764596939
