Epoch	AverageEpRet	StdEpRet	MaxEpRet	MinEpRet	AverageTestEpRet	StdTestEpRet	MaxTestEpRet	MinTestEpRet	EpLen	TestEpLen	TotalEnvInteracts	AverageQVals	StdQVals	MaxQVals	MinQVals	LossPi	LossQ	Time
1	-40.18108	12.743104	-27.437975	-52.924183	-181.18442	12.753515	-161.11064	-212.99037	400.0	400.0	1099	0.42042324	0.32030958	1.6718616	-0.38014746	-0.42440853	0.07604268	4.338362455368042
2	-14.2375765	60.401367	46.401917	-96.6594	-119.58528	29.094913	-80.149475	-174.5376	400.0	400.0	2199	0.246185	1.3683887	4.5719876	-2.295	-0.25556812	0.014652273	14.876514434814453
3	62.061382	52.56216	128.23769	-0.34729674	61.97978	64.75129	182.6436	-38.45489	400.0	400.0	3299	0.48876226	3.0781715	8.009287	-4.0682006	-0.54238135	0.008232625	26.982162714004517
4	28.26809	98.014626	127.192726	-105.2819	102.86135	48.39716	186.4621	22.495945	400.0	400.0	4399	1.8682494	5.0179358	11.862336	-5.1936555	-2.008746	0.0073199663	38.96393847465515
5	-16.403046	74.27909	57.876045	-90.68214	59.305286	78.66778	272.73483	-52.496178	400.0	400.0	5499	2.9333239	6.5316877	14.781397	-6.674708	-3.0846264	0.013143393	49.29278564453125
6	2.319074	104.172676	129.14047	-126.01596	82.79747	50.314487	178.32333	-49.50533	400.0	400.0	6599	3.821931	7.888056	18.253336	-7.488326	-3.9777431	0.020463092	60.00513410568237
7	104.679405	40.354897	133.72627	47.612038	45.91549	44.909866	111.376305	-46.35222	400.0	400.0	7699	5.5500884	9.240091	21.269764	-8.169908	-5.7108097	0.028484542	70.51899242401123
8	48.25345	43.172977	90.32214	-11.102277	101.96059	61.32857	296.41632	12.718385	400.0	400.0	8799	7.0143137	10.405571	24.307306	-8.840387	-7.1814837	0.034610506	80.97660708427429
9	33.77426	107.94391	141.71817	-74.16965	49.02009	52.6908	190.69482	-25.81223	400.0	400.0	9899	7.735902	11.787118	27.072699	-9.65513	-7.904961	0.051073764	91.12359690666199
10	32.82253	26.702778	68.363884	3.9989471	53.848015	55.611732	139.30377	-36.639656	400.0	400.0	10999	8.090154	13.252342	29.84226	-10.433572	-8.266217	0.064262055	101.73404216766357
11	52.16806	74.67904	114.84207	-52.785606	83.84084	65.0831	318.63385	-5.845107	400.0	400.0	12099	8.381416	14.583153	32.463913	-11.097887	-8.560348	0.07560862	112.24702310562134
12	-19.470121	1.4649613	-17.51489	-21.04101	171.17706	87.14915	330.10013	-41.365746	400.0	400.0	13199	8.915987	15.805573	35.084053	-11.772083	-9.094157	0.08602862	122.06007051467896
13	60.479362	1.8653431	62.344704	58.614017	39.984547	40.262096	101.240944	-54.542023	400.0	400.0	14299	9.259484	16.984423	37.31811	-12.352669	-9.4321375	0.10084883	132.47698330879211
14	93.08172	73.69212	190.31978	11.991731	72.14818	60.797077	219.0775	-33.21272	400.0	400.0	15399	9.953098	18.17817	40.72089	-12.99661	-10.122954	0.12743442	143.10977816581726
15	76.01511	55.886063	125.44754	-2.1071377	115.156845	90.92132	303.24246	-39.07657	400.0	400.0	16499	10.490563	18.880886	41.85148	-13.56444	-10.653953	0.1440001	153.9007112979889
16	86.828735	32.4529	132.21812	58.2486	102.97992	78.101616	240.7943	-30.79973	400.0	400.0	17599	10.740761	19.624117	43.362915	-14.160753	-10.897397	0.147763	165.13604187965393
17	87.73683	56.34747	144.0843	31.389366	79.29699	109.30298	305.7204	-60.779663	400.0	400.0	18699	10.986998	20.587727	45.805042	-14.703253	-11.13873	0.16919068	177.39700746536255
18	99.28943	96.825836	236.08368	25.566376	41.94886	71.83187	265.7184	-52.447266	400.0	400.0	19799	11.297883	21.370546	47.66279	-15.249549	-11.4454565	0.19279297	188.55066442489624
19	26.192978	84.88096	138.9574	-65.83057	67.90433	111.6195	308.33	-61.72014	400.0	400.0	20899	11.173593	21.874636	49.63331	-15.769009	-11.317366	0.24293068	200.82822585105896
20	51.024456	131.5341	232.60664	-74.734695	61.21987	66.68824	203.19632	-48.633778	400.0	400.0	21999	11.177894	22.441969	51.233646	-16.285322	-11.31583	0.27141646	211.84772562980652
21	64.23711	56.182575	120.419685	8.054533	20.025352	47.140457	108.835205	-52.634296	400.0	400.0	23099	11.42393	22.946968	52.995583	-19.825895	-11.563074	0.3506052	224.06740355491638
22	25.254175	53.01295	96.90529	-29.680216	29.431406	50.52136	125.79063	-58.41477	400.0	400.0	24199	11.301854	23.324636	53.933666	-17.0167	-11.443266	0.35091853	234.69641184806824
23	55.092346	92.47746	150.16359	-70.21998	118.62799	109.53528	315.05966	-55.002808	400.0	400.0	25299	11.32462	23.787455	56.236736	-17.295347	-11.463445	0.36409593	245.5345277786255
24	115.84179	133.19434	301.50903	-4.5028033	128.73682	92.93717	323.41367	-20.348577	400.0	400.0	26399	11.681367	24.301416	56.695065	-17.600376	-11.8215065	0.37290728	256.24846363067627
25	61.298813	71.26581	132.56462	-9.966992	111.9479	96.12486	280.86307	-35.472233	400.0	400.0	27499	11.978602	24.732264	59.600136	-17.814796	-12.122546	0.39927202	268.63814187049866
26	110.91379	7.145001	119.9639	102.496666	109.14272	111.14223	312.51147	-40.335606	400.0	400.0	28599	12.454315	25.121634	60.406124	-18.166826	-12.602175	0.4379606	280.6376507282257
27	236.18364	69.56727	286.88785	137.81635	87.19925	83.60566	245.89337	-58.006393	400.0	400.0	29699	13.293083	25.784512	61.154945	-18.535276	-13.442884	0.43447775	292.78984475135803
28	127.68097	97.70206	261.1642	30.032976	39.37359	77.210014	293.77277	-86.76212	400.0	400.0	30799	14.387521	26.533852	62.662872	-18.632893	-14.543014	0.4338896	303.6181387901306
29	71.72175	99.726326	171.44807	-28.004583	116.796005	114.12119	326.60745	-34.694313	400.0	400.0	31899	14.647939	26.815279	63.62148	-18.872929	-14.804822	0.4393968	314.2799162864685
30	69.61181	34.068542	107.661606	24.990856	150.3342	106.539314	319.00354	-20.998592	400.0	400.0	32999	14.787782	27.097216	64.096115	-19.128067	-14.941353	0.44618887	325.4564805030823
31	183.79749	60.247234	266.1806	123.78144	131.96597	95.73396	275.6289	-41.422356	400.0	400.0	34099	15.119738	27.47487	67.0548	-19.133358	-15.267862	0.45100918	337.02238368988037
32	50.77232	24.11467	77.240974	18.91452	98.84932	130.97308	315.98074	-55.48276	400.0	400.0	35199	15.599271	27.742212	68.01048	-19.046568	-15.745136	0.45634648	348.93607354164124
33	142.11923	73.57127	215.6905	68.54796	131.1867	115.72409	308.8504	-33.294483	400.0	400.0	36299	15.640769	27.902746	68.83462	-18.96117	-15.788867	0.49995685	359.409871339798
34	49.015545	40.150852	102.978836	6.7332997	96.9153	92.42282	283.5552	-49.382515	400.0	400.0	37399	15.82664	28.18278	69.15106	-18.799759	-15.981536	0.5364427	370.4261600971222
35	102.60653	95.965866	228.32745	-4.5242147	139.98923	115.27861	299.48846	-40.399635	400.0	400.0	38499	16.324766	28.508503	69.71384	-18.698198	-16.48206	0.5282457	382.43512058258057
36	66.825554	110.49447	199.00449	-71.444855	152.63168	102.7563	297.4491	-36.884727	400.0	400.0	39599	16.589256	28.731762	69.58437	-19.379162	-16.756123	0.56018406	393.7902841567993
37	166.31796	27.43821	193.75618	138.87976	116.095375	96.75862	295.01102	-85.974594	400.0	400.0	40699	16.995337	28.888393	70.346016	-19.229761	-17.170067	0.54243976	405.1431894302368
38	21.138351	82.11702	131.8081	-64.6754	174.89551	100.350876	323.9095	-64.79378	400.0	400.0	41799	17.09992	28.939705	70.87912	-19.188051	-17.289389	0.5357236	417.33160376548767
39	235.44908	57.685875	302.36267	161.5767	265.04553	67.10006	324.35107	59.97965	400.0	400.0	42899	18.009651	29.228128	72.3035	-18.802944	-18.193607	0.54020053	428.4410743713379
40	200.17505	64.21906	284.37756	128.60202	158.65312	81.59591	306.36182	0.5813112	400.0	400.0	43999	18.905773	29.457073	72.92191	-18.893856	-19.088917	0.5327772	439.4635012149811
41	224.32346	50.893852	275.21732	173.42961	215.81169	91.04467	319.92532	-6.665103	400.0	400.0	45099	19.821383	29.710978	73.4718	-19.080778	-20.0072	0.5500591	450.84316515922546
42	253.45732	54.601295	298.95676	176.67703	217.92107	97.832596	322.75238	-56.34581	400.0	400.0	46199	20.806055	29.96196	74.079735	-19.44304	-20.999216	0.5170709	462.9879961013794
43	55.503613	117.77407	192.75003	-94.84268	215.90805	86.394325	301.1106	-57.61398	400.0	400.0	47299	21.470396	30.07335	74.706	-20.112106	-21.66413	0.53681064	474.9229745864868
44	183.94159	72.71197	248.57845	82.36203	208.24722	119.198	325.99103	-76.94916	400.0	400.0	48399	21.886862	30.21347	75.041824	-20.342424	-22.09002	0.57645464	485.9893264770508
45	213.17337	71.757965	284.93134	141.4154	201.05191	126.916565	291.74973	-124.5198	400.0	400.0	49499	22.863499	30.365648	75.39751	-20.797407	-23.079844	0.57090884	497.1907169818878
46	263.09467	32.08481	300.91864	222.4764	208.15352	134.5603	304.44397	-108.1464	400.0	400.0	50599	24.037926	30.659124	76.0114	-20.784447	-24.264395	0.57348025	509.36399245262146
47	251.03496	11.782506	266.59634	238.09445	222.02573	90.94481	309.69894	42.968082	400.0	400.0	51699	25.251308	30.830782	76.42319	-20.92264	-25.483963	0.576671	521.5326981544495
48	138.15968	118.76439	287.26227	-3.3526785	227.07004	75.59633	306.88998	62.159843	400.0	400.0	52799	25.978802	30.965681	77.10507	-21.05916	-26.219318	0.5840709	532.5721037387848
49	274.50098	27.970985	302.47195	246.52998	292.1099	35.055756	330.45084	199.21387	400.0	400.0	53899	27.23953	31.193237	77.564095	-20.714794	-27.490873	0.56139904	542.7625846862793
50	242.19954	49.406277	279.75027	172.3955	239.80962	91.12799	330.6701	-14.23248	400.0	400.0	54999	28.54751	31.4094	78.09596	-20.643267	-28.79391	0.5759132	553.4921522140503
51	262.35217	6.3654337	271.3488	257.5826	287.0705	31.642939	321.85358	188.54288	400.0	400.0	56099	29.735462	31.583742	78.32558	-20.755936	-29.976442	0.5366338	565.3245158195496
52	301.61877	4.3692126	306.87848	296.1806	283.98648	39.44797	322.37994	155.41772	400.0	400.0	57199	30.959448	31.786572	78.75829	-20.59771	-31.192522	0.536972	576.4186773300171
53	301.98315	3.6087492	305.59192	298.37442	268.3962	51.57052	312.18915	86.1505	400.0	400.0	58299	32.20545	32.032997	79.06914	-20.692198	-32.43145	0.5341799	588.7710161209106
54	219.7205	81.7068	303.87292	109.067474	287.3235	29.900951	316.82156	205.89369	400.0	400.0	59399	33.034092	32.25965	79.35891	-20.5478	-33.249718	0.5628376	599.5286576747894
55	273.15353	19.20983	293.81702	247.5479	291.36392	29.468784	323.13663	206.55377	400.0	400.0	60499	33.939377	32.335106	80.70797	-20.708649	-34.148052	0.568119	611.8229105472565
56	267.64426	31.51189	296.30197	223.75952	266.57864	91.77435	323.99277	-111.57297	400.0	400.0	61599	34.91121	32.476048	81.05721	-21.099874	-35.12421	0.58678114	621.6426873207092
57	184.37027	17.742668	202.11295	166.62761	267.38187	65.754776	318.2298	43.31814	400.0	400.0	62699	35.61316	32.52784	81.47906	-21.444307	-35.83051	0.58593816	632.1282513141632
58	249.549	50.431187	296.2667	179.52057	269.3978	38.21307	305.36172	161.75586	400.0	400.0	63799	36.556744	32.512737	81.77232	-21.588575	-36.779266	0.5846674	643.4420022964478
59	246.63306	29.20025	272.55814	205.83351	194.46059	127.91841	309.3993	-32.94364	400.0	400.0	64899	37.340424	32.570404	82.00781	-21.618	-37.56038	0.540759	655.6807301044464
60	263.48654	28.652369	290.52313	223.83006	254.56445	64.93796	299.6137	67.74388	400.0	400.0	65999	38.21074	32.64671	82.30894	-21.637812	-38.427967	0.57869816	667.7490725517273
61	287.9152	1.4489136	289.3641	286.46628	178.8748	126.8315	281.10443	-87.81517	400.0	400.0	67099	39.03883	32.687588	82.3448	-21.509748	-39.25115	0.5563078	679.6614134311676
62	209.66762	54.058304	260.05865	134.68246	265.14343	37.17679	309.00482	199.09953	400.0	400.0	68199	39.704155	32.660316	82.35409	-20.99337	-39.9148	0.52184904	690.8302419185638
63	278.3173	6.8605814	286.79147	269.98843	231.24812	69.61957	285.90848	27.10885	400.0	400.0	69299	40.36789	32.657627	82.42978	-20.744534	-40.579693	0.5161307	702.3364217281342
64	170.80147	151.31306	284.3681	-43.050083	231.20242	102.21937	304.40878	-88.796684	400.0	400.0	70399	41.061604	32.617752	82.46718	-20.14662	-41.274895	0.50649935	714.324227809906
65	281.36884	16.259308	297.62814	265.10953	220.23962	84.34141	305.56775	-85.436134	400.0	400.0	71499	41.61289	32.61064	82.496254	-19.887995	-41.830544	0.5186957	726.4131643772125
66	241.68005	26.721943	273.12726	207.80711	211.4301	90.156906	281.91394	-58.868374	400.0	400.0	72599	42.248055	32.620636	82.606834	-19.361004	-42.48085	0.5081406	738.5022654533386
67	95.14779	132.0836	258.5845	-64.89969	191.6683	109.92374	300.9538	-23.400478	400.0	400.0	73699	43.050133	32.60493	82.83118	-18.636703	-43.29362	0.5133726	749.1199464797974
68	238.02428	35.07257	284.06094	199.01855	229.0594	37.092064	291.47073	149.02776	400.0	400.0	74799	43.47321	32.662598	83.42626	-18.129858	-43.720825	0.6221886	760.1542346477509
69	256.98376	5.3741913	262.35794	251.60956	150.19435	124.29744	304.34634	-109.20985	400.0	400.0	75899	44.24565	32.665375	83.75006	-17.77059	-44.48773	0.6442074	770.7947778701782
70	146.17531	80.824234	216.00703	32.891838	143.96567	120.640274	317.23227	-82.10816	400.0	400.0	76999	44.741066	32.63421	84.226974	-17.815945	-44.973183	0.60102385	781.525378704071
71	200.99007	87.8983	263.74942	76.68507	173.49066	75.70407	289.1742	22.120783	400.0	400.0	78099	45.25787	32.659374	84.577545	-18.128878	-45.488174	0.5775408	792.2940413951874
72	215.84697	51.74301	271.9704	147.1204	190.00607	104.16192	313.6208	-36.071857	400.0	400.0	79199	45.785313	32.642117	84.90255	-18.321085	-46.023266	0.5655772	803.8518657684326
73	109.90203	17.626503	127.528534	92.27553	138.04018	118.14465	337.4904	-55.74997	400.0	400.0	80299	46.138264	32.63197	84.9133	-18.494385	-46.371918	0.56837565	814.8382482528687
74	181.6078	50.32096	252.72232	143.73901	248.57144	77.13599	323.1768	-34.324253	400.0	400.0	81399	46.581665	32.622356	84.9161	-18.769373	-46.816795	0.5844244	825.5464563369751
75	209.05713	95.486305	288.16638	74.72517	239.79874	37.53276	329.56473	157.5827	400.0	400.0	82499	46.80118	32.59529	85.016685	-19.083883	-47.024956	0.5498403	836.0454640388489
76	291.42786	7.613957	302.19336	285.85495	230.95625	107.88096	319.05655	-60.73531	400.0	400.0	83599	47.381348	32.517403	85.247765	-18.990664	-47.603233	0.5820528	847.0635402202606
77	231.62189	51.319305	282.9412	180.30258	235.6022	104.08391	316.38647	-37.934113	400.0	400.0	84699	47.810436	32.453907	85.288	-19.12801	-48.016937	0.6040172	858.0857651233673
78	276.49774	11.401293	291.58716	264.032	224.30484	122.69319	330.22733	-49.114273	400.0	400.0	85799	48.20881	32.371815	85.41973	-19.101814	-48.41024	0.5921044	869.5893270969391
79	197.53096	101.852776	295.84824	57.206196	222.34067	71.50063	319.51837	39.041595	400.0	400.0	86899	48.493584	32.351643	85.55862	-19.121214	-48.690838	0.55288863	881.9092257022858
80	307.59387	3.9148393	312.86996	303.50287	260.04575	52.877712	326.59427	145.94116	400.0	400.0	87999	48.994946	32.29002	85.953156	-19.252415	-49.1914	0.5895879	892.9709849357605
81	254.76387	28.159317	282.9232	226.60455	249.74585	72.085785	310.74344	37.26059	400.0	400.0	89099	49.380882	32.310104	86.34421	-19.598095	-49.574036	0.55851716	903.596449136734
82	263.36145	37.640507	290.38367	210.1318	232.61824	48.263954	309.89188	112.18427	400.0	400.0	90199	49.67982	32.33614	86.69594	-20.256626	-49.867474	0.5367091	914.3352172374725
83	265.79337	32.44459	301.8839	223.21074	214.85942	89.71956	315.52908	16.674177	400.0	400.0	91299	49.93977	32.36047	87.03707	-20.491922	-50.127052	0.5243547	924.9534220695496
84	256.2006	55.983818	300.639	177.23456	243.88274	83.66265	327.73108	61.172	400.0	400.0	92399	50.17458	32.364647	87.47001	-20.503223	-50.365086	0.51675814	939.1407618522644
85	223.2185	35.230194	258.4487	187.98831	275.35953	54.576267	325.13284	129.01358	400.0	400.0	93499	50.632523	32.271385	87.99534	-20.3892	-50.83255	0.5200959	949.3802654743195
86	248.07625	66.068306	300.1117	154.85164	246.09622	54.35213	326.91742	125.5665	400.0	400.0	94599	50.75803	32.24702	88.45096	-20.325972	-50.957657	0.524365	960.1410641670227
87	276.5671	33.511024	302.29755	229.23535	204.04944	39.053066	272.9079	139.97069	400.0	400.0	95699	51.209324	32.14155	89.947716	-21.381277	-51.41025	0.52273726	972.5052452087402
88	269.46793	37.544567	307.54178	218.3814	240.42422	119.313446	322.982	-56.0569	400.0	400.0	96799	51.539173	32.052116	89.42174	-22.032244	-51.744095	0.51346433	984.9534032344818
89	109.69024	188.01682	297.70706	-78.326584	289.2779	74.93616	329.98517	-30.386766	400.0	400.0	97899	51.68749	32.15018	89.785614	-22.282932	-51.888462	0.5491874	995.7917747497559
90	272.37402	17.544937	288.56555	247.99596	251.56425	96.353745	314.78693	-89.84642	400.0	400.0	98999	51.97306	32.154957	89.9067	-22.730518	-52.16997	0.5080499	1005.2961025238037
91	286.17212	6.498453	293.69833	277.84152	258.22525	76.63855	335.2207	-49.020042	400.0	400.0	100099	52.385616	32.09383	89.47753	-23.383915	-52.598072	0.5134588	1015.752277135849
92	245.26482	64.73718	308.18686	156.2107	184.22899	175.57182	326.27783	-170.49135	400.0	400.0	101199	52.74718	32.10744	89.654945	-24.828327	-52.961918	0.5242306	1028.2008278369904
93	151.43315	134.15852	285.59167	17.27464	254.86047	96.9311	311.57974	-138.40211	400.0	400.0	102299	52.989643	32.14357	89.22689	-24.917885	-53.212364	0.5218447	1039.7439441680908
94	274.514	8.774707	286.4454	265.59454	285.27652	21.063967	306.16727	230.2059	400.0	400.0	103399	53.35016	32.134117	88.93475	-25.091267	-53.568127	0.49908635	1052.203407049179
95	287.4762	7.478241	294.82068	277.2138	205.71748	166.10997	316.63376	-140.74287	400.0	400.0	104499	53.81047	32.049072	87.50635	-25.564777	-54.029297	0.47261962	1063.58300614357
96	294.85522	0.4233959	295.18134	294.25726	291.98026	15.686953	313.27832	254.12718	400.0	400.0	105599	54.18778	32.02606	89.053474	-25.672735	-54.399426	0.45431203	1075.4983854293823
97	258.48572	6.9776993	265.4634	251.50801	276.96173	96.34289	316.81525	-136.51172	400.0	400.0	106699	54.523396	31.958115	88.38976	-25.812975	-54.743004	0.4572434	1085.9710805416107
98	289.44177	15.988391	310.0312	271.05386	264.35663	87.85894	318.9629	-106.76224	400.0	400.0	107799	54.90504	31.89937	88.72188	-25.556492	-55.123447	0.45648706	1095.6289701461792
99	264.8697	23.364414	289.27365	233.37578	247.1023	119.76406	316.5042	-105.309395	400.0	400.0	108899	55.383987	31.742615	88.36773	-25.354479	-55.599106	0.45633686	1106.4362800121307
100	306.16953	5.3480916	313.5906	301.19464	272.38135	100.17527	316.39722	-159.98474	400.0	400.0	109999	55.703136	31.730762	88.138954	-24.809166	-55.920673	0.45059565	1117.031021118164
101	300.89105	0.39753723	301.2886	300.49353	279.35233	52.87593	322.86093	72.68056	400.0	400.0	111099	56.046505	31.750593	88.251015	-24.610697	-56.260624	0.46430615	1127.8281712532043
102	301.85867	9.750869	310.27094	288.18973	297.1459	33.68884	325.48727	178.51831	400.0	400.0	112199	56.44516	31.71963	88.23669	-24.037266	-56.658844	0.42484722	1138.6557335853577
103	281.9336	29.96965	308.95984	240.1458	289.42853	56.558956	327.8361	122.33054	400.0	400.0	113299	56.793743	31.693102	88.63466	-24.231422	-57.00206	0.42461938	1149.4179725646973
104	285.12222	6.3890443	291.03293	276.24847	283.8419	108.57644	335.04578	-178.00319	400.0	400.0	114399	57.04663	31.664503	89.01709	-24.084301	-57.24659	0.42053905	1162.0042316913605
105	282.6548	27.642593	310.2974	255.0122	289.57407	70.09436	332.79956	95.04722	400.0	400.0	115499	57.312588	31.607656	89.97478	-24.074648	-57.505665	0.410992	1174.4350202083588
106	293.07077	19.416605	314.90286	267.7316	265.62665	119.41856	339.2701	-95.379585	400.0	400.0	116599	57.531727	31.575064	89.926636	-23.715572	-57.71644	0.41948363	1185.7707545757294
107	307.3592	8.628882	318.74176	297.85815	308.73322	22.599174	335.09964	241.6414	400.0	400.0	117699	57.730927	31.51691	89.84593	-23.761728	-57.91368	0.4244256	1197.1354253292084
108	274.4856	53.521935	312.67883	198.79521	245.96895	152.86816	328.6268	-134.54367	400.0	400.0	118799	57.95421	31.418491	89.83362	-23.855597	-58.13769	0.43414497	1209.660570859909
109	91.26405	224.41472	315.67877	-133.15067	288.8869	17.456911	319.02768	251.6942	400.0	400.0	119899	58.064377	31.354689	89.589745	-23.284647	-58.24888	0.40942872	1220.9280529022217
110	161.14241	186.35832	300.1693	-102.2725	274.59155	82.525215	332.97195	-45.63067	400.0	400.0	120999	58.026768	31.423803	89.53498	-23.15055	-58.211243	0.42180678	1233.0770721435547
111	301.6901	12.688379	318.81754	288.49164	298.66962	42.283863	330.68768	173.85457	400.0	400.0	122099	58.173363	31.41787	89.42079	-23.129211	-58.359146	0.44130486	1244.4420595169067
112	311.37863	4.7774343	315.22955	304.6455	274.7195	98.60097	322.14435	-144.32367	400.0	400.0	123199	58.383873	31.38107	89.32402	-23.648129	-58.569744	0.4405718	1254.9436314105988
113	278.98737	20.721252	299.70862	258.2661	308.18744	16.420462	326.19177	265.37543	400.0	400.0	124299	58.56299	31.397354	89.09182	-24.301853	-58.748356	0.43414134	1266.2048916816711
114	305.15857	7.3555675	315.4246	298.57193	303.09015	21.517614	328.4232	233.54622	400.0	400.0	125399	58.91872	31.230553	88.978065	-24.980526	-59.114006	0.39827546	1276.885686159134
115	281.23642	21.870682	303.46133	251.49522	242.76224	124.6453	316.84167	-56.92722	400.0	400.0	126499	59.172348	31.19942	89.005424	-25.73928	-59.36053	0.4142655	1287.8320653438568
116	151.48987	183.39635	310.09158	-105.533966	254.10393	116.82677	328.3596	-91.49701	400.0	400.0	127599	59.18585	31.331625	89.02099	-30.94572	-59.384808	0.42357343	1298.681048154831
117	260.7947	25.453697	286.2484	235.34102	257.61798	110.033516	317.0114	-88.673485	400.0	400.0	128699	59.452778	31.323383	88.827446	-31.27647	-59.652416	0.4492906	1309.3589224815369
118	188.75598	95.36665	271.13275	55.08652	258.57053	91.93534	314.3901	-112.69765	400.0	400.0	129799	59.652355	31.306383	88.791176	-31.47538	-59.85203	0.48168957	1320.9374203681946
119	152.87599	171.81306	297.3884	-88.54498	246.50337	122.478424	325.86536	-141.12996	400.0	400.0	130899	59.902786	31.183823	88.98154	-31.969093	-60.104736	0.48088285	1331.82790517807
120	294.1888	2.301167	296.92966	291.2989	280.2303	26.560072	312.9269	195.46376	400.0	400.0	131999	59.94054	31.313324	89.88337	-32.78048	-60.13821	0.4648632	1342.3600945472717
121	269.6134	24.322243	293.93564	245.29115	294.25555	23.84815	322.6945	215.80446	400.0	400.0	133099	60.187267	31.289627	88.14482	-33.400555	-60.382023	0.4669049	1353.65199136734
122	256.77295	63.0264	302.9033	167.65866	286.41522	28.645878	317.20624	195.24239	400.0	400.0	134199	60.437435	31.189104	88.336845	-34.029922	-60.63993	0.45355424	1366.133198261261
123	265.4128	40.11033	300.36835	209.246	268.09656	82.30769	325.0004	-48.586113	400.0	400.0	135299	60.6963	31.166409	88.31507	-34.530777	-60.896576	0.4884855	1376.6033947467804
124	296.56955	14.743946	316.31552	280.89587	261.06522	127.41941	329.4566	-129.90686	400.0	400.0	136399	60.97287	31.106611	88.62188	-35.52947	-61.179665	0.48254776	1387.4023616313934
125	312.37012	6.4450226	318.81516	305.9251	278.1949	95.874664	324.66837	-128.19518	400.0	400.0	137499	61.296387	31.032482	89.485504	-36.24746	-61.49705	0.46602505	1398.052175283432
126	169.78156	204.17041	320.6981	-118.85853	234.4356	127.813545	308.64304	-97.80359	400.0	400.0	138599	61.336205	31.1792	88.633934	-37.17194	-61.5357	0.5176143	1408.7201027870178
127	303.89297	8.653859	313.20142	292.35773	255.77304	107.682556	317.98886	-90.82683	400.0	400.0	139699	61.45384	31.197487	89.72626	-37.15677	-61.647614	0.5241396	1419.615642786026
128	185.75879	100.5075	274.82556	45.293312	243.96887	111.24402	312.11365	-108.54506	400.0	400.0	140799	61.57929	31.170584	88.53118	-37.288857	-61.763557	0.45544055	1430.5707862377167
129	281.47723	12.859116	294.33633	268.6181	275.24347	45.539566	312.04456	90.48755	400.0	400.0	141899	61.771606	31.040432	89.6175	-37.359844	-61.96549	0.48876476	1441.5706112384796
130	270.3624	27.917572	293.98822	231.15512	283.28516	32.08409	312.3076	182.41328	400.0	400.0	142999	61.889904	31.093843	88.56605	-37.125397	-62.07767	0.43328142	1452.6008839607239
131	256.75833	28.437807	296.63196	232.27895	275.72336	41.71011	320.06616	154.73486	400.0	400.0	144099	62.04006	31.017609	89.040115	-36.68664	-62.22611	0.47948596	1463.3463020324707
132	266.1564	21.047752	287.18018	237.39589	231.03052	84.29673	305.9576	75.146645	400.0	400.0	145199	62.289913	30.88267	89.14256	-36.966633	-62.47544	0.46273607	1474.305025100708
133	230.58052	3.072464	233.65298	227.50806	268.77966	66.14484	305.7222	-6.7844014	400.0	400.0	146299	62.328064	30.89891	89.54931	-36.899498	-62.512863	0.43006358	1484.95378947258
134	283.8516	5.0565143	287.92316	276.72473	265.777	97.22062	305.00815	-154.70982	400.0	400.0	147399	62.426144	30.848635	89.723076	-37.08613	-62.607117	0.45898777	1496.096039533615
135	252.46686	11.549454	262.16144	236.23555	268.11066	58.272163	310.00708	50.176205	400.0	400.0	148499	62.490757	30.844374	89.77342	-37.099926	-62.669937	0.4772001	1507.0806465148926
136	264.42517	19.230278	279.31644	237.27185	270.5757	37.70497	317.18182	160.21259	400.0	400.0	149599	62.7536	30.67028	89.93314	-37.61625	-62.936577	0.44790706	1517.6997208595276
137	279.7444	0.8903351	280.63474	278.85406	255.29243	93.97881	295.16074	-149.52481	400.0	400.0	150699	62.78941	30.726854	89.94644	-38.100826	-62.974686	0.44542506	1528.485300540924
138	257.91443	6.6282544	266.55023	250.43935	260.9111	21.609955	309.7085	221.10579	400.0	400.0	151799	62.894173	30.731092	89.93502	-37.518875	-63.078438	0.4596375	1539.5479431152344
139	264.8571	27.34349	297.5841	230.65524	265.36893	28.41894	302.0677	192.2221	400.0	400.0	152899	63.08536	30.610386	89.831566	-37.464893	-63.264217	0.44467852	1549.7244155406952
140	253.13222	11.533163	268.7038	241.14342	256.46835	91.51601	308.92218	-135.11699	400.0	400.0	153999	63.179024	30.580065	89.75932	-37.854885	-63.36032	0.47680885	1560.050888299942
141	264.87012	4.4767303	269.34686	260.3934	251.1962	62.478703	296.1832	69.00951	400.0	400.0	155099	63.304146	30.532858	89.55894	-38.11679	-63.49172	0.4364001	1572.673493862152
142	233.5009	28.430347	265.87387	196.66447	237.14587	93.89854	307.08047	-63.964413	400.0	400.0	156199	63.45251	30.502438	89.90214	-38.047073	-63.638687	0.41035494	1583.1959166526794
143	282.6525	1.4072704	284.31506	280.87384	251.5739	94.402214	317.9424	-114.62356	400.0	400.0	157299	63.697613	30.392714	90.26659	-37.737526	-63.88316	0.4179654	1594.066151857376
144	250.64009	17.516499	263.25836	225.86949	209.21976	111.11271	287.8637	-111.01778	400.0	400.0	158399	63.756844	30.416096	90.13628	-36.391193	-63.941067	0.42625278	1604.8731153011322
145	268.38586	8.182419	276.56827	260.20343	280.14972	18.837313	301.2638	220.40524	400.0	400.0	159499	63.94741	30.305098	90.027756	-36.32217	-64.132706	0.40286338	1614.916390657425
146	284.52493	5.2597227	291.33832	278.5336	277.41705	31.69995	299.7702	146.57979	400.0	400.0	160599	64.09788	30.301245	89.95538	-36.10022	-64.28031	0.40699545	1626.5965313911438
147	211.27887	109.532524	290.13766	56.38506	274.4234	28.619196	307.3883	215.46678	400.0	400.0	161699	64.22021	30.196077	89.97167	-36.200237	-64.39952	0.39469448	1638.6940004825592
148	283.31238	7.595341	290.8729	272.92435	223.23906	123.48877	302.05298	-124.34068	400.0	400.0	162799	64.19641	30.199535	90.053406	-36.497276	-64.38575	0.41637212	1649.8369853496552
149	286.821	2.4331055	289.25412	284.3879	245.04253	76.23337	318.5152	-60.87005	400.0	400.0	163899	64.44172	29.995932	90.04864	-36.433727	-64.62094	0.38200605	1661.0210719108582
150	263.3223	27.885695	302.7235	242.1809	271.61444	31.073397	311.2634	172.52405	400.0	400.0	164999	64.51715	29.917694	90.27668	-36.4424	-64.69945	0.38313904	1672.5428817272186
151	267.95837	28.083942	294.4925	229.098	256.97122	21.115263	280.3297	186.20686	400.0	400.0	166099	64.68381	29.759703	90.36272	-36.629215	-64.85891	0.40473664	1683.3683910369873
152	246.15288	49.18196	293.26437	178.28372	272.40494	34.441437	312.25604	195.45761	400.0	400.0	167199	64.69095	29.692194	90.47805	-36.904	-64.874275	0.39757785	1695.007761478424
153	249.12515	17.652046	266.7772	231.4731	279.032	28.033741	302.79886	174.88272	400.0	400.0	168299	64.809784	29.587196	90.52176	-37.646217	-64.993095	0.38184166	1706.2877168655396
154	271.66632	19.500134	298.35464	252.30693	280.27213	38.88262	332.23026	190.33365	400.0	400.0	169399	64.92992	29.47576	90.55834	-37.99786	-65.10618	0.35643527	1717.6248652935028
155	285.89627	9.368903	296.30222	273.59036	266.39972	39.969677	316.18845	145.9004	400.0	400.0	170499	65.13568	29.327045	90.51299	-37.44717	-65.30916	0.38696805	1730.0432651042938
156	203.96552	107.95006	306.6661	54.792606	285.55133	29.544373	320.97754	195.71446	400.0	400.0	171599	65.12706	29.279531	90.56914	-36.902527	-65.28921	0.36348063	1740.735080242157
157	285.3111	38.616875	323.92798	246.69423	231.96118	98.40502	312.89597	-14.439251	400.0	400.0	172699	65.01972	29.343035	90.360985	-36.27041	-65.18755	0.35571176	1753.2247269153595
158	276.95627	20.647322	299.8551	249.81609	269.23956	62.390903	314.90054	59.83311	400.0	400.0	173799	65.08607	29.334904	90.36624	-35.816845	-65.25082	0.34597528	1764.4798057079315
159	271.50204	30.650671	295.2947	228.22694	272.2797	35.25864	310.93515	183.54285	400.0	400.0	174899	65.13089	29.305182	90.23352	-35.663834	-65.29981	0.3591096	1776.7711250782013
160	257.95676	44.987934	298.2638	195.17252	273.55603	39.94271	311.0814	174.08693	400.0	400.0	175999	65.168045	29.304674	90.29467	-35.437237	-65.33244	0.3605985	1787.5188553333282
161	263.2312	13.4110565	276.64227	249.82016	265.47858	48.895927	317.4085	183.29396	400.0	400.0	177099	65.22328	29.27422	90.38839	-35.489075	-65.38321	0.36380816	1798.3104062080383
162	261.19516	50.003464	297.9694	190.49876	284.5561	23.420736	321.3432	243.04579	400.0	400.0	178199	65.243454	29.2601	90.28544	-35.484684	-65.41243	0.37532726	1808.137508392334
163	269.31525	26.487083	293.90143	232.54791	274.93063	78.73014	315.57632	-60.678474	400.0	400.0	179299	65.40625	29.159029	90.3212	-35.533333	-65.56661	0.37027216	1817.8750903606415
164	282.6237	19.480438	308.52588	261.54617	288.52386	22.959734	318.6371	219.7212	400.0	400.0	180399	65.40796	29.169428	90.19338	-36.15167	-65.56952	0.3527984	1828.7982375621796
165	282.46802	17.567886	300.0359	264.90012	278.8434	35.90375	326.03143	184.30205	400.0	400.0	181499	65.44217	29.156801	89.989555	-36.632687	-65.60582	0.35512334	1841.320638179779
166	294.663	5.31679	300.56512	287.67758	301.6618	25.510977	327.4998	237.5619	400.0	400.0	182599	65.47787	29.187754	89.84505	-37.312138	-65.63398	0.34559074	1852.5705721378326
167	261.98727	16.137728	274.0035	239.17598	274.976	37.879093	316.62482	193.39874	400.0	400.0	183699	65.52992	29.174234	89.74785	-37.96358	-65.68782	0.37176764	1864.958182811737
168	268.82248	20.341501	297.5788	253.75842	286.03174	31.119396	315.67914	184.41937	400.0	400.0	184799	65.59303	29.139977	89.37796	-38.725483	-65.75152	0.35243964	1875.5764763355255
169	271.71863	15.447098	287.16574	256.27155	287.37964	37.674915	326.38007	154.96655	400.0	400.0	185899	65.600075	29.163403	89.15607	-39.46204	-65.75445	0.3567816	1886.0663888454437
170	247.66643	12.392482	262.66434	232.31525	278.6228	19.254074	311.45218	245.14157	400.0	400.0	186999	65.69309	29.081898	88.825714	-39.898296	-65.854706	0.3557416	1896.6081144809723
171	233.17607	67.15566	307.5153	144.81969	285.97516	34.06179	318.09042	170.92104	400.0	400.0	188099	65.64786	29.144838	88.725136	-40.302357	-65.80388	0.3534614	1907.3506677150726
172	272.03708	19.319706	287.0426	244.76054	295.02362	16.438784	329.29922	262.8732	400.0	400.0	189199	65.77504	29.004337	88.82378	-40.892673	-65.93059	0.35493574	1917.4029989242554
173	266.83176	4.033325	270.86508	262.79843	298.73032	13.921309	319.76706	262.8969	400.0	400.0	190299	65.779686	29.009254	88.80005	-40.96562	-65.93576	0.34223843	1928.4554040431976
174	301.92087	4.9570103	305.77783	294.9228	285.5381	95.770676	325.6639	-126.580795	400.0	400.0	191399	65.851616	28.970957	88.81264	-41.371426	-66.00801	0.32739297	1940.6940894126892
175	304.78528	4.71299	311.4243	300.9548	287.73965	26.035946	318.40924	210.29095	400.0	400.0	192499	65.95142	28.886208	88.87742	-41.558765	-66.10696	0.33620754	1951.479152917862
176	300.15173	10.273583	314.3636	290.43103	297.51764	22.95507	326.1621	248.3338	400.0	400.0	193599	65.95051	28.906908	88.895706	-41.95942	-66.10853	0.3121983	1962.9035229682922
177	295.22574	8.710693	303.93643	286.51505	277.90405	107.75111	324.29193	-184.76833	400.0	400.0	194699	66.0998	28.822567	88.87163	-41.93573	-66.2546	0.32392946	1974.340814113617
178	300.74063	5.787479	308.753	295.28735	261.597	110.554085	320.0408	-165.89919	400.0	400.0	195799	66.10411	28.803371	88.66753	-41.99702	-66.256676	0.32949558	1986.5950992107391
179	290.11618	9.527376	303.40897	281.5638	297.05112	20.49077	324.9336	247.54886	400.0	400.0	196899	66.12251	28.810984	88.49176	-42.23655	-66.277916	0.3092369	1997.170438528061
180	306.8231	0.9267226	307.51172	305.51306	275.09424	102.00751	332.09558	-147.39447	400.0	400.0	197999	66.27089	28.69689	88.5088	-42.55277	-66.42479	0.31513572	2007.6448740959167
181	285.7364	22.501144	308.23752	263.23523	303.3367	23.057362	331.0744	242.26498	400.0	400.0	199099	66.33562	28.622908	88.53753	-42.41016	-66.48653	0.29156628	2018.5052394866943
182	295.38254	19.39669	316.82104	269.84302	300.85532	28.064535	332.203	228.05807	400.0	400.0	200199	66.31659	28.650703	88.597595	-42.25773	-66.465866	0.29668206	2028.2468111515045
183	283.53275	22.700104	312.24924	256.74612	300.0248	20.501562	334.17743	254.80084	400.0	400.0	201299	66.30323	28.659225	88.411865	-41.68649	-66.45057	0.28684035	2039.8433198928833
184	280.2751	20.200039	298.30194	252.06955	289.90955	30.137663	329.5275	203.64783	400.0	400.0	202399	66.42329	28.494516	88.27039	-40.587093	-66.575714	0.28171536	2051.1967408657074
185	294.56516	3.6973877	298.26254	290.86777	281.64023	42.26917	333.10696	180.61555	400.0	400.0	203499	66.50549	28.416801	87.96837	-37.918663	-66.657074	0.29025584	2061.860721349716
186	294.66196	22.014175	320.39096	266.61688	300.34128	20.293943	327.95474	224.45383	400.0	400.0	204599	66.550156	28.38368	87.7725	-36.49449	-66.69823	0.27326727	2073.381693124771
187	294.40512	30.056559	317.02338	251.9286	308.11487	24.4855	330.07785	243.07497	400.0	400.0	205699	66.5413	28.334457	87.53092	-36.369953	-66.69007	0.27834916	2085.6622772216797
188	288.62216	18.539454	309.61514	264.5228	230.1799	129.4193	328.63928	-116.72533	400.0	400.0	206799	66.68801	28.152224	87.406265	-36.06535	-66.83885	0.27227333	2096.3351497650146
189	286.22064	18.29747	304.51813	267.9232	283.0666	24.081718	314.9181	229.90285	400.0	400.0	207899	66.71117	28.105196	87.3326	-36.242336	-66.86371	0.2851862	2108.4799420833588
190	239.6867	53.080784	307.17944	177.48155	282.3121	45.32002	332.37625	162.14629	400.0	400.0	208999	66.788765	28.02944	87.24397	-36.124775	-66.93912	0.27680898	2119.173237800598
191	311.38376	5.6565137	316.93253	303.6191	273.50977	31.910795	311.74216	174.42772	400.0	400.0	210099	66.872536	27.958252	87.25126	-35.8568	-67.02294	0.2747038	2129.847427368164
192	304.21814	6.735266	313.19574	296.97293	280.92242	89.14844	332.88254	-49.116653	400.0	400.0	211199	66.91878	27.926388	87.341255	-35.951714	-67.06792	0.27798817	2142.144217967987
193	294.29144	10.614059	304.9055	283.67737	296.45667	32.211758	330.79922	209.71657	400.0	400.0	212299	66.981575	27.90056	87.41246	-37.009377	-67.131546	0.2768704	2153.438278198242
194	278.12442	29.917028	317.5046	245.03867	295.38483	23.573994	325.28323	228.63698	400.0	400.0	213399	67.03989	27.917538	87.36559	-37.556293	-67.19122	0.27401966	2163.8145728111267
195	175.7417	186.18785	314.27914	-87.445595	293.6285	30.165146	332.69543	234.78365	400.0	400.0	214499	67.15028	27.76083	87.25317	-37.995823	-67.302345	0.28076017	2174.4768838882446
196	288.95288	14.603678	303.32834	268.9234	291.25262	28.73562	325.4977	218.80463	400.0	400.0	215599	67.202415	27.789299	87.15512	-37.740032	-67.35725	0.30180824	2185.5058703422546
197	293.98624	12.902466	306.8887	281.08377	260.76825	88.58436	316.0403	-109.40755	400.0	400.0	216699	67.32545	27.73998	87.054794	-37.579487	-67.48636	0.27796713	2195.4867939949036
198	270.17337	11.0781	285.52597	259.7934	283.9708	29.782404	326.2039	185.24132	400.0	400.0	217799	67.44882	27.697054	86.85252	-37.33673	-67.60774	0.28938666	2206.830475091934
199	284.98892	28.722736	320.54077	250.19704	275.09824	90.44999	320.0508	-107.931145	400.0	400.0	218899	67.4664	27.771883	86.86217	-37.323044	-67.62395	0.28860253	2218.778776407242
200	295.3662	13.344892	308.3077	276.99936	257.61203	85.76799	316.1731	-102.93265	400.0	400.0	219999	67.54217	27.735836	87.3059	-37.314835	-67.70406	0.2962742	2230.005119562149
201	305.498	14.4809265	319.9789	291.01706	278.29364	58.200108	319.54358	70.7897	400.0	400.0	221099	67.70795	27.620209	86.89352	-38.757504	-67.86775	0.28775817	2241.422575712204
202	250.22041	81.990295	311.04926	134.31622	268.36563	86.84917	313.8369	-102.35865	400.0	400.0	222199	67.778885	27.604494	87.0846	-38.651463	-67.93132	0.26292375	2252.838756084442
203	301.2207	5.489188	305.2788	293.46054	287.16675	26.507298	316.1187	205.00827	400.0	400.0	223299	67.836494	27.613222	86.894775	-39.7496	-67.9908	0.27224076	2263.7856872081757
204	248.82764	38.931347	294.59167	199.43686	292.9409	18.470863	316.9118	249.51994	400.0	400.0	224399	67.92537	27.578398	86.825935	-39.709423	-68.080864	0.27834907	2274.019999027252
205	298.73083	7.5292053	306.26004	291.20163	280.5629	45.892826	320.24466	113.30932	400.0	400.0	225499	68.019	27.497648	86.82124	-40.236553	-68.169586	0.26849383	2285.3293595314026
206	283.15283	10.56984	296.91928	271.22522	266.6652	106.896866	322.37845	-184.40065	400.0	400.0	226599	68.04499	27.549217	87.026825	-41.011112	-68.19919	0.27820063	2296.791296482086
207	286.28146	26.686705	306.9302	248.59851	298.9326	19.389307	323.93008	264.75497	400.0	400.0	227699	68.10684	27.462	87.0718	-41.33942	-68.25352	0.28020662	2308.350243330002
208	145.06322	163.4944	261.38608	-86.151306	295.7022	24.907063	317.78656	212.45839	400.0	400.0	228799	68.09178	27.523582	86.961395	-41.956047	-68.23912	0.26530084	2320.8448357582092
209	279.05017	0.102767944	279.15292	278.9474	276.65735	45.81169	322.4147	143.85129	400.0	400.0	229899	68.15259	27.425016	86.98442	-41.951065	-68.3005	0.27291375	2331.569912672043
210	281.50134	10.517579	289.42538	266.6381	290.544	20.051714	320.42654	249.95894	400.0	400.0	230999	68.13995	27.458624	86.73057	-41.777218	-68.2887	0.29464334	2343.0833094120026
211	304.17178	5.721815	310.64023	296.72708	297.83978	17.896235	318.6521	247.13023	400.0	400.0	232099	68.3098	27.281178	86.62427	-40.59702	-68.45705	0.28446668	2354.3848526477814
212	278.34485	33.044693	305.55487	231.83636	286.9708	19.881252	319.60254	238.65578	400.0	400.0	233199	68.24961	27.346548	86.65664	-40.37168	-68.3943	0.2647148	2365.1039640903473
213	282.81897	17.265259	300.08423	265.5537	286.96454	26.356169	328.34232	236.26431	400.0	400.0	234299	68.370735	27.164028	87.91595	-40.43445	-68.513	0.2574095	2376.1119027137756
214	256.00635	23.058664	288.53714	237.7755	290.39334	29.336674	320.56195	209.97495	400.0	400.0	235399	68.33638	27.16557	86.668304	-40.669544	-68.47851	0.27343678	2387.175632715225
215	281.27762	23.894255	314.41623	258.98306	295.83472	22.361197	331.567	241.45831	400.0	400.0	236499	68.37939	27.082607	86.630264	-40.075855	-68.52241	0.2747961	2398.4652755260468
216	291.7419	14.175204	311.77533	281.09128	289.35135	62.363518	325.7941	28.067251	400.0	400.0	237599	68.44402	26.97014	86.53965	-39.528324	-68.58704	0.2522829	2409.270161151886
217	301.54022	8.07164	309.61188	293.4686	290.28058	31.18846	325.6501	212.94278	400.0	400.0	238699	68.56667	26.84959	86.77727	-39.755013	-68.70838	0.25020307	2419.9501621723175
218	284.1763	17.536135	308.9448	270.7127	296.4633	25.840004	326.36234	192.96518	400.0	400.0	239799	68.53041	26.86684	86.89108	-38.788593	-68.67224	0.24889138	2431.0067155361176
219	291.0712	20.596663	318.45743	268.78564	294.16144	22.390755	322.20535	234.11958	400.0	400.0	240899	68.597275	26.757029	87.13296	-38.37141	-68.741	0.2659356	2441.8276464939117
220	303.2262	3.7693603	308.50012	299.91742	300.17987	25.36664	329.96658	227.4735	400.0	400.0	241999	68.623566	26.69666	87.106064	-38.69709	-68.764	0.25809819	2452.7763936519623
221	295.3028	4.5451202	299.8479	290.75766	295.2245	28.670492	327.94748	199.36699	400.0	400.0	243099	68.67303	26.57038	87.247116	-39.032856	-68.81296	0.28299427	2463.8129596710205
222	292.9813	31.552067	321.76004	249.05994	291.4804	61.33495	329.81396	43.163635	400.0	400.0	244199	68.761536	26.461325	87.233315	-38.99117	-68.89933	0.2643099	2474.628267765045
223	274.45572	25.733315	297.4305	238.52608	310.04156	18.664484	330.7619	263.04437	400.0	400.0	245299	68.71201	26.472698	87.053986	-38.678432	-68.84941	0.27356973	2486.132583618164
224	312.30075	4.9493675	319.29886	308.68243	280.18857	106.4209	329.89172	-178.03802	400.0	400.0	246399	68.823494	26.325068	86.99151	-38.65473	-68.960175	0.26104197	2498.7218585014343
225	300.46893	0.53019714	300.9991	299.93872	304.7249	21.384893	326.4551	228.1635	400.0	400.0	247499	68.76633	26.354609	87.25406	-38.083202	-68.90386	0.25533894	2509.6272530555725
226	305.07462	4.4286757	308.2093	298.81155	280.7383	108.68056	322.81573	-183.20663	400.0	400.0	248599	68.89812	26.157759	87.27368	-37.708427	-69.03651	0.28333506	2520.4727659225464
227	308.03162	5.255358	314.0432	301.24115	227.60117	137.28004	323.48926	-120.46428	400.0	400.0	249699	68.9626	26.027916	87.34357	-37.287872	-69.10257	0.24052149	2531.401680469513
228	296.81906	16.128191	317.70068	278.4318	308.4356	16.51229	327.2811	265.40976	400.0	400.0	250799	69.03068	25.948784	87.51829	-37.577168	-69.16699	0.2563336	2542.168165922165
229	306.12885	12.332809	318.46167	293.79605	308.37363	31.967691	328.63193	176.95325	400.0	400.0	251899	69.07717	25.843882	87.43527	-38.125256	-69.214	0.23858021	2552.7647845745087
230	298.12756	22.227964	318.69293	267.2555	290.67966	51.387486	328.38538	79.949875	400.0	400.0	252999	69.10359	25.82115	87.44612	-38.273872	-69.24416	0.24750139	2562.71258687973
231	274.5325	55.12261	315.31934	196.60582	283.9792	24.153938	321.9902	221.0114	400.0	400.0	254099	69.1189	25.837063	87.414635	-38.016773	-69.25987	0.26320812	2573.5952146053314
232	307.082	2.7058938	310.83243	304.54837	287.08237	45.33187	318.4908	107.33686	400.0	400.0	255199	69.24582	25.729286	90.3194	-40.309536	-69.38842	0.26310536	2584.6601946353912
233	240.99878	65.255806	306.25458	175.74297	291.01932	22.068832	323.88843	228.79039	400.0	400.0	256299	69.35373	25.588299	90.71413	-43.069313	-69.49508	0.26480547	2595.375832080841
234	311.25558	0.8787751	312.315	310.1632	300.5194	21.43881	328.03513	255.59811	400.0	400.0	257399	69.3609	25.600288	90.421524	-45.07571	-69.4981	0.25796974	2606.043143749237
235	301.92725	8.754167	311.50012	290.34204	302.03683	21.17231	325.98947	246.57124	400.0	400.0	258499	69.498116	25.438757	89.84082	-46.73674	-69.6339	0.23610471	2617.4081904888153
236	294.4515	8.342291	306.24545	288.29404	290.92188	48.401325	325.25214	98.10182	400.0	400.0	259599	69.43356	25.548605	89.66004	-47.938503	-69.57006	0.24624223	2628.275972366333
237	289.88702	17.517227	307.40427	272.3698	274.07993	95.29755	329.208	-128.71033	400.0	400.0	260699	69.52609	25.503862	89.68765	-48.8059	-69.661095	0.25998023	2639.0607104301453
238	302.3068	9.52953	310.61108	288.96243	298.75067	22.889992	323.77176	249.3453	400.0	400.0	261799	69.596794	25.423306	89.96799	-49.723595	-69.72972	0.24731925	2651.363079547882
239	290.82446	6.5051603	298.80017	282.86588	298.2064	21.214882	320.57816	229.07405	400.0	400.0	262899	69.58005	25.475368	89.258	-51.72556	-69.71544	0.26212958	2662.2795548439026
240	280.30905	15.321458	296.689	259.8352	270.26373	103.892944	328.24258	-123.840904	400.0	400.0	263999	69.792595	25.259132	89.1387	-52.739914	-69.92656	0.24349158	2672.976942539215
241	292.83762	11.699402	304.53702	281.1382	306.72644	14.228917	324.00882	265.70935	400.0	400.0	265099	69.70575	25.403837	88.84152	-53.996407	-69.83706	0.2590831	2683.817353248596
242	299.23807	13.195796	317.29443	286.12704	305.43488	20.794968	335.0323	257.8423	400.0	400.0	266199	69.82309	25.307005	88.5245	-54.12099	-69.95578	0.2575891	2694.867119073868
243	280.7396	9.730417	289.85992	267.25552	298.47714	18.01275	324.54517	264.17807	400.0	400.0	267299	69.88757	25.255102	89.047554	-55.000633	-70.01945	0.2661888	2705.8901438713074
244	306.8042	5.5929446	314.71298	302.75143	264.48334	135.10434	335.83255	-156.23764	400.0	400.0	268399	69.81658	25.389257	88.99624	-56.06418	-69.94621	0.24600103	2718.2658190727234
245	297.25226	8.132248	305.3845	289.12	303.94598	17.573334	329.45084	261.56763	400.0	400.0	269499	69.910965	25.306423	89.01621	-56.721912	-70.03338	0.24630071	2729.6702115535736
246	285.78232	20.36028	308.4653	259.08102	297.72888	17.81822	325.54303	267.0932	400.0	400.0	270599	69.88749	25.311785	89.55494	-57.01207	-70.0088	0.24360366	2740.2774617671967
247	302.84036	6.405971	309.85638	294.36887	287.59647	32.14555	319.2602	215.33157	400.0	400.0	271699	69.81891	25.419724	89.760315	-57.4936	-69.938644	0.23476629	2751.688158273697
248	297.30942	8.013449	303.71686	286.01056	301.81683	21.464417	335.0646	250.10992	400.0	400.0	272799	69.925095	25.250677	89.48797	-58.522385	-70.04732	0.24179943	2762.6892886161804
249	290.7472	0.46383667	291.21103	290.28336	275.38202	88.606766	327.96484	-87.434135	400.0	400.0	273899	69.92772	25.24004	85.86407	-58.454132	-70.049904	0.25588718	2773.707273006439
250	289.30396	12.43898	303.34583	273.10632	302.32495	17.862633	326.78912	246.36848	400.0	400.0	274999	69.90972	25.272728	89.5768	-58.71091	-70.025375	0.23914196	2784.652820825577
