Epoch	AverageEpRet	StdEpRet	MaxEpRet	MinEpRet	AverageTestEpRet	StdTestEpRet	MaxTestEpRet	MinTestEpRet	EpLen	TestEpLen	TotalEnvInteracts	AverageQVals	StdQVals	MaxQVals	MinQVals	LossPi	LossQ	Time
1	73.695595	57.286606	158.3613	-3.1420605	2.4648397	14.016117	22.833956	-21.203676	251.5	63.8	1099	0.29807636	0.5440643	11.775285	-20.507648	-0.3446088	0.18845658	1.3258435726165771
2	66.37208	66.642395	189.78471	-3.7603686	9.937765	35.180504	56.271423	-60.688602	225.4	143.9	2199	1.235845	1.2861948	22.199633	-12.57948	-1.3185468	0.03080185	9.703489542007446
3	5.5088005	42.293453	63.34647	-73.82356	30.401758	35.781094	105.022736	-18.61098	169.5	123.4	3299	2.7325504	2.8149772	10.69239	-4.586282	-2.8504982	0.04129076	18.4254469871521
4	39.961563	84.998924	214.1847	-44.833096	41.50744	57.886005	191.7132	-33.685055	196.83333	130.0	4399	4.305609	4.7628736	22.815035	-5.8023386	-4.4353747	0.103205875	26.549947023391724
5	17.501286	62.464516	85.75895	-84.36971	19.492617	35.47788	79.149506	-49.858196	252.75	121.55	5499	5.3143973	6.361016	28.545294	-7.859945	-5.466559	0.1895647	34.489933252334595
6	103.04054	50.13873	180.94598	43.11745	41.016884	48.091976	143.08331	-27.105474	276.0	159.45	6599	6.96807	8.004319	26.823872	-9.16431	-7.1393805	0.26755497	43.304219245910645
7	75.68488	70.2954	167.23917	-43.13491	25.789373	44.79537	113.27891	-40.830956	244.8	136.8	7699	9.135708	9.664267	33.097473	-9.919194	-9.317647	0.34850553	51.5203971862793
8	56.68625	13.086632	70.36279	39.061775	49.761986	48.904167	124.24724	-29.716017	253.75	157.15	8799	10.3437195	11.030231	39.573673	-11.109042	-10.527777	0.4783758	59.3061420917511
9	32.43621	48.25363	100.266594	-35.16255	54.95995	52.49714	138.2631	-27.531199	213.2	156.55	9899	11.556501	12.234479	43.305553	-12.198535	-11.745102	0.54251266	67.4923267364502
10	25.655777	82.173485	162.80022	-78.0285	16.389917	39.38709	101.57004	-36.71047	204.66667	128.05	10999	12.338989	13.504529	41.887188	-13.853768	-12.532339	0.6450143	76.1154305934906
11	-6.8200045	38.198288	54.233364	-40.588818	27.831104	43.28337	132.98856	-32.670914	167.8	147.4	12099	12.851245	14.627148	46.267117	-14.957726	-13.049216	0.79493827	85.48057532310486
12	71.16629	59.13295	128.52222	-34.28168	27.632132	41.414288	101.00432	-32.257282	268.0	146.05	13199	13.513641	15.630918	44.932625	-15.8146105	-13.710746	0.84131426	94.69332432746887
13	8.657874	57.466347	60.718075	-86.83823	45.890896	60.211227	239.66452	-23.830925	279.75	157.85	14299	14.357997	16.672749	51.63501	-16.404644	-14.556868	1.0146207	103.33009505271912
14	73.1458	57.40748	182.2791	25.3553	39.783005	51.868916	207.90823	-38.150734	216.4	150.6	15399	15.058522	17.470861	61.38468	-16.688427	-15.2606535	1.0537877	112.63646531105042
15	39.51871	58.4651	172.62433	-24.588242	42.664627	58.67867	198.35818	-25.792883	146.0	152.25	16499	15.855851	18.185152	58.781227	-16.975025	-16.053	1.2031428	121.63422417640686
16	21.175459	30.462435	55.423996	-34.036125	48.692238	41.517967	145.92989	-11.04072	159.57143	138.9	17599	16.179274	18.875345	83.87206	-17.205225	-16.373669	1.4150466	130.6555676460266
17	87.81991	53.009354	183.68637	6.649575	52.00484	54.435265	201.63434	-22.878168	179.0	150.85	18699	16.773962	19.6074	58.79442	-17.0903	-16.983196	1.4654002	139.27309679985046
18	35.883568	31.97609	86.522385	-11.996449	63.38039	84.83722	292.4366	-30.587292	135.75	177.25	19799	17.473484	20.095194	63.442085	-17.053036	-17.70472	1.623795	148.41566967964172
19	47.487755	48.07095	155.63086	-28.323769	53.395844	60.68038	218.64897	-21.986366	140.875	138.65	20899	18.108114	20.54662	73.76781	-16.765388	-18.369522	1.7677081	157.56904482841492
20	65.01673	96.11458	272.8262	-7.045923	43.4569	52.458973	148.3861	-43.758457	169.83333	164.5	21999	19.159876	21.145601	67.16294	-16.362423	-19.459074	1.8162398	166.33185648918152
21	44.873802	40.04674	110.733475	-11.978756	83.95322	82.06362	245.82915	-28.163742	160.85715	201.6	23099	20.216352	21.822481	71.81421	-15.705997	-20.552141	2.009096	175.41376161575317
22	132.14673	92.56335	261.36154	47.564648	150.09103	108.97383	303.81992	-12.274541	227.2	249.05	24199	21.713533	22.505735	76.25114	-15.518588	-22.082634	1.9824845	185.6253399848938
23	132.78107	109.9429	251.40726	-10.08578	115.93339	114.89977	290.09616	-21.709013	268.25	251.7	25299	23.493073	22.998205	80.27368	-15.218418	-23.898563	1.9287895	195.8027744293213
24	145.7998	69.16199	254.5675	65.76028	231.13339	87.26758	312.2187	-29.977793	257.0	356.15	26399	25.350428	23.64929	95.4282	-14.350232	-25.755465	2.0202725	204.8131763935089
25	141.32988	101.42309	273.80576	39.449123	168.13037	116.52355	297.83237	-66.26697	233.2	320.4	27499	27.181831	24.281813	96.52721	-13.653557	-27.587162	1.9286566	214.2712574005127
26	189.77264	100.3994	312.72684	66.79953	202.62442	113.36098	320.59863	-20.226427	324.33334	331.55	28599	29.061268	25.001276	99.343735	-13.897834	-29.464546	1.9584211	222.71367406845093
27	243.83722	30.626972	286.97314	218.88014	166.66011	113.048706	312.64954	-30.312927	400.0	314.85	29699	30.898611	25.608458	90.73502	-14.467193	-31.305721	1.8789773	232.30069971084595
28	173.8423	132.56293	294.55893	-10.733649	154.21577	130.74081	329.26352	-29.400152	353.33334	296.1	30799	32.53075	26.251808	97.90442	-14.997892	-32.959473	1.867281	243.01834917068481
29	274.77893	12.478201	289.37204	258.8894	191.19492	116.55183	311.67444	-12.499848	400.0	351.25	31899	34.483242	26.939594	90.320045	-15.526117	-34.91815	1.9090195	254.08015131950378
30	210.11205	102.8987	296.42596	65.49257	205.33176	115.90647	327.99817	-100.47164	312.66666	362.8	32999	36.209236	27.498453	97.384254	-16.180138	-36.658382	1.7964065	264.0964558124542
31	196.55748	126.97633	275.9602	-23.159119	188.2357	116.27239	320.52692	-20.057476	325.5	340.65	34099	38.31668	28.10449	103.41693	-17.19919	-38.780968	1.9704727	274.3297469615936
32	178.74821	124.58207	270.63632	2.6178548	188.24594	82.09396	284.31274	-22.883137	311.0	343.3	35199	40.0681	28.798632	103.91337	-17.472397	-40.532936	1.9886541	284.3197731971741
33	160.2722	84.4105	263.69257	38.70581	167.30997	115.103226	298.11118	-26.615496	304.75	309.65	36299	42.155003	29.666803	128.5898	-17.99862	-42.64102	1.940954	293.9991855621338
34	177.34856	120.4809	269.4312	7.15386	179.60783	82.84977	259.28677	-24.48868	342.33334	365.05	37399	43.919453	30.440125	129.2706	-17.623539	-44.416973	2.1059065	304.1609230041504
35	191.92268	57.953323	266.3879	125.04079	227.06567	80.08547	299.72253	-65.80259	342.0	389.35	38499	45.601383	30.891256	130.81065	-17.245548	-46.135136	2.2483869	315.91394686698914
36	251.19214	21.119091	278.50467	227.06958	232.72478	72.25805	281.14194	-35.932568	400.0	384.0	39599	47.55666	31.397495	133.53397	-18.523193	-48.107723	2.20824	325.98240065574646
37	219.3897	67.17504	269.6846	124.44577	217.86337	78.556244	285.45132	-16.157614	400.0	385.25	40699	49.73859	32.093517	134.04056	-18.652481	-50.304836	2.1944025	336.75105571746826
38	168.3432	133.74425	285.6551	-18.802942	192.07553	62.413727	283.72412	95.87674	302.33334	367.75	41799	51.703484	32.675102	135.00182	-18.395798	-52.283794	2.293323	348.0615475177765
39	245.93604	36.395523	276.97238	194.85791	224.78967	81.23448	289.71725	-53.261524	400.0	386.4	42899	53.65933	33.027897	135.46306	-20.955532	-54.26985	2.1306534	357.40981554985046
40	214.07887	77.50613	281.7634	105.571335	183.96947	102.63711	286.8697	-50.749355	356.0	371.5	43999	55.6955	33.73294	135.94588	-22.672867	-56.305866	2.308787	367.0133888721466
41	262.98325	17.873095	281.29962	238.74016	183.30922	110.53604	289.51883	-137.69415	400.0	385.6	45099	57.76244	34.38118	136.13397	-24.82897	-58.37687	2.473334	378.4460098743439
42	246.37695	10.468068	260.6277	235.77911	215.19864	95.52363	296.41092	-104.34434	400.0	400.0	46199	59.782013	34.97288	136.70839	-29.204445	-60.402863	2.3712487	388.20467829704285
43	254.7185	28.326958	283.04547	226.39156	183.1045	106.07708	295.35623	-80.373215	400.0	363.05	47299	61.732845	35.349037	137.05812	-31.173008	-62.33353	2.3647797	397.6982958316803
44	248.0616	3.4968503	252.99338	245.27914	161.60526	124.16765	263.95782	-54.54805	400.0	324.85	48399	63.474205	35.72383	138.1275	-33.6782	-64.08872	2.4202447	407.3971538543701
45	211.93236	65.19245	265.40558	120.15311	163.92914	116.09866	263.14224	-97.161766	400.0	363.8	49499	65.00329	36.029587	140.21855	-36.492718	-65.624886	2.494828	417.1296138763428
46	157.28996	103.830605	238.14731	10.711592	174.13252	78.599464	248.77544	-41.311737	320.33334	387.5	50599	66.31263	36.31879	140.91739	-37.879166	-66.94701	2.7114367	427.1183090209961
47	174.0562	42.43454	232.68056	133.63438	205.51054	58.829735	251.38545	30.92194	400.0	385.95	51699	68.049736	36.70413	141.44969	-36.750565	-68.70252	2.8478086	438.6351635456085
48	230.5342	5.4190893	235.57515	223.01459	186.94116	71.82181	244.13649	21.91599	400.0	355.35	52799	69.7369	36.883972	150.6603	-35.768238	-70.373085	2.8134944	448.37341713905334
49	217.5175	27.862173	239.05331	178.17325	161.6716	89.4194	251.1497	23.550549	382.66666	329.65	53899	71.39722	37.077076	139.60048	-35.356907	-72.03935	2.7559896	459.4819550514221
50	231.66156	3.8146439	235.4762	227.84691	213.58943	44.672684	252.30467	55.51645	400.0	389.25	54999	72.84741	37.280388	140.18352	-34.391876	-73.48093	2.8989234	470.9340581893921
51	194.6928	60.018402	237.37094	109.81439	217.48047	16.322922	249.97002	190.11566	400.0	400.0	56099	74.01458	37.370033	145.85936	-31.220116	-74.6578	3.1619697	481.1552572250366
52	236.60582	7.2094254	244.76402	227.23082	208.24014	57.700813	256.7248	-1.176624	400.0	370.45	57199	75.19527	37.46632	156.131	-30.146809	-75.83208	3.1711798	492.7186040878296
53	198.8711	25.938854	229.72801	166.26346	220.654	14.1387825	241.69884	192.7112	400.0	400.0	58299	76.19953	37.374424	144.9288	-27.430666	-76.842575	3.0858119	504.42355012893677
54	216.8931	5.034401	221.92749	211.85869	223.75754	59.00982	260.4988	-23.805037	400.0	382.8	59399	77.2078	37.329666	151.14401	-23.445	-77.855644	3.0399928	514.4912922382355
55	249.726	10.684114	259.61182	234.8872	223.92375	37.8332	297.19226	123.711205	400.0	400.0	60499	78.20272	36.951355	152.43356	-23.30031	-78.848976	3.1284175	524.6452004909515
56	218.8607	11.504068	235.12715	210.46791	232.5584	24.044039	276.91428	187.94214	400.0	400.0	61599	79.26843	36.82906	144.25305	-22.725492	-79.94304	3.237601	535.388792514801
57	219.13478	17.398815	233.92212	194.70941	228.86751	28.518267	271.7373	158.6755	400.0	396.0	62699	80.49176	36.64322	147.54251	-21.56027	-81.17836	3.1420202	546.94384765625
58	214.90648	8.078232	222.98471	206.82825	206.51743	41.12295	253.13416	110.57769	400.0	379.4	63799	81.81532	36.53638	179.80109	-21.461401	-82.48404	3.1443403	556.6651999950409
59	215.12251	26.214802	233.82526	178.04968	224.23361	44.132366	272.72348	115.31616	400.0	384.2	64899	82.88421	36.389645	155.44516	-19.569696	-83.5432	3.2006717	567.9869194030762
60	196.03802	34.262848	229.58142	148.98358	223.5094	41.26544	271.27292	88.93911	367.0	384.55	65999	83.52299	36.147297	163.13994	-18.97618	-84.1719	3.4299293	577.2764916419983
61	234.0083	22.427408	259.23172	204.74374	235.64001	23.399122	266.80298	154.0087	400.0	400.0	67099	84.423836	35.72706	158.45071	-17.7824	-85.05784	3.3281126	587.3726947307587
62	203.55742	8.031493	214.40147	195.20929	246.70699	59.4312	294.8329	60.21526	400.0	391.6	68199	85.13033	35.423714	159.12213	-15.788822	-85.758736	3.3615642	597.3474235534668
63	260.1334	9.728447	269.86185	250.40495	184.34058	74.815346	272.53348	32.151867	400.0	400.0	69299	85.79732	35.21482	163.58249	-13.495808	-86.42435	3.299593	607.301287651062
64	226.50305	10.884855	241.89635	218.73619	221.46074	60.34887	264.3257	34.365788	400.0	387.3	70399	86.28492	35.004974	175.52554	-15.612923	-86.91611	3.3224468	617.5482511520386
65	247.24617	11.80585	262.83154	234.26799	194.87206	77.69163	266.90637	-111.26453	400.0	385.25	71499	87.12769	34.76501	178.61568	-18.16586	-87.756935	3.1873665	627.1454355716705
66	176.777	64.04589	254.38623	97.53206	233.85738	27.70942	284.6033	180.38068	329.33334	396.65	72599	87.7207	34.61365	178.08583	-21.884302	-88.33728	3.2300994	637.4072098731995
67	214.68976	22.86612	237.77542	183.53625	205.80598	64.99568	261.41516	34.52184	400.0	374.6	73699	88.19617	34.379944	149.62656	-24.091955	-88.80892	2.8998008	647.3215119838715
68	159.66469	72.0432	232.77515	61.656384	233.1226	16.482044	272.2647	207.85956	400.0	400.0	74799	88.57561	34.06801	154.96968	-23.572409	-89.16324	2.8434465	658.1606340408325
69	204.64307	36.98471	241.62778	167.65836	231.1821	22.289686	277.45224	169.77641	400.0	400.0	75899	88.73735	33.70426	153.32489	-24.010496	-89.31327	2.857492	667.7616333961487
70	192.45891	55.273327	232.56659	114.29964	219.47354	30.641165	262.1943	133.22075	400.0	400.0	76999	88.961426	33.193134	164.476	-25.820423	-89.52685	3.1679928	677.410046339035
71	223.73262	24.10839	255.35333	196.88054	215.67844	46.99579	281.8326	98.81549	400.0	400.0	78099	89.12491	32.750237	153.9768	-26.218845	-89.6983	3.0276005	688.0306012630463
72	229.22932	1.36907	230.9801	227.63797	226.90117	33.887264	284.1306	143.4348	400.0	400.0	79199	89.44606	32.238495	167.63408	-27.626228	-90.01104	3.0342698	698.289514541626
73	161.42752	9.375885	170.8034	152.05164	213.35312	48.31188	271.92694	101.19968	400.0	400.0	80299	89.400696	31.756067	154.57346	-26.05662	-89.95141	2.8622813	708.5917217731476
74	239.04749	25.82671	275.56473	220.15973	212.92998	38.603127	277.0875	136.3739	400.0	400.0	81399	89.452736	31.16757	150.42473	-21.875162	-89.98963	2.8574264	718.7330391407013
75	188.01208	3.3646169	190.88574	183.29082	229.02188	30.32152	303.68997	179.65222	400.0	400.0	82499	89.43385	30.737328	146.57195	-17.689423	-89.97139	2.7919822	729.6523864269257
76	232.45142	15.166882	249.99911	212.99533	223.31189	25.948353	283.82642	184.96677	400.0	400.0	83599	89.35176	30.451517	145.21036	-16.524166	-89.88982	2.5571184	740.0590941905975
77	229.20557	6.0471344	235.2527	223.15843	225.10457	27.109327	286.6343	167.30212	400.0	400.0	84699	89.434685	29.965765	169.65508	-16.541414	-89.96972	2.445879	750.6208453178406
78	212.62537	27.599123	235.69836	173.82544	201.34006	60.594135	294.5211	11.240523	400.0	386.2	85799	89.40028	29.66314	165.70457	-16.771946	-89.927216	2.387274	762.4648530483246
79	233.06755	8.8595	244.85912	223.50362	206.90182	85.07321	292.0247	-128.36372	400.0	400.0	86899	89.34232	29.37254	166.29861	-18.531773	-89.87629	2.500178	772.9603035449982
80	65.20886	121.02588	228.33388	-61.226418	186.8991	90.256744	261.87067	-38.420002	300.66666	385.2	87999	89.32978	29.11876	135.02979	-17.737976	-89.85099	2.2318594	782.5896637439728
81	239.44533	23.634747	266.6265	209.00868	141.6468	114.581535	282.0749	-185.13194	400.0	400.0	89099	89.139626	28.912844	160.17604	-17.67563	-89.6523	2.1661708	792.6798372268677
82	162.50551	57.440357	241.8553	107.7707	183.91664	81.95574	272.2919	-99.168846	357.0	393.05	90199	89.0078	28.801085	149.58139	-16.834244	-89.51769	2.2078166	803.6073093414307
83	210.0476	54.99678	264.5551	134.74525	148.91699	79.30309	237.44235	-76.217445	400.0	367.3	91299	88.92827	28.69752	144.71579	-18.461205	-89.44165	2.3181915	814.1333611011505
84	153.6497	61.760303	224.80421	74.20584	161.5615	66.908615	247.00458	10.56256	365.66666	359.5	92399	89.00956	28.52496	137.84207	-18.401089	-89.52733	2.2963254	824.1881656646729
85	213.86726	9.982362	227.37672	203.56396	152.1628	69.67483	248.33353	16.687538	400.0	394.95	93499	89.01478	28.514435	138.54576	-19.80231	-89.54196	2.2488356	834.9415280818939
86	199.51065	1.7893906	201.30003	197.72125	188.272	45.006454	249.09404	96.01637	400.0	400.0	94599	89.135315	28.461657	137.72928	-22.013197	-89.6627	2.153785	845.7596492767334
87	179.89143	46.32558	244.70285	139.19717	192.31448	50.427933	238.45119	48.828075	400.0	400.0	95699	89.18813	28.368261	152.642	-22.882774	-89.705055	2.1445432	855.9015247821808
88	227.92754	22.215233	247.97188	196.95439	197.96547	32.32898	247.98605	130.64885	400.0	400.0	96799	89.25218	28.282448	137.13437	-24.297283	-89.773705	2.0847442	866.5686943531036
89	215.41072	42.286095	274.6992	178.9967	163.32336	73.30398	246.60777	1.136316	400.0	400.0	97899	89.38602	28.244375	140.98994	-24.639858	-89.92007	2.0491426	877.212929725647
90	188.91867	26.337288	215.25597	162.58139	189.38297	52.600857	236.57214	51.22239	400.0	397.1	98999	89.522446	28.308758	151.79765	-24.832047	-90.07651	2.2375507	888.1105105876923
91	170.02113	63.965958	244.87946	88.60744	229.7653	15.162327	251.65717	193.6631	400.0	400.0	100099	89.81385	28.256477	159.60297	-25.122253	-90.38204	2.2185552	900.1499865055084
92	162.868	59.837906	233.41702	87.121414	200.27303	58.480717	242.83377	-36.904045	400.0	400.0	101199	90.16027	28.267353	145.9611	-25.649002	-90.74534	2.1179621	911.0179016590118
93	230.39563	4.687377	234.76291	223.89316	206.09639	53.368942	255.56001	-1.0480806	400.0	400.0	102299	90.66918	28.151999	147.08437	-23.533642	-91.26417	2.1681428	922.0309038162231
94	249.85641	0.44815063	250.30457	249.40826	210.71713	32.342987	245.3343	137.54848	400.0	400.0	103399	91.09268	28.18569	146.36142	-22.89914	-91.67505	2.1036944	932.8612065315247
95	221.05147	20.339918	245.68074	195.86758	214.10075	29.567753	240.42282	113.15106	400.0	391.65	104499	91.41695	28.208498	146.6161	-24.739197	-91.97633	2.229949	943.4687414169312
96	239.12054	12.726928	253.08595	222.30486	218.33208	23.102789	258.65076	170.35388	400.0	400.0	105599	91.68113	28.081715	149.63666	-26.953396	-92.21539	2.1187449	953.8432443141937
97	196.224	35.018047	238.86177	153.08974	231.24765	23.447437	266.58752	168.38431	400.0	400.0	106699	91.885544	27.834476	146.87395	-30.930258	-92.40235	1.9608582	964.0844752788544
98	250.49323	0.6830902	251.17632	249.81013	211.01904	47.558887	256.7185	71.854416	400.0	387.15	107799	91.799545	27.643484	143.09244	-27.004475	-92.29995	1.8791901	975.7610294818878
99	236.91351	12.021785	246.19965	219.93712	234.48882	29.064896	272.6808	161.26453	400.0	400.0	108899	91.59353	27.456215	153.88185	-22.414482	-92.069405	2.1296601	987.8805565834045
100	227.13733	40.233105	264.53055	171.30092	237.3844	28.098358	286.9132	178.36252	400.0	400.0	109999	91.54032	27.098478	150.98383	-24.299969	-91.99901	1.9901953	998.991973400116
101	237.73347	10.681396	250.48448	224.3439	227.99924	61.651035	295.64743	1.532119	400.0	382.9	111099	91.19803	26.911068	139.47002	-22.993496	-91.65185	1.941934	1009.8706297874451
102	248.50586	7.6129456	256.1188	240.89291	238.62161	19.881502	260.77618	170.84654	400.0	400.0	112199	90.85212	26.744102	138.79202	-28.899303	-91.30289	1.8549509	1020.3596076965332
103	204.98933	31.253628	231.4064	161.09225	241.72551	34.394188	286.61707	158.47174	400.0	400.0	113299	90.71536	26.413162	137.1082	-30.614264	-91.15583	2.0154355	1031.3863451480865
104	241.6659	14.656129	262.12042	228.53816	236.27422	31.488367	270.52957	155.7145	400.0	400.0	114399	90.39551	26.352629	140.90724	-27.97651	-90.83923	1.9409713	1042.0657804012299
105	261.66586	12.315458	278.46646	249.28932	228.00577	88.64045	309.2913	-115.78991	400.0	400.0	115499	90.15958	26.099352	136.88495	-28.276655	-90.59514	1.9359444	1053.1771502494812
106	272.96655	2.118454	275.08502	270.8481	234.3195	43.72743	294.0456	142.75858	400.0	394.95	116599	89.828926	25.995815	141.62111	-28.856716	-90.26414	2.0263073	1065.3814857006073
107	244.1082	14.861556	255.11124	223.09866	224.9537	49.018177	279.1753	129.6893	400.0	400.0	117699	89.62685	25.61468	132.72119	-25.907118	-90.06131	1.9027994	1075.6198263168335
108	111.99732	148.11009	260.43655	-90.203705	238.571	38.471565	283.94955	150.97072	400.0	400.0	118799	89.407265	25.460398	134.57991	-29.102364	-89.8506	1.8871955	1087.0360758304596
109	229.30672	26.825024	262.11108	196.40369	228.50256	34.117695	271.99948	115.886345	400.0	393.9	119899	89.24376	25.089647	147.92291	-23.20357	-89.67989	1.8964303	1097.8350658416748
110	278.52063	0.1783905	278.699	278.34222	198.53294	87.21665	262.6793	-71.76288	400.0	400.0	120999	88.99445	24.890644	127.85492	-20.182049	-89.4259	1.8214995	1108.4886565208435
111	237.06201	21.908272	264.51697	210.8996	245.67908	27.59157	304.86743	200.31862	400.0	400.0	122099	88.898026	24.637486	129.93385	-22.384838	-89.32675	1.7673187	1118.8437354564667
112	226.00813	11.193311	237.38742	210.78859	224.8135	23.780529	270.43942	190.54498	400.0	400.0	123199	88.657074	24.686068	128.81224	-24.424528	-89.07793	1.7437451	1129.7433588504791
113	247.57959	22.546436	269.73108	216.64192	231.07903	57.885864	291.4369	15.679825	400.0	382.75	124299	88.54996	24.506218	143.33975	-25.350166	-88.964905	1.7510645	1142.1007616519928
114	228.76518	8.300018	237.0652	220.46516	247.64694	58.144203	295.92474	7.955798	400.0	382.7	125399	88.306335	24.585869	128.43787	-25.29862	-88.719345	1.6751587	1152.8946866989136
115	242.04456	5.9427695	250.4389	237.49265	225.92322	54.64003	271.26935	68.62785	400.0	400.0	126499	88.19173	24.489004	127.88836	-25.502098	-88.60562	1.6001948	1164.0287613868713
116	248.83574	14.096896	267.39072	233.24411	241.59183	27.472956	277.88217	145.27707	400.0	400.0	127599	88.04195	24.525658	125.62042	-28.313492	-88.452415	1.6265974	1174.773860692978
117	249.30891	10.311192	257.81595	234.79851	219.48291	91.56074	296.8557	8.581763	400.0	347.65	128699	87.79192	24.587095	127.02309	-30.251656	-88.19831	1.6491177	1184.7868149280548
118	260.7357	6.555908	267.2916	254.17978	217.74167	87.88601	276.90466	11.681543	400.0	347.65	129799	87.69388	24.475433	123.96517	-27.638973	-88.10559	1.5658851	1196.260661125183
119	201.06834	107.08589	269.3017	15.732238	247.8906	20.49089	279.35892	207.31006	312.0	400.0	130899	87.62686	24.32633	125.284386	-27.268005	-88.03312	1.6328286	1206.7801365852356
120	238.68579	12.645177	256.53494	228.809	243.11833	29.249496	290.7647	179.44379	400.0	400.0	131999	87.53317	24.187357	138.99779	-27.502623	-87.94324	1.585337	1216.8960256576538
121	245.80829	3.5378723	249.34616	242.27042	243.53511	27.616123	293.48575	167.49268	400.0	400.0	133099	87.3864	24.074661	130.96638	-27.776245	-87.79869	1.7320051	1226.437129497528
122	229.35039	16.447863	249.77386	209.4971	247.66708	20.53282	277.3887	196.05219	400.0	400.0	134199	87.41458	23.872223	121.27501	-29.090977	-87.837616	1.6648508	1236.843748807907
123	255.5426	36.65733	295.93457	207.20401	248.01254	15.832005	292.38232	219.85938	400.0	400.0	135299	87.368385	23.777494	141.82426	-30.33815	-87.79331	1.4956273	1249.1265246868134
124	221.28923	31.100592	253.41272	179.20958	256.60776	22.924587	286.98544	190.16286	400.0	400.0	136399	87.321205	23.583286	134.84795	-29.910807	-87.73574	1.5144092	1259.529597043991
125	242.62589	0.30768585	242.93356	242.31819	247.85037	28.82409	284.62363	168.64734	400.0	400.0	137499	87.30486	23.404549	134.3226	-30.182823	-87.71931	1.485823	1270.0226302146912
126	263.60913	20.961039	280.9658	234.11955	244.29996	32.11648	289.33258	137.47296	400.0	400.0	138599	87.20772	23.341362	151.28262	-30.514082	-87.62639	1.5766588	1280.8108344078064
127	254.11128	33.719612	300.52377	221.42192	267.13654	25.305346	314.27942	208.41914	400.0	400.0	139699	87.21466	23.174736	125.77979	-34.396984	-87.626724	1.4198526	1292.1544868946075
128	235.3553	19.097197	259.2663	212.5254	253.32613	22.501854	293.0042	216.55005	400.0	400.0	140799	87.10515	23.115568	145.64297	-32.955982	-87.51726	1.6101278	1303.012214422226
129	282.0172	9.112427	291.12964	272.9048	230.18954	72.88051	294.52563	16.952202	400.0	369.6	141899	87.10871	22.93443	130.5524	-31.241726	-87.51341	1.6168189	1315.0389423370361
130	258.42258	11.467897	267.51263	242.2458	243.1396	29.419933	292.70163	181.03128	400.0	400.0	142999	87.07488	22.780888	134.0391	-31.33496	-87.47379	1.608049	1325.1267306804657
131	214.31548	16.144573	235.09344	195.73029	248.31831	24.974926	298.33987	203.67673	400.0	400.0	144099	86.942726	22.584396	126.1828	-33.54989	-87.341064	1.4476	1335.7884635925293
132	272.96414	7.8487697	282.76205	263.54794	257.4687	26.987934	295.7687	211.40837	400.0	400.0	145199	86.84218	22.344633	129.74446	-31.207195	-87.227646	1.5078033	1346.2594130039215
133	255.79102	12.785362	268.5764	243.00566	246.03032	60.50417	285.30518	13.094828	400.0	382.9	146299	86.68033	22.204958	127.321785	-31.260738	-87.05524	1.4802648	1356.6285786628723
134	242.76686	7.2523904	253.02116	237.45886	250.03674	35.445606	313.07797	186.65457	400.0	400.0	147399	86.423874	22.147514	122.66777	-32.304596	-86.79706	1.4391087	1367.448229789734
135	266.041	19.489145	288.51617	240.9871	263.58652	20.72544	313.70258	221.58377	400.0	400.0	148499	86.27575	21.85407	120.874695	-31.073727	-86.64113	1.391489	1378.5276865959167
136	247.01314	31.486897	285.1291	208.01732	266.00427	23.587278	315.17215	222.99883	400.0	400.0	149599	86.046524	21.734737	119.17951	-24.62658	-86.40486	1.2066087	1390.0730865001678
137	273.081	1.8069305	274.8879	271.27405	277.8548	22.912369	315.1999	226.671	400.0	400.0	150699	85.78193	21.560461	122.355225	-28.10981	-86.1282	1.245321	1400.2964384555817
138	263.92728	18.501915	284.0145	239.36269	251.91443	36.44261	289.49246	168.97517	400.0	400.0	151799	85.54191	21.406958	122.29553	-32.188984	-85.882545	1.2688974	1410.655954837799
139	256.5267	10.681457	265.7498	241.5546	244.2377	39.922512	304.8317	164.47676	400.0	400.0	152899	85.297066	21.282171	131.91438	-31.456955	-85.636986	1.2405671	1421.4425723552704
140	260.76962	30.68407	288.22903	217.94087	266.31064	31.864836	318.00046	197.71973	400.0	400.0	153999	85.10444	20.973999	124.49193	-28.688679	-85.45266	1.2391486	1431.7336905002594
141	266.98947	9.93338	276.92285	257.0561	267.17908	42.418777	320.42596	187.59875	400.0	400.0	155099	84.87933	20.787815	125.22836	-27.41755	-85.22339	1.159049	1443.0395090579987
142	230.04822	21.282583	257.5742	205.74184	231.8226	67.70438	316.39636	126.59037	400.0	400.0	156199	84.70916	20.597462	114.213234	-29.246555	-85.04724	1.1705327	1455.3188705444336
143	237.54839	53.885	289.85876	163.40248	217.1508	62.75567	315.5492	114.68034	400.0	400.0	157299	84.4867	20.431479	126.22284	-27.537504	-84.830864	1.2037729	1465.7793807983398
144	228.96431	58.448895	277.31265	146.72777	242.36504	58.079212	312.316	143.9785	400.0	400.0	158399	84.39221	20.187517	129.33913	-24.390661	-84.73076	1.0803046	1476.235791683197
145	221.23071	41.331337	262.56204	179.89937	253.81027	57.111244	321.62415	111.32667	400.0	400.0	159499	84.16696	20.111622	120.997185	-25.776978	-84.4985	1.1385608	1486.7377297878265
146	234.24963	39.51205	280.6487	184.08443	217.15227	41.42622	293.27795	157.57846	400.0	400.0	160599	83.95608	19.984245	122.868546	-27.316753	-84.28154	1.1437118	1497.1040592193604
147	176.94061	38.420853	216.98595	125.113525	238.18694	54.149853	308.9192	120.912415	400.0	400.0	161699	83.75314	19.867058	119.07342	-28.97397	-84.06986	1.162894	1507.613861322403
148	235.70348	35.82117	285.6369	203.3392	258.18192	43.57861	318.42914	163.32866	400.0	400.0	162799	83.48609	19.825489	122.48504	-29.757568	-83.794846	1.095031	1518.6738755702972
149	218.63177	46.98243	265.6142	171.64934	243.53687	43.794754	306.04105	111.374855	400.0	400.0	163899	83.15299	19.8594	111.36771	-31.264736	-83.45872	1.124668	1530.9552071094513
150	252.60612	12.862722	268.23495	236.73074	253.97163	28.720652	287.41986	178.6895	400.0	399.3	164999	82.86309	19.858944	116.37702	-31.842491	-83.158295	1.0408374	1541.0294947624207
151	248.23926	30.489237	281.03708	207.59952	259.6502	37.961067	304.62115	154.10359	400.0	400.0	166099	82.607124	19.863344	115.89684	-34.278656	-82.90178	1.1217376	1551.5006268024445
152	289.9588	17.86282	302.80444	264.69818	261.53714	34.046383	320.02048	174.7704	400.0	400.0	167199	82.31169	20.00687	113.88589	-35.188946	-82.60355	1.1578926	1563.6145491600037
153	299.74823	2.4849396	302.2332	297.2633	267.60782	33.19481	318.58368	189.16081	400.0	400.0	168299	81.98912	19.991234	116.8361	-36.688248	-82.27294	1.143981	1574.0672988891602
154	248.63281	9.363063	260.39505	237.48503	283.21362	24.142887	318.27884	231.64458	400.0	400.0	169399	81.72227	20.03349	136.42169	-37.908966	-82.0058	1.2030962	1584.6958816051483
155	273.13394	16.715982	296.24405	257.26855	290.2787	13.713505	313.94803	257.49283	400.0	400.0	170499	81.42834	19.930548	116.63642	-38.661957	-81.715996	1.1000196	1597.0464205741882
156	293.485	13.293209	311.89978	281.00104	281.68567	14.710355	299.15057	244.78908	400.0	400.0	171599	81.24852	19.758545	127.99362	-43.05208	-81.53354	1.0830346	1608.9230167865753
157	287.4538	0.611145	288.06494	286.84265	285.19788	14.429067	303.28204	246.5123	400.0	400.0	172699	81.04569	19.67749	117.25975	-45.449963	-81.33078	1.1150011	1619.5043513774872
158	286.18762	14.630474	303.13132	267.43182	280.11664	38.632175	311.93365	133.90178	400.0	392.5	173799	80.785355	19.726646	125.62727	-47.930424	-81.079216	1.0863876	1631.599277496338
159	290.5005	5.425187	298.11588	285.88452	280.9561	48.366238	313.55118	82.4966	400.0	400.0	174899	80.67277	19.663464	116.792984	-50.130913	-80.9703	1.1272129	1643.813696861267
160	291.9996	15.688447	312.0333	273.72568	298.97128	15.578441	321.4253	254.15579	400.0	400.0	175999	80.61018	19.458862	112.61679	-50.725548	-80.90861	1.1456292	1653.8611969947815
161	311.8899	1.7830658	313.67297	310.10684	288.06717	50.0163	323.91937	88.28603	400.0	388.4	177099	80.52993	19.368261	116.86974	-49.802765	-80.83099	1.096462	1664.2399716377258
162	287.22092	14.177518	302.17578	268.1777	270.9431	49.89306	313.92923	140.05576	400.0	386.25	178199	80.48079	19.258772	135.01634	-49.164505	-80.7825	1.0992295	1675.1832251548767
163	284.18875	24.819578	304.57166	249.25018	285.5021	26.83721	317.94818	204.6807	400.0	400.0	179299	80.40024	19.263086	125.51988	-48.08852	-80.703026	1.1007665	1687.0872056484222
164	262.82092	36.54108	296.2196	211.97086	289.91785	31.419163	319.99026	201.0618	400.0	400.0	180399	80.35042	19.16815	124.29497	-48.664806	-80.6489	1.1235969	1696.9656746387482
165	267.37787	10.803589	278.18146	256.57428	250.53418	80.20317	320.2164	67.15055	400.0	388.15	181499	80.267105	18.996374	111.175476	-48.243904	-80.558876	1.1255913	1707.6872477531433
166	261.3547	28.57495	284.1206	221.05675	280.47958	26.906416	312.83377	210.9293	400.0	400.0	182599	80.22677	18.794546	108.94223	-47.109562	-80.51321	1.0006932	1717.7949621677399
167	290.4813	4.809968	296.9885	285.51132	280.7498	51.441635	307.57047	61.06785	400.0	386.45	183699	80.0821	18.781963	118.85234	-45.46686	-80.36385	0.986456	1728.3488669395447
168	245.40215	60.03828	294.9816	160.91902	286.03854	29.348694	313.92343	208.29344	400.0	400.0	184799	79.970436	18.686085	139.88599	-43.899548	-80.25182	1.0301785	1738.401403427124
169	275.70383	16.677277	292.3811	259.02655	288.38513	18.854675	317.51633	249.54199	400.0	400.0	185899	79.82662	18.61357	106.880554	-40.623703	-80.10088	0.9188865	1749.2781956195831
170	292.07425	9.263548	301.79688	279.6088	292.7175	12.961904	308.64014	264.49274	400.0	400.0	186999	79.7074	18.51435	122.53573	-39.59324	-79.984406	1.0014511	1760.0854489803314
171	290.20102	15.808197	306.19983	268.6784	272.32135	57.594566	308.3163	47.60549	400.0	387.45	188099	79.61226	18.353365	109.26737	-36.868996	-79.88365	0.93240213	1770.8824682235718
172	272.52213	17.411518	295.49908	253.36646	273.64005	79.18176	311.81024	-61.674416	400.0	393.5	189199	79.487175	18.213907	110.57281	-33.465897	-79.760666	0.9995532	1781.4969549179077
173	287.802	1.2907104	289.0927	286.5113	275.1795	22.925903	306.5124	220.91745	400.0	400.0	190299	79.373795	18.12328	110.793816	-28.56421	-79.64223	0.98547566	1792.2477338314056
174	279.0488	4.603352	284.5731	273.3037	285.11343	22.683481	308.93222	207.57368	400.0	400.0	191399	79.33113	17.944931	125.70285	-26.000092	-79.60262	0.93683505	1802.9427073001862
175	276.77188	22.147753	296.129	245.76819	288.18127	17.884819	320.6112	255.04913	400.0	400.0	192499	79.221794	17.888124	107.70633	-27.91093	-79.487175	0.9900477	1813.8016738891602
176	271.14038	8.268475	278.26987	259.54886	289.4981	21.25845	325.13788	238.4419	400.0	400.0	193599	79.16839	17.760534	107.3812	-30.292036	-79.43427	0.9142555	1824.335247039795
177	272.3504	34.9815	307.3319	237.36891	284.94122	20.32189	323.86047	246.94334	400.0	400.0	194699	79.044716	17.691069	111.10701	-30.410097	-79.31176	0.92508376	1835.0578162670135
178	299.7983	13.566532	316.58078	283.3549	294.9306	12.670956	323.52853	270.54327	400.0	400.0	195799	79.01384	17.535885	109.98755	-33.20096	-79.27889	0.9321056	1845.6071000099182
179	255.69824	29.333622	294.5617	223.70007	269.73517	36.497437	321.4119	194.0164	400.0	400.0	196899	78.96896	17.42544	105.429924	-34.56304	-79.23455	0.8659988	1858.0820982456207
180	273.79398	10.625703	288.762	265.15802	271.89777	31.244684	311.23532	202.1401	400.0	400.0	197999	78.88443	17.332611	112.656784	-36.803024	-79.14972	0.8428096	1868.8476569652557
181	273.47003	21.034706	294.50473	252.43532	261.6225	35.728172	302.3811	155.4786	400.0	400.0	199099	78.82766	17.258274	105.914024	-39.643906	-79.09163	0.8428536	1878.6782805919647
182	278.2726	20.024101	305.88934	259.03888	268.82535	42.212475	316.51352	160.76065	400.0	400.0	200199	78.76513	17.149885	109.41906	-40.46567	-79.023254	0.90759367	1889.5192494392395
183	222.37996	29.284763	260.20718	188.86423	277.66754	30.262403	319.68506	184.16142	400.0	400.0	201299	78.64376	17.148203	110.03823	-35.60337	-78.90039	0.8714999	1901.5226335525513
184	246.69965	28.688313	279.66718	209.73698	286.99017	25.452461	323.73703	218.14708	400.0	400.0	202399	78.55716	17.038837	101.831055	-37.381897	-78.81265	0.87739223	1911.7851243019104
185	303.95636	15.336441	319.2928	288.6199	270.5136	29.28104	318.42844	224.97993	400.0	400.0	203499	78.55124	16.767757	114.22674	-33.158195	-78.806076	0.8642359	1922.68394780159
186	244.96092	24.683441	270.65195	211.64868	239.75659	47.097134	309.86905	149.98253	400.0	400.0	204599	78.4478	16.648565	107.15872	-29.40074	-78.69893	0.90812516	1935.1276578903198
187	239.13716	61.620636	310.77676	160.34668	271.07574	39.03263	322.54916	198.563	400.0	400.0	205699	78.32786	16.516298	130.58974	-27.42485	-78.572716	0.8524699	1947.442155122757
188	241.59486	43.022667	282.05823	182.01268	288.6426	20.46774	329.64807	253.07701	400.0	400.0	206799	78.17552	16.459269	106.25051	-24.376234	-78.42142	0.90445405	1958.2744290828705
189	275.83722	24.733177	300.5704	251.10405	264.75336	35.225903	316.26907	188.90575	400.0	400.0	207899	78.08203	16.365135	110.06329	-24.130074	-78.32594	0.91342217	1968.7386181354523
190	296.74954	16.393318	311.41974	273.86774	293.79874	17.970201	316.9366	228.20409	400.0	400.0	208999	78.01498	16.25381	114.9169	-25.055151	-78.26097	0.87006545	1979.6312317848206
191	303.83163	9.664973	311.38193	290.18927	299.4602	14.752463	324.1789	273.40567	400.0	400.0	210099	77.897	16.324314	118.31626	-26.588295	-78.14196	0.81493455	1990.14683675766
192	262.32947	26.124968	298.66257	238.35773	291.7892	18.629662	321.553	255.44034	400.0	400.0	211199	77.88043	16.185453	105.356255	-26.77067	-78.12909	0.8124565	2000.7010052204132
193	263.3405	39.372025	302.71255	223.9685	296.19324	17.50638	323.43463	254.85976	400.0	400.0	212299	77.821144	16.18953	101.756454	-27.463326	-78.07088	0.8223183	2011.2192862033844
194	296.8229	7.838624	303.08954	285.77042	297.585	19.104137	316.23236	240.27467	400.0	400.0	213399	77.83019	16.030937	118.91263	-30.01765	-78.07276	0.79780656	2022.0300714969635
195	274.36768	25.249916	296.57236	239.04651	287.40497	22.294521	328.53482	244.06909	400.0	400.0	214499	77.737564	16.138342	105.812325	-28.806566	-77.981544	0.7721216	2032.822380065918
196	275.99203	19.5487	293.18842	248.6471	294.85504	19.848423	318.74014	255.42615	400.0	400.0	215599	77.7314	16.028303	101.96429	-29.712505	-77.977776	0.7999368	2044.4960701465607
197	290.8451	10.726913	301.572	280.11816	279.36932	31.012527	321.8885	212.47719	400.0	400.0	216699	77.71946	15.904009	103.30105	-30.322254	-77.965614	0.7957631	2055.3426337242126
198	275.30106	8.4267435	281.33444	263.38416	270.83563	24.36022	315.17197	236.07382	400.0	400.0	217799	77.70173	15.872835	106.18331	-31.248436	-77.94348	0.8118818	2067.4665350914
199	275.3331	19.818174	300.2547	251.7671	277.62466	22.579554	316.95676	236.24397	400.0	400.0	218899	77.63294	15.877853	106.19306	-31.44859	-77.86511	0.76202214	2078.2187399864197
200	292.62424	3.0837379	295.00607	288.26956	281.55145	21.816618	319.88403	233.56256	400.0	400.0	219999	77.53199	15.895756	104.55524	-32.19848	-77.76128	0.8351573	2089.160651445389
201	284.67795	9.761169	294.43912	274.91678	296.11548	17.041615	326.139	258.95636	400.0	400.0	221099	77.46277	15.840439	103.222046	-31.071463	-77.68821	0.74583864	2099.4633359909058
202	275.98575	29.518347	297.35916	234.24455	282.9343	20.011072	313.27362	231.6398	400.0	400.0	222199	77.38197	15.783579	103.40645	-30.884132	-77.6074	0.7500599	2110.264357805252
203	279.6865	19.618832	295.32492	252.01965	301.7326	14.071921	327.69293	276.5551	400.0	400.0	223299	77.308586	15.786516	127.70217	-35.03529	-77.53069	0.7702911	2120.831721305847
204	302.42227	1.6789957	304.05103	300.1116	288.74533	35.512478	318.7724	166.80014	400.0	400.0	224399	77.17665	15.865953	115.37103	-35.282696	-77.39599	0.80594224	2131.836711168289
205	294.16052	4.027817	298.18835	290.13272	303.69977	5.7949095	310.91907	292.10352	400.0	400.0	225499	77.10357	15.9095745	102.422554	-36.858116	-77.32587	0.79722124	2142.4536743164062
206	295.82416	15.507787	308.83832	274.02948	293.37872	13.557195	316.6636	272.061	400.0	400.0	226599	77.02987	15.976545	101.19181	-37.614662	-77.26017	0.7544849	2153.3443717956543
207	294.04956	9.6842575	301.48373	280.3712	300.34552	16.265152	325.27795	269.4703	400.0	400.0	227699	77.039185	15.91698	107.89485	-35.377487	-77.2669	0.7751864	2164.4960503578186
208	288.20956	14.27658	304.87344	270.00507	294.56833	16.936773	325.17993	261.074	400.0	400.0	228799	77.01769	15.89832	107.002686	-34.388504	-77.24344	0.79139024	2174.724630832672
209	294.32025	0.23983765	294.5601	294.0804	293.7825	19.692743	313.7002	239.1403	400.0	400.0	229899	76.98867	15.890044	119.12136	-40.54653	-77.21427	0.7728385	2185.492566347122
210	304.55685	7.829886	315.58917	298.2181	298.28064	15.726911	328.14752	263.8109	400.0	400.0	230999	77.01858	15.877516	105.55149	-41.348938	-77.24751	0.76279694	2196.95135474205
211	290.8942	3.8768725	295.9028	286.4584	295.95428	13.135208	312.70187	266.83804	400.0	400.0	232099	77.02905	15.857961	99.54813	-41.288303	-77.25588	0.7358622	2209.3354048728943
212	304.4715	3.22922	307.20953	299.93716	296.15134	16.38772	326.56628	261.17117	400.0	400.0	233199	77.036865	15.828607	104.811745	-41.491394	-77.26325	0.7783167	2221.613306283951
213	290.23462	7.150284	297.38492	283.08435	302.49832	18.070602	323.77798	261.26865	400.0	400.0	234299	77.03214	15.835229	104.82229	-44.146675	-77.25801	0.8251934	2233.55082654953
214	291.7665	6.4054255	296.6386	282.71677	288.18448	17.89587	317.38425	258.80438	400.0	400.0	235399	77.04428	15.777514	105.17555	-40.32864	-77.27003	0.8013949	2244.402214050293
215	287.62756	10.112238	296.93335	273.57053	294.27502	13.870738	317.1229	276.43137	400.0	400.0	236499	77.02025	15.800751	100.11348	-40.30051	-77.24228	0.7539629	2254.764085292816
216	262.4526	4.7088113	268.71725	257.36453	294.6142	17.805372	318.08423	251.98389	400.0	400.0	237599	77.03497	15.716817	106.64833	-38.872353	-77.25435	0.7727639	2267.114538192749
217	298.1303	13.141525	311.27182	284.98877	292.4451	14.507864	312.12198	255.1604	400.0	400.0	238699	77.00917	15.741801	110.63202	-37.53378	-77.22949	0.7598953	2276.903113603592
218	301.1143	2.5760539	304.30435	297.99554	298.7369	11.978748	318.9755	276.45975	400.0	400.0	239799	77.00324	15.695879	103.75468	-37.872253	-77.21761	0.7458169	2288.1217980384827
219	272.4789	22.82217	304.6	253.68814	283.55502	14.986627	306.08652	233.92773	400.0	400.0	240899	76.978226	15.631286	102.75316	-37.31629	-77.19094	0.7245542	2298.6638708114624
220	280.68796	7.0588026	287.712	271.03287	290.98456	13.64185	313.58823	262.9044	400.0	400.0	241999	76.921745	15.619408	104.21976	-35.61855	-77.13218	0.728592	2308.8048021793365
221	293.6283	10.64119	304.26947	282.9871	287.26132	20.082157	318.89896	246.42088	400.0	400.0	243099	76.87482	15.583953	107.445015	-35.857906	-77.08354	0.7769586	2319.840267896652
222	295.18665	1.6087047	296.9792	293.07712	279.36203	20.89526	307.93484	231.1307	400.0	400.0	244199	76.85542	15.470081	98.67025	-36.90031	-77.06237	0.71309626	2330.985736846924
223	280.77747	11.98676	295.16327	265.8186	296.91498	9.13387	313.8536	282.71927	400.0	400.0	245299	76.83448	15.464118	105.13378	-36.02823	-77.04201	0.74000096	2342.09473156929
224	291.44754	13.289544	303.0463	272.84116	298.23346	15.636946	314.1403	258.81976	400.0	400.0	246399	76.76382	15.562615	101.10507	-33.351868	-76.971695	0.7172965	2352.8619101047516
225	297.70987	8.8437805	306.55365	288.8661	292.6059	16.793118	321.09357	261.04718	400.0	400.0	247499	76.76415	15.442669	98.79147	-32.754566	-76.97076	0.7243829	2363.5019855499268
226	290.30823	7.265634	298.87518	281.11154	288.57956	15.277436	314.1879	261.42078	400.0	400.0	248599	76.68421	15.571208	107.437454	-34.458374	-76.892685	0.70795465	2374.5099759101868
227	289.35	10.735134	303.63153	277.74905	293.74722	13.125497	321.56238	270.47546	400.0	400.0	249699	76.658394	15.570831	120.880516	-32.77512	-76.86778	0.7705646	2385.4583547115326
228	292.0793	7.8232384	299.3224	281.215	297.7363	13.177158	324.29813	270.62094	400.0	400.0	250799	76.68432	15.459885	95.920975	-32.737915	-76.8871	0.69223744	2397.0503623485565
229	292.15802	7.379135	299.53717	284.7789	282.43658	20.663641	317.04788	248.5247	400.0	400.0	251899	76.64709	15.507464	102.53754	-31.931675	-76.85305	0.7320964	2408.5242602825165
230	285.64316	11.902516	299.87793	270.74545	287.6106	14.118323	309.46448	250.40982	400.0	400.0	252999	76.60633	15.609862	99.96696	-30.369373	-76.81303	0.73857677	2420.3578176498413
231	302.36002	3.3042388	305.94214	297.97025	275.67847	23.621895	320.84863	236.90565	400.0	400.0	254099	76.62875	15.53485	98.13463	-30.122654	-76.834465	0.767496	2431.359186410904
232	309.88095	8.526041	321.23947	300.6977	285.2034	19.358438	324.86276	240.16661	400.0	400.0	255199	76.61022	15.577151	102.25206	-29.468105	-76.813705	0.7413957	2441.832155227661
233	283.87976	8.658005	292.53778	275.22177	282.0326	14.527547	309.20844	257.53503	400.0	400.0	256299	76.61215	15.534204	101.311325	-30.269707	-76.816475	0.7574538	2452.9261586666107
234	268.02942	14.8787	287.7072	251.7367	292.32245	15.582246	322.68576	253.92775	400.0	400.0	257399	76.621376	15.577019	99.99907	-28.552076	-76.825165	0.7342384	2463.73730802536
235	283.4112	10.544986	297.58954	272.3188	290.32758	16.371109	313.4698	246.52008	400.0	400.0	258499	76.6345	15.562798	101.6349	-30.665113	-76.841034	0.75330824	2474.8847193717957
236	296.78513	9.46968	309.11707	286.09647	285.9302	12.969481	315.81195	258.9878	400.0	400.0	259599	76.63264	15.564856	106.93393	-29.463776	-76.835556	0.7260299	2485.733071088791
237	278.6068	10.867783	289.47458	267.739	301.7575	23.73381	332.8132	248.7857	400.0	400.0	260699	76.58857	15.618962	116.6719	-29.33496	-76.79302	0.7676412	2497.075419664383
238	294.23886	7.0492563	303.1536	285.91708	301.56854	17.438791	328.13052	270.06772	400.0	400.0	261799	76.64486	15.474466	105.11295	-28.468555	-76.846085	0.7024546	2509.483729839325
239	295.77463	3.5503342	299.32632	290.9253	299.69034	18.224607	326.02997	261.57184	400.0	400.0	262899	76.637924	15.385654	101.60648	-27.175154	-76.840126	0.67350954	2521.708848953247
240	300.3655	7.4664645	310.79315	293.71274	299.95013	12.8626	320.17517	275.51562	400.0	400.0	263999	76.64538	15.326014	100.47567	-27.269794	-76.8438	0.69133914	2534.1078436374664
241	274.73297	29.50502	304.238	245.22797	308.18655	12.2362385	327.34677	275.853	400.0	400.0	265099	76.61364	15.339947	100.29994	-27.569794	-76.810524	0.68909436	2546.3142614364624
242	297.26852	10.184987	305.7434	282.9448	298.71844	14.826149	323.8117	275.45428	400.0	400.0	266199	76.570724	15.392872	108.00395	-28.747898	-76.76909	0.707597	2558.635722398758
243	295.7153	6.5971847	304.3467	288.3323	297.09735	14.972403	316.8039	267.14395	400.0	400.0	267299	76.58352	15.321768	103.943275	-26.017488	-76.78036	0.6830238	2570.7187798023224
244	310.6967	1.9509298	313.38867	308.82715	291.4389	22.691647	331.48022	242.64774	400.0	400.0	268399	76.6218	15.220318	98.99503	-25.899536	-76.82048	0.6894713	2582.979582309723
245	306.0863	0.551651	306.63797	305.53467	300.98996	17.711716	332.60666	265.07013	400.0	400.0	269499	76.61502	15.250604	99.984955	-24.24446	-76.812256	0.7005595	2593.878003358841
246	294.1138	6.578721	301.96143	285.86212	292.1901	19.692478	327.9962	264.43137	400.0	400.0	270599	76.603546	15.244292	97.75855	-25.005241	-76.80068	0.6700733	2604.666477918625
247	299.42715	6.3433857	303.9905	290.4567	289.91125	20.200771	331.5943	260.4692	400.0	400.0	271699	76.61942	15.183312	98.564224	-28.594109	-76.81232	0.6638916	2615.912235021591
248	275.93027	7.7014413	284.3536	265.73914	288.84787	18.376787	316.50116	243.20404	400.0	400.0	272799	76.60097	15.120378	100.01167	-25.840523	-76.78855	0.6635783	2626.4811277389526
249	295.48813	6.8565674	302.3447	288.63156	289.00687	23.910583	329.99683	213.09262	400.0	400.0	273899	76.53848	15.186088	101.20985	-25.56264	-76.72486	0.6471018	2637.53440618515
250	283.1089	21.13447	298.87238	253.23549	294.93793	22.769068	322.3472	248.45172	400.0	400.0	274999	76.54035	15.115544	100.55103	-26.776306	-76.729004	0.6753679	2650.297839164734
