Epoch	AverageEpRet	StdEpRet	MaxEpRet	MinEpRet	AverageTestEpRet	StdTestEpRet	MaxTestEpRet	MinTestEpRet	EpLen	TestEpLen	TotalEnvInteracts	AverageQVals	StdQVals	MaxQVals	MinQVals	LossPi	LossQ	Time
1	-78.50755	15.251053	-64.56229	-106.00197	-22.153215	16.27287	10.4684725	-51.59195	204.6	56.7	1099	-0.47520044	0.62298447	6.963744	-17.265005	0.4332734	0.12915412	1.5620436668395996
2	-49.81495	32.259785	3.9200346	-80.47707	-15.702934	13.052368	7.8091626	-41.03674	234.2	52.65	2199	-1.2975341	1.2883146	5.789021	-9.946087	1.248143	0.08416727	10.032024383544922
3	-50.687317	39.033253	2.802162	-89.24514	-12.831212	11.216506	13.79781	-30.335093	261.0	56.45	3299	-2.151807	2.2669468	10.535808	-12.164945	2.089582	0.20219177	17.45003318786621
4	-52.34229	42.452778	26.044018	-104.45766	-19.239777	16.111784	12.652772	-48.442707	228.0	55.05	4399	-2.6453464	3.2009344	11.507187	-16.094847	2.5654314	0.32425943	25.73654294013977
5	-74.19652	31.76843	-42.77426	-129.012	-19.27562	15.706241	8.532854	-45.341698	205.4	55.25	5499	-3.3884542	3.8972406	21.78085	-17.64285	3.2925372	0.57590586	34.31984066963196
6	-60.60664	29.630365	-36.901985	-117.00089	-12.832736	16.046568	12.385517	-49.229332	211.2	61.5	6599	-4.3589005	4.6100993	21.115194	-19.542166	4.272357	0.70444405	42.347965717315674
7	-34.627636	36.59987	22.851156	-72.382996	-19.154215	15.949707	10.282223	-48.81206	226.4	54.85	7699	-4.8878517	5.2081623	19.164042	-24.310947	4.7961073	0.94183415	49.073854207992554
8	-57.943237	14.291768	-36.95334	-84.478355	-25.802622	18.187164	14.149381	-56.01953	156.42857	57.65	8799	-5.519195	5.795008	21.788752	-22.15373	5.4388433	1.0025814	56.68604898452759
9	-70.51507	41.909313	-14.119888	-140.07233	-30.13881	10.690366	-5.260639	-47.786503	214.6	58.4	9899	-6.026434	6.2689276	30.10085	-28.564508	5.935419	1.2008266	64.67428493499756
10	-65.84303	29.088896	-24.514843	-100.489975	-37.200855	9.644353	-11.236176	-56.81967	244.75	57.45	10999	-6.603215	6.5181127	27.610725	-24.75131	6.4968023	1.2163596	72.2569272518158
11	-74.73404	36.96097	-36.163055	-143.56827	-36.648552	11.6188345	-9.877465	-51.748714	253.0	64.05	12099	-7.189391	6.7145553	18.488134	-27.54233	7.078167	1.246602	79.33424210548401
12	-45.657906	28.482594	-0.4318421	-88.38174	-37.94513	10.054119	-16.451466	-51.27952	221.4	60.7	13199	-7.6347637	7.0956683	25.191626	-27.328537	7.5354757	1.3540363	86.64175057411194
13	-62.446075	28.303257	-17.55208	-94.45404	-36.219746	20.611511	14.1444025	-61.602146	304.5	71.65	14299	-7.9960055	7.4461503	24.672235	-30.368382	7.8906417	1.3808752	94.12049388885498
14	-40.47191	14.075929	-7.2947264	-56.068752	-37.030647	17.990606	1.2500644	-60.166553	136.625	67.05	15399	-8.259872	7.841465	20.111794	-50.579544	8.156695	1.4236835	101.87187194824219
15	-36.26297	19.106016	-7.4789715	-68.203896	-29.510065	28.563484	40.190807	-71.12217	80.111115	178.25	16499	-8.882193	8.520411	23.707817	-49.80382	8.793743	2.2944534	110.72027492523193
16	-37.21732	14.612664	-3.6249409	-53.686043	-28.324905	37.169548	72.55948	-78.411026	163.22223	208.8	17599	-9.51482	8.904504	15.006178	-53.470566	9.414258	2.698776	119.78681325912476
17	-25.330402	25.500093	4.2612114	-56.272556	-16.06512	49.38645	75.49817	-77.612045	262.0	314.45	18699	-10.185215	8.965212	19.1682	-48.942337	10.056619	2.8360605	128.60056376457214
18	-12.224763	41.67176	53.62639	-53.01266	-40.900425	17.709412	9.117867	-66.212494	252.5	279.45	19799	-10.151944	8.900955	27.07305	-43.890236	10.002145	2.439316	140.1645429134369
19	-4.0384674	25.90007	38.987328	-45.93206	-10.1369505	29.562126	49.623962	-52.324604	176.42857	187.05	20899	-9.752807	9.054081	22.997478	-40.594765	9.577169	2.3835914	149.94278192520142
20	-17.091042	36.553177	54.722668	-47.358536	-9.449549	15.565544	19.992342	-32.536076	207.6	139.95	21999	-8.999442	9.018873	22.450241	-38.364273	8.767752	2.3471286	159.3413052558899
21	-31.533543	18.74701	6.136395	-52.618652	-24.083723	19.501673	12.353269	-58.479786	125.77778	202.5	23099	-8.529157	9.065487	18.670187	-35.669033	8.273679	2.2972736	167.9407205581665
22	-20.66446	11.5827675	-0.65906143	-35.61468	-9.826752	20.304558	27.234695	-51.989254	218.8	159.7	24199	-7.81629	9.157003	28.035633	-34.422867	7.5310583	2.3218582	178.22303342819214
23	-22.06625	18.54999	8.567686	-40.925983	-15.256662	16.913927	8.549754	-47.150448	193.2	189.3	25299	-7.1430416	9.56019	26.393705	-32.736877	6.825264	2.1251016	188.438241481781
24	4.3683352	19.077396	27.15337	-24.317911	-5.4842863	20.685184	28.408619	-41.95218	280.5	281.4	26399	-6.4422984	10.292977	28.53412	-32.056915	6.0944977	1.8928818	200.1492805480957
25	-13.427945	15.533316	9.036126	-37.562138	-8.279184	15.619293	18.41716	-42.804295	182.33333	231.25	27499	-5.405056	10.877065	41.712494	-34.581234	5.039042	1.7688006	209.32811284065247
26	-9.687903	15.701926	10.319183	-36.395252	-11.8757	12.153806	9.741138	-47.469395	208.5	235.65	28599	-4.4839983	11.279591	54.532913	-34.420475	4.10417	1.7530342	219.32241249084473
27	-9.732762	10.169786	0.04841886	-24.086512	-13.698553	16.340197	23.583378	-38.869858	174.0	291.55	29699	-3.319572	11.844505	39.675568	-33.217068	2.9371343	1.6068424	231.8648965358734
28	-4.0599103	18.625982	18.634485	-26.987873	2.2598224	17.84505	34.84396	-26.72016	351.33334	400.0	30799	-2.3116431	12.233008	42.390106	-32.972576	1.929992	1.3605981	248.69017457962036
29	-22.010862	3.5054066	-17.193651	-25.433208	1.0337609	16.162062	28.592438	-27.600704	400.0	400.0	31899	-0.9402597	12.460239	44.94311	-32.45317	0.57322586	1.1551758	262.74599838256836
30	0.3303101	2.900042	3.2303522	-2.569732	0.5529087	19.903542	36.59099	-38.791256	400.0	400.0	32999	0.5429418	12.5214815	55.096806	-31.961128	-0.9061175	1.2132668	276.96954464912415
31	7.029081	24.20837	25.885303	-27.145748	1.9730899	16.45334	39.095943	-31.325083	400.0	400.0	34099	1.9970223	12.429257	64.626	-30.94499	-2.351944	1.2963185	288.98156809806824
32	3.297424	13.182452	21.001524	-10.6132	0.24362195	24.241117	53.696045	-41.84987	400.0	400.0	35199	3.4811988	12.082195	50.778313	-29.140888	-3.8403347	1.2211206	301.9120104312897
33	-9.687758	9.3811455	3.5058634	-17.490833	9.173254	15.848866	41.74489	-28.998533	400.0	382.85	36299	4.8522677	11.445189	50.174248	-28.43634	-5.189784	1.0935129	320.1504080295563
34	9.698832	1.6528664	11.351698	8.045965	11.876471	18.200844	44.497467	-26.249107	400.0	400.0	37399	5.620833	10.776235	54.231503	-27.79801	-5.930561	0.94720393	335.786904335022
35	18.505661	10.104699	30.238945	6.86667	4.5473375	13.160515	35.745193	-19.581167	317.0	385.95	38499	6.270256	10.224421	90.38138	-27.147598	-6.5515175	0.89546925	349.19033193588257
36	4.9892006	25.013386	32.525864	-28.009403	14.875483	14.377891	46.704323	-11.214476	400.0	400.0	39599	6.9590125	9.464467	63.32515	-26.225302	-7.22665	0.780353	363.96171617507935
37	12.942506	20.34298	33.285484	-7.400473	10.72617	18.188541	55.501877	-23.298025	400.0	400.0	40699	7.830098	9.082826	89.184296	-25.726088	-8.087829	0.75145555	377.53903675079346
38	2.046006	17.258728	22.779469	-19.47367	3.0648067	21.10603	38.37536	-34.151886	400.0	388.7	41799	8.826927	8.904813	72.71638	-24.548588	-9.0828495	0.69175935	390.27129888534546
39	2.0645509	7.9927745	12.865331	-6.222712	-16.464054	25.506062	35.606136	-60.246433	400.0	302.3	42899	9.424512	8.099158	64.57839	-22.959808	-9.655349	0.4885608	402.1536855697632
40	-12.294709	5.319652	-6.961399	-19.55646	-27.118174	38.439423	49.809948	-90.30303	296.66666	310.3	43999	10.096261	7.719858	67.55133	-21.393251	-10.316884	0.51260066	411.7023539543152
41	-6.304903	16.833183	14.270491	-26.961977	-5.1344285	47.05159	70.89506	-88.98208	358.66666	363.75	45099	10.580594	7.4199667	60.812656	-18.100855	-10.793912	0.5575236	424.80656480789185
42	-8.198888	5.161917	-0.8648152	-15.352298	21.82561	21.506636	65.55494	-37.408245	355.5	391.75	46199	10.703979	7.0707245	67.386475	-15.440971	-10.926222	0.54409736	439.71113181114197
43	28.75455	24.104326	52.85888	4.6502247	19.355295	20.196821	64.39355	-31.066221	400.0	384.35	47299	10.994143	6.975361	63.68523	-21.714561	-11.22788	0.51723486	453.33996963500977
44	29.854898	4.7433214	35.3581	23.781443	19.447315	16.053238	53.538902	-8.024842	400.0	385.3	48399	11.155647	6.886529	53.840576	-11.326348	-11.392845	0.41954193	464.9889192581177
45	12.508471	13.766495	28.05475	-7.218513	28.1665	15.447113	60.13577	-6.939312	339.5	386.45	49499	11.636102	7.032562	64.95632	-12.135676	-11.871682	0.4325096	475.2054603099823
46	38.468994	11.475914	49.94491	26.99308	25.61585	17.118505	64.528595	-1.9726766	400.0	400.0	50599	12.248766	7.4681845	64.97573	-11.924471	-12.476336	0.4744458	486.9780602455139
47	20.466784	12.881732	32.72447	2.6665921	32.841347	15.904152	61.17225	3.68834	400.0	400.0	51699	12.252202	7.6711683	61.586052	-4.9130435	-12.470941	0.37286493	500.1090278625488
48	13.321305	9.150319	23.157038	1.120839	38.377	22.492922	79.72337	-7.757461	400.0	400.0	52799	12.321738	7.6882315	70.45263	-19.955667	-12.549764	0.40097356	517.7657506465912
49	24.122126	17.409739	45.6481	3.0091248	37.021454	15.207517	62.38385	12.341324	400.0	400.0	53899	12.311864	7.554403	83.78068	-15.186521	-12.5347	0.3570258	530.6106042861938
50	42.174698	7.8904953	50.065193	34.284203	28.197083	18.470808	56.57541	-10.5126505	400.0	400.0	54999	12.346521	7.772248	65.8983	-20.842133	-12.568145	0.43175745	544.3539686203003
51	35.20366	12.259024	45.409843	17.96381	30.248352	13.583564	55.42711	8.083588	400.0	400.0	56099	12.345436	7.752417	78.74561	-13.088423	-12.561915	0.41777235	557.2790713310242
52	41.132587	12.361111	57.284565	27.26602	34.85685	20.346647	88.815704	7.9579945	400.0	400.0	57199	12.531915	8.010722	69.34519	-8.698759	-12.742776	0.39468163	567.1957223415375
53	25.38859	13.599283	43.621086	10.9720745	36.738117	20.425985	77.593376	3.8308089	400.0	400.0	58299	12.643832	8.262949	60.294918	-9.401583	-12.850199	0.5064747	575.6664626598358
54	38.48877	10.703073	49.19184	27.785696	39.073906	20.34925	81.59922	1.6102191	400.0	400.0	59399	12.795843	8.139485	89.8404	-20.791124	-12.994696	0.4324824	584.1899466514587
55	37.609333	24.680603	71.25149	12.735156	34.33541	17.157988	70.72788	7.8928585	400.0	400.0	60499	13.016104	8.162267	82.99029	-11.967098	-13.201229	0.36653435	594.0014636516571
56	37.304966	11.099556	49.33214	22.55579	32.565845	18.543743	72.1306	4.080008	400.0	400.0	61599	13.237643	8.240515	59.505024	-0.8494142	-13.416975	0.3227308	601.8128945827484
57	35.3659	10.778819	50.530228	26.439583	26.65099	19.169798	64.57254	-0.7521204	400.0	400.0	62699	13.334074	7.97254	78.08921	-29.98369	-13.502921	0.370731	611.5731372833252
58	16.28217	4.181898	20.464067	12.100271	37.89569	15.423715	78.53427	10.055703	400.0	400.0	63799	13.275839	7.3999243	82.94459	-1.5817066	-13.4421625	0.30883956	618.8609247207642
59	14.741203	11.971843	23.964674	-2.166193	27.114746	19.533993	67.12352	-22.87414	400.0	400.0	64899	13.264487	7.13383	75.44324	-7.2200246	-13.428709	0.27510136	626.0928628444672
60	3.9001005	14.722648	24.097038	-10.579839	16.767336	16.645834	41.963493	-10.276209	400.0	400.0	65999	13.275228	6.7966514	75.821236	5.0226793	-13.429914	0.17850025	633.0303342342377
61	19.148514	2.216036	21.465399	16.162434	9.655505	23.241222	55.683704	-21.746412	400.0	400.0	67099	13.62751	6.85144	76.40992	1.227877	-13.784462	0.21741557	641.3492434024811
62	17.4028	3.6339297	21.03673	13.76887	16.803085	21.993843	67.55256	-20.296364	400.0	400.0	68199	14.0405245	6.7956753	71.991936	4.327939	-14.225228	0.21706906	652.9981195926666
63	7.6955695	14.329558	20.053148	-12.392644	24.874668	21.111181	64.64371	-12.053191	400.0	400.0	69299	14.796354	6.899732	66.01999	-7.504426	-15.001895	0.20104253	663.4266407489777
64	27.662043	10.921381	41.85285	15.286433	35.664574	28.551273	91.70967	-18.165827	400.0	384.35	70399	15.577374	6.9739075	59.00835	4.8180056	-15.790297	0.17014046	673.5268325805664
65	23.574594	13.773754	37.41026	4.7822	30.191656	18.34812	66.32443	0.25933447	400.0	400.0	71499	16.00258	6.992536	58.903423	4.6845016	-16.202436	0.1451935	685.4870231151581
66	11.125597	4.887945	16.013542	6.2376523	24.378395	11.932997	47.634846	5.5505714	400.0	400.0	72599	16.278683	7.1899233	71.857506	3.5820036	-16.459734	0.22143172	695.9403405189514
67	19.02047	17.73777	43.79851	3.2433438	25.18366	18.298258	63.004257	-8.37347	400.0	400.0	73699	16.826347	7.4256105	82.487404	-3.6048055	-17.015324	0.22330838	706.1382014751434
68	36.323544	21.796017	66.6935	16.572508	26.95985	21.534628	69.8061	-8.015171	400.0	365.8	74799	17.077843	7.646179	79.99679	1.895257	-17.266777	0.24195585	714.468074798584
69	38.503704	9.524106	47.379444	25.292078	31.271738	15.355384	54.858448	9.928771	400.0	400.0	75899	17.398506	7.9274063	70.56068	1.5856355	-17.598322	0.21936086	723.8183259963989
70	27.96864	9.259098	37.227737	18.709541	27.880411	12.173038	45.315163	7.0451436	400.0	400.0	76999	17.75189	8.2328005	79.38959	1.4450679	-17.957369	0.23634025	735.3151149749756
71	15.161769	2.5866458	18.192547	11.872431	32.221153	17.074743	65.19359	-5.822311	400.0	400.0	78099	17.806469	8.262571	92.70025	0.7020321	-18.01849	0.32392266	746.8840870857239
72	23.451782	12.252184	36.71937	7.166443	30.263214	17.551575	68.18509	2.0164235	400.0	384.15	79199	18.19417	8.240881	80.453636	-0.94586897	-18.413612	0.2914737	757.0738067626953
73	23.630556	22.285507	55.08746	6.224881	18.991993	19.123848	54.640945	-7.0975695	400.0	400.0	80299	18.676498	8.10023	78.09619	0.50564706	-18.891472	0.25855878	768.9570980072021
74	47.683987	18.469954	66.15394	29.214033	31.800858	27.318123	91.65445	-15.167144	400.0	368.6	81399	19.048561	8.112453	85.44102	0.30933344	-19.260069	0.2823717	780.4586892127991
75	6.450258	4.715651	12.387692	0.85167414	30.649616	20.800957	72.3144	-10.179294	400.0	384.55	82499	19.065804	7.949165	77.773315	0.19276392	-19.263094	0.26705372	790.2009806632996
76	48.009396	13.804456	66.66098	33.69028	32.104095	18.238392	74.89972	3.0286329	400.0	400.0	83599	19.145437	7.894411	79.38901	0.33149862	-19.336443	0.26896587	801.1165482997894
77	44.685394	3.8989956	47.94263	39.20372	16.908169	24.025732	72.98756	-45.03917	400.0	400.0	84699	19.086847	7.838175	76.90339	1.0445569	-19.275745	0.2376982	810.4632461071014
78	62.755604	12.271893	75.0275	50.48371	29.272873	16.480795	57.13536	-1.4573622	400.0	400.0	85799	19.111103	7.781929	85.70199	-3.130263	-19.307465	0.24027787	819.0302481651306
79	37.534122	17.465775	61.557785	20.549606	13.979584	35.8469	62.301273	-83.38064	400.0	385.45	86899	19.316843	7.727545	79.24774	2.200778	-19.509426	0.2397679	827.2785294055939
80	11.94213	12.499871	29.009512	-0.5788559	32.13833	18.16044	85.03827	7.8987513	400.0	400.0	87999	19.372423	7.6443496	85.65424	2.8866482	-19.565004	0.21767014	835.461094379425
81	38.290665	14.804492	58.261585	22.861752	32.13676	17.396744	60.94334	-5.4580717	400.0	400.0	89099	19.846651	8.093463	78.433365	2.9440923	-20.050306	0.23861884	845.107305765152
82	36.80445	3.2386665	40.043118	33.565784	30.059921	14.983551	64.05953	10.456705	400.0	400.0	90199	20.013239	7.843096	72.06156	3.2988298	-20.216244	0.20720334	856.3183417320251
83	25.782402	12.711459	42.890144	12.446725	24.37067	18.286673	55.71148	-22.626926	400.0	400.0	91299	19.944405	7.485773	69.94604	3.457234	-20.152409	0.2104168	866.3284196853638
84	16.433964	15.90808	30.672054	-5.77011	32.55967	18.118479	63.696106	-8.008434	400.0	400.0	92399	20.408514	7.4564276	68.07145	3.124302	-20.617584	0.22676592	877.2348566055298
85	31.228998	10.934876	46.597336	22.055552	37.745163	16.237608	73.72624	3.2747164	400.0	400.0	93499	21.114157	7.7249575	83.240295	2.7769632	-21.300552	0.21207444	887.5347905158997
86	41.191467	5.2301197	46.42159	35.96135	39.45751	14.614136	60.37393	10.347627	400.0	400.0	94599	20.98817	7.6649857	75.58884	3.0042615	-21.169567	0.24355929	900.3984241485596
87	26.594435	18.086308	51.67144	9.69363	27.600683	12.932209	47.602684	2.2631035	400.0	400.0	95699	20.776766	7.6179495	61.617332	7.4043193	-20.94891	0.19474243	912.3415567874908
88	22.432884	3.5531895	24.951315	17.407919	36.628376	15.0816765	68.51118	10.276871	400.0	400.0	96799	20.504942	7.5811453	82.85832	-3.2093368	-20.671385	0.19327335	922.6618478298187
89	39.753128	14.666557	59.323936	24.017979	38.186485	15.002969	62.476475	13.010649	400.0	400.0	97899	20.29114	7.676238	70.418274	3.8109627	-20.458921	0.19456343	931.6443002223969
90	40.205627	10.224581	50.430206	29.981045	36.533	14.999136	68.44064	4.061219	400.0	400.0	98999	20.056906	7.874951	90.65096	-3.026135	-20.220936	0.22093184	943.4046657085419
91	31.260872	13.164159	47.62386	15.389639	33.168205	16.339941	64.39965	9.453559	400.0	400.0	100099	19.990803	7.875723	124.8892	-11.625038	-20.149368	0.22041874	954.5445530414581
92	13.532428	2.7876492	17.229414	10.498311	32.108387	18.60113	68.78197	1.0539935	400.0	400.0	101199	19.706423	7.7349424	64.66591	9.191171	-19.866043	0.17726603	966.6374216079712
93	19.909277	8.817905	31.102562	9.551757	38.318363	22.93843	89.185974	-0.7699623	400.0	400.0	102299	19.206007	7.4737043	70.463165	9.032623	-19.359837	0.16426662	977.8410778045654
94	33.59227	4.146682	37.738953	29.44559	36.894325	19.820213	83.41873	-2.5714934	400.0	400.0	103399	18.944607	7.2682643	71.70984	8.885848	-19.089336	0.1904577	988.7162246704102
95	30.163345	25.65105	65.575554	5.642103	36.486374	18.383991	75.41708	4.1190596	400.0	400.0	104499	18.57175	7.0331726	72.7941	8.791077	-18.704247	0.1877812	999.2108097076416
96	45.81133	0.65736777	46.723022	45.197964	30.94928	17.575956	68.04203	0.041526385	400.0	400.0	105599	18.332853	7.2327094	62.05332	8.443174	-18.465847	0.19657016	1011.38516497612
97	9.728102	14.073459	24.972435	-8.975631	31.702381	20.214571	66.630844	-13.896037	400.0	400.0	106699	18.091204	7.2265983	59.90342	8.6051	-18.227888	0.19894414	1024.7093863487244
98	31.410479	3.9641018	35.37458	27.446377	34.37736	17.747967	62.795334	4.0538516	400.0	400.0	107799	17.603897	7.123748	65.9216	8.627084	-17.741642	0.20513044	1042.1134951114655
99	24.957117	15.177277	45.814606	10.141061	22.162594	17.119215	60.26419	-12.126726	400.0	400.0	108899	17.004189	6.811395	94.88523	6.8789597	-17.145702	0.24272414	1054.3911740779877
100	45.97571	21.35444	71.58918	19.313261	18.510715	15.953508	59.96471	-1.7384605	400.0	400.0	109999	16.965834	7.1358047	69.64377	6.879636	-17.103691	0.23784132	1067.3893640041351
101	23.353788	5.9190564	30.698654	16.20392	26.048023	15.473821	64.34404	0.1304471	400.0	400.0	111099	16.88974	7.204725	69.37236	6.9444523	-17.0179	0.17984511	1084.900468826294
102	30.217396	12.744487	42.961884	17.47291	33.53454	18.573057	69.96174	-0.24797276	400.0	400.0	112199	16.88865	7.334954	80.24571	-5.755995	-17.007187	0.20605652	1097.868641614914
103	19.718813	9.1691265	32.177006	10.374528	26.976414	18.814844	78.14311	1.0274365	400.0	400.0	113299	16.916958	7.123528	70.71431	6.4538713	-17.040855	0.17103523	1111.1582057476044
104	9.593864	12.777899	23.5852	-7.306042	12.999605	18.211792	41.496002	-25.02948	400.0	389.85	114399	16.824833	6.9567857	67.65128	6.290878	-16.949	0.17284402	1125.868578672409
105	19.64452	10.3087635	33.29151	8.379671	27.254879	19.87103	71.551025	2.604767	400.0	400.0	115499	16.942225	7.284941	74.816895	6.0746026	-17.062973	0.15821536	1137.3074226379395
106	25.538916	18.640837	44.179752	6.898079	26.98017	13.50039	47.44934	4.838756	400.0	400.0	116599	17.017015	7.3602314	67.11331	5.9273934	-17.131031	0.16316092	1145.9741203784943
107	23.6318	6.0839877	30.697405	15.846907	35.09887	16.951223	59.153545	9.905434	400.0	400.0	117699	16.85276	7.322108	75.739204	5.75716	-16.966988	0.1656272	1157.7558829784393
108	24.61487	4.153793	29.51781	19.36128	18.206982	27.025726	53.78852	-79.47857	400.0	400.0	118799	16.589062	7.203742	64.21177	5.3646417	-16.707975	0.1311642	1168.2430684566498
109	28.97792	2.542079	32.570927	27.076618	24.50936	18.165703	46.01522	-42.035778	400.0	396.3	119899	16.45317	6.977747	81.84351	2.536574	-16.590273	0.1331096	1178.9463951587677
110	15.917234	1.0844369	17.00167	14.832797	33.92663	18.813808	94.301414	5.4006987	400.0	400.0	120999	16.428524	6.8677526	60.076187	4.670885	-16.575819	0.123206146	1190.540151834488
111	44.2554	8.943266	54.08782	32.449657	29.852139	23.21747	75.209564	-2.7903082	400.0	400.0	122099	16.771566	7.3557663	82.22485	4.199487	-16.92993	0.1600988	1201.9125533103943
112	38.920925	24.356806	73.24723	19.27594	35.189335	17.935736	68.5284	-2.9153953	400.0	400.0	123199	17.164076	7.697258	73.51317	4.647704	-17.32122	0.17073832	1212.4783391952515
113	26.182516	26.175041	59.655846	-4.2417874	31.335682	17.097994	71.644066	1.0028737	400.0	400.0	124299	17.135311	7.576142	79.42045	4.7764673	-17.28276	0.15294175	1224.2173125743866
114	42.582596	11.819578	54.402176	30.76302	40.629387	20.807205	80.28652	16.415333	400.0	400.0	125399	16.884563	7.4120946	61.944374	4.653135	-17.01754	0.13110432	1234.2542238235474
115	33.53647	6.201732	40.497513	25.435328	34.229927	21.456242	84.06014	2.3186831	400.0	400.0	126499	16.627245	7.4433813	65.67074	4.55278	-16.743673	0.13750744	1245.104540348053
116	35.91203	16.85388	57.599262	16.505243	35.13128	22.240088	76.69218	-0.5595038	400.0	400.0	127599	16.400892	7.513495	67.32282	2.4876614	-16.507574	0.16332957	1255.1456711292267
117	40.63859	16.764181	52.698	16.931652	43.216934	20.013666	83.6586	10.16044	400.0	400.0	128699	16.218397	7.7824254	67.4412	4.915017	-16.316595	0.16228649	1266.3088066577911
118	58.557182	13.22522	71.7824	45.331963	33.764412	20.735624	72.3495	3.6285172	400.0	400.0	129799	15.982198	8.181654	77.25937	4.300585	-16.072952	0.1717446	1276.6742026805878
119	21.848795	7.098398	28.444967	11.997177	38.75934	20.196321	81.68702	5.7538686	400.0	400.0	130899	15.423718	8.110153	69.29271	4.29309	-15.506513	0.15016124	1288.3005731105804
120	32.232506	16.53613	51.51929	11.135713	39.131916	26.734749	79.32163	-6.194959	400.0	400.0	131999	14.946996	8.007434	77.96082	4.5164986	-15.030691	0.13620535	1299.403567314148
121	24.256454	12.447616	37.64502	7.663967	22.443447	42.91348	70.73044	-120.63282	400.0	380.3	133099	14.709222	8.022486	87.46694	2.365414	-14.791234	0.17630382	1309.8527307510376
122	2.0406787	69.706894	54.80548	-96.4561	36.279415	19.593882	76.41231	5.155214	331.66666	400.0	134199	14.862376	8.634566	72.33707	0.15166497	-14.955851	0.28388262	1323.6057720184326
123	23.741074	14.303145	37.112236	3.91095	20.994196	27.341507	52.548584	-78.567856	400.0	387.95	135299	15.110009	8.909641	64.29048	4.6909103	-15.216119	0.43374032	1336.0387165546417
124	39.603523	23.555794	63.159317	16.04773	36.602867	19.249697	91.09947	6.3165965	400.0	400.0	136399	14.962165	8.831688	64.00781	4.823356	-15.069023	0.36142328	1348.2955350875854
125	24.285172	15.2128525	44.88212	8.60426	24.675213	17.489594	68.271324	-2.4395046	400.0	400.0	137499	14.67505	8.46676	95.09166	4.5774474	-14.781598	0.30903685	1360.712182044983
126	22.998846	6.5395164	32.21876	17.762178	19.36533	21.232239	59.011135	-30.402172	400.0	400.0	138599	14.459441	8.22755	71.39011	4.71646	-14.57048	0.2674489	1376.4030063152313
127	6.3062444	5.579615	13.811147	0.44299126	24.272308	22.559668	66.63821	-33.014038	400.0	377.95	139699	14.354941	8.177172	60.945038	4.5189104	-14.471307	0.25403142	1387.9983203411102
128	23.570316	18.866346	42.43666	4.7039704	15.01237	21.52226	59.782005	-17.360394	400.0	400.0	140799	14.513582	8.159921	74.56505	1.3914074	-14.6412735	0.27118814	1399.9292006492615
129	43.233353	9.527858	56.575695	34.932304	31.062458	23.345387	83.41165	-4.75769	400.0	400.0	141899	14.404515	8.153036	64.9745	4.3221083	-14.541824	0.25849274	1410.5687363147736
130	46.503857	23.285383	71.32336	15.350896	12.199359	18.469126	51.49302	-9.924715	400.0	400.0	142999	14.665785	8.575402	64.64205	4.1963854	-14.811396	0.20239834	1421.6593024730682
131	44.124313	16.27038	56.488163	21.13646	16.928082	19.697273	51.258762	-16.414083	400.0	400.0	144099	14.858374	8.757263	64.88186	3.9463933	-14.994368	0.26062676	1430.2545280456543
132	31.980635	23.48941	55.470047	8.491223	34.14136	20.443106	79.28509	-7.2483735	400.0	400.0	145199	14.978603	8.596831	64.40215	3.6807747	-15.119991	0.25878438	1440.0345213413239
133	29.50467	4.4366155	35.691273	25.50594	28.15301	16.060621	65.60099	0.5049325	400.0	400.0	146299	15.428107	8.666651	76.41885	-30.810726	-15.577575	0.26596513	1452.8934454917908
134	30.75579	11.88063	47.174065	19.455662	15.534793	17.176947	45.535934	-8.106507	400.0	400.0	147399	15.762538	8.699803	71.44697	2.4787378	-15.912827	0.24886428	1467.085217475891
135	32.229065	9.218132	41.715164	19.741898	26.066952	18.093798	60.777756	-12.762929	400.0	400.0	148499	15.649602	8.814632	77.85061	-32.52168	-15.795859	0.26684028	1477.23224568367
136	16.350233	20.706793	37.057026	-4.3565583	30.776312	17.062452	71.58296	1.1348416	400.0	400.0	149599	15.429933	8.773997	63.163063	1.580679	-15.568427	0.20473479	1490.8259663581848
137	21.27968	4.5735674	27.128725	15.963968	28.667053	12.630741	50.327	7.8415217	400.0	400.0	150699	15.3092165	8.675515	69.43536	1.4479736	-15.436633	0.20627888	1504.5871510505676
138	35.121	10.900095	44.077744	19.777515	41.4886	21.079416	82.78066	10.018331	400.0	400.0	151799	15.186132	8.697925	69.22848	0.8527131	-15.306723	0.2114235	1516.0803480148315
139	11.936923	3.935506	16.921972	7.3009725	26.780132	22.163342	80.892044	-4.4387336	400.0	400.0	152899	15.070513	8.768366	64.79325	0.88760054	-15.196238	0.21460272	1528.9770803451538
140	22.83584	1.2489281	24.084768	21.586912	29.146534	16.96678	61.488342	-2.1623013	400.0	400.0	153999	14.956756	8.687416	68.588264	1.75604	-15.086593	0.24276344	1540.4161059856415
141	26.449068	20.205025	49.263504	0.14249982	32.352604	15.628898	67.65228	8.894801	400.0	400.0	155099	14.899907	8.730013	66.728424	2.1174836	-15.031205	0.21530499	1552.271401643753
142	43.89209	10.77228	53.205112	28.794617	31.657337	21.311268	80.44808	-2.330183	400.0	400.0	156199	14.822186	8.629819	65.47676	-5.9597964	-14.951705	0.24076341	1566.5691018104553
143	20.325954	17.507427	44.805965	4.874744	33.761913	16.475288	67.28261	9.04133	400.0	400.0	157299	14.671493	8.3952465	66.51648	2.4155903	-14.7926445	0.22716898	1578.8676054477692
144	13.151143	22.422192	35.573334	-9.271048	29.64211	21.519417	66.84462	-3.6403027	400.0	400.0	158399	14.186461	7.858727	87.66735	2.096623	-14.2947035	0.21515061	1588.4998881816864
145	36.10546	19.391226	60.688126	13.288023	17.027382	25.590113	63.37443	-30.816236	400.0	400.0	159499	13.75313	7.396563	66.241745	-1.7775434	-13.84977	0.18564491	1600.0353236198425
146	10.650037	14.44578	27.950409	-7.409911	22.038452	20.931206	76.498276	-10.081007	400.0	400.0	160599	13.808128	7.4754786	76.19471	-7.0609465	-13.904717	0.19611114	1613.9657154083252
147	43.931183	1.6147096	45.112823	41.64811	25.44842	24.990244	89.11961	-18.418037	400.0	400.0	161699	13.702432	7.5875783	89.19918	-18.989304	-13.795258	0.17043555	1625.938381910324
148	34.62819	2.0437927	36.67198	32.584396	31.828836	22.392653	72.39628	-9.047455	400.0	400.0	162799	13.548638	7.637906	63.15719	1.535288	-13.635054	0.14906183	1635.7217972278595
149	29.890043	11.586739	45.653618	18.133846	36.78457	15.535986	66.812584	8.020517	400.0	400.0	163899	13.536057	7.623065	67.18825	1.4976242	-13.615595	0.1490903	1647.1264834403992
150	32.473694	29.20689	73.012535	5.3475018	29.94671	20.026009	72.62619	-1.801174	400.0	400.0	164999	13.677792	7.8242693	88.72113	4.090412	-13.755643	0.17168035	1659.1313161849976
151	6.6940293	37.01475	51.59742	-39.057926	1.6160278	38.922127	56.865818	-62.118057	400.0	359.75	166099	13.96417	8.424078	67.44305	3.8533835	-14.044894	0.14760046	1669.4942474365234
152	30.67429	16.356735	47.031025	14.317555	19.640732	30.10912	78.803185	-33.782127	400.0	400.0	167199	14.311758	8.717204	76.05647	0.29590762	-14.390175	0.16913067	1679.3086652755737
153	14.364837	11.316509	30.180197	4.3356304	23.409145	14.284	61.16488	4.35317	400.0	400.0	168299	14.348043	8.61278	66.53863	3.2348857	-14.420426	0.15153173	1696.0748465061188
154	24.204844	11.721498	40.736256	14.878686	21.838423	21.209106	66.39619	-11.668375	400.0	400.0	169399	14.090764	8.479706	74.193954	2.7869658	-14.161771	0.15622659	1708.2961258888245
155	20.236654	4.3969464	23.775969	14.039283	20.138401	24.081394	60.69153	-28.225283	400.0	400.0	170499	13.8487015	8.393489	73.79595	2.7245047	-13.925979	0.15437265	1721.1456098556519
156	22.385942	9.3496475	31.73559	13.036295	23.719074	20.759525	67.75046	-9.719113	400.0	400.0	171599	13.772679	8.070951	69.88729	2.5159726	-13.854837	0.12646684	1734.497685432434
157	30.942583	26.300041	53.716354	-5.9110417	35.789234	21.678068	71.44587	-7.1899743	400.0	400.0	172699	13.775805	8.171148	77.13661	2.2480962	-13.863425	0.15574215	1747.089933872223
158	6.822618	10.333966	17.022408	-7.3414645	23.231474	22.281988	60.846592	-8.003977	400.0	400.0	173799	13.702686	8.252277	74.31385	-2.8205876	-13.792812	0.17197329	1762.4025733470917
159	20.553267	2.3352988	23.047216	17.431301	29.75879	24.417307	61.999016	-46.18451	400.0	400.0	174899	13.541918	8.060332	76.58562	-5.0384216	-13.63481	0.12085	1775.8559670448303
160	12.197324	16.177662	28.374985	-3.9803379	28.786982	22.763542	61.82088	-25.471695	400.0	400.0	175999	13.038377	7.9119635	65.039536	-12.284885	-13.128539	0.14522003	1789.057229757309
161	13.262825	19.552465	40.861107	-2.0193741	25.151962	22.195318	72.671745	-36.59221	400.0	400.0	177099	12.72328	7.730845	61.586597	0.9462527	-12.812325	0.13807936	1798.3535552024841
162	34.876266	6.18625	41.534977	26.632574	29.965689	24.775454	70.32563	-16.402342	400.0	400.0	178199	12.430739	7.7236156	62.063892	0.86883736	-12.518306	0.14835158	1809.373134613037
163	51.59907	24.79354	78.256836	18.544523	41.9045	20.554138	71.58738	-2.7581286	400.0	400.0	179299	12.132198	7.7566147	103.2317	0.6236104	-12.226167	0.16185123	1822.830536365509
164	17.139324	7.7833495	24.922674	9.355975	29.352804	25.682863	92.75521	-3.6752973	400.0	400.0	180399	11.94477	7.747117	73.88729	0.7744342	-12.044667	0.12515306	1835.2260529994965
165	39.158245	5.7443404	45.30019	31.48254	33.563225	19.398836	71.73817	-4.0046825	400.0	400.0	181499	11.462015	7.3860617	59.068382	1.2020139	-11.560961	0.11919668	1848.798355102539
166	38.40859	22.708105	69.94891	17.404602	37.75495	23.09861	86.59852	-3.9665992	400.0	400.0	182599	11.404487	7.4008865	64.55001	1.4621842	-11.50177	0.13324352	1861.7611663341522
167	31.23591	14.422276	42.661495	10.89113	33.81066	17.808357	59.373062	-4.225632	400.0	400.0	183699	11.3530035	7.3659334	75.35288	1.6994231	-11.452833	0.11289036	1875.7343773841858
168	36.415215	13.792475	50.207687	22.622738	25.823715	16.301853	51.681232	-9.945579	400.0	400.0	184799	11.570042	7.44747	88.0751	-35.694767	-11.665161	0.32739276	1888.8488161563873
169	20.98454	8.435733	30.461403	9.9704275	30.833445	22.657522	88.44911	-17.19278	400.0	400.0	185899	11.771834	7.515658	73.45305	1.3635435	-11.873486	0.1617782	1897.8798582553864
170	44.602818	16.732029	67.869385	29.235727	33.32521	14.724083	64.511116	10.608918	400.0	400.0	186999	11.780082	7.666157	80.198425	-9.507603	-11.875702	0.19895585	1913.644941329956
171	20.107689	24.383879	51.789585	-7.525352	37.49939	14.652959	59.68393	6.4560804	400.0	400.0	188099	11.64795	7.4854097	69.201866	1.4553221	-11.741481	0.17707306	1929.8889384269714
172	62.395058	21.439974	83.83503	40.955082	25.96202	20.133121	54.972507	-24.860708	400.0	384.7	189199	11.607218	7.820278	82.410095	1.4294521	-11.692106	0.21805695	1941.4988243579865
173	28.54335	22.972883	59.323105	1.5010122	35.981438	22.427574	73.67184	-1.7968786	328.0	400.0	190299	11.613619	8.131746	90.474976	-13.351109	-11.695512	0.31877053	1952.2586698532104
174	41.325138	9.1730175	49.885406	28.603575	25.28497	15.327485	55.48595	-2.4146547	400.0	400.0	191399	11.9087105	8.523731	81.802124	-6.6751056	-11.996914	0.23109096	1960.4420630931854
175	16.32682	1.7782974	18.105118	14.548523	27.89408	15.676614	57.80321	-1.0927544	400.0	400.0	192499	12.165943	8.583311	121.11918	1.7907248	-12.251759	0.19359423	1969.37793135643
176	18.086884	7.305971	25.941895	8.346468	25.822763	18.209826	48.41545	-16.809496	400.0	382.35	193599	12.019227	8.511443	71.178	1.8482028	-12.102441	0.18808103	1983.0592753887177
177	37.638355	14.555719	56.59009	21.203522	25.931736	19.038094	66.41749	-8.122253	400.0	400.0	194699	11.944523	8.36155	72.75251	-21.185528	-12.031162	0.20308067	1995.9974114894867
178	54.037815	6.478097	62.49289	46.75538	33.40239	21.679394	77.49466	-8.436656	400.0	400.0	195799	12.088963	8.640811	67.262115	0.90634215	-12.177658	0.20220505	2013.491869688034
179	29.189482	3.2402134	32.429695	25.949268	35.31187	19.561068	62.481388	-8.977684	400.0	400.0	196899	12.042969	8.5669565	79.81216	0.66291726	-12.134146	0.22543718	2026.2512319087982
180	21.051025	27.117203	55.79362	-14.771342	26.283955	20.950579	72.14622	-4.151527	311.75	400.0	197999	11.966783	8.624341	124.83431	-15.746175	-12.05615	0.2892212	2035.4483516216278
181	37.102024	19.447165	64.58195	22.398352	31.03184	24.192665	79.85551	-10.356489	400.0	400.0	199099	11.936494	8.75641	107.04113	-44.666397	-12.022591	0.32956898	2044.6978042125702
182	23.789211	7.0498896	30.8391	16.73932	28.892124	21.384146	71.37312	-5.080226	400.0	400.0	200199	11.654548	8.6571865	66.186714	-3.158246	-11.743171	0.23046859	2054.0861868858337
183	35.141235	10.041325	44.67898	21.261059	28.11883	17.45257	68.71959	-5.9905496	400.0	400.0	201299	11.5429	8.734969	65.41271	-4.2052093	-11.631913	0.2644699	2062.803495645523
184	42.15028	13.993639	59.20445	24.928404	33.83064	22.050514	78.362434	-5.5538063	400.0	400.0	202399	11.488106	8.623325	78.13721	-38.34446	-11.578391	0.31957936	2070.553948879242
185	30.590631	22.595589	61.942806	9.564606	39.387894	14.661728	59.782887	11.22903	400.0	400.0	203499	11.582488	8.598896	140.23802	-33.53013	-11.6757145	0.29685834	2078.5108563899994
186	29.22506	7.1385775	36.363636	22.086481	32.67676	17.872805	71.667046	0.34480867	400.0	400.0	204599	11.503339	8.359938	76.17439	-2.5962443	-11.602276	0.22906458	2086.1507081985474
187	55.605194	27.373804	94.262276	34.4849	25.073391	20.363861	62.79715	-16.84813	400.0	400.0	205699	11.748214	8.588345	120.48668	-104.319496	-11.845996	0.3571555	2093.7132019996643
188	14.972641	15.777302	29.406862	-6.9796267	37.679123	18.694138	64.92979	4.464702	400.0	400.0	206799	11.681634	8.446146	67.11065	0.19272423	-11.7834425	0.17321275	2102.930294752121
189	14.566239	11.462433	24.540487	-1.4873589	36.179638	18.733154	75.07513	2.796953	400.0	400.0	207899	11.421847	8.298504	73.93931	-0.10580516	-11.513356	0.22995384	2112.4476692676544
190	59.236168	14.118784	73.35495	45.117382	34.602203	23.533516	71.20721	-6.709151	400.0	400.0	208999	11.618277	8.653717	79.026276	-4.8152795	-11.711655	0.23897932	2119.2194454669952
191	48.323368	11.785287	58.794228	31.858055	27.594524	17.87731	53.827633	-3.9457057	400.0	400.0	210099	11.62449	8.936138	94.97409	-31.940943	-11.712752	0.32113943	2127.0656309127808
192	28.059563	6.6961203	36.581398	20.222225	32.636635	15.965656	72.372406	-2.6885176	400.0	400.0	211199	11.445336	8.74269	63.913223	-4.2544017	-11.53508	0.21981193	2136.6623923778534
193	29.304338	12.889954	45.202656	13.631257	26.413967	17.90717	58.030125	-2.6011183	400.0	400.0	212299	11.270018	8.923939	112.22298	-48.10432	-11.347213	0.2894591	2148.3766918182373
194	28.213585	0.83000565	29.04359	27.38358	28.403051	16.458042	65.08093	0.014104121	400.0	400.0	213399	11.037159	8.898069	92.73889	0.41469586	-11.114544	0.23547469	2157.0913591384888
195	31.604675	14.363406	42.44661	11.307533	28.807446	18.762838	70.04974	6.1674213	400.0	400.0	214499	10.821966	8.954887	80.42583	-1.2989093	-10.899745	0.25358164	2168.7975528240204
196	25.451752	19.520374	48.751587	0.9797519	27.077948	14.042215	50.976074	4.263666	400.0	383.0	215599	10.857778	9.010897	169.74321	-50.016396	-10.935885	0.31555438	2177.696383714676
197	24.520227	8.041801	35.8889	18.569761	19.688541	26.553776	67.70405	-31.871115	400.0	400.0	216699	10.737125	9.029792	78.37319	-0.35955966	-10.819355	0.23190637	2188.722280740738
198	28.185509	17.333656	45.519165	10.851851	22.219128	28.271517	60.96125	-36.339554	400.0	400.0	217799	10.672301	8.735805	71.48619	-0.6329781	-10.757358	0.18818204	2203.8473620414734
199	31.801453	17.725927	53.44106	10.022253	23.659359	21.65944	57.231228	-18.112963	400.0	400.0	218899	10.775994	8.501706	85.28014	-0.933601	-10.867724	0.19737436	2215.954293012619
200	34.42973	13.656816	52.01406	18.719734	26.039368	15.215913	58.68419	5.363448	400.0	400.0	219999	11.380602	8.942277	83.0077	-1.1106639	-11.476185	0.20250872	2226.2829999923706
201	44.793804	17.95995	65.39784	21.629248	27.306461	14.954834	43.78625	-11.673564	400.0	400.0	221099	11.2701025	8.876484	63.36675	-1.133692	-11.371865	0.15300784	2238.125278234482
202	42.63289	16.642035	59.27492	25.990852	31.094233	18.379053	69.79378	-2.471407	400.0	400.0	222199	11.3425455	9.097191	67.51571	-1.1650269	-11.435946	0.17632298	2247.6313540935516
203	31.955511	17.276855	48.24009	8.038433	21.103992	19.647259	62.61792	-5.814615	400.0	400.0	223299	11.26322	9.184695	74.33988	-1.0416512	-11.350426	0.14285208	2257.7795650959015
204	29.936104	15.111046	46.55165	9.989677	29.479696	21.255098	70.39854	-5.150253	400.0	400.0	224399	11.00821	8.829775	62.70761	-0.9857515	-11.095902	0.11591625	2268.3899772167206
205	12.668671	14.667576	31.844559	-3.7691386	19.065346	17.757183	54.451557	-3.3295348	400.0	400.0	225499	10.888855	8.575903	65.875496	-3.706452	-10.977699	0.11049793	2278.7211928367615
206	38.75088	19.777224	58.528103	18.973658	29.332651	23.341692	71.13435	-7.6726446	400.0	400.0	226599	10.916965	8.467984	61.005272	-0.7668166	-11.009961	0.1025417	2288.4931807518005
207	1.7688838	9.687846	15.208082	-7.257773	29.036316	24.209017	72.357506	-1.7128651	400.0	400.0	227699	11.112554	8.21832	66.993355	-0.7435384	-11.215222	0.12248116	2297.95090174675
208	10.928497	2.2957458	14.160862	9.048621	22.06603	10.5723095	39.210697	5.8687744	400.0	400.0	228799	11.119456	8.136607	59.56817	-0.49278843	-11.219523	0.12666439	2306.607936859131
209	24.782396	5.5089054	31.804546	18.349144	28.707138	19.367203	59.544464	-2.3342593	400.0	400.0	229899	11.291572	7.9645686	69.3701	-15.936521	-11.390533	0.16138203	2315.4419507980347
210	56.319183	10.682398	67.00158	45.636784	36.143383	23.834038	77.72876	-1.002638	400.0	400.0	230999	11.59249	8.220044	56.204998	-2.3408587	-11.69804	0.13199672	2324.914776802063
211	48.30489	3.5872397	50.844837	43.231773	32.225327	22.447004	78.17611	-7.4384165	400.0	400.0	232099	11.892614	8.481331	60.072388	1.1965606	-11.997548	0.15634915	2334.703530073166
212	37.486713	24.684431	67.74095	7.276741	24.16623	23.90458	68.00018	-4.8373666	400.0	400.0	233199	11.74889	8.785842	69.04275	1.060068	-11.845452	0.14685233	2342.7522625923157
213	22.291754	20.32272	39.539993	-6.2419896	31.635798	22.986767	72.2492	-0.42821154	400.0	400.0	234299	11.398199	8.660583	65.917435	0.78776324	-11.492047	0.23107468	2353.0421154499054
214	28.0775	8.472491	36.54999	19.60501	35.00701	18.047695	83.47102	6.1628594	400.0	400.0	235399	10.992082	8.254646	61.351482	0.79369795	-11.086024	0.19711986	2362.412938117981
215	34.413956	21.191992	59.76221	7.892437	34.229927	25.263153	99.719475	-7.5105534	400.0	400.0	236499	10.862576	7.9298105	60.978096	0.7314832	-10.954696	0.22473073	2374.1319551467896
216	15.13996	2.5938737	18.728096	12.685413	26.691784	14.775682	57.698414	-0.84724474	400.0	400.0	237599	10.868515	7.6920595	60.84011	0.6552017	-10.966079	0.21703249	2384.8067622184753
217	50.356552	20.95098	76.11061	24.792456	33.172813	20.48452	69.6275	-3.7782068	400.0	400.0	238699	11.090391	7.9693956	71.994415	1.01869	-11.195753	0.2125921	2393.946063518524
218	33.307304	16.2414	49.548702	17.065903	24.616179	17.503283	55.121326	2.9800906	400.0	400.0	239799	11.252545	7.936443	71.24384	-2.5616994	-11.35692	0.24046515	2402.9661808013916
219	47.981922	31.349743	70.891914	3.6550772	30.741535	22.520784	66.14209	-13.43965	400.0	400.0	240899	11.5074	8.138125	75.69853	1.3853816	-11.612022	0.22363074	2412.365404367447
220	24.097742	16.43247	43.77957	3.5559733	22.098438	20.746878	59.606033	-19.682766	400.0	400.0	241999	11.493543	8.109405	76.7407	1.4425567	-11.599877	0.20273484	2422.297256708145
221	33.834305	11.986905	49.73796	20.799747	36.256306	21.634874	67.90899	-11.276602	400.0	400.0	243099	11.557678	8.383555	78.24393	1.869431	-11.66415	0.1831009	2432.232080936432
222	34.6927	11.055869	45.74857	23.636831	27.28193	22.759563	69.67819	-23.207308	400.0	400.0	244199	11.813656	8.558338	75.85453	2.1378393	-11.917342	0.17197248	2442.9555525779724
223	23.749298	9.92237	37.153492	13.451949	23.721035	19.991007	60.462597	-16.010948	400.0	400.0	245299	11.970393	8.610977	68.51016	2.284888	-12.062916	0.17641349	2453.2148308753967
224	34.85601	22.150442	61.028927	6.863277	34.120155	17.243303	68.70919	2.0052125	400.0	400.0	246399	11.579775	8.361573	65.34433	2.3647761	-11.665617	0.14265046	2464.262950897217
225	35.603786	21.211557	60.902737	8.994812	28.867102	18.042213	65.799255	-4.894939	400.0	400.0	247499	11.258733	8.201202	105.03902	-14.8425255	-11.337116	0.18826634	2481.404686689377
226	23.442013	5.6536684	29.095682	17.788345	32.983955	23.587759	66.5761	-13.756045	400.0	400.0	248599	11.299844	8.185118	72.56074	2.3623843	-11.380001	0.13562295	2495.4220774173737
227	34.549713	18.654186	54.26358	9.510866	24.885723	14.814148	49.084507	-6.5402956	400.0	400.0	249699	11.160337	8.283614	63.91366	2.4056025	-11.247734	0.13078475	2506.4072210788727
228	24.0289	14.469764	43.67734	9.253402	24.462376	14.162736	59.551914	4.078025	400.0	400.0	250799	11.111973	8.183407	61.02136	2.6115465	-11.205274	0.11074404	2520.2093348503113
229	34.264904	19.53497	53.745365	7.5598226	31.017694	20.229227	68.26751	1.8936933	400.0	400.0	251899	11.160684	8.338612	63.97757	2.5159602	-11.250056	0.12209436	2531.2755184173584
230	47.03067	0.28055763	47.311226	46.75011	31.073511	17.670254	63.989758	5.9921093	400.0	400.0	252999	11.203759	8.2684965	61.749966	2.7981362	-11.292072	0.1133939	2543.907022714615
231	7.611943	1.039703	8.962614	6.4333787	30.473377	19.592348	69.50438	5.2108407	400.0	400.0	254099	11.034683	7.959545	81.37167	2.9895368	-11.124242	0.11112907	2555.907561302185
232	22.601824	16.126934	44.429733	5.9630284	25.436403	16.669828	61.499454	-2.018743	400.0	400.0	255199	10.735459	7.8348594	66.11607	3.2611263	-10.824812	0.121198006	2566.946088075638
233	44.392673	27.048195	72.97526	8.085837	36.031933	20.819448	81.11551	-1.673346	400.0	400.0	256299	10.728407	7.9143286	63.80276	2.7648282	-10.820682	0.094602756	2581.3946492671967
234	59.07894	3.395815	62.474754	55.683125	24.439348	18.196388	63.560905	-5.849751	400.0	400.0	257399	10.844417	8.014516	73.86079	-15.213904	-10.932689	0.13347402	2595.5762434005737
235	7.047287	7.356106	15.1786175	-2.6379464	14.995478	18.524187	55.659683	-17.282026	400.0	400.0	258499	10.85285	7.8714504	67.114944	2.8757763	-10.938499	0.117919296	2614.0165293216705
236	26.50567	21.743078	52.265205	-0.9163465	30.204645	15.470839	61.21955	-1.4275801	400.0	400.0	259599	10.706583	7.784088	74.53742	-3.563922	-10.784695	0.1837566	2625.5132014751434
237	14.4702215	7.3558145	24.738039	7.890302	25.91311	20.957338	76.66721	-6.9659805	400.0	400.0	260699	10.592527	7.6739182	65.25766	2.0204906	-10.67457	0.18218912	2636.1377573013306
238	13.330961	11.072197	24.403158	2.2587636	29.819412	18.673536	85.82293	-2.174506	400.0	400.0	261799	10.573908	7.627984	67.343254	1.9367745	-10.65315	0.20243765	2648.627661705017
239	21.330816	30.983961	65.14875	-0.59595984	25.005644	15.111395	46.390198	-6.9131055	400.0	400.0	262899	10.490064	7.53064	66.79922	-0.30323756	-10.572542	0.21226363	2661.7798159122467
240	45.414326	13.642431	64.707535	35.714027	27.734863	13.709972	57.996655	0.981876	400.0	400.0	263999	10.491958	7.792435	62.629463	0.6896895	-10.577074	0.18796913	2672.8214015960693
241	20.293758	12.674285	37.49135	7.320215	26.184376	20.695024	65.21669	-4.9191794	400.0	400.0	265099	10.489692	7.853165	70.7017	2.0992064	-10.576755	0.18173537	2683.181478023529
242	28.216585	16.092371	44.308956	12.124214	23.97463	13.681603	49.18928	-6.5615726	400.0	400.0	266199	10.552803	7.9220653	62.290104	-2.8913362	-10.641911	0.1880462	2698.235522508621
243	41.920635	13.912319	60.06816	26.264364	16.641287	23.392317	84.395905	-17.948092	400.0	400.0	267299	10.617716	8.040929	70.999	2.0791097	-10.709915	0.17445812	2710.171644449234
244	27.652807	7.6563854	38.48026	22.16805	31.47031	17.77123	66.85021	0.2696577	400.0	400.0	268399	10.667092	8.222559	60.47554	1.2548422	-10.762223	0.1580029	2723.7045669555664
245	30.53512	7.7778096	40.36347	21.343779	32.401855	17.015186	63.222534	-1.0311545	400.0	400.0	269499	10.972069	8.367517	66.92888	0.7692411	-11.065381	0.16295286	2738.5790181159973
246	23.958963	7.5519867	31.51095	16.406977	34.73701	21.47208	71.72986	-4.484771	400.0	400.0	270599	11.103524	8.342961	72.88306	0.3605399	-11.195732	0.1733411	2753.472324848175
247	18.710663	13.909374	33.24822	-0.034204423	36.050453	22.853783	88.56694	-8.088124	400.0	400.0	271699	10.833656	7.971526	64.8951	0.44555712	-10.928185	0.17742488	2765.3329606056213
248	18.732683	10.08962	33.00077	11.468736	33.352955	20.393694	60.90774	-3.1176653	400.0	400.0	272799	10.795936	7.76674	61.59893	0.5645889	-10.889394	0.1522049	2778.6899559497833
249	14.000257	10.041452	28.07428	5.3238673	31.849247	17.212902	65.873375	7.1982403	400.0	400.0	273899	10.615776	7.68472	95.16739	-17.70176	-10.703068	0.1828571	2795.210453271866
250	43.64723	9.758141	53.40537	33.889088	30.760975	20.666452	75.0666	0.6952547	400.0	400.0	274999	10.384208	7.8115406	72.117256	0.4428301	-10.466697	0.14358418	2807.151670694351
